,Time,open,mktcap,Date
0,1601683200000,56.16320272616065,45070668.05283284,2020-10-03
1,1601769600000,56.16320272616065,45070668.05283284,2020-10-04
2,1601856000000,52.82558085893141,86139601.44055389,2020-10-05
3,1601942400000,52.72514144810093,227116927.15284133,2020-10-06
4,1602028800000,41.50793637014118,191067037.73710826,2020-10-07
5,1602115200000,40.22615793318809,195003355.36382556,2020-10-08
6,1602201600000,45.81571752692413,230709820.92233473,2020-10-09
7,1602288000000,49.15233938493442,251925220.52375868,2020-10-10
8,1602374400000,51.0679121323292,267411768.19204232,2020-10-11
9,1602460800000,50.06787619063228,263383093.49792576,2020-10-12
10,1602547200000,51.359807713618125,279854065.8056605,2020-10-13
11,1602633600000,51.10142495936032,465820519.720775,2020-10-14
12,1602720000000,52.87052903846091,479114697.8023418,2020-10-15
13,1602806400000,44.371854554510364,410093109.8676123,2020-10-16
14,1602892800000,39.441899330698675,372197770.2466164,2020-10-17
15,1602979200000,41.18673187443862,389702732.12229544,2020-10-18
16,1603065600000,40.81557679070928,386783462.0804946,2020-10-19
17,1603152000000,36.01996183692261,349516717.1027491,2020-10-20
18,1603238400000,32.12202916295761,338764358.45730394,2020-10-21
19,1603324800000,35.03645570459612,372534273.5622525,2020-10-22
20,1603411200000,38.11763958042806,407048755.61526936,2020-10-23
21,1603497600000,41.55540875741451,445445648.50904155,2020-10-24
22,1603584000000,39.405547814521604,423701956.11560315,2020-10-25
23,1603670400000,37.91293836709255,409503425.20637655,2020-10-26
24,1603756800000,36.01102832249737,393954743.2894516,2020-10-27
25,1603843200000,34.87947525299302,384993994.5507907,2020-10-28
26,1603929600000,32.4075068414532,361862194.10782766,2020-10-29
27,1604016000000,29.181641354875662,327515080.9960911,2020-10-30
28,1604102400000,31.09806869175312,349536003.8141375,2020-10-31
29,1604188800000,29.671283640749714,333092591.4960533,2020-11-01
30,1604275200000,30.560167276652077,344380625.5911081,2020-11-02
31,1604361600000,29.768816185724535,337035164.89510566,2020-11-03
32,1604448000000,28.068158430764434,316306380.5357061,2020-11-04
33,1604534400000,27.660753583412397,311926649.6351848,2020-11-05
34,1604620800000,31.113085197179263,350826610.4357537,2020-11-06
35,1604707200000,38.247392274666204,432322742.89957964,2020-11-07
36,1604793600000,44.778002078663754,510037962.5097186,2020-11-08
37,1604880000000,53.65677540588711,615521192.1625936,2020-11-09
38,1604966400000,55.02023658835731,626825192.1519225,2020-11-10
39,1605052800000,66.90511678147242,786769427.9055935,2020-11-11
40,1605139200000,54.467288939976164,634245658.6337241,2020-11-12
41,1605225600000,51.70507079572675,601510127.1550604,2020-11-13
42,1605312000000,63.80889401176206,745149811.7657521,2020-11-14
43,1605398400000,67.00948011148802,788489212.0149285,2020-11-15
44,1605484800000,64.1045349088347,753951060.0601847,2020-11-16
45,1605571200000,72.68257680963492,849767094.8098476,2020-11-17
46,1605657600000,79.58636656777706,933208000.2964942,2020-11-18
47,1605744000000,75.72282592000266,900453076.7520441,2020-11-19
48,1605830400000,75.82548627102719,890198603.8166476,2020-11-20
49,1605916800000,74.86713357287567,888163811.2218359,2020-11-21
50,1606003200000,70.21398583491035,830859383.4275405,2020-11-22
51,1606089600000,68.94826030996876,818765341.4278148,2020-11-23
52,1606176000000,72.10694374873245,847989372.6051859,2020-11-24
53,1606262400000,66.52957037730538,787913191.4143705,2020-11-25
54,1606348800000,61.8972206018244,727589990.4092867,2020-11-26
55,1606435200000,64.061804867464,758426191.5998985,2020-11-27
56,1606521600000,60.94939285731903,725088170.4367104,2020-11-28
57,1606608000000,63.78184361606367,759087952.9198147,2020-11-29
58,1606694400000,68.61749728160754,810942893.3148122,2020-11-30
59,1606780800000,75.90579488998152,907887569.0655369,2020-12-01
60,1606867200000,74.80793597234688,891295522.9004388,2020-12-02
61,1606953600000,86.75431730195366,1034080775.747299,2020-12-03
62,1607040000000,91.34843597526516,1089131288.6727953,2020-12-04
63,1607126400000,81.62929191559537,972429249.847797,2020-12-05
64,1607212800000,91.90316690030038,1095578241.3948662,2020-12-06
65,1607299200000,87.89317636076323,1053855742.054622,2020-12-07
66,1607385600000,90.85392083063093,1089724613.6056843,2020-12-08
67,1607472000000,80.02686599187732,966774600.2425629,2020-12-09
68,1607558400000,84.40152391641126,1015706174.1462901,2020-12-10
69,1607644800000,76.84185657350073,916928873.4258934,2020-12-11
70,1607731200000,75.00941490888397,901323895.9973115,2020-12-12
71,1607817600000,77.88268317432907,935054031.0779814,2020-12-13
72,1607904000000,83.52828425311657,997014828.2355895,2020-12-14
73,1607990400000,86.17848157922091,1034946334.2375114,2020-12-15
74,1608076800000,87.03986623024156,1043764495.6853276,2020-12-16
75,1608163200000,87.17333337515703,1044776384.3840017,2020-12-17
76,1608249600000,85.0432601095709,1020230291.7795762,2020-12-18
77,1608336000000,89.87814421246115,1071294381.9614488,2020-12-19
78,1608422400000,89.00476320011595,1070203956.9554887,2020-12-20
79,1608508800000,85.71650150252034,1025154338.9113603,2020-12-21
80,1608595200000,81.47343955503973,976746421.0156517,2020-12-22
81,1608681600000,84.4390839750477,1014904788.5223459,2020-12-23
82,1608768000000,75.90177277255576,913869755.5505615,2020-12-24
83,1608854400000,80.14581871724099,963396040.65165,2020-12-25
84,1608940800000,79.69287334601512,957500979.3355018,2020-12-26
85,1609027200000,75.0472309062878,900431219.6344086,2020-12-27
86,1609113600000,77.59187108584612,938353155.5447639,2020-12-28
87,1609200000000,82.00171524602705,989182971.423932,2020-12-29
88,1609286400000,78.35062794549786,939451867.2491875,2020-12-30
89,1609372800000,81.41681167802331,980356484.3757354,2020-12-31
90,1609459200000,88.32623523901846,1063588346.2053467,2021-01-01
91,1609545600000,90.03660157396928,1079072669.9159973,2021-01-02
92,1609632000000,86.06359621997568,1031438129.5907547,2021-01-03
93,1609718400000,93.11712094715737,1144026140.5399802,2021-01-04
94,1609804800000,109.58481526125577,1307177513.8897305,2021-01-05
95,1609891200000,120.05282960241281,1444937745.3552537,2021-01-06
96,1609977600000,115.08723787913432,1396859729.5140812,2021-01-07
97,1610064000000,115.50437259507443,1395927335.9952984,2021-01-08
98,1610150400000,111.20215313030712,1342654490.8358502,2021-01-09
99,1610236800000,118.7175961948752,1444658076.7481136,2021-01-10
100,1610323200000,127.57434303417492,1549539171.5818508,2021-01-11
101,1610409600000,115.3358623192415,1394265294.9110885,2021-01-12
102,1610496000000,126.66596768194633,1536481877.8806593,2021-01-13
103,1610582400000,147.59248470992014,1795039758.4677303,2021-01-14
104,1610668800000,147.24045918961338,1772279084.6009612,2021-01-15
105,1610755200000,165.96868232565024,2042273198.8742113,2021-01-16
106,1610841600000,183.6455359828425,2252928453.3311753,2021-01-17
107,1610928000000,186.64417733408806,2286519600.9705815,2021-01-18
108,1611014400000,198.8073497009887,2430766369.7620716,2021-01-19
109,1611100800000,187.08760347700172,2312276665.2308903,2021-01-20
110,1611187200000,198.74133183348218,2421538106.9929643,2021-01-21
111,1611273600000,160.61323609546906,1977005934.9939687,2021-01-22
112,1611360000000,190.74671356117346,2347620823.086479,2021-01-23
113,1611446400000,211.0459384025101,2589783901.6225295,2021-01-24
114,1611532800000,266.1120458370718,3294460157.877113,2021-01-25
115,1611619200000,249.91880970456322,3082352025.3280973,2021-01-26
116,1611705600000,275.60910164596754,3397861103.7317557,2021-01-27
117,1611792000000,287.5833397992802,3526891987.711221,2021-01-28
118,1611878400000,298.38199631730765,3667671069.0890884,2021-01-29
119,1611964800000,287.27712274794624,3536601210.091141,2021-01-30
120,1612051200000,312.74417987205544,3866671035.5717072,2021-01-31
121,1612137600000,299.38481612202156,3694895084.23773,2021-02-01
122,1612224000000,294.97567570503713,3631127137.1726813,2021-02-02
123,1612310400000,302.2935787480049,3736440115.696903,2021-02-03
124,1612396800000,382.5836671269387,4716909693.591059,2021-02-04
125,1612483200000,467.1975156917133,5725294382.626893,2021-02-05
126,1612569600000,502.00771948359414,6206119654.851098,2021-02-06
127,1612656000000,469.87778888839495,5806202408.699114,2021-02-07
128,1612742400000,476.01235769279316,5910212930.18593,2021-02-08
129,1612828800000,490.9587461253575,6033867105.878918,2021-02-09
130,1612915200000,490.5959173685471,6082195942.165316,2021-02-10
131,1613001600000,524.8063375308025,6507804462.390291,2021-02-11
132,1613088000000,517.005674874323,6401770918.2514715,2021-02-12
133,1613174400000,529.2602595240969,6544992203.800497,2021-02-13
134,1613260800000,493.7737822389536,6147532272.990378,2021-02-14
135,1613347200000,472.3007084760989,5867494124.704243,2021-02-15
136,1613433600000,453.84512811739285,5607696744.601606,2021-02-16
137,1613520000000,432.7086996172835,5368310718.176834,2021-02-17
138,1613606400000,449.7973707923134,5556451683.730997,2021-02-18
139,1613692800000,442.8450340240508,5476365609.809021,2021-02-19
140,1613779200000,424.6225132111737,5264995285.550825,2021-02-20
141,1613865600000,445.05092299931795,5468857523.677493,2021-02-21
142,1613952000000,438.0971582000954,5439037929.551293,2021-02-22
143,1614038400000,403.41433485384744,4993628566.887264,2021-02-23
144,1614124800000,363.9309444073756,4493589284.632156,2021-02-24
145,1614211200000,367.89214566345623,4566911713.396277,2021-02-25
146,1614297600000,336.94697461613816,4215497366.882853,2021-02-26
147,1614384000000,324.92876982417346,4022944579.0399227,2021-02-27
148,1614470400000,337.97354398816907,4183297674.4484663,2021-02-28
149,1614556800000,351.19669418482204,4402379408.122049,2021-03-01
150,1614643200000,386.5079222304464,4751222094.397073,2021-03-02
151,1614729600000,392.58199317314927,4878410878.38675,2021-03-03
152,1614816000000,397.85834336965996,4948726824.161998,2021-03-04
153,1614902400000,376.61020473958695,4684717661.515329,2021-03-05
154,1614988800000,369.64720470039805,4580840212.125715,2021-03-06
155,1615075200000,390.0044927741032,4846770536.142407,2021-03-07
156,1615161600000,413.33154650898655,5128909766.062856,2021-03-08
157,1615248000000,435.3695867994451,5414396038.967663,2021-03-09
158,1615334400000,446.27486190441994,5543006780.423209,2021-03-10
159,1615420800000,408.24425910044386,5097673644.09193,2021-03-11
160,1615507200000,404.96019619911397,5029592870.8205805,2021-03-12
161,1615593600000,373.82866889052383,4639482139.345921,2021-03-13
162,1615680000000,415.6202888790838,5193069571.22262,2021-03-14
163,1615766400000,386.19368692447955,4800061930.5945215,2021-03-15
164,1615852800000,367.273317599627,4595019762.129134,2021-03-16
165,1615939200000,371.88403207552966,4616688672.829785,2021-03-17
166,1616025600000,383.4074586104408,4770219131.432599,2021-03-18
167,1616112000000,364.45113032378464,4534211107.529474,2021-03-19
168,1616198400000,371.7956736336287,4626191464.995444,2021-03-20
169,1616284800000,370.9534167920817,4637982989.223279,2021-03-21
170,1616371200000,367.7788053645965,4569557467.596249,2021-03-22
171,1616457600000,337.0443077399612,4216002632.187355,2021-03-23
172,1616544000000,332.58307598061964,4118229794.5243735,2021-03-24
173,1616630400000,308.7901563965523,3860696973.411772,2021-03-25
174,1616716800000,325.4572961922337,4037895917.1711144,2021-03-26
175,1616803200000,359.21790882267095,4475542257.822853,2021-03-27
176,1616889600000,350.4577723683847,4360735480.268719,2021-03-28
177,1616976000000,344.02887394847727,4279471924.31024,2021-03-29
178,1617062400000,360.7268123919313,4494380950.595634,2021-03-30
179,1617148800000,376.97833029770436,4683824795.220028,2021-03-31
180,1617235200000,381.1516576311669,4772072359.925201,2021-04-01
181,1617321600000,383.01901845279855,4793666899.119867,2021-04-02
182,1617408000000,418.7712939915642,5246698609.910691,2021-04-03
183,1617494400000,379.44966183449856,4766982643.335116,2021-04-04
184,1617580800000,404.0241678462736,5041026014.2666025,2021-04-05
185,1617667200000,396.30586505497166,4930008419.239106,2021-04-06
186,1617753600000,383.9257322179914,4798962885.948688,2021-04-07
187,1617840000000,350.2759946174007,4377197714.561323,2021-04-08
188,1617926400000,370.59499804593935,4621898162.2581005,2021-04-09
189,1618012800000,359.3009195637708,4491847737.213452,2021-04-10
190,1618099200000,367.6947665048572,4585664294.412388,2021-04-11
191,1618185600000,370.5114246739559,4591537316.900713,2021-04-12
192,1618272000000,396.94017997763166,4945119196.704777,2021-04-13
193,1618358400000,399.0784762940283,4979026705.720251,2021-04-14
194,1618444800000,428.3898403084527,5345563349.838824,2021-04-15
195,1618531200000,467.73461702999384,5839458039.14415,2021-04-16
196,1618617600000,441.5008740445723,5524961581.062076,2021-04-17
197,1618704000000,428.25014448877783,5356219589.208635,2021-04-18
198,1618790400000,381.5770396838661,4797410887.480824,2021-04-19
199,1618876800000,344.976033572247,4317064682.681149,2021-04-20
200,1618963200000,359.4471145937066,4493941411.040276,2021-04-21
201,1619049600000,353.0981296100794,4430861443.882133,2021-04-22
202,1619136000000,364.7988447407807,4601431210.3474,2021-04-23
203,1619222400000,343.69710722335725,4283615292.123937,2021-04-24
204,1619308800000,316.4379456833484,4040840841.3694453,2021-04-25
205,1619395200000,346.864140389683,4319520130.3377285,2021-04-26
206,1619481600000,404.2221337598863,5115672147.72697,2021-04-27
207,1619568000000,437.367532599827,5548813383.060127,2021-04-28
208,1619654400000,461.4780020920637,5846053515.642797,2021-04-29
209,1619740800000,438.43323084774033,5579987321.588237,2021-04-30
210,1619827200000,444.0773279906516,5632652992.15314,2021-05-01
211,1619913600000,503.02531188682474,6365831630.112165,2021-05-02
212,1620000000000,483.3375811059122,6111352906.133964,2021-05-03
213,1620086400000,516.1289577673423,6577432870.553496,2021-05-04
214,1620172800000,448.6484252518792,5784088739.588315,2021-05-05
215,1620259200000,480.8639144487364,6115001074.6027355,2021-05-06
216,1620345600000,451.5258837856517,5762574111.33448,2021-05-07
217,1620432000000,445.4162810592284,5671911567.483671,2021-05-08
218,1620518400000,465.4354435213712,5917684518.414727,2021-05-09
219,1620604800000,458.9535430141477,5857000826.857468,2021-05-10
220,1620691200000,434.65198192259345,5554840826.815018,2021-05-11
221,1620777600000,458.95061487669307,5840328256.484503,2021-05-12
222,1620864000000,517.3578193382345,6952088129.942914,2021-05-13
223,1620950400000,511.5321886104219,6447362967.221025,2021-05-14
224,1621036800000,595.7631120743432,7601094195.508802,2021-05-15
225,1621123200000,514.6525172414531,6587274034.982202,2021-05-16
226,1621209600000,526.8701152632191,6623616908.365594,2021-05-17
227,1621296000000,573.3037725237294,7464945016.553738,2021-05-18
228,1621382400000,631.2630121156282,7953335447.113418,2021-05-19
229,1621468800000,419.9477894900607,5497935958.794042,2021-05-20
230,1621555200000,466.26582489930513,5941216230.251432,2021-05-21
231,1621641600000,366.405649266151,4710693041.025318,2021-05-22
232,1621728000000,335.24114532048526,4294160459.3006353,2021-05-23
233,1621814400000,296.54442210643384,3757266519.3905644,2021-05-24
234,1621900800000,384.74802167482585,4912092159.492324,2021-05-25
235,1621987200000,372.73770953599,4782322557.723449,2021-05-26
236,1622073600000,413.8128698478947,5220889237.717068,2021-05-27
237,1622160000000,373.2295202025748,4791240507.188453,2021-05-28
238,1622246400000,320.6875770964575,4100633620.77537,2021-05-29
239,1622332800000,298.5050304909688,3845428872.7239127,2021-05-30
240,1622419200000,324.74551171438736,4158014582.490553,2021-05-31
241,1622505600000,383.2289392559025,4901523329.549831,2021-06-01
242,1622592000000,373.3553108144536,4784889056.471834,2021-06-02
243,1622678400000,386.4085668106841,4940201738.13779,2021-06-03
244,1622764800000,398.3081449996114,5119106996.370067,2021-06-04
245,1622851200000,374.815122373497,4806657663.788253,2021-06-05
246,1622937600000,355.8488578904908,4523218664.378179,2021-06-06
247,1623024000000,365.1574470889587,4668864892.594442,2021-06-07
248,1623110400000,333.0430127939211,4307252224.551614,2021-06-08
249,1623196800000,330.9944738508902,4251104882.795003,2021-06-09
250,1623283200000,338.1556079907196,4329736235.895647,2021-06-10
251,1623369600000,312.17838057843574,3995133119.8823113,2021-06-11
252,1623456000000,284.95775436388567,3648272801.5722723,2021-06-12
253,1623542400000,279.201510660147,3604860798.466025,2021-06-13
254,1623628800000,317.3968462535265,4040040991.786138,2021-06-14
255,1623715200000,318.2791149945074,4070135773.4892106,2021-06-15
256,1623801600000,313.7401889712089,4020348866.707421,2021-06-16
257,1623888000000,289.4965196444316,3698030766.1930633,2021-06-17
258,1623974400000,293.1898822037621,3736137919.256166,2021-06-18
259,1624060800000,264.6879583775485,3390084520.0660005,2021-06-19
260,1624147200000,255.96626328323202,3273211787.647306,2021-06-20
261,1624233600000,274.1250052170514,3508241727.7938056,2021-06-21
262,1624320000000,215.57630259916442,2785258352.199368,2021-06-22
263,1624406400000,204.45860661408108,2608819309.277207,2021-06-23
264,1624492800000,207.45041909267593,2652699326.754325,2021-06-24
265,1624579200000,210.96021936395863,2709608462.232586,2021-06-25
266,1624665600000,190.184559459622,2446964226.3030086,2021-06-26
267,1624752000000,184.8042978960187,2359950197.9913044,2021-06-27
268,1624838400000,201.78792587319487,2584638392.5286093,2021-06-28
269,1624924800000,227.5838094758979,2920550588.796373,2021-06-29
270,1625011200000,238.96553691375024,3069990635.501126,2021-06-30
271,1625097600000,250.66388215754432,3215845645.712651,2021-07-01
272,1625184000000,232.7305660752655,2985630981.719392,2021-07-02
273,1625270400000,234.28644299622925,3003573174.8817816,2021-07-03
274,1625356800000,260.04830106795333,3322608976.694577,2021-07-04
275,1625443200000,277.8909618656969,3571831819.7500434,2021-07-05
276,1625529600000,311.09903521882393,3996949160.6657577,2021-07-06
277,1625616000000,317.5958147980293,4084231061.66215,2021-07-07
278,1625702400000,314.8281008366063,4040314911.458308,2021-07-08
279,1625788800000,294.93443503756185,3785768526.3357906,2021-07-09
280,1625875200000,305.044657734116,3905199829.9911866,2021-07-10
281,1625961600000,296.97539211669834,3811797041.098283,2021-07-11
282,1626048000000,305.43220021674995,3921611745.7982016,2021-07-12
283,1626134400000,298.4269182969891,3827835248.567497,2021-07-13
284,1626220800000,270.06651816399756,3473563178.1240845,2021-07-14
285,1626307200000,279.4598986043908,3578577011.104649,2021-07-15
286,1626393600000,270.12729609908524,3469731054.264838,2021-07-16
287,1626480000000,253.54306236119388,3255772980.884068,2021-07-17
288,1626566400000,253.01845688401573,3255040667.7774844,2021-07-18
289,1626652800000,256.9209700700931,3297236398.0495853,2021-07-19
290,1626739200000,238.98462892217498,3092375902.515428,2021-07-20
291,1626825600000,224.80843054315784,2889537464.33735,2021-07-21
292,1626912000000,259.3447851880691,3311985014.9535565,2021-07-22
293,1626998400000,279.38067695255177,3588184483.3071404,2021-07-23
294,1627084800000,289.05474928099676,3704342283.1053705,2021-07-24
295,1627171200000,287.7232692874634,3696291583.4040637,2021-07-25
296,1627257600000,289.866149673319,3742651141.75907,2021-07-26
297,1627344000000,303.75006503457365,3931892475.4244957,2021-07-27
298,1627430400000,298.7518777655724,3839593627.626047,2021-07-28
299,1627516800000,296.9428536434869,3834383688.1003566,2021-07-29
300,1627603200000,311.51214001221143,4037895702.091255,2021-07-30
301,1627689600000,321.44822016380436,4156695773.266375,2021-07-31
302,1627776000000,331.3183465101865,4286965585.9843793,2021-08-01
303,1627862400000,316.8675584786699,4083349852.2254868,2021-08-02
304,1627948800000,321.073744532448,4172762414.6981864,2021-08-03
305,1628035200000,309.96406344257656,4009102608.625633,2021-08-04
306,1628121600000,338.89286852862244,4386782849.673326,2021-08-05
307,1628208000000,373.6787097016758,4839913387.585159,2021-08-06
308,1628294400000,370.1601647193511,4789305324.798679,2021-08-07
309,1628380800000,384.8212029606802,4942954063.793698,2021-08-08
310,1628467200000,360.3643930571074,4667254268.538027,2021-08-09
311,1628553600000,374.74919536424306,4817712613.704695,2021-08-10
312,1628640000000,385.2112347136726,4979941755.490934,2021-08-11
313,1628726400000,404.060327158898,5227284444.440369,2021-08-12
314,1628812800000,391.9745417943881,5063854229.210728,2021-08-13
315,1628899200000,426.80242771495875,5514781981.781323,2021-08-14
316,1628985600000,414.42817492315874,5371758424.503677,2021-08-15
317,1629072000000,410.32002633287556,5309680303.436556,2021-08-16
318,1629158400000,414.3326705966372,5427727786.009704,2021-08-17
319,1629244800000,382.09137526457386,5000982071.840405,2021-08-18
320,1629331200000,383.32649282513313,4994566803.678991,2021-08-19
321,1629417600000,398.03702513265307,5069192618.499959,2021-08-20
322,1629504000000,407.2783650751067,5275197584.874662,2021-08-21
323,1629590400000,400.31412241090715,5189098292.313886,2021-08-22
324,1629676800000,402.02226503115804,5220179598.966155,2021-08-23
325,1629763200000,407.9931718790201,5307882620.535294,2021-08-24
326,1629849600000,380.86789678673273,5009914671.1762705,2021-08-25
327,1629936000000,384.236542549589,5051685028.635945,2021-08-26
328,1630022400000,356.07884758527337,4692873732.601118,2021-08-27
329,1630108800000,372.81168966922206,4904301686.517602,2021-08-28
330,1630195200000,366.188308814546,4805478877.945121,2021-08-29
331,1630281600000,365.46023947904047,4802277778.427449,2021-08-30
332,1630368000000,358.9849581749712,4703683346.265433,2021-08-31
333,1630454400000,393.78869266536464,5200036199.426459,2021-09-01
334,1630540800000,411.5706932945851,5403545583.965687,2021-09-02
335,1630627200000,400.086837000093,5261286016.562471,2021-09-03
336,1630713600000,394.77371198257725,5185005485.613534,2021-09-04
337,1630800000000,398.59884179921494,5253363107.07385,2021-09-05
338,1630886400000,416.52523751768274,5475015994.872808,2021-09-06
339,1630972800000,410.43609473926114,5403617817.25609,2021-09-07
340,1631059200000,346.8548365582723,4587661352.61514,2021-09-08
341,1631145600000,331.53424132571723,4370472068.971933,2021-09-09
342,1631232000000,333.5703575598576,4401549364.958191,2021-09-10
343,1631318400000,312.05232500795046,4109463836.3949275,2021-09-11
344,1631404800000,327.0405611805631,4305527052.558848,2021-09-12
345,1631491200000,334.22917613209506,4410610973.076078,2021-09-13
346,1631577600000,333.20504963358405,4383678511.229711,2021-09-14
347,1631664000000,383.0647404824915,5049680648.935327,2021-09-15
348,1631750400000,411.805329595945,5416142919.304927,2021-09-16
349,1631836800000,384.3517632862372,5066546958.039077,2021-09-17
350,1631923200000,355.64226441054143,4686494589.105842,2021-09-18
351,1632009600000,355.3920335593665,4675766135.643092,2021-09-19
352,1632096000000,340.6443445915248,4493197006.461177,2021-09-20
353,1632182400000,291.2945870919716,3825424914.583181,2021-09-21
354,1632268800000,267.85508856017213,3520600410.9573336,2021-09-22
355,1632355200000,301.0765458067827,3955939822.8696685,2021-09-23
356,1632441600000,308.44604606013894,4067259386.3544917,2021-09-24
357,1632528000000,280.22330496392703,3698600966.169171,2021-09-25
358,1632614400000,275.84028568277745,3639097640.1194854,2021-09-26
359,1632700800000,292.94388120287033,3857114449.2665195,2021-09-27
360,1632787200000,273.8478301484207,3637202283.574369,2021-09-28
361,1632873600000,260.51833258763224,3448398760.5569305,2021-09-29
362,1632960000000,264.8705569404027,3490644070.926612,2021-09-30
363,1633046400000,276.17642972790236,3640908517.962983,2021-10-01
364,1633132800000,302.07374790443856,3975562005.35436,2021-10-02
365,1633219200000,313.3777161548252,4130149241.5468783,2021-10-03
366,1633305600000,311.1181113988304,4105576785.7166867,2021-10-04
367,1633392000000,301.45180530121377,3992431014.789117,2021-10-05
368,1633478400000,308.2725455831393,4073727192.426776,2021-10-06
369,1633564800000,312.34156331518307,4104524294.806949,2021-10-07
370,1633651200000,306.65648903098844,4037699624.7601204,2021-10-08
371,1633737600000,306.5313835824934,4051881807.2399483,2021-10-09
372,1633824000000,307.9849134894191,4062459585.920642,2021-10-10
373,1633910400000,289.21431238199,3821222085.9613776,2021-10-11
374,1633996800000,290.8120316475468,3810622300.5722823,2021-10-12
375,1634083200000,283.41027305309,3747497250.449837,2021-10-13
376,1634169600000,297.4781565839375,3929963617.9673896,2021-10-14
377,1634256000000,303.428607231082,4003004209.2910495,2021-10-15
378,1634342400000,302.2592980508384,3990747908.1178875,2021-10-16
379,1634428800000,305.83481495218376,4051795343.58218,2021-10-17
380,1634515200000,305.1459069937822,4027042057.6817465,2021-10-18
381,1634601600000,294.3967111595019,3898401242.6755853,2021-10-19
382,1634688000000,304.16125853920926,4014146653.8457193,2021-10-20
383,1634774400000,316.88914794667056,4190288942.024608,2021-10-21
384,1634860800000,316.03037624625966,4176064078.35452,2021-10-22
385,1634947200000,311.82691355209533,4125645970.143196,2021-10-23
386,1635033600000,324.9978489264025,4296890108.03592,2021-10-24
387,1635120000000,308.69156462356744,4073400321.777368,2021-10-25
388,1635206400000,312.9255847071022,4131062579.5928764,2021-10-26
389,1635292800000,329.16367597992263,4368186037.336679,2021-10-27
390,1635379200000,326.7179505844592,4355379400.542712,2021-10-28
391,1635465600000,339.1962890855296,4483589467.068258,2021-10-29
392,1635552000000,327.27907018512997,4323186542.239513,2021-10-30
393,1635638400000,317.755778731282,4201881803.5652323,2021-10-31
394,1635724800000,314.3814897666322,4166825408.710828,2021-11-01
395,1635811200000,323.3962051766016,4271768256.5466,2021-11-02
396,1635897600000,324.7956434774696,4267941889.9043193,2021-11-03
397,1635984000000,324.24080304919784,4294182595.0204186,2021-11-04
398,1636070400000,332.2918766078753,4344612409.475288,2021-11-05
399,1636156800000,328.2247241512439,4339438091.755337,2021-11-06
400,1636243200000,318.7235464733872,4217692188.6262712,2021-11-07
401,1636329600000,320.7822135356136,4245860342.673585,2021-11-08
402,1636416000000,332.85226135884426,4412411546.906862,2021-11-09
403,1636502400000,337.4552473248391,4502713053.3728485,2021-11-10
404,1636588800000,312.24229910165593,4127555973.337556,2021-11-11
405,1636675200000,312.63191198401944,4142307442.367102,2021-11-12
406,1636761600000,309.27471569568746,4083742113.5750685,2021-11-13
407,1636848000000,313.78137599373184,4158586989.621771,2021-11-14
408,1636934400000,317.06864771781835,4178752732.526543,2021-11-15
409,1637020800000,303.4462143174093,4022862510.313589,2021-11-16
410,1637107200000,280.30315275688133,3719606082.7212734,2021-11-17
411,1637193600000,284.6614965389817,3743204446.3891554,2021-11-18
412,1637280000000,261.8623816648822,3464709921.0024176,2021-11-19
413,1637366400000,280.527570637098,3702205169.39179,2021-11-20
414,1637452800000,275.11682070422313,3648585319.600542,2021-11-21
415,1637539200000,269.27717817587944,3583004806.74605,2021-11-22
416,1637625600000,263.38158654293693,3522878371.040861,2021-11-23
417,1637712000000,269.752897398244,3609410574.352757,2021-11-24
418,1637798400000,254.5939845343788,3411542523.3096623,2021-11-25
419,1637884800000,262.46543405717154,3516476145.207493,2021-11-26
420,1637971200000,232.21395268518572,3105373237.653833,2021-11-27
421,1638057600000,231.2831782873089,3096255398.577014,2021-11-28
422,1638144000000,238.06022954686162,3189266598.8192797,2021-11-29
423,1638230400000,249.4319706062917,3343248708.0951266,2021-11-30
424,1638316800000,256.9472639733981,3434100802.6639333,2021-12-01
425,1638403200000,250.95922413420985,3365690592.1832724,2021-12-02
426,1638489600000,244.6210508699044,3277493051.341643,2021-12-03
427,1638576000000,226.170428387568,3039015831.7906,2021-12-04
428,1638662400000,201.67010875812514,2693778007.900724,2021-12-05
429,1638748800000,191.70554872723284,2572426742.4806886,2021-12-06
430,1638835200000,184.99892576039215,2481113795.074409,2021-12-07
431,1638921600000,187.18431082971313,2510414555.458861,2021-12-08
432,1639008000000,200.8445175415287,2688013565.38625,2021-12-09
433,1639094400000,178.4253138751939,2405912900.6280713,2021-12-10
434,1639180800000,169.0613986582262,2275240622.1440263,2021-12-11
435,1639267200000,180.23594680589218,2420854120.094164,2021-12-12
436,1639353600000,180.0306664826825,2417529659.840099,2021-12-13
437,1639440000000,162.11078649038004,2176190739.531536,2021-12-14
438,1639526400000,169.29690954304348,2271395544.728081,2021-12-15
439,1639612800000,173.4472301085491,2321200025.097153,2021-12-16
440,1639699200000,174.34472841824802,2337858747.8921695,2021-12-17
441,1639785600000,183.35147789698038,2445087369.283591,2021-12-18
442,1639872000000,192.72522593930148,2590178835.0823016,2021-12-19
443,1639958400000,183.85559474507835,2481228104.069556,2021-12-20
444,1640044800000,180.9599346497697,2438106058.712241,2021-12-21
445,1640131200000,186.5608495836441,2506834285.0708103,2021-12-22
446,1640217600000,207.23692504103371,2790729829.6154985,2021-12-23
447,1640304000000,246.9533768181644,3307895532.19098,2021-12-24
448,1640390400000,270.2152311476174,3629798332.5024605,2021-12-25
449,1640476800000,265.19542510031573,3569891742.377638,2021-12-26
450,1640563200000,269.0439377010869,3621136514.9941483,2021-12-27
451,1640649600000,278.0419254448148,3752523564.355709,2021-12-28
452,1640736000000,254.44675660063123,3437008964.2117853,2021-12-29
453,1640822400000,236.98990214404725,3173470299.8930964,2021-12-30
454,1640908800000,264.02129333321915,3548848897.6448665,2021-12-31
455,1640995200000,255.5433284361034,3459438031.863206,2022-01-01
456,1641081600000,266.53203240623463,3563669889.92338,2022-01-02
457,1641168000000,266.7863631589257,3599168210.610939,2022-01-03
458,1641254400000,268.1023584568673,3614628862.4885707,2022-01-04
459,1641340800000,253.83477365594015,3462708482.666727,2022-01-05
460,1641427200000,232.1775961996935,3139527815.213977,2022-01-06
461,1641513600000,222.04098893730264,3012431607.9678273,2022-01-07
462,1641600000000,211.0353859014325,2836175348.220895,2022-01-08
463,1641686400000,213.29450533198047,2892162474.116189,2022-01-09
464,1641772800000,210.18516588543596,2825069667.5685754,2022-01-10
465,1641859200000,200.0115889977561,2686498175.1714444,2022-01-11
466,1641945600000,213.70345665918137,2883074393.0224466,2022-01-12
467,1642032000000,218.98901466692408,2955355189.864229,2022-01-13
468,1642118400000,209.41115551016347,2837781700.4309807,2022-01-14
469,1642204800000,224.6041295378138,3017121721.6413193,2022-01-15
470,1642291200000,239.8241589689313,3240579379.975794,2022-01-16
471,1642377600000,242.46470472153717,3278393160.2758384,2022-01-17
472,1642464000000,227.39474793132382,3068525977.934396,2022-01-18
473,1642550400000,232.81225019008613,3144185008.5609174,2022-01-19
474,1642636800000,211.10981640276233,2852325668.002037,2022-01-20
475,1642723200000,199.150710685106,2704319317.1903057,2022-01-21
476,1642809600000,170.49802389375986,2302519783.8073893,2022-01-22
477,1642896000000,146.4320187667984,1972305618.7324045,2022-01-23
478,1642982400000,158.39154133659264,2133653380.1415143,2022-01-24
479,1643068800000,152.51074338130147,2064472397.7047036,2022-01-25
480,1643155200000,152.58535946277894,2061565777.2745345,2022-01-26
481,1643241600000,146.88979603212863,1997933252.2203925,2022-01-27
482,1643328000000,144.92023090629147,1954912675.7958486,2022-01-28
483,1643414400000,149.58261712071402,2015947955.599767,2022-01-29
484,1643500800000,154.15543505653162,2071976225.6033387,2022-01-30
485,1643587200000,149.36904101580876,2017919907.9388046,2022-01-31
486,1643673600000,157.87263406329885,2122718307.8843882,2022-02-01
487,1643760000000,164.46449128690364,2220686612.690725,2022-02-02
488,1643846400000,152.04075398340711,2054549295.838388,2022-02-03
489,1643932800000,151.9244747092279,2054021468.7048943,2022-02-04
490,1644019200000,166.81844590509763,2235095704.785652,2022-02-05
491,1644105600000,166.8034474868764,2259676951.0501413,2022-02-06
492,1644192000000,173.62610694706208,2340034881.789066,2022-02-07
493,1644278400000,181.94940096655802,2461319468.182481,2022-02-08
494,1644364800000,184.8087850256885,2501245000.0188684,2022-02-09
495,1644451200000,188.49076813264725,2550665856.794406,2022-02-10
496,1644537600000,176.1683176576722,2383098199.8659854,2022-02-11
497,1644624000000,163.4881419818501,2207302774.740078,2022-02-12
498,1644710400000,162.20434050122552,2185306334.861593,2022-02-13
499,1644796800000,158.76037451016907,2145156763.8289053,2022-02-14
500,1644883200000,161.2882960273874,2176434096.179852,2022-02-15
501,1644969600000,172.19691848619894,2328147791.869791,2022-02-16
502,1645056000000,170.85101720822973,2319876109.0985727,2022-02-17
503,1645142400000,152.78287838435116,2068351791.409637,2022-02-18
504,1645228800000,146.0797078532049,1977351023.495225,2022-02-19
505,1645315200000,146.47331778669786,1976093401.7016592,2022-02-20
506,1645401600000,137.76393193381875,1875943111.785098,2022-02-21
507,1645488000000,129.13111376777974,1761972220.4348257,2022-02-22
508,1645574400000,134.9611387525287,1840269213.173507,2022-02-23
509,1645660800000,132.06287648014907,1799980865.187316,2022-02-24
510,1645747200000,125.34332695287054,1700837818.945068,2022-02-25
511,1645833600000,140.38201697317615,1923657658.7055905,2022-02-26
512,1645920000000,136.08689962223653,1848265662.2969332,2022-02-27
513,1646006400000,131.91012626491346,1794788671.2678847,2022-02-28
514,1646092800000,145.68602513179803,1976361386.5534372,2022-03-01
515,1646179200000,143.71869990402215,1956399007.8570669,2022-03-02
516,1646265600000,138.07457788702848,1885024186.3451056,2022-03-03
517,1646352000000,130.0281275470637,1774784953.0595882,2022-03-04
518,1646438400000,124.13899251233944,1695082879.6519916,2022-03-05
519,1646524800000,124.7312968746293,1697994039.3394723,2022-03-06
520,1646611200000,117.07955815633439,1597193930.4036882,2022-03-07
521,1646697600000,117.3246836771386,1601859249.6060617,2022-03-08
522,1646784000000,121.71939305619011,1664054885.1831448,2022-03-09
523,1646870400000,127.67149190882569,1741348954.7660396,2022-03-10
524,1646956800000,119.4566464041435,1628375131.9798818,2022-03-11
525,1647043200000,116.74698265960333,1598510969.7134662,2022-03-12
526,1647129600000,120.43151242186693,1640957874.5876286,2022-03-13
527,1647216000000,116.02172843923131,1581374828.7459571,2022-03-14
528,1647302400000,118.2361522282068,1612463485.0516763,2022-03-15
529,1647388800000,121.9272709202677,1664030352.0896366,2022-03-16
530,1647475200000,141.59253618072893,1907388076.7288094,2022-03-17
531,1647561600000,156.11198477495506,2120127123.1200535,2022-03-18
532,1647648000000,160.7267072026178,2203987437.9046407,2022-03-19
533,1647734400000,156.93081534244354,2141218785.1149492,2022-03-20
534,1647820800000,152.5604135811459,2087232167.777724,2022-03-21
535,1647907200000,154.42171175433722,2108924716.2828312,2022-03-22
536,1647993600000,152.8163806054462,2088488148.2271636,2022-03-23
537,1648080000000,155.7612755505475,2126726771.9610827,2022-03-24
538,1648166400000,168.59489420959702,2296261559.9659715,2022-03-25
539,1648252800000,162.66873493761904,2219291532.9038496,2022-03-26
540,1648339200000,163.14389950100033,2230630184.931716,2022-03-27
541,1648425600000,168.35871441012102,2295865380.4092464,2022-03-28
542,1648512000000,167.48717769093088,2315771552.658941,2022-03-29
543,1648598400000,219.95815674188393,2960893040.485949,2022-03-30
544,1648684800000,223.54134268509947,3060330868.986314,2022-03-31
545,1648771200000,206.1558429316472,2798690604.291877,2022-04-01
546,1648857600000,245.87517528843023,3356593219.8925467,2022-04-02
547,1648944000000,236.56689287381843,3240360100.813461,2022-04-03
548,1649030400000,242.79342436898136,3322554752.946028,2022-04-04
549,1649116800000,238.41546998076512,3253504343.931203,2022-04-05
550,1649203200000,221.4228442821701,3041619297.199617,2022-04-06
551,1649289600000,191.22096096230646,2630323429.444538,2022-04-07
552,1649376000000,202.72099261277629,2783566399.0894136,2022-04-08
553,1649462400000,183.57054864618965,2497578341.5897946,2022-04-09
554,1649548800000,185.01753661524003,2523149501.5912075,2022-04-10
555,1649635200000,178.01078689254328,2449437859.692781,2022-04-11
556,1649721600000,157.74628900783944,2166334397.888992,2022-04-12
557,1649808000000,165.03333502617033,2257723956.503628,2022-04-13
558,1649894400000,178.725854043087,2446968765.890355,2022-04-14
559,1649980800000,172.3005339791817,2359834183.649302,2022-04-15
560,1650067200000,176.2638000542873,2413454366.075661,2022-04-16
561,1650153600000,172.86552776916113,2367536889.1065106,2022-04-17
562,1650240000000,167.30064400614023,2287508525.7163663,2022-04-18
563,1650326400000,168.8549633612634,2304243009.0232005,2022-04-19
564,1650412800000,183.2220462003534,2509981050.1295285,2022-04-20
565,1650499200000,186.51272176016104,2542876640.392776,2022-04-21
566,1650585600000,174.00847777966686,2382995015.0255685,2022-04-22
567,1650672000000,177.3878456352145,2427847661.8848276,2022-04-23
568,1650758400000,174.46189032167652,2385519958.7655807,2022-04-24
569,1650844800000,166.30346075133897,2282769235.651931,2022-04-25
570,1650931200000,169.24296807807355,2321057026.505012,2022-04-26
571,1651017600000,157.70631679938194,2159184412.825787,2022-04-27
572,1651104000000,168.71016139692446,2311015916.042177,2022-04-28
573,1651190400000,166.07259824530442,2259939737.7914863,2022-04-29
574,1651276800000,157.37449311681354,2158432757.020174,2022-04-30
575,1651363200000,143.75374714676593,1956583348.5004237,2022-05-01
576,1651449600000,146.59100967625713,2011782101.300787,2022-05-02
577,1651536000000,144.13121838392223,1973874839.6180985,2022-05-03
578,1651622400000,141.17692155130442,1937307019.3506453,2022-05-04
579,1651708800000,158.88313973493675,2180824491.1562166,2022-05-05
580,1651795200000,141.72748730149948,1941047132.4805777,2022-05-06
581,1651881600000,138.66121616492697,1904147284.2632334,2022-05-07
582,1651968000000,132.50620034767582,1822759940.3541934,2022-05-08
583,1652054400000,125.7873054919551,1729018862.3711333,2022-05-09
584,1652140800000,101.2225142171346,1401183065.4404266,2022-05-10
585,1652227200000,105.2909037770472,1438155499.2047803,2022-05-11
586,1652313600000,82.39416248921442,1134191787.5298965,2022-05-12
587,1652400000000,77.70734113821783,1076697190.8360486,2022-05-13
588,1652486400000,82.42654676309641,1137073449.0884573,2022-05-14
589,1652572800000,87.00956473875917,1184520436.8276637,2022-05-15
590,1652659200000,92.08793505065154,1262719009.0691245,2022-05-16
591,1652745600000,84.21439522492065,1168297628.31901,2022-05-17
592,1652832000000,92.89862834746846,1273754903.202109,2022-05-18
593,1652918400000,81.72851918880637,1128029334.3393352,2022-05-19
594,1653004800000,91.47975790321266,1256449849.216437,2022-05-20
595,1653091200000,90.36629988821143,1242584831.5941517,2022-05-21
596,1653177600000,91.61943041492678,1261295639.6883943,2022-05-22
597,1653264000000,94.59540227442925,1299371385.1875837,2022-05-23
598,1653350400000,99.54636634885293,1371911921.9216044,2022-05-24
599,1653436800000,106.73641449320797,1464993510.4362185,2022-05-25
600,1653523200000,102.0798989724034,1418943808.261312,2022-05-26
601,1653609600000,101.57042549560856,1408547529.5325196,2022-05-27
602,1653696000000,92.39008922964523,1281017647.2460291,2022-05-28
603,1653782400000,95.45726077640226,1326789289.1588736,2022-05-29
604,1653868800000,95.43258855833716,1321801268.287365,2022-05-30
605,1653955200000,117.40338273022432,1620880183.3811836,2022-05-31
606,1654041600000,114.07562109554658,1586953303.5188034,2022-06-01
607,1654128000000,106.98693182107002,1489659201.3035934,2022-06-02
608,1654214400000,111.00578691498184,1546238380.9545004,2022-06-03
609,1654300800000,107.05629304307823,1482618575.9597514,2022-06-04
610,1654387200000,106.89965494207715,1475740993.6056592,2022-06-05
611,1654473600000,103.72775289542002,1444092455.350793,2022-06-06
612,1654560000000,105.84916238986474,1472983516.7573202,2022-06-07
613,1654646400000,99.99718295805481,1393239676.5148442,2022-06-08
614,1654732800000,96.5939697122115,1339567001.2786186,2022-06-09
615,1654819200000,95.89419409449724,1330282038.3131053,2022-06-10
616,1654905600000,87.59825677544436,1216206833.2712677,2022-06-11
617,1654992000000,76.7767619118925,1063680036.5554296,2022-06-12
618,1655078400000,71.42867352931093,994013985.1768413,2022-06-13
619,1655164800000,59.26687389921661,808982052.2352997,2022-06-14
620,1655251200000,62.3633803453488,865371640.4808307,2022-06-15
621,1655337600000,66.24766871552424,917986329.2778614,2022-06-16
622,1655424000000,56.37955432291979,783621007.7242247,2022-06-17
623,1655510400000,57.65893489134879,804725210.5325283,2022-06-18
624,1655596800000,49.41939593200462,684361971.5268912,2022-06-19
625,1655683200000,54.00773274030768,747381972.686732,2022-06-20
626,1655769600000,62.07847695538026,861009712.8895965,2022-06-21
627,1655856000000,65.65109853852422,916876253.3838696,2022-06-22
628,1655942400000,62.71903774878468,872036176.2340498,2022-06-23
629,1656028800000,68.46056138909806,955491349.1729264,2022-06-24
630,1656115200000,72.30393585962395,995152295.4022859,2022-06-25
631,1656201600000,69.96278668400855,974104588.311165,2022-06-26
632,1656288000000,65.6866435130815,914275928.8149285,2022-06-27
633,1656374400000,65.52765572964931,909900928.5243288,2022-06-28
634,1656460800000,60.169958541294,833355296.9444246,2022-06-29
635,1656547200000,59.701072929883175,827438291.1206893,2022-06-30
636,1656633600000,56.61900036211663,774098461.5624694,2022-07-01
637,1656720000000,56.504604573971875,796289135.1061267,2022-07-02
638,1656806400000,57.897905146213056,805235095.5455128,2022-07-03
639,1656892800000,57.812133188438494,805688506.2655941,2022-07-04
640,1656979200000,63.11734045839914,877337238.9515104,2022-07-05
641,1657065600000,60.75109400969694,847591126.9890926,2022-07-06
642,1657152000000,62.99864928527944,881463281.7995744,2022-07-07
643,1657238400000,71.32291876263348,995239220.9042928,2022-07-08
644,1657324800000,73.21766500719987,1023467049.5847244,2022-07-09
645,1657411200000,81.9155447357565,1140935370.1860514,2022-07-10
646,1657497600000,77.8426052054107,1082198356.3159058,2022-07-11
647,1657584000000,69.97842179614824,976169166.1580359,2022-07-12
648,1657670400000,68.61280677734135,960839047.6774095,2022-07-13
649,1657756800000,79.55773202097491,1105593329.5943527,2022-07-14
650,1657843200000,91.10533623683291,1266111587.011383,2022-07-15
651,1657929600000,90.52593603803163,1264181091.4965734,2022-07-16
652,1658016000000,92.61212782175191,1290815846.7762105,2022-07-17
653,1658102400000,88.96770731391585,1249493041.9540763,2022-07-18
654,1658188800000,96.2074882543458,1341184609.3768995,2022-07-19
655,1658275200000,95.47854740111929,1331126149.6059184,2022-07-20
656,1658361600000,90.9412087783855,1274170206.721619,2022-07-21
657,1658448000000,95.53418942598131,1336683383.231847,2022-07-22
658,1658534400000,89.76249219604415,1251267945.3029754,2022-07-23
659,1658620800000,89.75733804544153,1252075540.5309055,2022-07-24
660,1658707200000,90.8974219157029,1275890556.9660587,2022-07-25
661,1658793600000,81.84085096233149,1158966382.4954245,2022-07-26
662,1658880000000,80.77755738173336,1126919650.2233593,2022-07-27
663,1658966400000,94.60872517703719,1318918010.8528538,2022-07-28
664,1659052800000,100.18658846021899,1397961083.021748,2022-07-29
665,1659139200000,96.49697345745749,1361639582.6812189,2022-07-30
666,1659225600000,95.03281034779954,1324568230.6116016,2022-07-31
667,1659312000000,98.00848826289499,1378965563.2737217,2022-08-01
668,1659398400000,96.97515232112742,1349974918.9370553,2022-08-02
669,1659484800000,94.25586313513145,1328304286.6432924,2022-08-03
670,1659571200000,95.49915404242378,1330735397.6158428,2022-08-04
671,1659657600000,96.92300690082965,1349603439.9348576,2022-08-05
672,1659744000000,102.74282621628016,1428944568.74292,2022-08-06
673,1659830400000,99.53701433524957,1391110224.4386916,2022-08-07
674,1659916800000,101.44686056987587,1418890758.2802436,2022-08-08
675,1660003200000,102.48905500316654,1435344050.8495862,2022-08-09
676,1660089600000,98.09778669215156,1375699571.8871474,2022-08-10
677,1660176000000,110.81035748339976,1548171114.2877762,2022-08-11
678,1660262400000,107.53977516278131,1503811027.2902613,2022-08-12
679,1660348800000,115.02723789029504,1589811600.1546946,2022-08-13
680,1660435200000,110.57408505159641,1546461361.9376385,2022-08-14
681,1660521600000,107.53684731837035,1505625178.4911075,2022-08-15
682,1660608000000,107.58467278265161,1505408862.1637394,2022-08-16
683,1660694400000,110.35290752624536,1539547895.9680595,2022-08-17
684,1660780800000,100.53964768069473,1406910614.6889048,2022-08-18
685,1660867200000,95.40748660089119,1341113103.1974812,2022-08-19
686,1660953600000,83.92738440663231,1174796063.3496475,2022-08-20
687,1661040000000,82.94655674704008,1158174359.4993453,2022-08-21
688,1661126400000,86.34754722005516,1211998857.0769856,2022-08-22
689,1661212800000,88.36073343700673,1233397175.5447893,2022-08-23
690,1661299200000,89.50059943461555,1254075345.3287828,2022-08-24
691,1661385600000,88.56283572264469,1238348262.35039,2022-08-25
692,1661472000000,93.48522828543048,1310632505.0458865,2022-08-26
693,1661558400000,82.80787714645385,1151899723.940488,2022-08-27
694,1661644800000,82.3104303396139,1152924229.1866755,2022-08-28
695,1661731200000,79.0473691634585,1109690421.4113646,2022-08-29
696,1661817600000,85.80059165731531,1202315955.7218204,2022-08-30
697,1661904000000,84.86013375309399,1192260004.1662366,2022-08-31
698,1661990400000,84.79737511570163,1186715233.9140522,2022-09-01
699,1662076800000,86.5388750815098,1211044762.3327906,2022-09-02
700,1662163200000,88.63677470049694,1231427395.9490292,2022-09-03
701,1662249600000,86.97476346099158,1219571712.742802,2022-09-04
702,1662336000000,88.91796268492777,1242115495.9405963,2022-09-05
703,1662422400000,91.2880556815063,1276764661.8484616,2022-09-06
704,1662508800000,83.76204685959698,1176712929.4601915,2022-09-07
705,1662595200000,87.58332656274743,1229949828.5157583,2022-09-08
706,1662681600000,88.30149747114459,1233952961.420025,2022-09-09
707,1662768000000,91.01882191960784,1281451745.8479888,2022-09-10
708,1662854400000,92.89182557487177,1309630061.9448035,2022-09-11
709,1662940800000,91.26379875359312,1286969221.0777016,2022-09-12
710,1663027200000,90.73040288853177,1275332515.9978304,2022-09-13
711,1663113600000,83.15486033305422,1172496257.0069425,2022-09-14
712,1663200000000,83.76254359401186,1176717878.965464,2022-09-15
713,1663286400000,78.45473102036706,1109156748.9682126,2022-09-16
714,1663372800000,79.10936914654758,1115457058.8973038,2022-09-17
715,1663459200000,81.6252840737767,1149588059.0669696,2022-09-18
716,1663545600000,73.19255260071336,1033310318.5841477,2022-09-19
717,1663632000000,76.4666828541038,1078723093.7686987,2022-09-20
718,1663718400000,74.0546505386423,1046383776.6441731,2022-09-21
719,1663804800000,71.97290280315018,1014860344.8631856,2022-09-22
720,1663891200000,76.94988670590772,1084032377.3277133,2022-09-23
721,1663977600000,77.2054624755266,1091475081.531328,2022-09-24
722,1664064000000,75.0547644852883,1059519409.3094136,2022-09-25
723,1664150400000,73.85786624404726,1038167493.2171069,2022-09-26
724,1664236800000,76.1625647429884,1072389645.5877315,2022-09-27
725,1664323200000,76.75887922513294,1084306596.200185,2022-09-28
726,1664409600000,77.03622028635678,1085742734.0180056,2022-09-29
727,1664496000000,76.82379613506563,1083423883.3603835,2022-09-30
728,1664582400000,74.59022265815904,1052046111.3120738,2022-10-01
729,1664668800000,74.51697654775256,1050640793.0834742,2022-10-02
730,1664755200000,72.91588289852807,1032677438.6384103,2022-10-03
731,1664841600000,75.76334698836511,1072921339.0989991,2022-10-04
732,1664928000000,78.98853338471034,1115159715.3991585,2022-10-05
733,1665014400000,78.72381903807336,1110848271.6395237,2022-10-06
734,1665100800000,77.41998221560424,1093712830.3973994,2022-10-07
735,1665187200000,75.4942306912088,1065132521.5981538,2022-10-08
736,1665273600000,74.63634428481177,1054170546.1686151,2022-10-09
737,1665360000000,75.45690526541912,1063225289.0521276,2022-10-10
738,1665446400000,73.912298141283,1044927540.3842908,2022-10-11
739,1665532800000,71.42061103292755,1007301959.1929826,2022-10-12
740,1665619200000,71.58662607412867,1011774521.7666919,2022-10-13
741,1665705600000,71.06721798129676,1003748391.284565,2022-10-14
742,1665792000000,73.02078274206181,1029440269.5810074,2022-10-15
743,1665878400000,71.92641989547722,1015945320.3102015,2022-10-16
744,1665964800000,75.87520243082398,1070207622.6453198,2022-10-17
745,1666051200000,79.11605465294247,1117880891.578477,2022-10-18
746,1666137600000,82.63343408940972,1167727086.0611517,2022-10-19
747,1666224000000,82.69624191237726,1168514298.2112098,2022-10-20
748,1666310400000,80.80390804463997,1142868950.943156,2022-10-21
749,1666396800000,82.02465340520665,1157357246.1118374,2022-10-22
750,1666483200000,82.06467884894059,1159238841.7364216,2022-10-23
751,1666569600000,88.97986492897584,1255485570.860804,2022-10-24
752,1666656000000,84.93960929196217,1197964052.5706375,2022-10-25
753,1666742400000,82.27674597273575,1160984588.2173953,2022-10-26
754,1666828800000,83.54328344568111,1180373462.4377522,2022-10-27
755,1666915200000,81.71101461349636,1155431029.3753521,2022-10-28
756,1667001600000,84.12716475391863,1189839460.0700452,2022-10-29
757,1667088000000,85.2611282912747,1203472933.2000413,2022-10-30
758,1667174400000,83.88080375987373,1182474973.230103,2022-10-31
759,1667260800000,83.92640169992798,1187829605.8380237,2022-11-01
760,1667347200000,84.34832662334796,1194673088.057497,2022-11-02
761,1667433600000,80.40758886344766,1138714482.3852825,2022-11-03
762,1667520000000,83.72087582725057,1182932032.2203882,2022-11-04
763,1667606400000,94.51368804167325,1339047443.7944934,2022-11-05
764,1667692800000,96.20370809113199,1364735360.1340542,2022-11-06
765,1667779200000,86.96848222998038,1233205780.1595004,2022-11-07
766,1667865600000,87.43417627805054,1238246640.3621411,2022-11-08
767,1667952000000,72.28477303955736,1028717493.249428,2022-11-09
768,1668038400000,57.68079471082866,816584863.1132548,2022-11-10
769,1668124800000,68.10617742522425,964259746.5828286,2022-11-11
770,1668211200000,64.14155110583827,902250258.9100448,2022-11-12
771,1668297600000,57.7922581723852,816860932.2245682,2022-11-13
772,1668384000000,56.850508712771024,800786184.3832002,2022-11-14
773,1668470400000,58.98051138165912,837662149.3549972,2022-11-15
774,1668556800000,61.12219640032666,865697101.6984484,2022-11-16
775,1668643200000,58.52429718828651,827088058.3384017,2022-11-17
776,1668729600000,58.694661472402025,832051305.9554605,2022-11-18
777,1668816000000,58.40350037841628,828028832.5842477,2022-11-19
778,1668902400000,58.68394119407202,831736778.5594517,2022-11-20
