,Time,open,mktcap,Date
0,1616112000000,1.1316100392460986,0.0,2021-03-19
1,1616198400000,1.1316100392460986,0.0,2021-03-20
2,1616284800000,0.933241428962218,0.0,2021-03-21
3,1616371200000,1.1466446290554528,0.0,2021-03-22
4,1616457600000,0.7473904103290007,0.0,2021-03-23
5,1616630400000,0.7033323167530917,0.0,2021-03-25
6,1616716800000,0.7033323167530917,0.0,2021-03-26
7,1616803200000,1.1631068556174686,0.0,2021-03-27
8,1616889600000,0.882884985275138,0.0,2021-03-28
9,1616976000000,1.1841485958125704,0.0,2021-03-29
10,1617062400000,1.1245259538574124,0.0,2021-03-30
11,1617148800000,1.1245259538574124,0.0,2021-03-31
12,1617235200000,1.121526852196032,0.0,2021-04-01
13,1617494400000,1.1502987515338885,0.0,2021-04-04
14,1617580800000,1.1502987515338885,0.0,2021-04-05
15,1617926400000,0.9519326667921614,0.0,2021-04-09
16,1618012800000,0.9519326667921614,0.0,2021-04-10
17,1618099200000,1.017798595531434,0.0,2021-04-11
18,1618185600000,1.017798595531434,0.0,2021-04-12
19,1618272000000,0.6766838469717334,0.0,2021-04-13
20,1618358400000,0.6766838469717334,0.0,2021-04-14
21,1618444800000,0.7992007702668792,0.0,2021-04-15
22,1618531200000,0.5820960600399715,0.0,2021-04-16
23,1618617600000,0.9014446835786682,0.0,2021-04-17
24,1618704000000,0.9014446835786682,0.0,2021-04-18
25,1619049600000,0.8059576443823973,0.0,2021-04-22
26,1619136000000,0.8059576443823973,0.0,2021-04-23
27,1619222400000,0.6662997492478971,0.0,2021-04-24
28,1619308800000,0.6662997492478971,0.0,2021-04-25
29,1619395200000,0.99853476686731,0.0,2021-04-26
30,1619481600000,0.9974296549953615,0.0,2021-04-27
31,1619568000000,0.8350038304913638,0.0,2021-04-28
32,1619654400000,0.9713007151381351,0.0,2021-04-29
33,1619740800000,0.9317745370819458,0.0,2021-04-30
34,1619827200000,0.9430356861832782,0.0,2021-05-01
35,1619913600000,1.0304021502086118,0.0,2021-05-02
36,1620000000000,0.9727693596761467,0.0,2021-05-03
37,1620086400000,0.9757086391479797,0.0,2021-05-04
38,1620172800000,0.8941131369077229,0.0,2021-05-05
39,1620259200000,0.7905052070661115,0.0,2021-05-06
40,1620345600000,0.8814380710268429,0.0,2021-05-07
41,1620432000000,0.9416860999575952,0.0,2021-05-08
42,1620518400000,0.8759341442568487,0.0,2021-05-09
43,1620604800000,0.6343573239518634,0.0,2021-05-10
44,1620691200000,0.5505630066384453,0.0,2021-05-11
45,1620777600000,0.7385965840315672,0.0,2021-05-12
46,1620950400000,0.6280974943108184,0.0,2021-05-14
47,1621036800000,0.6280974943108184,0.0,2021-05-15
48,1621123200000,0.7671534867356686,0.0,2021-05-16
49,1621209600000,0.8393015423418554,0.0,2021-05-17
50,1621296000000,0.8378304475144295,0.0,2021-05-18
51,1621382400000,0.9461756919688882,0.0,2021-05-19
52,1621468800000,0.8130879479143844,0.0,2021-05-20
53,1621641600000,0.9946046590987366,229863943.79715198,2021-05-22
54,1621728000000,0.9946046590987366,229863943.79715198,2021-05-23
55,1621814400000,1.0075927544580852,209304690.47344238,2021-05-24
56,1621900800000,1.002231666933036,215665417.81120956,2021-05-25
57,1621987200000,0.9991649776219949,220748236.29734522,2021-05-26
58,1622073600000,0.9982182020707204,244821975.67952955,2021-05-27
59,1622160000000,0.9997068470350491,255229738.68508494,2021-05-28
60,1622246400000,1.0141420857356613,279632747.8397772,2021-05-29
61,1622332800000,0.9935878755325601,276966372.5667977,2021-05-30
62,1622419200000,0.9901335657810543,270656710.3839871,2021-05-31
63,1622505600000,1.0078732378585147,275291278.5821974,2021-06-01
64,1622592000000,1.0008174954108835,269059525.0324177,2021-06-02
65,1622678400000,1.002904818941762,263907172.6126194,2021-06-03
66,1622764800000,1.0052152288851854,265594807.50455076,2021-06-04
67,1622851200000,1.0005506870624612,266708427.19723466,2021-06-05
68,1622937600000,1.0046729457294101,245011613.641079,2021-06-06
69,1623024000000,1.001784968740574,254712363.37665093,2021-06-07
70,1623110400000,0.999994823237857,268242782.3772366,2021-06-08
71,1623196800000,1.0007583413632986,266993278.81438753,2021-06-09
72,1623283200000,1.0057491903283013,273155233.43074614,2021-06-10
73,1623369600000,1.0032024860260926,283832220.3432706,2021-06-11
74,1623456000000,1.0006259901360388,290656331.5306667,2021-06-12
75,1623542400000,0.9990534411902695,312414921.75518197,2021-06-13
76,1623628800000,1.0033450573623819,328993915.9009061,2021-06-14
77,1623715200000,1.005735202631201,379785132.3701329,2021-06-15
78,1623801600000,1.002612929856629,419548856.98250705,2021-06-16
79,1623888000000,1.0015230091963958,413306670.1343106,2021-06-17
80,1623974400000,1.0054909365687343,383269859.4182463,2021-06-18
81,1624060800000,1.0044599076671674,369871925.4157411,2021-06-19
82,1624147200000,1.002784082866123,352599449.97750074,2021-06-20
83,1624233600000,1.003915676580643,344301737.97231436,2021-06-21
84,1624320000000,0.9994697754385158,249149282.47028425,2021-06-22
85,1624406400000,0.9978990142684087,237556733.5688327,2021-06-23
86,1624492800000,1.0118671535268629,239620786.99899417,2021-06-24
87,1624579200000,0.9970821023655139,238598642.13864118,2021-06-25
88,1624665600000,0.9922783853918862,235343727.73920766,2021-06-26
89,1624752000000,1.0108380846000695,241840089.01246995,2021-06-27
90,1624838400000,1.036228704797894,245091005.19680673,2021-06-28
91,1624924800000,1.002818149511912,238640291.36584213,2021-06-29
92,1625011200000,1.0010079681352912,233234475.2529553,2021-06-30
93,1625097600000,1.0073023795778655,230627245.52052167,2021-07-01
94,1625184000000,1.0087256186425866,228654052.79184878,2021-07-02
95,1625270400000,1.0151485588213853,234553127.86086088,2021-07-03
96,1625356800000,0.9975217510039127,230661831.8114006,2021-07-04
97,1625443200000,1.0005122267818396,232598618.08102715,2021-07-05
98,1625529600000,0.9967719864549118,233796935.91062546,2021-07-06
99,1625616000000,1.0065990033990357,224396388.03465626,2021-07-07
100,1625702400000,1.0010522640339345,221564635.48518163,2021-07-08
101,1625788800000,0.9990387246514663,219979582.89360213,2021-07-09
102,1625875200000,1.0101244214668388,224895699.5082205,2021-07-10
103,1625961600000,1.0039588470006409,224065568.04003894,2021-07-11
104,1626048000000,1.0008025628160704,231981329.02868587,2021-07-12
105,1626134400000,1.004820930658145,231223075.43671697,2021-07-13
106,1626220800000,1.0057616268649074,220151300.48881724,2021-07-14
107,1626307200000,1.0030000512305783,217456885.90335223,2021-07-15
108,1626393600000,1.0067338274141493,218303407.0575815,2021-07-16
109,1626480000000,0.997372839435417,218636208.9890637,2021-07-17
110,1626566400000,1.0029637322016431,224605577.81318808,2021-07-18
111,1626652800000,1.0016266815050232,225524070.8603863,2021-07-19
112,1626739200000,1.0095883583834295,229741854.6271784,2021-07-20
113,1626825600000,1.002866203306678,227606678.61263233,2021-07-21
114,1626912000000,1.0078188626238336,229266032.4131606,2021-07-22
115,1626998400000,1.0056021784448588,228129887.44012415,2021-07-23
116,1627084800000,1.0124995799343925,230626571.29725766,2021-07-24
117,1627171200000,1.0045611671802464,237413880.40407768,2021-07-25
118,1627257600000,1.0223917714715878,242899068.6279017,2021-07-26
119,1627344000000,0.974918093540637,231760540.10357502,2021-07-27
120,1627430400000,1.0088926033751089,242978993.47670582,2021-07-28
121,1627516800000,1.0006767821053724,241076227.16350514,2021-07-29
122,1627603200000,1.0022184688689904,241294924.3713194,2021-07-30
123,1627689600000,1.0329022229971838,247161013.3016785,2021-07-31
124,1627776000000,1.000612112214693,243098446.28781998,2021-08-01
125,1627862400000,0.9939347747223104,238679377.4899682,2021-08-02
126,1627948800000,1.0090616785301547,248660901.75771835,2021-08-03
127,1628035200000,1.0026771294859154,249532143.67413148,2021-08-04
128,1628121600000,1.0009027931571983,248398028.65315673,2021-08-05
129,1628208000000,1.0018320495809654,246034037.12385294,2021-08-06
130,1628294400000,0.9964783049405163,245743170.3901307,2021-08-07
131,1628380800000,1.0020477459344443,247113417.90059423,2021-08-08
132,1628467200000,0.9977734268350071,250851683.7506697,2021-08-09
133,1628553600000,0.999474424872622,254408691.66816223,2021-08-10
134,1628640000000,0.9970702458238944,250577367.15950593,2021-08-11
135,1628726400000,0.9969584151837696,250454786.82644373,2021-08-12
136,1628812800000,1.0028760531637486,251516296.58147606,2021-08-13
137,1628899200000,1.0005594368696242,254328507.20930687,2021-08-14
138,1628985600000,1.0041053316953794,254003353.96314543,2021-08-15
139,1629072000000,0.9989594669734194,251884155.25826687,2021-08-16
140,1629158400000,1.0022336965060412,259693290.50783977,2021-08-17
141,1629244800000,0.999477393191096,258644298.3615632,2021-08-18
142,1629331200000,1.0045665454841641,258728204.274175,2021-08-19
143,1629417600000,0.9993937578877043,256835189.52763757,2021-08-20
144,1629504000000,0.994451490384824,252269253.81766927,2021-08-21
145,1629590400000,0.9993894360500722,252850370.21944383,2021-08-22
146,1629676800000,1.0100647966588059,252686074.52251554,2021-08-23
147,1629763200000,1.0025243433618838,251492431.8143918,2021-08-24
148,1629849600000,0.996102729305467,248099628.3335139,2021-08-25
149,1629936000000,0.9992083089480637,247960923.42521957,2021-08-26
150,1630022400000,0.9979182177032172,248192841.9560182,2021-08-27
151,1630108800000,1.008200639562692,247804695.49128038,2021-08-28
152,1630195200000,0.9983463144166791,245311681.83995992,2021-08-29
153,1630281600000,1.001539454522589,242229482.10791704,2021-08-30
154,1630368000000,0.9961523652385718,240459340.1397508,2021-08-31
155,1630454400000,1.0060483030793566,241151213.63179597,2021-09-01
156,1630540800000,1.0042259898908408,240794771.24670738,2021-09-02
157,1630627200000,1.004641012205476,240901668.10875097,2021-09-03
158,1630713600000,0.9968417824267832,235112141.53027472,2021-09-04
159,1630800000000,0.9974167026108073,239504815.24899378,2021-09-05
160,1630886400000,1.0205039227900075,245370737.53049877,2021-09-06
161,1630972800000,0.996196194789837,240233520.34085953,2021-09-07
162,1631059200000,1.005199753900969,240022061.5224524,2021-09-08
163,1631145600000,1.0048638134475625,241218366.60769105,2021-09-09
164,1631232000000,1.0015648595965883,240393583.87848768,2021-09-10
165,1631318400000,0.9965134175560195,239663792.72959018,2021-09-11
166,1631404800000,0.9928184350500636,239497938.2990164,2021-09-12
167,1631491200000,1.0063136555023617,242079531.1164046,2021-09-13
168,1631577600000,1.0141523971078845,245557485.4407682,2021-09-14
169,1631664000000,1.0088720242964415,240425870.0430552,2021-09-15
170,1631750400000,1.00701289371859,243305754.1088653,2021-09-16
171,1631836800000,0.9967805378305788,242307013.12917432,2021-09-17
172,1631923200000,1.0060683731509952,243093634.42877418,2021-09-18
173,1632009600000,1.001886773241392,244215379.47971383,2021-09-19
174,1632096000000,1.0034791677549637,244573922.65766945,2021-09-20
175,1632182400000,0.9926088464793047,242946236.71374848,2021-09-21
176,1632268800000,1.001280844981409,237912711.1992333,2021-09-22
177,1632355200000,0.9992642166582381,243341548.81594515,2021-09-23
178,1632441600000,1.0044542402267649,244139659.83137032,2021-09-24
179,1632528000000,0.9983095542105161,244191504.8495444,2021-09-25
180,1632614400000,1.0019767800436221,244251063.54726487,2021-09-26
181,1632700800000,0.9943044274179385,244633662.93621197,2021-09-27
182,1632787200000,0.9940993516658323,241184439.16713428,2021-09-28
183,1632873600000,0.986306792513386,239355172.67643282,2021-09-29
184,1632960000000,1.00125168540271,238403988.13897684,2021-09-30
185,1633046400000,1.0049992447697218,240580024.59460726,2021-10-01
186,1633132800000,1.0079979030268442,240654178.23235384,2021-10-02
187,1633219200000,0.988404323218011,236620424.1800891,2021-10-03
188,1633305600000,1.0068484107093656,240403964.85365725,2021-10-04
189,1633392000000,1.0085319520148779,238625646.8283202,2021-10-05
190,1633478400000,1.0060308917735785,240244142.64803025,2021-10-06
191,1633564800000,1.0084960754491041,241415060.55838755,2021-10-07
192,1633651200000,1.0032200041169004,240565657.34183946,2021-10-08
193,1633737600000,1.0004477714807465,238937098.10510767,2021-10-09
194,1633824000000,1.0065679974045316,239984559.21885833,2021-10-10
195,1633910400000,0.9974637213726179,237314651.09040952,2021-10-11
196,1633996800000,0.9817180228075616,234075160.94272175,2021-10-12
197,1634083200000,1.0059744265870196,239553482.6719433,2021-10-13
198,1634169600000,1.0113706386641368,240724865.03219834,2021-10-14
199,1634256000000,1.0068962191913136,238447485.5801434,2021-10-15
200,1634342400000,1.005055787144199,253371229.5090508,2021-10-16
201,1634428800000,1.0019287790624785,252565397.812583,2021-10-17
202,1634515200000,1.0021737293221555,250278663.3130423,2021-10-18
203,1634601600000,1.0007757424488963,251090802.95270333,2021-10-19
204,1634688000000,0.9987956632510745,252052467.22879747,2021-10-20
205,1634774400000,1.0002151514804025,250190311.82915005,2021-10-21
206,1634860800000,0.995237214950816,248962710.57481214,2021-10-22
207,1634947200000,0.9895631609606851,248612049.91243672,2021-10-23
208,1635033600000,0.9667703698195009,241886992.15921617,2021-10-24
209,1635120000000,1.0069922506465319,250230260.37001738,2021-10-25
210,1635206400000,0.9996824166642206,251604882.1255487,2021-10-26
211,1635292800000,1.0020682377559826,243248314.82286468,2021-10-27
212,1635379200000,0.9975992556684126,246605842.22963685,2021-10-28
213,1635465600000,1.0029450764800782,250967359.8903876,2021-10-29
214,1635552000000,1.0225782248589617,255905735.15742207,2021-10-30
215,1635638400000,1.0014568667362955,250640308.69880143,2021-10-31
216,1635724800000,1.0012638875273587,251494280.64727738,2021-11-01
217,1635811200000,0.9998162219431791,252151813.4042823,2021-11-02
218,1635897600000,1.0042607058822328,250701434.4164441,2021-11-03
219,1635984000000,1.0002931540001634,251784739.73320654,2021-11-04
220,1636070400000,1.006502352063599,251594654.66093588,2021-11-05
221,1636156800000,1.0011675842397558,251987619.67926806,2021-11-06
222,1636243200000,1.004551630679595,252132636.95384344,2021-11-07
223,1636329600000,1.0024350943655633,309123826.7881362,2021-11-08
224,1636416000000,0.9999136997501724,308487622.83509237,2021-11-09
225,1636502400000,1.0031785643385358,310348288.0575705,2021-11-10
226,1636588800000,1.0032402546298158,310453667.5498415,2021-11-11
227,1636675200000,1.0006239719014935,312454416.8015406,2021-11-12
228,1636761600000,1.0074940142590916,313293373.17251205,2021-11-13
229,1636848000000,1.0016398056163893,312302516.43756276,2021-11-14
230,1636934400000,1.0087207047365363,312418220.41369766,2021-11-15
231,1637020800000,1.0025791183552237,312847755.60226375,2021-11-16
232,1637107200000,1.0019522045678528,312653750.0857686,2021-11-17
233,1637193600000,1.0011500015893866,310679724.01638705,2021-11-18
234,1637280000000,0.9971950020504381,308908288.21054083,2021-11-19
235,1637366400000,1.001962989327698,309986613.4953321,2021-11-20
236,1637452800000,1.0018215163496385,308090051.3275469,2021-11-21
237,1637539200000,0.9831604254109391,300881487.385601,2021-11-22
238,1637625600000,1.0008359434080853,305967425.5550181,2021-11-23
239,1637712000000,1.0003848810468992,306297974.70647097,2021-11-24
240,1637798400000,1.0005542273792891,306295649.75370455,2021-11-25
241,1637884800000,0.9990656609329563,305772895.7674122,2021-11-26
242,1637971200000,0.9990759918860423,305834071.3290597,2021-11-27
243,1638057600000,0.979563422914252,299813692.2928863,2021-11-28
244,1638144000000,0.978858427511333,299314934.794116,2021-11-29
245,1638230400000,1.010192582508456,308587042.5190367,2021-11-30
246,1638316800000,1.0271270420697185,314352826.1157438,2021-12-01
247,1638403200000,1.0051564992023188,307195606.2691688,2021-12-02
248,1638489600000,0.9977236612730027,305437501.10189956,2021-12-03
249,1638576000000,1.0036014415945884,304443448.87207204,2021-12-04
250,1638662400000,0.9997425420405194,303478095.7909781,2021-12-05
251,1638748800000,1.0003103551295371,304412821.552385,2021-12-06
252,1638835200000,1.0006965081053143,304232927.0607816,2021-12-07
253,1638921600000,0.9881113526967799,300359836.23803985,2021-12-08
254,1639008000000,0.9993870709407715,303825342.69433856,2021-12-09
255,1639094400000,0.9980733618403929,305959384.0117646,2021-12-10
256,1639180800000,0.9989599886749351,304686780.100689,2021-12-11
257,1639267200000,0.9992362314954919,305177740.6505216,2021-12-12
258,1639353600000,1.0008708689165084,305766824.2819773,2021-12-13
259,1639440000000,0.9993486470492838,306012859.00417936,2021-12-14
260,1639526400000,1.000425343241025,306496904.9002888,2021-12-15
261,1639612800000,0.9992031085614237,305572654.7011615,2021-12-16
262,1639699200000,1.0023989486851563,306703270.89673215,2021-12-17
263,1639785600000,1.0001468774635704,306927819.04552007,2021-12-18
264,1639872000000,1.000560792950355,307016419.64390683,2021-12-19
265,1639958400000,1.0038840582586497,306962665.04219127,2021-12-20
266,1640044800000,1.0038307671047515,322092471.3469579,2021-12-21
267,1640131200000,1.0046838069833017,322878349.30374753,2021-12-22
268,1640217600000,1.001034391278666,321727480.29061764,2021-12-23
269,1640304000000,1.002880279295141,321864012.7817337,2021-12-24
270,1640390400000,1.0007110539266264,321949239.16712177,2021-12-25
271,1640476800000,0.9984428014062267,323226694.56672513,2021-12-26
272,1640563200000,0.9984353668966813,322190600.7263283,2021-12-27
273,1640649600000,0.9985936453550843,319512662.64436305,2021-12-28
274,1640736000000,1.0000768485630946,319307306.0300627,2021-12-29
275,1640822400000,0.9977382480807151,292587724.3536151,2021-12-30
276,1640908800000,1.003143887389844,294576926.7069976,2021-12-31
277,1640995200000,1.0056886878301896,296240293.5911412,2022-01-01
278,1641081600000,1.003094288160956,290969961.0115817,2022-01-02
279,1641168000000,1.0004550074560832,291999702.1002728,2022-01-03
280,1641254400000,0.9991627213952049,291705047.8086055,2022-01-04
281,1641340800000,0.9971663261626633,283005128.0524799,2022-01-05
282,1641427200000,1.0090482077154512,286772221.5877868,2022-01-06
283,1641513600000,0.9986006063839468,283715633.79049057,2022-01-07
284,1641600000000,1.0030206287005834,286015327.5697934,2022-01-08
285,1641686400000,0.9985057786459388,281375394.1703877,2022-01-09
286,1641772800000,1.0029717143315768,282156860.9773018,2022-01-10
287,1641859200000,1.0000798527319132,281371861.65816194,2022-01-11
288,1641945600000,0.9987218923115626,281421108.50071716,2022-01-12
289,1642032000000,1.0011304907814664,279551837.5143242,2022-01-13
290,1642118400000,0.9994682434491797,278938907.0363198,2022-01-14
291,1642204800000,0.9972602856988878,288449429.0058858,2022-01-15
292,1642291200000,0.999154510823393,287303665.9610464,2022-01-16
293,1642377600000,0.9991971706947154,286100042.1247448,2022-01-17
294,1642464000000,0.9992988336862715,283869247.2669482,2022-01-18
295,1642550400000,0.9981136381387915,278626720.1201951,2022-01-19
296,1642636800000,0.9997652667518814,278613095.1144195,2022-01-20
297,1642723200000,1.0007102880994407,277581450.22811514,2022-01-21
298,1642809600000,1.0009519929195791,274106663.0785357,2022-01-22
299,1642896000000,1.003831894990621,275605584.6291704,2022-01-23
300,1642982400000,1.0015955668112455,274278730.5968709,2022-01-24
301,1643068800000,0.9983337674712576,269944596.6226721,2022-01-25
302,1643155200000,0.9975354828440174,269154211.3704651,2022-01-26
303,1643241600000,0.9930195479317351,271473464.53577214,2022-01-27
304,1643328000000,0.968547110704493,263988249.79418284,2022-01-28
305,1643414400000,0.998893918141316,260860943.41269505,2022-01-29
306,1643500800000,1.0001078063600513,262431673.12645996,2022-01-30
307,1643587200000,1.001057026298336,260403754.17501524,2022-01-31
308,1643673600000,1.0031194406502149,259332855.11797515,2022-02-01
309,1643760000000,0.9995735845212828,258130054.41640487,2022-02-02
310,1643846400000,1.0019620982682658,258359334.29909006,2022-02-03
311,1643932800000,0.9980679610268561,258100374.99952015,2022-02-04
312,1644019200000,0.9896795902664314,259669886.28200674,2022-02-05
313,1644105600000,0.9988564831717234,260397859.5128653,2022-02-06
314,1644192000000,0.9983482374628151,261299102.562067,2022-02-07
315,1644278400000,0.9978479717714224,260125429.73282698,2022-02-08
316,1644364800000,0.9989560091847293,260877557.59674114,2022-02-09
317,1644451200000,0.999001086702061,261158559.4655861,2022-02-10
318,1644537600000,1.0007504638576552,261124780.97561467,2022-02-11
319,1644624000000,0.9934988649699307,259937951.83186525,2022-02-12
320,1644710400000,0.9995394454928987,262254057.54707667,2022-02-13
321,1644796800000,1.0035229017787304,263327642.21008793,2022-02-14
322,1644883200000,0.9981384327639868,259089782.46288568,2022-02-15
323,1644969600000,0.9982720586765587,258350341.28922388,2022-02-16
324,1645056000000,0.9970911554035032,256295744.74575415,2022-02-17
325,1645142400000,0.9986538488145048,252794856.69051012,2022-02-18
326,1645228800000,0.998575213071672,249381487.82932362,2022-02-19
327,1645315200000,1.003711766984749,260195847.85588723,2022-02-20
328,1645401600000,0.9993903748159055,258886994.11538646,2022-02-21
329,1645488000000,0.9974898725426047,255569521.30503288,2022-02-22
330,1645574400000,0.9970799106924887,254531510.19594285,2022-02-23
331,1645660800000,0.9976766134068743,251965737.1050139,2022-02-24
332,1645747200000,0.9980822972211535,250992867.11317223,2022-02-25
333,1645833600000,0.9995009640241804,248994098.73985577,2022-02-26
334,1645920000000,0.9995950514027199,245981407.6265564,2022-02-27
335,1646006400000,0.9998424262411343,246125619.48061636,2022-02-28
336,1646092800000,0.9977857401540304,245454462.49318692,2022-03-01
337,1646179200000,0.995212441471025,240875036.06380346,2022-03-02
338,1646265600000,0.9982915118780549,235291426.6994272,2022-03-03
339,1646352000000,0.9957531415121169,233272230.08369067,2022-03-04
340,1646438400000,0.9994186774745939,234264462.31642237,2022-03-05
341,1646524800000,0.9993111215304583,229349336.41927636,2022-03-06
342,1646611200000,0.9977358089204322,228667333.71641916,2022-03-07
343,1646697600000,1.0065511670282379,230812650.27308497,2022-03-08
344,1646784000000,0.9967553827961739,227303664.42495054,2022-03-09
345,1646870400000,0.9976415300471604,225550153.57147825,2022-03-10
346,1646956800000,0.9977954406836878,225495773.74506134,2022-03-11
347,1647043200000,0.9982737735699335,218557920.53798306,2022-03-12
348,1647129600000,0.999361086567341,216806892.33941868,2022-03-13
349,1647216000000,0.9981648490319923,216440127.73090905,2022-03-14
350,1647302400000,0.9972867282234285,214868233.94681787,2022-03-15
351,1647388800000,0.9936554532003616,209658194.5695423,2022-03-16
352,1647475200000,0.9980904682936721,208876041.5872598,2022-03-17
353,1647561600000,0.9975468844886206,208728351.78168815,2022-03-18
354,1647648000000,0.9977432626349124,204353775.85509527,2022-03-19
355,1647734400000,0.9976109107820752,204261341.57939014,2022-03-20
356,1647820800000,0.9975835022332307,200817753.8474897,2022-03-21
357,1647907200000,0.9964841731775452,198977776.4693929,2022-03-22
358,1647993600000,0.997611530550756,197144132.38546422,2022-03-23
359,1648080000000,0.9950783541946568,193985122.50720638,2022-03-24
360,1648166400000,0.995995426034064,192988252.58441684,2022-03-25
361,1648252800000,0.9961793869284451,192710838.54673007,2022-03-26
362,1648339200000,0.9960780746751706,192794596.72723818,2022-03-27
363,1648425600000,0.996447238980556,190848112.63806596,2022-03-28
364,1648512000000,0.996588542873587,188195743.74647677,2022-03-29
365,1648598400000,0.9984853055342215,188431728.5208355,2022-03-30
366,1648684800000,0.9962018825168557,185341255.06820464,2022-03-31
367,1648771200000,1.001866852528548,184655651.52180105,2022-04-01
368,1648857600000,0.9954277863194289,181991263.8908319,2022-04-02
369,1648944000000,0.9958553632769599,182741313.1540623,2022-04-03
370,1649030400000,0.9966594329676808,182733898.83484375,2022-04-04
371,1649116800000,0.9964451069835393,182596615.34644708,2022-04-05
372,1649203200000,0.9993844619536586,183098300.57381395,2022-04-06
373,1649289600000,0.9985111612822144,183074530.1902562,2022-04-07
374,1649376000000,0.9975191747709791,183294495.6659728,2022-04-08
375,1649462400000,0.9992261062351387,183814931.18425292,2022-04-09
376,1649548800000,0.9996714264834107,183786896.0680271,2022-04-10
377,1649635200000,0.9984564115767801,184728862.42910105,2022-04-11
378,1649721600000,0.9998327046152358,184708415.17777878,2022-04-12
379,1649808000000,1.000275545679159,185206073.4437268,2022-04-13
380,1649894400000,0.9988269834796097,185059460.5368062,2022-04-14
381,1649980800000,0.9973149065342781,185078132.90528816,2022-04-15
382,1650067200000,0.9980301840244946,185265480.10157147,2022-04-16
383,1650153600000,0.9981735683746096,185182166.73134413,2022-04-17
384,1650240000000,0.9982980323984862,185438755.12013867,2022-04-18
385,1650326400000,0.9980527112884254,185038304.0634694,2022-04-19
386,1650412800000,0.9984552875493073,185089024.82409918,2022-04-20
387,1650499200000,0.9820843396642662,182035997.3764779,2022-04-21
388,1650585600000,0.9960489962066307,185107381.4084587,2022-04-22
389,1650672000000,0.9970814753294142,185455525.49971223,2022-04-23
390,1650758400000,0.9967878934437804,185114721.5007879,2022-04-24
391,1650844800000,0.9949858724065757,185324769.2888812,2022-04-25
392,1650931200000,1.000195100221385,185930275.20110866,2022-04-26
393,1651017600000,0.9851189016974597,183029296.26935968,2022-04-27
394,1651104000000,0.9974918133068049,185525165.81017745,2022-04-28
395,1651190400000,0.9979484991718166,185900557.56158504,2022-04-29
396,1651276800000,1.0000729820356289,186400951.52898723,2022-04-30
397,1651363200000,0.9975089265127162,185581213.02491245,2022-05-01
398,1651449600000,0.9978535010773988,185386320.69376448,2022-05-02
399,1651536000000,0.9973119571085283,185058575.39017966,2022-05-03
400,1651622400000,0.9969896399795588,184409082.87745625,2022-05-04
401,1651708800000,0.9976711362697829,184463563.17347783,2022-05-05
402,1651795200000,0.9959067732575398,180807809.6403216,2022-05-06
403,1651881600000,0.9970589420580744,180608551.69396544,2022-05-07
404,1651968000000,0.9965183790771507,180966029.3977298,2022-05-08
405,1652054400000,0.9991831658468211,180675814.16881245,2022-05-09
406,1652140800000,0.9978449008390723,181780960.12633044,2022-05-10
407,1652227200000,0.9971520438778517,180455117.09821418,2022-05-11
408,1652313600000,0.9900122900278624,177664970.83375597,2022-05-12
409,1652400000000,0.9821779948731854,176085734.70300522,2022-05-13
410,1652486400000,0.9882783014438808,176426379.44909,2022-05-14
411,1652572800000,0.9948836519809074,175737504.21324784,2022-05-15
412,1652659200000,0.9915681647308607,175787616.41518605,2022-05-16
413,1652745600000,0.9936112091737014,175831147.00552255,2022-05-17
414,1652832000000,1.0017145327167876,177362642.60603604,2022-05-18
415,1652918400000,0.9962611398843325,176135827.1099487,2022-05-19
416,1653004800000,0.9912112038512786,187146062.00569507,2022-05-20
417,1653091200000,0.9948026080911868,187757426.97852677,2022-05-21
418,1653177600000,0.9974047633237036,188181645.935084,2022-05-22
419,1653264000000,0.9941929705683727,189268269.08105597,2022-05-23
420,1653350400000,0.996728461569252,189427856.91999862,2022-05-24
421,1653436800000,0.9963997044954512,189866711.1350327,2022-05-25
422,1653523200000,0.9994160541511515,189983274.20180428,2022-05-26
423,1653609600000,0.9996483967152526,190598435.43898863,2022-05-27
424,1653696000000,0.9998262780025797,190049420.17377514,2022-05-28
425,1653782400000,0.9995898265106751,189619852.99256912,2022-05-29
426,1653868800000,1.0022549959781282,190328344.80483285,2022-05-30
427,1653955200000,0.9987805270954911,189514844.3722857,2022-05-31
428,1654041600000,0.9985516113223858,189751263.44181192,2022-06-01
429,1654128000000,0.9998596136983484,189910313.49520057,2022-06-02
430,1654214400000,0.9998214206229705,189926957.5216754,2022-06-03
431,1654300800000,1.0019696063000658,189680110.06468993,2022-06-04
432,1654387200000,1.0017351874284655,189516775.326748,2022-06-05
433,1654473600000,0.9986534543903977,189640294.0907301,2022-06-06
434,1654560000000,0.9908822662040162,187776858.04264966,2022-06-07
435,1654646400000,0.9997349972421623,188763982.39800158,2022-06-08
436,1654732800000,1.0077657825558597,190841750.31233597,2022-06-09
437,1654819200000,0.9995500430598803,187892364.98377058,2022-06-10
438,1654905600000,0.9999268771699318,188200723.0539488,2022-06-11
439,1654992000000,0.9973122886728837,188460305.96583566,2022-06-12
440,1655078400000,0.9980212280312077,189490569.4255325,2022-06-13
441,1655164800000,0.9988982397818129,187200412.44691876,2022-06-14
442,1655251200000,0.9926880982045891,186730880.8288192,2022-06-15
443,1655337600000,0.9891382728074464,185470525.41184115,2022-06-16
444,1655424000000,0.9912734326426421,185752920.40542766,2022-06-17
445,1655510400000,0.9871021952527929,185157832.42004064,2022-06-18
446,1655596800000,0.9740410217485644,182534111.34287587,2022-06-19
447,1655683200000,0.9921401085943614,186362653.43957648,2022-06-20
448,1655769600000,0.9904380713007589,185323115.92794672,2022-06-21
449,1655856000000,0.9874190017149408,184915207.24516237,2022-06-22
450,1655942400000,0.9656186015790377,180937829.94527474,2022-06-23
451,1656028800000,1.0087046814356067,189613146.7291823,2022-06-24
452,1656115200000,0.9935252568979235,186276206.74426386,2022-06-25
453,1656201600000,0.9886803663956888,185470061.3681026,2022-06-26
454,1656288000000,0.9882823485122336,185927228.7134784,2022-06-27
455,1656374400000,0.989437579567385,185893798.8986186,2022-06-28
456,1656460800000,0.9885358527936322,185470116.79207274,2022-06-29
457,1656547200000,0.9916079944479422,185911040.2688423,2022-06-30
458,1656633600000,0.9722224675926889,183943298.040748,2022-07-01
459,1656720000000,0.9856359006939365,185409866.26945037,2022-07-02
460,1656806400000,0.9889485374066612,185429983.15635526,2022-07-03
461,1656892800000,0.9846132161134435,185015230.68529505,2022-07-04
462,1656979200000,0.9873126483722541,185051017.49823573,2022-07-05
463,1657065600000,0.9897705678523269,185725702.6164942,2022-07-06
464,1657152000000,0.9894078900300284,185923706.41644087,2022-07-07
465,1657238400000,0.9913817603273025,185991789.17629817,2022-07-08
466,1657324800000,0.9838111356589812,186450379.8201564,2022-07-09
467,1657411200000,0.9908897047962886,186361930.1657734,2022-07-10
468,1657497600000,0.9885948051999276,185302914.4502535,2022-07-11
469,1657584000000,0.9878975718617103,185557131.12298307,2022-07-12
470,1657670400000,0.9687538214862907,182494888.09620062,2022-07-13
471,1657756800000,0.9888099251811172,185901568.05382004,2022-07-14
472,1657843200000,0.989359417947192,185753364.44302303,2022-07-15
473,1657929600000,0.9832558531917772,184872141.56367883,2022-07-16
474,1658016000000,0.9897864190269478,185822262.1352805,2022-07-17
475,1658102400000,0.9887049032539946,185984473.72770488,2022-07-18
476,1658188800000,0.9894664883256836,185356286.09806088,2022-07-19
477,1658275200000,0.9885322055669148,185418425.3700346,2022-07-20
478,1658361600000,0.982823641535688,185515220.72526503,2022-07-21
479,1658448000000,0.9902792268228712,186550554.02955168,2022-07-22
480,1658534400000,0.9931075802272723,186156909.462259,2022-07-23
481,1658620800000,0.9944561762868546,186306425.73823652,2022-07-24
482,1658707200000,0.9927024348822117,186240760.74153975,2022-07-25
483,1658793600000,0.996949739195024,186300419.98819882,2022-07-26
484,1658880000000,0.9947990061694166,186072470.3434094,2022-07-27
485,1658966400000,0.9905065689427303,185829336.88132527,2022-07-28
486,1659052800000,0.9953396214721855,186022909.04056576,2022-07-29
487,1659139200000,1.0003446538851628,186913739.45072243,2022-07-30
488,1659225600000,0.9952475883754539,186249721.89218834,2022-07-31
489,1659312000000,0.9975037133597484,186445777.63478464,2022-08-01
490,1659398400000,0.9975191482936469,186179316.4892854,2022-08-02
491,1659484800000,0.9998591514743675,186273664.98276514,2022-08-03
492,1659571200000,0.9984746302399325,186697410.55972666,2022-08-04
493,1659657600000,0.9980321634099107,185459100.2618803,2022-08-05
494,1659744000000,0.9974958905211115,185055041.63944086,2022-08-06
495,1659830400000,0.9964544459414252,185596112.34991926,2022-08-07
496,1659916800000,0.9970659401411741,185291719.4751307,2022-08-08
497,1660003200000,0.9991927018874335,185926780.48949146,2022-08-09
498,1660089600000,0.9895335490882977,183915135.99718434,2022-08-10
499,1660176000000,1.0050255547829372,186654834.2587171,2022-08-11
500,1660262400000,0.9765133565300474,181416791.6149278,2022-08-12
501,1660348800000,1.007219605515248,187054647.64073497,2022-08-13
502,1660435200000,0.978010178940141,181558399.560585,2022-08-14
503,1660521600000,0.9773928735065422,181548991.92804798,2022-08-15
504,1660608000000,0.9815994222255282,182400788.74901173,2022-08-16
505,1660694400000,0.9842416929683748,182742288.8190521,2022-08-17
506,1660780800000,0.9771821719453543,180695528.56908646,2022-08-18
507,1660867200000,0.9789553577124748,180784762.33796057,2022-08-19
508,1660953600000,0.9793592418197448,181122310.91380647,2022-08-20
509,1661040000000,0.9868670222304143,182432582.35928842,2022-08-21
510,1661126400000,0.9779899006610777,180817004.35829177,2022-08-22
511,1661212800000,1.0144188158498848,187490314.93406075,2022-08-23
512,1661299200000,0.9771276669547482,180961361.4062156,2022-08-24
513,1661385600000,0.9762761070998118,179793919.50159666,2022-08-25
514,1661472000000,0.9841876755898606,179982712.12295932,2022-08-26
515,1661558400000,1.0009407818657408,181778147.81994846,2022-08-27
516,1661644800000,0.9983992562431172,181539472.88659832,2022-08-28
517,1661731200000,1.0024721597809225,181871049.04928458,2022-08-29
518,1661817600000,1.0005430105602418,182072035.91880518,2022-08-30
519,1661904000000,0.9961819504215725,181887343.49009493,2022-08-31
520,1661990400000,0.9777284278011231,177660262.68779507,2022-09-01
521,1662076800000,0.97920170493795,177831295.41920707,2022-09-02
522,1662163200000,0.9993681212870381,180728063.30357558,2022-09-03
523,1662249600000,1.0014625986795842,181194688.16098788,2022-09-04
524,1662336000000,1.0090323301999198,182575701.7746759,2022-09-05
525,1662422400000,0.9772428765608654,176971284.56266332,2022-09-06
526,1662508800000,0.9793878558490096,177584763.26074502,2022-09-07
527,1662595200000,0.9775186605762951,176360108.9660931,2022-09-08
528,1662681600000,0.978112630995842,176596685.69659618,2022-09-09
529,1662768000000,0.9781819541467084,176544214.8742095,2022-09-10
530,1662854400000,0.9784689760592483,176652692.052618,2022-09-11
531,1662940800000,0.977209634304789,176453116.43299496,2022-09-12
532,1663027200000,0.9776718890117722,176580070.32159752,2022-09-13
533,1663113600000,0.9783779334007342,176770719.61600968,2022-09-14
534,1663200000000,0.9774563616103576,176587716.91419435,2022-09-15
535,1663286400000,0.9773304066259102,176520457.70198184,2022-09-16
536,1663372800000,0.9780276521490407,175688109.8644377,2022-09-17
537,1663459200000,0.9781822079059801,175758328.89243656,2022-09-18
538,1663545600000,0.9868346805954684,176151424.5866886,2022-09-19
539,1663632000000,1.0007721604703543,179770266.555908,2022-09-20
540,1663718400000,0.9994153082182404,179731353.21419045,2022-09-21
541,1663804800000,0.9961743166183779,178637030.0867914,2022-09-22
542,1663891200000,1.0024043773454032,180083033.92676872,2022-09-23
543,1663977600000,1.000078778464981,179946444.2971732,2022-09-24
544,1664064000000,0.9992614936916304,179592583.8241379,2022-09-25
545,1664150400000,1.0000280240496675,179634829.9688757,2022-09-26
546,1664236800000,1.0004700219764462,178752466.13037845,2022-09-27
547,1664323200000,0.9999458381102544,178967537.02427322,2022-09-28
548,1664409600000,1.002132787086054,178245483.58552325,2022-09-29
549,1664496000000,0.9992542598780494,178807362.03666505,2022-09-30
550,1664582400000,0.9991930639284954,178816799.6953505,2022-10-01
551,1664668800000,0.9997716876888955,178892801.94741753,2022-10-02
552,1664755200000,1.003378440215204,178896424.19788933,2022-10-03
553,1664841600000,1.0021770130082903,178172428.6875802,2022-10-04
554,1664928000000,0.9994839854328937,178020865.8618516,2022-10-05
555,1665014400000,0.998097124256421,178044954.96308893,2022-10-06
556,1665100800000,0.9957803757379523,177086682.58701786,2022-10-07
557,1665187200000,1.002759231853619,178112416.38542762,2022-10-08
558,1665273600000,0.9803116562080889,174661141.27411935,2022-10-09
559,1665360000000,0.9860494120005275,175664911.25582406,2022-10-10
560,1665446400000,0.9987566843673026,176802337.07580632,2022-10-11
561,1665532800000,1.0005535517666053,177001408.34766674,2022-10-12
562,1665619200000,0.9992398797872108,176961766.787496,2022-10-13
563,1665705600000,0.9993563368121307,176957672.30519626,2022-10-14
564,1665792000000,0.9971582063046621,176377456.8697354,2022-10-15
565,1665878400000,0.9970314247835529,175674313.74638623,2022-10-16
566,1665964800000,1.0073471371287865,177541175.3694507,2022-10-17
567,1666051200000,0.9991189305754157,176128798.98984337,2022-10-18
568,1666137600000,1.000471604681892,176320338.67310467,2022-10-19
569,1666224000000,0.9987911958252244,175976879.5209938,2022-10-20
570,1666310400000,0.9995440925616271,176114583.51877382,2022-10-21
571,1666396800000,1.0061149421843762,177246125.36359286,2022-10-22
572,1666483200000,0.9993314216796821,175138905.64505747,2022-10-23
573,1666569600000,1.0040115674193086,175767845.74830246,2022-10-24
574,1666656000000,0.9987607591045845,175048114.12300092,2022-10-25
575,1666742400000,0.9989263128341714,175205217.3679214,2022-10-26
576,1666828800000,1.0055799214965675,176306079.89010882,2022-10-27
577,1666915200000,0.9991576514136722,175262538.42302516,2022-10-28
578,1667001600000,1.002982635071056,175846564.3847345,2022-10-29
579,1667088000000,1.0009536829983332,175609418.66813573,2022-10-30
580,1667174400000,1.000583171702529,175440844.41864792,2022-10-31
581,1667260800000,0.99803664273879,175052518.82197013,2022-11-01
582,1667347200000,0.9981000335627691,175046989.6681982,2022-11-02
583,1667433600000,0.9999726805610529,175420517.68968225,2022-11-03
584,1667520000000,0.9980556929304444,174970922.22484747,2022-11-04
585,1667606400000,1.0000584894733202,175343340.33258152,2022-11-05
586,1667692800000,0.9991429304149743,175462865.30559635,2022-11-06
587,1667779200000,0.992192322223902,174151825.4575743,2022-11-07
588,1667865600000,1.0005221826173314,175282448.22888982,2022-11-08
589,1667952000000,0.9972044639800465,175147428.46326593,2022-11-09
590,1668038400000,0.9963376347214533,175715918.82863683,2022-11-10
591,1668124800000,0.9955116244836273,173875160.66762784,2022-11-11
592,1668211200000,1.0026741547276072,175917975.32179806,2022-11-12
593,1668297600000,0.9947780479793741,173906992.37331435,2022-11-13
594,1668384000000,0.9948198777671569,173851970.36965513,2022-11-14
595,1668470400000,0.9952913613198714,174323658.44514292,2022-11-15
596,1668556800000,0.9943296597887923,174062892.74766192,2022-11-16
597,1668643200000,0.9946790606065417,173725818.9097057,2022-11-17
598,1668729600000,0.99548367711033,174162529.87619367,2022-11-18
599,1668816000000,0.9934758956382768,174292428.5600171,2022-11-19
600,1668902400000,0.9942448281480405,173745356.4906012,2022-11-20
