,Time,open,mktcap,Date
0,1647475200000,8.536838712231901,946081401.9243534,2022-03-17
1,1647561600000,8.536838712231901,946081401.9243534,2022-03-18
2,1647648000000,12.988729425242765,1740629590.0400217,2022-03-19
3,1647734400000,11.53516533563708,1542254655.9177086,2022-03-20
4,1647820800000,9.61821369999986,1261482818.2726943,2022-03-21
5,1647907200000,10.483837782502226,1369782083.4225965,2022-03-22
6,1647993600000,12.266127009622561,1621983419.0305803,2022-03-23
7,1648080000000,13.286062710388501,2213474682.9891324,2022-03-24
8,1648166400000,12.79928941660666,2221104963.054661,2022-03-25
9,1648252800000,12.382675759261863,2086767749.1520858,2022-03-26
10,1648339200000,13.847021291100928,2329476789.025613,2022-03-27
11,1648425600000,14.18646135013392,2377381131.210347,2022-03-28
12,1648512000000,13.986992258917363,2403638248.7220464,2022-03-29
13,1648598400000,13.590267919386422,2306349178.925826,2022-03-30
14,1648684800000,14.104502294957037,2367673997.6360755,2022-03-31
15,1648771200000,12.700740339255667,2123205275.3242216,2022-04-01
16,1648857600000,12.797642018230011,3554210553.917943,2022-04-02
17,1648944000000,12.420142421461922,3441176365.9934916,2022-04-03
18,1649030400000,12.320673821554694,3407383093.6942987,2022-04-04
19,1649116800000,11.952930580358872,3320928687.585793,2022-04-05
20,1649203200000,11.617339696554245,3227092504.756663,2022-04-06
21,1649289600000,10.659660953158255,2964362601.7740498,2022-04-07
22,1649376000000,11.243658713583923,3111892469.0195513,2022-04-08
23,1649462400000,10.784827357765424,2981121259.830277,2022-04-09
24,1649548800000,10.958970942417803,3037027857.1877594,2022-04-10
25,1649635200000,12.225769197042208,3405843246.4331846,2022-04-11
26,1649721600000,10.904991385611714,3027316399.193208,2022-04-12
27,1649808000000,11.636171214348515,3229037511.9817114,2022-04-13
28,1649894400000,13.287929347210952,3717924422.165189,2022-04-14
29,1649980800000,12.274877239177338,3393699526.052358,2022-04-15
30,1650067200000,12.211134947638373,3388416580.1089582,2022-04-16
31,1650153600000,11.692114931448614,3245710282.469819,2022-04-17
32,1650240000000,11.678311265723812,3232401004.7501416,2022-04-18
33,1650326400000,11.873928764920997,3383443903.221069,2022-04-19
34,1650412800000,13.396587358646839,3780347407.5566697,2022-04-20
35,1650499200000,16.81208406777226,4775279104.999785,2022-04-21
36,1650585600000,14.29455563273723,4061696648.378662,2022-04-22
37,1650672000000,15.291711925038191,4343822732.583293,2022-04-23
38,1650758400000,16.679431472473272,4754938176.848155,2022-04-24
39,1650844800000,16.79171183075766,4778812393.628102,2022-04-25
40,1650931200000,19.397882000482838,5555756950.965296,2022-04-26
41,1651017600000,17.99471247145527,5095195076.128879,2022-04-27
42,1651104000000,19.38092511731165,5498831192.207859,2022-04-28
43,1651190400000,23.628971352147655,6813397144.803411,2022-04-29
44,1651276800000,19.196781408954674,5431775302.871793,2022-04-30
45,1651363200000,20.0855749092906,5725677056.887597,2022-05-01
46,1651449600000,15.966551246499254,4548471638.558833,2022-05-02
47,1651536000000,15.065675567641762,4302116023.743537,2022-05-03
48,1651622400000,14.15478847300594,4029715202.6975746,2022-05-04
49,1651708800000,15.568760830140935,4433150481.397879,2022-05-05
50,1651795200000,13.757914799387576,3913851993.463907,2022-05-06
51,1651881600000,13.281253622447622,3781784145.7513733,2022-05-07
52,1651968000000,12.395678696515995,3536792395.344512,2022-05-08
53,1652054400000,11.217417140129333,3168575550.749157,2022-05-09
54,1652140800000,8.126414105454488,2338890209.8901935,2022-05-10
55,1652227200000,8.96807284597365,2515934311.5644464,2022-05-11
56,1652313600000,5.628892521294298,1623421088.5275588,2022-05-12
57,1652400000000,7.849348405057369,2341343623.259747,2022-05-13
58,1652486400000,8.5699546184567,2443867642.5036407,2022-05-14
59,1652572800000,8.679468715543836,2444890769.280611,2022-05-15
60,1652659200000,9.079528011999404,2597345218.387182,2022-05-16
61,1652745600000,8.066059021509373,2300944445.680937,2022-05-17
62,1652832000000,8.915417261389637,2603287605.8898144,2022-05-18
63,1652918400000,7.89399957908639,2308143073.138177,2022-05-19
64,1653004800000,8.10643510693022,2372020997.8839283,2022-05-20
65,1653091200000,7.782967204719156,2279217574.6503334,2022-05-21
66,1653177600000,8.045032423788763,2357908233.416229,2022-05-22
67,1653264000000,8.042319669750693,2348814059.394373,2022-05-23
68,1653350400000,7.746248816869548,2261606663.198784,2022-05-24
69,1653436800000,7.504005928173767,2187311297.6945815,2022-05-25
70,1653523200000,7.341055204715511,2145001185.8829036,2022-05-26
71,1653609600000,6.4033462918071935,1866426956.5131037,2022-05-27
72,1653696000000,6.07289948057631,1772166638.541301,2022-05-28
73,1653782400000,6.248307557446616,1830416408.8900805,2022-05-29
74,1653868800000,6.237994554868127,1825569693.0864105,2022-05-30
75,1653955200000,7.21536373835746,2102729709.3489194,2022-05-31
76,1654041600000,6.794043950801458,1994127556.787874,2022-06-01
77,1654128000000,6.1148681235706785,1796702133.0095608,2022-06-02
78,1654214400000,6.4101456561282015,1875360468.517477,2022-06-03
79,1654300800000,6.130316266705417,1788494103.6897168,2022-06-04
80,1654387200000,6.195205124941966,1809409384.4792206,2022-06-05
81,1654473600000,6.1067890824741005,1786098290.1592326,2022-06-06
82,1654560000000,6.398064423617201,1872567750.1408246,2022-06-07
83,1654646400000,6.058790234798454,1779494862.0029302,2022-06-08
84,1654732800000,5.712967817367451,1668922495.2739248,2022-06-09
85,1654819200000,5.720722018096286,1672376081.0543714,2022-06-10
86,1654905600000,5.172394726001175,1511309084.0034683,2022-06-11
87,1654992000000,4.721372913589889,1376105877.1648064,2022-06-12
88,1655078400000,3.9159110223290035,1160055259.2098918,2022-06-13
89,1655164800000,3.4697892796362604,994435018.2069498,2022-06-14
90,1655251200000,3.630845377126768,1061538943.5868045,2022-06-15
91,1655337600000,4.206335569082737,1242121419.958526,2022-06-16
92,1655424000000,3.3726787055511966,983102665.1521587,2022-06-17
93,1655510400000,3.7584798558021175,1130401544.3601165,2022-06-18
94,1655596800000,3.637041453742256,1088258833.752277,2022-06-19
95,1655683200000,4.138450820641843,1229456794.0466743,2022-06-20
96,1655769600000,4.504739585854801,1357969067.4862232,2022-06-21
97,1655856000000,4.3771676083026945,1312233995.5353637,2022-06-22
98,1655942400000,3.9953820146139005,1204512295.7042453,2022-06-23
99,1656028800000,4.395289607305938,1324257940.2585058,2022-06-24
100,1656115200000,4.524170581152262,1361655375.5173578,2022-06-25
101,1656201600000,4.55836061149574,1362701892.7206426,2022-06-26
102,1656288000000,4.702479686504238,1415942898.8511093,2022-06-27
103,1656374400000,5.127185619870867,1539371847.2989037,2022-06-28
104,1656460800000,4.899965400426256,1471404897.8635647,2022-06-29
105,1656547200000,4.664606057712758,1402037161.014683,2022-06-30
106,1656633600000,4.568204089455107,1379135317.2610333,2022-07-01
107,1656720000000,4.553035046478232,1370596114.57143,2022-07-02
108,1656806400000,4.520947328914282,1354202233.7720532,2022-07-03
109,1656892800000,4.570936507611205,1369138325.7954187,2022-07-04
110,1656979200000,4.931436950796792,1475857378.7904508,2022-07-05
111,1657065600000,4.965094192391002,1495812801.1715531,2022-07-06
112,1657152000000,5.048953633278462,1515400022.5504365,2022-07-07
113,1657238400000,5.1160343975499245,1533198224.0804029,2022-07-08
114,1657324800000,5.019433829160053,1508613231.7640827,2022-07-09
115,1657411200000,5.009429214113368,1501537269.3278737,2022-07-10
116,1657497600000,4.79015217812159,1434751659.7088108,2022-07-11
117,1657584000000,4.342205569999804,1300997013.5949905,2022-07-12
118,1657670400000,4.210860539321894,1263904217.6495218,2022-07-13
119,1657756800000,4.578044744940912,1368638720.0903003,2022-07-14
120,1657843200000,4.683325035934381,1406901703.9969018,2022-07-15
121,1657929600000,4.603702318137135,1379139145.2903345,2022-07-16
122,1658016000000,4.764164197856907,1428243873.2602737,2022-07-17
123,1658102400000,5.012745505299142,1512700661.7232938,2022-07-18
124,1658188800000,5.973404597583177,1830787928.56745,2022-07-19
125,1658275200000,6.072874787073211,1860503538.1668022,2022-07-20
126,1658361600000,5.876568862638082,1813166663.4584167,2022-07-21
127,1658448000000,6.391980778953136,1963797127.0170422,2022-07-22
128,1658534400000,6.217788181719137,1900352104.77836,2022-07-23
129,1658620800000,6.682763778804541,2049609407.9757655,2022-07-24
130,1658707200000,6.457601471630818,1987530032.32352,2022-07-25
131,1658793600000,6.051600265903297,1861180545.3476381,2022-07-26
132,1658880000000,5.731264430062105,1758169433.672393,2022-07-27
133,1658966400000,6.814962745772997,2088953760.4676292,2022-07-28
134,1659052800000,6.910985778832111,2125904467.3779,2022-07-29
135,1659139200000,6.707680018906497,2070155893.626154,2022-07-30
136,1659225600000,6.676068958437134,2043011009.3330855,2022-07-31
137,1659312000000,6.723373539840348,2066666838.748153,2022-08-01
138,1659398400000,6.670125228404833,2038451958.6463685,2022-08-02
139,1659484800000,6.6845109015608415,2066911437.3757885,2022-08-03
140,1659571200000,7.2006882843847855,2202545599.70555,2022-08-04
141,1659657600000,7.4638946153535075,2284284191.7917347,2022-08-05
142,1659744000000,7.546444323158945,2314316577.01326,2022-08-06
143,1659830400000,7.274570474812227,2233318881.458363,2022-08-07
144,1659916800000,7.2029015335790945,2211159882.136271,2022-08-08
145,1660003200000,7.316004011861956,2244999055.4878664,2022-08-09
146,1660089600000,7.047383841010791,2157619592.278592,2022-08-10
147,1660176000000,7.097632043060318,2171527615.36539,2022-08-11
148,1660262400000,6.896881893559554,2115533603.1562166,2022-08-12
149,1660348800000,7.036025027558279,2155475898.513992,2022-08-13
150,1660435200000,6.650210191502864,2035032548.8948889,2022-08-14
151,1660521600000,6.3679984792115905,1953560525.665503,2022-08-15
152,1660608000000,6.230040306927473,1917751131.8200421,2022-08-16
153,1660694400000,6.210921357293067,1899519508.554198,2022-08-17
154,1660780800000,6.102021259556681,1919585334.1982722,2022-08-18
155,1660867200000,5.770817328893669,1818661893.0620244,2022-08-19
156,1660953600000,5.135991316921303,1613530762.5731559,2022-08-20
157,1661040000000,5.0379929828103105,1581187025.8913982,2022-08-21
158,1661126400000,5.21030281589187,1639527156.6017497,2022-08-22
159,1661212800000,5.2080179429261815,1630620226.9436307,2022-08-23
160,1661299200000,5.265962493463727,1653416485.214056,2022-08-24
161,1661385600000,5.335258050185317,1675743306.530229,2022-08-25
162,1661472000000,5.364269879170415,1685474513.051859,2022-08-26
163,1661558400000,4.7766659152954505,1496264528.9355893,2022-08-27
164,1661644800000,4.768521445745954,1497852774.2036839,2022-08-28
165,1661731200000,4.701211405317357,1481978662.4603338,2022-08-29
166,1661817600000,4.985116541888439,1568767697.787593,2022-08-30
167,1661904000000,4.8083944160822165,1518296879.0940647,2022-08-31
168,1661990400000,4.751658120637549,1492315774.9714844,2022-09-01
169,1662076800000,4.773760343572409,1498031013.555182,2022-09-02
170,1662163200000,4.6920771370427445,1475189929.1026452,2022-09-03
171,1662249600000,4.750564108302667,1489667360.329,2022-09-04
172,1662336000000,4.790403810060717,1504737700.5947602,2022-09-05
173,1662422400000,4.750892062227929,1493308216.2044203,2022-09-06
174,1662508800000,4.3143806938220655,1357943080.4103856,2022-09-07
175,1662595200000,4.42829312743514,1396317238.6755702,2022-09-08
176,1662681600000,4.498043550042124,1412444129.7973943,2022-09-09
177,1662768000000,5.037996694675266,1582445381.4588902,2022-09-10
178,1662854400000,5.060327323428802,1588221867.4417691,2022-09-11
179,1662940800000,5.646859403095413,1773480380.1579127,2022-09-12
180,1663027200000,5.467794522824695,1709195300.2053373,2022-09-13
181,1663113600000,5.1579065466955125,1629780568.2654736,2022-09-14
182,1663200000000,5.106860701747478,1594352377.8431501,2022-09-15
183,1663286400000,4.895126385570858,1541335994.6445546,2022-09-16
184,1663372800000,4.6488128630920995,1459595401.1316223,2022-09-17
185,1663459200000,5.629211885801261,1773049873.031592,2022-09-18
186,1663545600000,5.079542699765603,1599374626.099613,2022-09-19
187,1663632000000,5.885982380508159,1856056367.7203407,2022-09-20
188,1663718400000,5.709294487098264,1795197287.0758712,2022-09-21
189,1663804800000,5.815823812883661,1823729799.0285103,2022-09-22
190,1663891200000,5.9445634819168,1866692176.126765,2022-09-23
191,1663977600000,5.687022700419278,1789489705.3507142,2022-09-24
192,1664064000000,5.4344011549072295,1707883275.5741854,2022-09-25
193,1664150400000,5.7239784945254835,1790717019.3940866,2022-09-26
194,1664236800000,5.507146208088416,1727404833.7674482,2022-09-27
195,1664323200000,5.42665814049928,1709162879.8476944,2022-09-28
196,1664409600000,5.392128540976311,1693372322.6892796,2022-09-29
197,1664496000000,5.44152751000936,1708675807.7582603,2022-09-30
198,1664582400000,5.414479141663081,1702782917.9073858,2022-10-01
199,1664668800000,5.243209559345676,1648225902.110606,2022-10-02
200,1664755200000,5.0226735430584775,1575290100.8712826,2022-10-03
201,1664841600000,5.178920628866589,1630531195.0083623,2022-10-04
202,1664928000000,5.265138014502454,1657826837.9233096,2022-10-05
203,1665014400000,5.209296193427362,1637269097.418676,2022-10-06
204,1665100800000,5.162558543700078,1621474747.0910141,2022-10-07
205,1665187200000,5.1513865647884565,1619297180.2658372,2022-10-08
206,1665273600000,5.159152491696361,1619226682.387223,2022-10-09
207,1665360000000,5.269305277154347,1651809029.3873644,2022-10-10
208,1665446400000,5.147473049996066,1614905982.483048,2022-10-11
209,1665532800000,4.696170658631789,1470129363.9069896,2022-10-12
210,1665619200000,4.717310223591598,1482696587.9406745,2022-10-13
211,1665705600000,4.54571005832587,1426585932.540394,2022-10-14
212,1665792000000,4.5216663518837015,1418645520.1854396,2022-10-15
213,1665878400000,4.443295344411798,1397333569.642461,2022-10-16
214,1665964800000,4.513977457886608,1418427269.3938713,2022-10-17
215,1666051200000,4.562283989963985,1435663401.3825736,2022-10-18
216,1666137600000,4.418782852181452,1387648230.4348466,2022-10-19
217,1666224000000,4.256381205079867,1342130633.2730916,2022-10-20
218,1666310400000,4.200497519448087,1319842128.2823265,2022-10-21
219,1666396800000,4.458542737472243,1401388894.1699135,2022-10-22
220,1666483200000,4.472022573690206,1406144058.2259092,2022-10-23
221,1666569600000,4.634051932258697,1457036203.6147137,2022-10-24
222,1666656000000,4.505326618488761,1414316312.9659717,2022-10-25
223,1666742400000,4.743947548370331,1494586262.9753563,2022-10-26
224,1666828800000,4.696177934896688,1474281516.073862,2022-10-27
225,1666915200000,4.613266002426126,1452392676.8907108,2022-10-28
226,1667001600000,4.972265067584305,1560169972.920092,2022-10-29
227,1667088000000,4.914558329396288,1542317235.2304642,2022-10-30
228,1667174400000,4.78498844574619,1501201752.1252756,2022-10-31
229,1667260800000,4.7348042750849455,1485152182.0270827,2022-11-01
230,1667347200000,4.507271684682642,1416041738.2097178,2022-11-02
231,1667433600000,4.227976845210456,1326445539.8695345,2022-11-03
232,1667520000000,4.3548397879939325,1365208707.3165014,2022-11-04
233,1667606400000,4.7039096334422545,1476234163.6348274,2022-11-05
234,1667692800000,5.103083828164727,1609339701.8094897,2022-11-06
235,1667779200000,4.7438086526324,1495641032.2499216,2022-11-07
236,1667865600000,4.603204562819616,1446309780.325309,2022-11-08
237,1667952000000,3.893698830484113,1226638208.731266,2022-11-09
238,1668038400000,2.8453108239116096,908013784.77143,2022-11-10
239,1668124800000,3.524300468428882,1107283165.028719,2022-11-11
240,1668211200000,3.223874184352382,1004324454.0758127,2022-11-12
241,1668297600000,2.882729193972342,904750818.5827498,2022-11-13
242,1668384000000,2.891155902763324,896372138.0326489,2022-11-14
243,1668470400000,2.986903189899364,938147131.6122739,2022-11-15
244,1668556800000,2.9412228727283876,925924522.6976722,2022-11-16
245,1668643200000,2.9965457082552,938453963.8762838,2022-11-17
246,1668729600000,2.878857274640507,905823202.1118585,2022-11-18
247,1668816000000,3.1590806047922784,991429281.1970085,2022-11-19
248,1668902400000,3.312096785856093,1040430856.5711768,2022-11-20
