,Time,open,mktcap,Date
0,1572566400000,0.9456924409536231,0.0,2019-11-01
1,1572652800000,0.9636846808429443,0.0,2019-11-02
2,1572739200000,1.00356865400107,0.0,2019-11-03
3,1572825600000,0.965017228562715,0.0,2019-11-04
4,1572912000000,1.012785129588962,0.0,2019-11-05
5,1572998400000,1.1654733685871754,0.0,2019-11-06
6,1573084800000,1.1055102557609156,0.0,2019-11-07
7,1573171200000,1.0930325931565064,0.0,2019-11-08
8,1573257600000,1.1482200661159694,0.0,2019-11-09
9,1573344000000,1.1238221626903135,0.0,2019-11-10
10,1573430400000,1.0056351513345008,0.0,2019-11-11
11,1573516800000,1.1261002284846593,0.0,2019-11-12
12,1573603200000,1.0695286901269554,0.0,2019-11-13
13,1573689600000,1.072393988252335,0.0,2019-11-14
14,1573776000000,1.01096263290396,0.0,2019-11-15
15,1573862400000,1.0704300423932214,0.0,2019-11-16
16,1573948800000,1.0497695606762087,0.0,2019-11-17
17,1574035200000,1.0396100957383465,0.0,2019-11-18
18,1574121600000,1.0440746219422465,0.0,2019-11-19
19,1574208000000,1.0311414007776276,0.0,2019-11-20
20,1574294400000,1.03308375611406,0.0,2019-11-21
21,1574380800000,1.0023987330335595,0.0,2019-11-22
22,1574467200000,0.9492454382546347,0.0,2019-11-23
23,1574553600000,0.9218491517888047,0.0,2019-11-24
24,1574640000000,1.0408337179383877,0.0,2019-11-25
25,1574726400000,1.0181254439654541,0.0,2019-11-26
26,1574812800000,0.9959605130576832,0.0,2019-11-27
27,1574899200000,0.9944946858467687,0.0,2019-11-28
28,1574985600000,1.0020694046197898,0.0,2019-11-29
29,1575072000000,1.0829131496296251,0.0,2019-11-30
30,1575158400000,1.0034613472338734,0.0,2019-12-01
31,1575244800000,1.0214126737605809,0.0,2019-12-02
32,1575331200000,1.0844068314493782,0.0,2019-12-03
33,1575417600000,1.0731142641794187,0.0,2019-12-04
34,1575504000000,1.0176636312537144,0.0,2019-12-05
35,1575590400000,0.9217224636327256,0.0,2019-12-06
36,1575676800000,0.9884010643700272,0.0,2019-12-07
37,1575763200000,0.9475463464686742,0.0,2019-12-08
38,1575849600000,0.9678297166051893,0.0,2019-12-09
39,1575936000000,0.9743129340540831,0.0,2019-12-10
40,1576022400000,0.99734783173462,0.0,2019-12-11
41,1576108800000,0.9798634880237479,0.0,2019-12-12
42,1576195200000,1.064075129119902,0.0,2019-12-13
43,1576281600000,1.022127446762009,0.0,2019-12-14
44,1576368000000,1.0031739896118967,0.0,2019-12-15
45,1576454400000,0.9026842932940624,0.0,2019-12-16
46,1576540800000,0.9362142526336977,0.0,2019-12-17
47,1576627200000,0.7928729282394168,0.0,2019-12-18
48,1576713600000,0.8376014478847352,0.0,2019-12-19
49,1576800000000,0.8014614594090435,0.0,2019-12-20
50,1576886400000,0.8306765223825533,0.0,2019-12-21
51,1576972800000,0.888635326396338,0.0,2019-12-22
52,1577059200000,0.8693365566631692,0.0,2019-12-23
53,1577145600000,0.8490958824528263,0.0,2019-12-24
54,1577232000000,0.8240292738043881,0.0,2019-12-25
55,1577318400000,0.8252677791481657,0.0,2019-12-26
56,1577404800000,0.8595040801932097,0.0,2019-12-27
57,1577491200000,0.7418619431762121,0.0,2019-12-28
58,1577577600000,0.782743563411456,0.0,2019-12-29
59,1577664000000,0.7822064272187154,0.0,2019-12-30
60,1577750400000,0.8298090044210411,0.0,2019-12-31
61,1577836800000,0.8134111483736388,0.0,2020-01-01
62,1577923200000,0.696112362089054,0.0,2020-01-02
63,1578009600000,0.664268076334616,0.0,2020-01-03
64,1578096000000,0.6778901218974961,0.0,2020-01-04
65,1578182400000,0.6658073484225565,0.0,2020-01-05
66,1578268800000,0.6576068570900591,0.0,2020-01-06
67,1578355200000,0.6700689122521868,0.0,2020-01-07
68,1578441600000,0.68697596653465,0.0,2020-01-08
69,1578528000000,0.6997988159948236,0.0,2020-01-09
70,1578614400000,0.686329868585844,0.0,2020-01-10
71,1578700800000,0.7093070440873656,0.0,2020-01-11
72,1578787200000,0.6401385102270776,0.0,2020-01-12
73,1578873600000,0.6258029079396931,0.0,2020-01-13
74,1578960000000,0.671904109109647,0.0,2020-01-14
75,1579046400000,0.6303805353127762,0.0,2020-01-15
76,1579132800000,0.654773650847936,0.0,2020-01-16
77,1579219200000,0.6066992655510653,0.0,2020-01-17
78,1579305600000,0.4192314478378709,0.0,2020-01-18
79,1579392000000,0.5842701788927582,0.0,2020-01-19
80,1579478400000,0.5744571136465109,0.0,2020-01-20
81,1579564800000,0.5734813443904905,0.0,2020-01-21
82,1579651200000,0.5696852879635186,0.0,2020-01-22
83,1579737600000,0.7737653920147557,0.0,2020-01-23
84,1579824000000,0.7262234158072514,0.0,2020-01-24
85,1579910400000,0.7104754219806885,0.0,2020-01-25
86,1579996800000,0.6727344746037381,0.0,2020-01-26
87,1580083200000,0.49454701173751686,0.0,2020-01-27
88,1580169600000,0.6171368354503838,0.0,2020-01-28
89,1580256000000,0.5768089787329358,0.0,2020-01-29
90,1580342400000,0.5301754100419512,0.0,2020-01-30
91,1580428800000,0.538116053446159,0.0,2020-01-31
92,1580515200000,0.5580433872009051,0.0,2020-02-01
93,1580601600000,0.5325476475811538,0.0,2020-02-02
94,1580688000000,0.48355198123141724,0.0,2020-02-03
95,1580774400000,0.5171247805970663,0.0,2020-02-04
96,1580860800000,0.5504109019222652,0.0,2020-02-05
97,1580947200000,0.530009575744894,0.0,2020-02-06
98,1581033600000,0.6244167981130566,0.0,2020-02-07
99,1581120000000,0.6162293722080678,0.0,2020-02-08
100,1581206400000,0.6913122271236294,0.0,2020-02-09
101,1581292800000,0.7033337862084936,0.0,2020-02-10
102,1581379200000,0.7583830524156258,0.0,2020-02-11
103,1581465600000,0.8269663360412871,0.0,2020-02-12
104,1581552000000,0.8909428331800051,0.0,2020-02-13
105,1581638400000,0.8124490628278541,0.0,2020-02-14
106,1581724800000,0.9291786899816692,0.0,2020-02-15
107,1581811200000,1.0141006299818556,0.0,2020-02-16
108,1581897600000,1.014796140710138,0.0,2020-02-17
109,1581984000000,0.9777330225025772,0.0,2020-02-18
110,1582070400000,0.9977313462056271,0.0,2020-02-19
111,1582156800000,0.986972031563493,0.0,2020-02-20
112,1582243200000,0.8842080446757665,0.0,2020-02-21
113,1582329600000,0.8251678169410792,0.0,2020-02-22
114,1582416000000,0.8241003493175743,0.0,2020-02-23
115,1582502400000,0.8291835784600252,0.0,2020-02-24
116,1582588800000,0.824251950891528,0.0,2020-02-25
117,1582675200000,0.8145482862180469,0.0,2020-02-26
118,1582761600000,0.6060158892923755,0.0,2020-02-27
119,1582848000000,0.6135823008698863,0.0,2020-02-28
120,1582934400000,0.6094705208188238,0.0,2020-02-29
121,1583020800000,0.6246655120840018,0.0,2020-03-01
122,1583107200000,0.7012563215351746,0.0,2020-03-02
123,1583193600000,0.7915447630614225,0.0,2020-03-03
124,1583280000000,0.711097324408203,0.0,2020-03-04
125,1583366400000,0.6779628030476571,0.0,2020-03-05
126,1583452800000,0.8613209278597649,0.0,2020-03-06
127,1583539200000,0.9538568096173058,0.0,2020-03-07
128,1583625600000,0.9334425137451545,0.0,2020-03-08
129,1583712000000,0.8010359483402931,0.0,2020-03-09
130,1583798400000,0.7560590269706585,0.0,2020-03-10
131,1583884800000,0.7590961738780562,0.0,2020-03-11
132,1583971200000,0.6930348332176745,0.0,2020-03-12
133,1584057600000,0.705251893100027,0.0,2020-03-13
134,1584144000000,0.4291547514560179,0.0,2020-03-14
135,1584230400000,0.4526173399166337,0.0,2020-03-15
136,1584316800000,0.5761539902622962,0.0,2020-03-16
137,1584403200000,0.46022985573551434,0.0,2020-03-17
138,1584489600000,0.4727293157944099,0.0,2020-03-18
139,1584576000000,0.4852243437691998,0.0,2020-03-19
140,1584662400000,0.5233515887560024,0.0,2020-03-20
141,1584748800000,0.5868035353461458,0.0,2020-03-21
142,1584835200000,0.5360367610405792,0.0,2020-03-22
143,1584921600000,0.5462919037765448,0.0,2020-03-23
144,1585008000000,0.45240117920822703,0.0,2020-03-24
145,1585094400000,0.521868575899008,0.0,2020-03-25
146,1585180800000,0.5284182451803963,0.0,2020-03-26
147,1585267200000,0.5329940629665827,0.0,2020-03-27
148,1585353600000,0.4768922027994075,0.0,2020-03-28
149,1585440000000,0.4947349328549979,0.0,2020-03-29
150,1585526400000,0.4965250086198536,0.0,2020-03-30
151,1585612800000,0.4979648766551161,0.0,2020-03-31
152,1585699200000,0.5216679438688886,0.0,2020-04-01
153,1585785600000,0.5508588393191761,0.0,2020-04-02
154,1585872000000,0.5281921848744369,0.0,2020-04-03
155,1585958400000,0.52161455653078,0.0,2020-04-04
156,1586044800000,0.5625390620574098,0.0,2020-04-05
157,1586131200000,0.4871534013347717,0.0,2020-04-06
158,1586217600000,0.5155320780276568,0.0,2020-04-07
159,1586304000000,0.49979751312336085,0.0,2020-04-08
160,1586390400000,0.493521372858776,0.0,2020-04-09
161,1586476800000,0.5074089252285163,0.0,2020-04-10
162,1586563200000,0.49377288161959815,0.0,2020-04-11
163,1586649600000,0.5005921197507271,0.0,2020-04-12
164,1586736000000,0.5019387525483306,0.0,2020-04-13
165,1586822400000,0.48823936062830653,0.0,2020-04-14
166,1586908800000,0.5021524437322568,0.0,2020-04-15
167,1586995200000,0.4940793724672807,0.0,2020-04-16
168,1587081600000,0.4724102758971593,0.0,2020-04-17
169,1587168000000,0.5007047382703583,0.0,2020-04-18
170,1587254400000,0.48247636460059834,0.0,2020-04-19
171,1587340800000,0.4650891628171834,0.0,2020-04-20
172,1587427200000,0.4855922959498524,0.0,2020-04-21
173,1587513600000,0.4748865859305611,0.0,2020-04-22
174,1587600000000,0.4754794763876,0.0,2020-04-23
175,1587686400000,0.44436564326396866,0.0,2020-04-24
176,1587772800000,0.492956307760291,0.0,2020-04-25
177,1587859200000,0.5104706846691637,0.0,2020-04-26
178,1587945600000,0.46501628624039576,0.0,2020-04-27
179,1588032000000,0.49578661100535454,0.0,2020-04-28
180,1588118400000,0.47450476484845183,0.0,2020-04-29
181,1588204800000,0.48608420894421556,0.0,2020-04-30
182,1588291200000,0.4938998281279453,0.0,2020-05-01
183,1588377600000,0.5052064017085505,0.0,2020-05-02
184,1588464000000,0.4973552061395923,0.0,2020-05-03
185,1588550400000,0.5057647258461813,0.0,2020-05-04
186,1588636800000,0.5031529077842004,0.0,2020-05-05
187,1588723200000,0.5069351614555704,0.0,2020-05-06
188,1588809600000,0.5245610413155402,0.0,2020-05-07
189,1588896000000,0.511029806019151,0.0,2020-05-08
190,1588982400000,0.4926275913388627,0.0,2020-05-09
191,1589068800000,0.4917129578464288,0.0,2020-05-10
192,1589155200000,0.4771620940836785,0.0,2020-05-11
193,1589241600000,0.47122128723334855,0.0,2020-05-12
194,1589328000000,0.49774733544496563,0.0,2020-05-13
195,1589414400000,0.496638176781829,0.0,2020-05-14
196,1589500800000,0.48837866480589726,0.0,2020-05-15
197,1589587200000,0.4745834265477517,0.0,2020-05-16
198,1589673600000,0.5265540438575552,0.0,2020-05-17
199,1589760000000,0.5153472896642567,0.0,2020-05-18
200,1589846400000,0.4990865680064064,0.0,2020-05-19
201,1589932800000,0.4945606007721545,0.0,2020-05-20
202,1590019200000,0.4856296771723481,0.0,2020-05-21
203,1590105600000,0.4781289498844268,0.0,2020-05-22
204,1590192000000,0.475778575302025,0.0,2020-05-23
205,1590278400000,0.46075373734343356,0.0,2020-05-24
206,1590364800000,0.5092320095516177,0.0,2020-05-25
207,1590451200000,0.5376172597579272,0.0,2020-05-26
208,1590537600000,0.5315915079047272,0.0,2020-05-27
209,1590624000000,0.5231642139944656,0.0,2020-05-28
210,1590710400000,0.7328610680727894,0.0,2020-05-29
211,1590796800000,0.693747320742897,0.0,2020-05-30
212,1590883200000,0.9790281903923281,0.0,2020-05-31
213,1590969600000,0.7225407384215916,0.0,2020-06-01
214,1591056000000,0.8015715626902215,0.0,2020-06-02
215,1591142400000,0.813921365193796,0.0,2020-06-03
216,1591228800000,0.8850005893395837,0.0,2020-06-04
217,1591315200000,0.9013457231522564,0.0,2020-06-05
218,1591401600000,0.9379376695116316,0.0,2020-06-06
219,1591488000000,0.9813568714268905,0.0,2020-06-07
220,1591574400000,0.9560146919071126,0.0,2020-06-08
221,1591660800000,0.9670477531118755,0.0,2020-06-09
222,1591747200000,1.0769548027311988,0.0,2020-06-10
223,1591833600000,1.1217159290845238,0.0,2020-06-11
224,1591920000000,1.4886091367629175,0.0,2020-06-12
225,1592006400000,1.3557615027459737,0.0,2020-06-13
226,1592092800000,1.300495563420843,0.0,2020-06-14
227,1592179200000,1.3015294041510341,0.0,2020-06-15
228,1592265600000,1.357659917316849,0.0,2020-06-16
229,1592352000000,1.290942443474696,0.0,2020-06-17
230,1592438400000,1.3160798607904804,0.0,2020-06-18
231,1592524800000,1.2798401062007245,0.0,2020-06-19
232,1592611200000,1.6006918472791989,0.0,2020-06-20
233,1592697600000,1.4960400890739023,0.0,2020-06-21
234,1592784000000,1.774011392823524,0.0,2020-06-22
235,1592870400000,1.7653586749524453,0.0,2020-06-23
236,1592956800000,1.741757264901084,0.0,2020-06-24
237,1593043200000,1.6873425818283645,0.0,2020-06-25
238,1593129600000,1.661546984778137,0.0,2020-06-26
239,1593216000000,1.5553880659097405,0.0,2020-06-27
240,1593302400000,1.582786066525819,0.0,2020-06-28
241,1593388800000,1.4648848986819856,0.0,2020-06-29
242,1593475200000,1.5070735583351038,0.0,2020-06-30
243,1593561600000,1.4330066018777567,0.0,2020-07-01
244,1593648000000,1.4255858423372143,0.0,2020-07-02
245,1593734400000,1.5247523183388763,0.0,2020-07-03
246,1593820800000,1.578065004923993,0.0,2020-07-04
247,1593907200000,1.6944746043321577,0.0,2020-07-05
248,1593993600000,1.6576858431490138,0.0,2020-07-06
249,1594080000000,1.7225369390035747,0.0,2020-07-07
250,1594166400000,1.6032070055526266,0.0,2020-07-08
251,1594252800000,1.5572816337017987,0.0,2020-07-09
252,1594339200000,1.495528794699052,0.0,2020-07-10
253,1594425600000,1.6374063608412046,0.0,2020-07-11
254,1594512000000,1.5850940663608968,0.0,2020-07-12
255,1594598400000,1.4724839497597022,0.0,2020-07-13
256,1594684800000,1.5409629918365673,0.0,2020-07-14
257,1594771200000,1.540804624675236,0.0,2020-07-15
258,1594857600000,1.6217061310645529,0.0,2020-07-16
259,1594944000000,1.6255073354362966,0.0,2020-07-17
260,1595030400000,1.5611522917453313,0.0,2020-07-18
261,1595116800000,1.6933765364822573,0.0,2020-07-19
262,1595203200000,1.7112079871859553,0.0,2020-07-20
263,1595289600000,1.7510263958807732,0.0,2020-07-21
264,1595376000000,1.6526086330499505,0.0,2020-07-22
265,1595462400000,1.6159405555605328,0.0,2020-07-23
266,1595548800000,1.644255251151897,0.0,2020-07-24
267,1595635200000,1.7237806456420401,0.0,2020-07-25
268,1595721600000,1.6988717420962893,0.0,2020-07-26
269,1595808000000,1.713818067364762,0.0,2020-07-27
270,1595894400000,1.6207051334833293,0.0,2020-07-28
271,1595980800000,1.5920126296998787,0.0,2020-07-29
272,1596067200000,1.5572314338310913,0.0,2020-07-30
273,1596153600000,1.5998803242255435,0.0,2020-07-31
274,1596240000000,1.5314208753862373,0.0,2020-08-01
275,1596326400000,1.5318554484390816,0.0,2020-08-02
276,1596412800000,1.5373374635246968,0.0,2020-08-03
277,1596499200000,1.51606119785858,0.0,2020-08-04
278,1596585600000,1.5310767471705822,0.0,2020-08-05
279,1596672000000,1.5274553136524844,0.0,2020-08-06
280,1596758400000,1.6327203668066168,0.0,2020-08-07
281,1596844800000,1.7221568930316085,0.0,2020-08-08
282,1596931200000,1.7092917198270918,0.0,2020-08-09
283,1597017600000,2.219116424499181,0.0,2020-08-10
284,1597104000000,2.229710742651945,0.0,2020-08-11
285,1597190400000,2.179157835113904,0.0,2020-08-12
286,1597276800000,2.1839512755942723,0.0,2020-08-13
287,1597363200000,2.4998583030014347,0.0,2020-08-14
288,1597449600000,3.0030724639292883,0.0,2020-08-15
289,1597536000000,2.9460922535619316,0.0,2020-08-16
290,1597622400000,3.2997359686462207,0.0,2020-08-17
291,1597708800000,3.5565606462814237,0.0,2020-08-18
292,1597795200000,3.586542528455052,0.0,2020-08-19
293,1597881600000,3.2910549059631804,0.0,2020-08-20
294,1597968000000,3.1745996404565062,0.0,2020-08-21
295,1598054400000,2.8434685817272203,0.0,2020-08-22
296,1598140800000,3.205172858232239,0.0,2020-08-23
297,1598227200000,3.6515938376651724,0.0,2020-08-24
298,1598313600000,4.168800683125569,0.0,2020-08-25
299,1598400000000,4.010293357382599,0.0,2020-08-26
300,1598486400000,4.946064546879149,0.0,2020-08-27
301,1598572800000,5.459901688780957,0.0,2020-08-28
302,1598659200000,5.667322643256541,0.0,2020-08-29
303,1598745600000,6.993306283671318,0.0,2020-08-30
304,1598832000000,6.693844302377882,0.0,2020-08-31
305,1598918400000,5.939730638322805,260520089.83351725,2020-09-01
306,1599004800000,6.445548513807613,286700150.817101,2020-09-02
307,1599091200000,6.5904875134327,287483284.61947924,2020-09-03
308,1599177600000,5.6515087443030465,247139209.31840137,2020-09-04
309,1599264000000,6.291044105905125,279880242.9724797,2020-09-05
310,1599350400000,4.621598522819907,203669325.95055234,2020-09-06
311,1599436800000,5.111860085241389,223985365.72673136,2020-09-07
312,1599523200000,4.657747986351983,204134101.20929876,2020-09-08
313,1599609600000,4.4864144709273575,196550420.55332932,2020-09-09
314,1599696000000,4.888659833367743,214056220.89475793,2020-09-10
315,1599782400000,4.588966417882022,201799531.43848845,2020-09-11
316,1599868800000,4.398304047280178,192816495.55890685,2020-09-12
317,1599955200000,4.371758896869646,191569237.58864415,2020-09-13
318,1600041600000,4.5716871032207385,200287760.76669663,2020-09-14
319,1600128000000,4.3572809338225404,190503376.40209657,2020-09-15
320,1600214400000,4.028348133825308,176438103.50716475,2020-09-16
321,1600300800000,3.66838665437499,160864478.0363272,2020-09-17
322,1600387200000,3.5344212756572335,153037736.4056155,2020-09-18
323,1600473600000,3.544160823685174,155387948.68571708,2020-09-19
324,1600560000000,3.6462870665767304,159675015.5550902,2020-09-20
325,1600646400000,3.5571190272880484,153691902.23275766,2020-09-21
326,1600732800000,2.8815393834884455,126527337.20506623,2020-09-22
327,1600819200000,2.900280912270598,128026062.12484355,2020-09-23
328,1600905600000,2.8290488638019626,128426727.73402996,2020-09-24
329,1600992000000,2.9974846663994645,131507082.44372958,2020-09-25
330,1601078400000,3.4462173283827484,150345242.29842195,2020-09-26
331,1601164800000,3.370653494894295,147386479.90061116,2020-09-27
332,1601251200000,3.376035661329613,147871919.46232125,2020-09-28
333,1601337600000,4.873680281127562,215119238.1884022,2020-09-29
334,1601424000000,4.701171049842884,205941568.36728203,2020-09-30
335,1601510400000,4.799845832458513,210357467.57967728,2020-10-01
336,1601596800000,4.2530584693604725,186549787.7202889,2020-10-02
337,1601683200000,4.44565720285847,193851287.85824385,2020-10-03
338,1601769600000,4.18452687167369,182711957.42129436,2020-10-04
339,1601856000000,4.145799017601892,181087549.61950117,2020-10-05
340,1601942400000,4.065974764410212,177939644.60705337,2020-10-06
341,1602028800000,3.7419281784233447,164606590.94775763,2020-10-07
342,1602115200000,3.7178142675279613,162693928.05083779,2020-10-08
343,1602201600000,3.894999109714391,169654614.46035755,2020-10-09
344,1602288000000,4.106075397233968,180104088.9501467,2020-10-10
345,1602374400000,4.981450084962052,223512007.6663416,2020-10-11
346,1602460800000,4.816136303529157,211105909.13409477,2020-10-12
347,1602547200000,4.789993389093261,207688008.53139725,2020-10-13
348,1602633600000,4.748624490173724,209672373.92098206,2020-10-14
349,1602720000000,4.295866250248717,188205741.95125967,2020-10-15
350,1602806400000,3.7605589521042804,165704953.29018974,2020-10-16
351,1602892800000,3.0572248401079714,134703402.47974142,2020-10-17
352,1602979200000,3.1762403720342367,139009821.09053206,2020-10-18
353,1603065600000,3.246839966939556,142222578.28933346,2020-10-19
354,1603152000000,2.9570412008884586,129905691.02636519,2020-10-20
355,1603238400000,2.522064517396302,112222289.08568859,2020-10-21
356,1603324800000,2.6044454322588044,114251032.86850375,2020-10-22
357,1603411200000,2.666349205495555,116877786.92668356,2020-10-23
358,1603497600000,2.953816990124763,130583906.89545108,2020-10-24
359,1603584000000,2.800860896898517,122902800.40867148,2020-10-25
360,1603670400000,2.9110003065893983,127807125.62922703,2020-10-26
361,1603756800000,2.75788281403205,121400385.78347781,2020-10-27
362,1603843200000,2.557808374798252,112345169.30501732,2020-10-28
363,1603929600000,2.4050082180084402,105182831.53672111,2020-10-29
364,1604016000000,2.3934620214995967,105518027.11689076,2020-10-30
365,1604102400000,2.265084623664446,99073800.20411016,2020-10-31
366,1604188800000,2.1737356013675773,95318431.2570724,2020-11-01
367,1604275200000,2.311095127285038,101309453.0881674,2020-11-02
368,1604361600000,2.015680238399902,88537775.01784626,2020-11-03
369,1604448000000,1.8255935935563838,79792279.00587,2020-11-04
370,1604534400000,1.696488976409346,74289147.22278287,2020-11-05
371,1604620800000,1.8443450246831488,80653313.51230054,2020-11-06
372,1604707200000,2.28890071026359,100998981.3963392,2020-11-07
373,1604793600000,2.2124703093381064,97768626.51624604,2020-11-08
374,1604880000000,2.231254003125775,97713356.78053385,2020-11-09
375,1604966400000,2.178387013768252,95409759.58426231,2020-11-10
376,1605052800000,2.34907127742518,103038918.33196111,2020-11-11
377,1605139200000,2.2083803853258206,96719079.58079098,2020-11-12
378,1605225600000,2.1822295299403724,95464050.19696732,2020-11-13
379,1605312000000,2.281306816396668,99775140.0986011,2020-11-14
380,1605398400000,2.289141608186845,100304281.73061141,2020-11-15
381,1605484800000,2.2879784504772362,100267434.89615437,2020-11-16
382,1605571200000,2.66663186860756,116747886.16773836,2020-11-17
383,1605657600000,2.605941178860213,113953136.9362894,2020-11-18
384,1605744000000,2.529348614036994,110508486.84343147,2020-11-19
385,1605830400000,2.460294290674343,106705273.37999387,2020-11-20
386,1605916800000,2.596668883009097,113410316.34214407,2020-11-21
387,1606003200000,2.643683722804889,115962048.99569592,2020-11-22
388,1606089600000,2.586362019450118,113413045.73210557,2020-11-23
389,1606176000000,2.6577754091193153,115480895.37769702,2020-11-24
390,1606262400000,2.4766324603150442,107603447.79642433,2020-11-25
391,1606348800000,2.556342065961265,112094894.09100336,2020-11-26
392,1606435200000,2.3191202647848477,101565035.7669516,2020-11-27
393,1606521600000,2.2793079961052443,99896516.49884918,2020-11-28
394,1606608000000,2.2824443223507522,99915030.84072784,2020-11-29
395,1606694400000,2.283863285536446,99707211.74323112,2020-11-30
396,1606780800000,2.3523737640368014,103380019.96113227,2020-12-01
397,1606867200000,2.187877237419473,95714942.52214879,2020-12-02
398,1606953600000,2.2343683965988332,98692297.94230726,2020-12-03
399,1607040000000,2.2559215103879184,98740565.75016686,2020-12-04
400,1607126400000,2.09282299837269,91595202.05676867,2020-12-05
401,1607212800000,2.3187631847956442,101527511.40772027,2020-12-06
402,1607299200000,2.2481966681783048,98670729.65240929,2020-12-07
403,1607385600000,2.233451592060975,97707275.88772348,2020-12-08
404,1607472000000,2.062297774339867,90339765.22401334,2020-12-09
405,1607558400000,2.1785772509147185,95544469.49091871,2020-12-10
406,1607644800000,2.265369314256703,96417490.41640219,2020-12-11
407,1607731200000,2.2672815920776075,99361285.80399302,2020-12-12
408,1607817600000,2.238199593732565,98069841.76525351,2020-12-13
409,1607904000000,2.295728889780583,100659451.6111348,2020-12-14
410,1607990400000,2.2696875858153422,99421152.71042345,2020-12-15
411,1608076800000,2.3210106668317074,101889455.72874184,2020-12-16
412,1608163200000,2.2808812810696772,99743145.85082765,2020-12-17
413,1608249600000,2.2698350546230204,99490054.62611444,2020-12-18
414,1608336000000,2.2933738375469574,100364351.64201981,2020-12-19
415,1608422400000,2.5854041830201773,113180601.78433174,2020-12-20
416,1608508800000,2.494168412718749,111562271.67662148,2020-12-21
417,1608595200000,2.624592103180042,115244962.14405859,2020-12-22
418,1608681600000,2.57092128755184,112004416.63833274,2020-12-23
419,1608768000000,2.2955992405993424,100540365.51252785,2020-12-24
420,1608854400000,2.36558496492231,103875720.85449128,2020-12-25
421,1608940800000,2.4452544938922713,107246337.42424437,2020-12-26
422,1609027200000,2.316553339699252,101467015.42625147,2020-12-27
423,1609113600000,2.254216709976655,98642053.11063655,2020-12-28
424,1609200000000,2.369657221662615,103733684.42093645,2020-12-29
425,1609286400000,2.268482503052156,99990692.2471057,2020-12-30
426,1609372800000,2.4386778066120067,106884136.31835821,2020-12-31
427,1609459200000,2.6304921718024272,113565814.55464578,2021-01-01
428,1609545600000,2.61358984170061,114429023.8433264,2021-01-02
429,1609632000000,2.6777390368844562,117144454.55622455,2021-01-03
430,1609718400000,2.594887144369608,113861692.4725576,2021-01-04
431,1609804800000,2.6390959360607593,115971740.7644714,2021-01-05
432,1609891200000,2.8345633572592672,123948338.98094924,2021-01-06
433,1609977600000,3.1030568949321653,135427217.06030476,2021-01-07
434,1610064000000,2.84767723882736,124500512.93905501,2021-01-08
435,1610150400000,2.7816644683404945,120944557.57093054,2021-01-09
436,1610236800000,3.1951871840034674,139995901.05903438,2021-01-10
437,1610323200000,4.098548532380887,180114483.93085498,2021-01-11
438,1610409600000,3.6210437047163486,156991113.48997328,2021-01-12
439,1610496000000,4.152887228029483,182108540.30859318,2021-01-13
440,1610582400000,4.404954239314247,193736582.68951577,2021-01-14
441,1610668800000,4.244783728960228,186098696.82805127,2021-01-15
442,1610755200000,4.0743920392190525,178355993.1256648,2021-01-16
443,1610841600000,4.100837666411288,178691858.29459035,2021-01-17
444,1610928000000,4.6233350813399845,204657140.28306144,2021-01-18
445,1611014400000,4.588351638139075,201439924.99032366,2021-01-19
446,1611100800000,4.916922664440634,216132856.1946855,2021-01-20
447,1611187200000,4.9452220581513835,215718575.80251524,2021-01-21
448,1611273600000,4.5270871835207895,200442341.46885183,2021-01-22
449,1611360000000,5.154277208829903,224181809.02096477,2021-01-23
450,1611446400000,5.412110859307629,236437039.06760287,2021-01-24
451,1611532800000,6.045436146697033,265371722.87814626,2021-01-25
452,1611619200000,5.5145930717231275,241407025.42792767,2021-01-26
453,1611705600000,5.596302883066944,247431202.92666805,2021-01-27
454,1611792000000,5.084745628408891,221564661.65966356,2021-01-28
455,1611878400000,5.712500479728964,250491711.7979388,2021-01-29
456,1611964800000,5.236295203940653,229202098.9486821,2021-01-30
457,1612051200000,4.996826865799309,219215656.67250657,2021-01-31
458,1612137600000,4.793519419133869,209968395.36125156,2021-02-01
459,1612224000000,5.005053274358547,219036781.02607742,2021-02-02
460,1612310400000,5.6460950363938105,247775035.10928977,2021-02-03
461,1612396800000,5.686348984419754,249919323.92863095,2021-02-04
462,1612483200000,5.490421525101056,241006385.08999512,2021-02-05
463,1612569600000,5.519564085223711,241813676.22654414,2021-02-06
464,1612656000000,4.945997798301744,218181463.66397676,2021-02-07
465,1612742400000,5.427145267978403,237604252.1411418,2021-02-08
466,1612828800000,5.488465127719579,238461746.96078473,2021-02-09
467,1612915200000,5.903502725353899,258699923.01255473,2021-02-10
468,1613001600000,6.521806681204152,285420471.0734025,2021-02-11
469,1613088000000,6.954240188088943,303874139.8553985,2021-02-12
470,1613174400000,6.862317725427681,301030069.2208582,2021-02-13
471,1613260800000,7.159188919423941,313510979.9712342,2021-02-14
472,1613347200000,6.880139862744212,301471125.1160355,2021-02-15
473,1613433600000,7.274683876870265,321195198.55448765,2021-02-16
474,1613520000000,7.958419939609821,348154363.8852469,2021-02-17
475,1613606400000,7.813033952361162,345667582.5661867,2021-02-18
476,1613692800000,7.721525594814169,332440649.49485797,2021-02-19
477,1613779200000,6.904805474366627,302289193.0276944,2021-02-20
478,1613865600000,7.340437154005019,321020189.2713811,2021-02-21
479,1613952000000,7.1838414969802695,314813434.4605834,2021-02-22
480,1614038400000,6.823677075884537,295777831.0633611,2021-02-23
481,1614124800000,6.795328295270364,296374695.0631477,2021-02-24
482,1614211200000,10.630581713368201,473232798.2173887,2021-02-25
483,1614297600000,10.70743462410683,450238636.7015419,2021-02-26
484,1614384000000,12.190300667253625,530760055.86405593,2021-02-27
485,1614470400000,11.083439923522418,487145172.9233249,2021-02-28
486,1614556800000,9.243872889595009,412758409.11203307,2021-03-01
487,1614643200000,10.85117296918787,476156576.1380434,2021-03-02
488,1614729600000,12.189020596811615,541050676.2204006,2021-03-03
489,1614816000000,16.258354268069674,726089521.6679119,2021-03-04
490,1614902400000,14.377011326120392,628439451.5053676,2021-03-05
491,1614988800000,14.787240076563538,648298612.5183091,2021-03-06
492,1615075200000,13.82107139226042,607759575.0659549,2021-03-07
493,1615161600000,13.476619831478411,590759330.9322462,2021-03-08
494,1615248000000,13.910836317065549,590688391.9759,2021-03-09
495,1615334400000,14.349487694326749,628875123.1388018,2021-03-10
496,1615420800000,15.100151846951588,662064966.5996524,2021-03-11
497,1615507200000,15.021665179717827,657389849.0946,2021-03-12
498,1615593600000,14.386191423120762,630876990.8524071,2021-03-13
499,1615680000000,15.098805080218428,668042117.5213717,2021-03-14
500,1615766400000,14.827812122568037,651489654.9333185,2021-03-15
501,1615852800000,13.44905386011114,593350972.8895422,2021-03-16
502,1615939200000,13.176422463684066,569738103.2292868,2021-03-17
503,1616025600000,14.461441982336499,634255756.571113,2021-03-18
504,1616112000000,17.47418102664909,774392602.6000991,2021-03-19
505,1616198400000,19.26558525879232,844692086.6009828,2021-03-20
506,1616284800000,22.986011703717338,1009325882.1766291,2021-03-21
507,1616371200000,21.280085593361818,934091511.4393921,2021-03-22
508,1616457600000,22.59524793838056,1010736421.7680283,2021-03-23
509,1616544000000,21.483976517075682,940457845.711308,2021-03-24
510,1616630400000,19.664831512992077,863320763.6445725,2021-03-25
511,1616716800000,20.29200205174153,888735189.6527295,2021-03-26
512,1616803200000,26.235983682647245,1142308728.4310975,2021-03-27
513,1616889600000,29.488949265588364,1275640925.0867963,2021-03-28
514,1616976000000,27.02960349192894,1177423285.5786781,2021-03-29
515,1617062400000,28.833944178507398,1252773586.4813106,2021-03-30
516,1617148800000,28.047399441671804,1232673543.8188896,2021-03-31
517,1617235200000,32.4557642370004,1423094152.2492316,2021-04-01
518,1617321600000,31.53215267165367,1382419332.471162,2021-04-02
519,1617408000000,29.608416198738674,1302968158.4675665,2021-04-03
520,1617494400000,28.112321665179856,1228902931.4843981,2021-04-04
521,1617580800000,27.338179693263985,1201889256.324409,2021-04-05
522,1617667200000,27.409129103591695,1200806651.6869206,2021-04-06
523,1617753600000,29.7556057010046,1302101671.1392815,2021-04-07
524,1617840000000,28.91383115047437,1278249495.8104548,2021-04-08
525,1617926400000,32.420013021892416,1420148695.4309769,2021-04-09
526,1618012800000,30.15099889814058,1325053518.369386,2021-04-10
527,1618099200000,29.24188264721715,1287447342.7903483,2021-04-11
528,1618185600000,27.572664284171438,1209741922.1764424,2021-04-12
529,1618272000000,26.687847125715557,1168997813.1317906,2021-04-13
530,1618358400000,26.795028934551155,1172952956.3261352,2021-04-14
531,1618444800000,24.876145219717177,1092054986.4092753,2021-04-15
532,1618531200000,28.394498433699393,1238395581.2831907,2021-04-16
533,1618617600000,25.923727251058995,1137158768.8711207,2021-04-17
534,1618704000000,25.438885208609125,1117084890.9081123,2021-04-18
535,1618790400000,24.2435911098734,1062490290.1987343,2021-04-19
536,1618876800000,23.82694076344772,1046201146.5003551,2021-04-20
537,1618963200000,23.561027333249648,1030864245.3434942,2021-04-21
538,1619049600000,22.95889399890532,1006408472.3162693,2021-04-22
539,1619136000000,22.005322526092716,967790244.6167324,2021-04-23
540,1619222400000,19.514747677978235,875525870.6637995,2021-04-24
541,1619308800000,24.328420220352264,1075280772.0576246,2021-04-25
542,1619395200000,27.683011205142844,1207235852.3149137,2021-04-26
543,1619481600000,28.759274738427504,1258834176.8129003,2021-04-27
544,1619568000000,30.077440623678257,1324903681.9431107,2021-04-28
545,1619654400000,29.141987054983176,1275030542.5494006,2021-04-29
546,1619740800000,29.2725815860776,1281547543.9004445,2021-04-30
547,1619827200000,29.712126797628596,1296477923.3704276,2021-05-01
548,1619913600000,29.2514731176797,1287497267.9503758,2021-05-02
549,1620000000000,26.85115381603193,1178527386.7000139,2021-05-03
550,1620086400000,27.333767770151038,1194465541.182956,2021-05-04
551,1620172800000,24.941301233467282,1094931945.1000109,2021-05-05
552,1620259200000,27.518778094914833,1202972191.38351,2021-05-06
553,1620345600000,26.115215453604222,1145958397.517001,2021-05-07
554,1620432000000,25.555902190973498,1122426283.8767462,2021-05-08
555,1620518400000,24.225663018504846,1043682279.5538902,2021-05-09
556,1620604800000,23.897397459580382,1048818541.7808098,2021-05-10
557,1620691200000,23.964876195115043,1052970507.7600628,2021-05-11
558,1620777600000,28.895020012479172,1271913908.28568,2021-05-12
559,1620864000000,29.023015306852628,1294288840.0402837,2021-05-13
560,1620950400000,25.558445683773975,1114445321.804309,2021-05-14
561,1621036800000,29.568387784775652,1303532408.2293565,2021-05-15
562,1621123200000,26.87386872157628,1179515303.5142233,2021-05-16
563,1621209600000,24.094294999622164,1055164189.9144582,2021-05-17
564,1621296000000,22.649938551794143,993509541.3049316,2021-05-18
565,1621382400000,22.74150185827347,994453317.9107664,2021-05-19
566,1621468800000,16.85475384697193,742988053.8317641,2021-05-20
567,1621555200000,18.602938485936026,815921072.8291335,2021-05-21
568,1621641600000,15.580504355741922,678687420.9707565,2021-05-22
569,1621728000000,14.332886787583032,628872441.9767538,2021-05-23
570,1621814400000,13.065329472489868,555200079.7483497,2021-05-24
571,1621900800000,15.067044602405499,651515970.7341738,2021-05-25
572,1621987200000,14.721430812736772,644341303.7455418,2021-05-26
573,1622073600000,17.512835340735244,766221114.5034168,2021-05-27
574,1622160000000,15.521306836749536,680483201.2848011,2021-05-28
575,1622246400000,14.476824909287899,630059521.5852029,2021-05-29
576,1622332800000,12.662017332579408,572030267.7354355,2021-05-30
577,1622419200000,14.150955785761914,618899561.3377602,2021-05-31
578,1622505600000,15.262977222221616,669370657.1905079,2021-06-01
579,1622592000000,15.299706243636377,671198267.09713,2021-06-02
580,1622678400000,16.851648324462726,738533851.5832987,2021-06-03
581,1622764800000,18.657876444556234,817330457.113821,2021-06-04
582,1622851200000,15.821442779317005,694036515.8954638,2021-06-05
583,1622937600000,15.393246840792678,673720530.6034955,2021-06-06
584,1623024000000,15.766313047826733,689622885.9684478,2021-06-07
585,1623110400000,17.211568627567598,764131755.4730234,2021-06-08
586,1623196800000,17.115889120608742,752589499.2356875,2021-06-09
587,1623283200000,18.012471640466302,791310406.4611499,2021-06-10
588,1623369600000,16.869641070031637,739613117.9644796,2021-06-11
589,1623456000000,15.263788131042281,665264675.5503092,2021-06-12
590,1623542400000,14.78350127527969,650366104.6295652,2021-06-13
591,1623628800000,15.684316743346878,684814576.4652535,2021-06-14
592,1623715200000,16.179598060917098,708103170.9681833,2021-06-15
593,1623801600000,15.994292011612675,702347244.0567285,2021-06-16
594,1623888000000,14.921321879198791,653211303.7491878,2021-06-17
595,1623974400000,16.118699773778108,700010405.9930369,2021-06-18
596,1624060800000,15.613694433747039,683325975.8887907,2021-06-19
597,1624147200000,17.467958366207135,772414939.7604719,2021-06-20
598,1624233600000,17.713196656193123,781060511.5611433,2021-06-21
599,1624320000000,13.65160325440101,600317850.5832695,2021-06-22
600,1624406400000,11.925519710108304,521266940.01853925,2021-06-23
601,1624492800000,11.755019685972227,516150744.0319459,2021-06-24
602,1624579200000,11.477673245165875,502522730.19093734,2021-06-25
603,1624665600000,9.488621465153965,416086069.1869628,2021-06-26
604,1624752000000,8.918722682433726,389793139.7405232,2021-06-27
605,1624838400000,10.267718451458038,444972403.52974755,2021-06-28
606,1624924800000,10.056583558144723,440696243.0219795,2021-06-29
607,1625011200000,10.790395116813533,474738059.10777736,2021-06-30
608,1625097600000,10.387389740935882,455393473.2628918,2021-07-01
609,1625184000000,10.835028257464169,473857230.73402715,2021-07-02
610,1625270400000,10.638744730297617,463723755.49902004,2021-07-03
611,1625356800000,10.592803683877591,462764888.4291414,2021-07-04
612,1625443200000,10.996558249774885,481128769.42132413,2021-07-05
613,1625529600000,10.661007801283692,466746677.19952023,2021-07-06
614,1625616000000,11.114151612355826,486870904.4741001,2021-07-07
615,1625702400000,11.93123675701405,523922199.922011,2021-07-08
616,1625788800000,10.862653498353824,476136509.9956477,2021-07-09
617,1625875200000,11.019061530374021,482892205.64362067,2021-07-10
618,1625961600000,10.730813185408433,469959782.0174019,2021-07-11
619,1626048000000,11.317420520339295,496222139.86761105,2021-07-12
620,1626134400000,10.633454574265434,464825378.9565978,2021-07-13
621,1626220800000,10.202251570049885,448995573.10682106,2021-07-14
622,1626307200000,10.044586390776875,440179187.81820685,2021-07-15
623,1626393600000,9.398950793721621,412096208.62620974,2021-07-16
624,1626480000000,8.804003096690474,386069120.746716,2021-07-17
625,1626566400000,8.650719507927555,380552047.4519592,2021-07-18
626,1626652800000,9.066654204276768,397396503.3922128,2021-07-19
627,1626739200000,8.210341780748367,359823277.90149236,2021-07-20
628,1626825600000,7.3249903902277875,320610933.3597266,2021-07-21
629,1626912000000,8.275926258019297,362731647.395597,2021-07-22
630,1626998400000,8.489078771923431,371574572.90372103,2021-07-23
631,1627084800000,8.927414622567609,391154126.2317461,2021-07-24
632,1627171200000,8.90650379124844,390323972.1375717,2021-07-25
633,1627257600000,10.101937994201572,440829250.06309927,2021-07-26
634,1627344000000,9.303836181264305,407851261.2683557,2021-07-27
635,1627430400000,9.901838434965219,433413784.3986387,2021-07-28
636,1627516800000,11.230556722713594,491932239.97874314,2021-07-29
637,1627603200000,11.170483373098945,491761160.9197415,2021-07-30
638,1627689600000,11.302217691618234,496418217.4800485,2021-07-31
639,1627776000000,11.850165874561954,519966195.6597463,2021-08-01
640,1627862400000,11.542401451193259,505449454.59820503,2021-08-02
641,1627948800000,11.55767508604534,506961347.3605119,2021-08-03
642,1628035200000,10.963752275767579,480794492.06220347,2021-08-04
643,1628121600000,11.357354798177695,498850102.2615617,2021-08-05
644,1628208000000,11.483618317175022,501606066.1563704,2021-08-06
645,1628294400000,12.551551150578362,550079448.3780543,2021-08-07
646,1628380800000,13.904971192659197,605478851.9213145,2021-08-08
647,1628467200000,14.865196198851805,648299685.0131918,2021-08-09
648,1628553600000,14.950035577549508,649303466.202935,2021-08-10
649,1628640000000,14.91435757976936,651145538.6496505,2021-08-11
650,1628726400000,14.93318455652629,654608523.0979708,2021-08-12
651,1628812800000,14.770799440879639,645647568.870776,2021-08-13
652,1628899200000,16.097352215350668,705700446.876163,2021-08-14
653,1628985600000,15.579599667840077,683530104.563673,2021-08-15
654,1629072000000,16.724714775514116,732033271.1478226,2021-08-16
655,1629158400000,19.745514423609983,866912719.7747658,2021-08-17
656,1629244800000,21.258565869801423,907563465.095968,2021-08-18
657,1629331200000,33.51627004876733,1463631470.6606956,2021-08-19
658,1629417600000,29.984314053839977,1335186020.8839424,2021-08-20
659,1629504000000,30.938635433038034,1355982182.7622588,2021-08-21
660,1629590400000,28.50553113667203,1257235225.7926228,2021-08-22
661,1629676800000,28.932252800451728,1269745924.8612638,2021-08-23
662,1629763200000,31.305856023332264,1376159206.9227018,2021-08-24
663,1629849600000,27.990651358789613,1231067759.5941603,2021-08-25
664,1629936000000,27.00579068691542,1183431555.500108,2021-08-26
665,1630022400000,26.20364216633624,1148467692.1073644,2021-08-27
666,1630108800000,38.142043023158166,1666686050.2238197,2021-08-28
667,1630195200000,47.205951399705185,2051670228.1799307,2021-08-29
668,1630281600000,43.53878188879952,1914616080.9620652,2021-08-30
669,1630368000000,54.71910258664245,2406395548.769093,2021-08-31
670,1630454400000,64.01447047932916,2805473537.6559453,2021-09-01
671,1630540800000,60.66717792219818,2654049389.7664833,2021-09-02
672,1630627200000,56.981253860738946,2495783291.216643,2021-09-03
673,1630713600000,58.933693601266064,2557545563.6575813,2021-09-04
674,1630800000000,53.395057438411314,2349801685.2628345,2021-09-05
675,1630886400000,50.06833250896012,2198711911.4993367,2021-09-06
676,1630972800000,57.506874847450085,2479333553.9768424,2021-09-07
677,1631059200000,47.67795670787553,2118185191.82226,2021-09-08
678,1631145600000,54.757233829119656,2431996203.724108,2021-09-09
679,1631232000000,65.59841044259375,2930055625.228504,2021-09-10
680,1631318400000,62.891005450020295,2754613756.5691366,2021-09-11
681,1631404800000,61.16137662552508,2680358998.3896327,2021-09-12
682,1631491200000,60.186285691322354,2634704356.623645,2021-09-13
683,1631577600000,54.47441342497224,2366437739.020092,2021-09-14
684,1631664000000,55.44660539042341,2366437739.020092,2021-09-15
685,1631750400000,57.476034145149164,2366437739.020092,2021-09-16
686,1631836800000,53.304174525515755,2366437739.020092,2021-09-17
687,1631923200000,49.13071539634061,2366437739.020092,2021-09-18
688,1632009600000,49.66378984430882,2366437739.020092,2021-09-19
689,1632096000000,49.2185471200933,2366437739.020092,2021-09-20
690,1632182400000,40.117279349596956,2366437739.020092,2021-09-21
691,1632268800000,36.656951995399744,2366437739.020092,2021-09-22
692,1632355200000,47.097417500096796,2366437739.020092,2021-09-23
693,1632441600000,52.7357905748918,2366437739.020092,2021-09-24
694,1632528000000,47.60081244153687,2366437739.020092,2021-09-25
695,1632614400000,45.06706135445767,2366437739.020092,2021-09-26
696,1632700800000,43.55457614138126,2366437739.020092,2021-09-27
697,1632787200000,40.791701172752944,2366437739.020092,2021-09-28
698,1632873600000,38.45306094080284,2366437739.020092,2021-09-29
699,1632960000000,40.66224060245973,2366437739.020092,2021-09-30
700,1633046400000,43.52550377480816,2366437739.020092,2021-10-01
701,1633132800000,48.93061829150033,2366437739.020092,2021-10-02
702,1633219200000,56.08722784511681,2366437739.020092,2021-10-03
703,1633305600000,57.426954941952836,2366437739.020092,2021-10-04
704,1633392000000,53.04752283262958,2366437739.020092,2021-10-05
705,1633478400000,53.26813427003146,2366437739.020092,2021-10-06
706,1633564800000,64.0129832332439,2366437739.020092,2021-10-07
707,1633651200000,59.398069068174536,2366437739.020092,2021-10-08
708,1633737600000,62.48754937804793,2366437739.020092,2021-10-09
709,1633824000000,61.08346367367754,2366437739.020092,2021-10-10
710,1633910400000,57.93785795499749,2366437739.020092,2021-10-11
711,1633996800000,57.96255415178912,2366437739.020092,2021-10-12
712,1634083200000,54.463672679466264,2366437739.020092,2021-10-13
713,1634169600000,53.173432184947906,2667323576.7077236,2021-10-14
714,1634256000000,52.34834032984086,2626230894.146657,2021-10-15
715,1634342400000,53.794167256086276,2686974318.78628,2021-10-16
716,1634428800000,52.02952364604044,2613561291.0534277,2021-10-17
717,1634515200000,51.4253420954823,2580207441.3583016,2021-10-18
718,1634601600000,50.82090436388049,2549642522.015849,2021-10-19
719,1634688000000,55.18387909089469,2769518944.495089,2021-10-20
720,1634774400000,56.817557669696804,2851626430.363052,2021-10-21
721,1634860800000,53.442785879226314,2671947214.8737173,2021-10-22
722,1634947200000,54.77718304840327,2744092143.737255,2021-10-23
723,1635033600000,53.03285382673681,2649884965.7380266,2021-10-24
724,1635120000000,51.39824928390389,2569558235.917725,2021-10-25
725,1635206400000,52.9139737518295,2649195710.4646053,2021-10-26
726,1635292800000,53.18539297089716,2651871411.918549,2021-10-27
727,1635379200000,46.65173093050734,2334089056.1947546,2021-10-28
728,1635465600000,47.519882516498804,2383940561.053073,2021-10-29
729,1635552000000,52.07202067360483,2615311132.4957204,2021-10-30
730,1635638400000,49.10914820907667,2460785851.252815,2021-10-31
731,1635724800000,55.31308967307238,2779792643.8450675,2021-11-01
732,1635811200000,53.41480702480771,2691368326.5526514,2021-11-02
733,1635897600000,72.35038101989853,3594753709.0161467,2021-11-03
734,1635984000000,76.70181174728552,3829120323.8925347,2021-11-04
735,1636070400000,84.84891348830709,4019090952.1131506,2021-11-05
736,1636156800000,75.68030726344458,3799972194.148138,2021-11-06
737,1636243200000,82.253327382808,4057935744.999339,2021-11-07
738,1636329600000,76.52176085534309,3834390806.863481,2021-11-08
739,1636416000000,79.25764585667321,3972667005.914101,2021-11-09
740,1636502400000,72.7023729734004,3656973293.540598,2021-11-10
741,1636588800000,70.76116802353296,3545087035.6685634,2021-11-11
742,1636675200000,67.97305300788035,3410935381.6173534,2021-11-12
743,1636761600000,69.13775525608877,3458475313.7055154,2021-11-13
744,1636848000000,73.68350874159466,3689892639.033629,2021-11-14
745,1636934400000,70.42521186349039,3508575657.359295,2021-11-15
746,1637020800000,66.04504854681088,3308558736.9706254,2021-11-16
747,1637107200000,61.065588393676215,3060435516.6086435,2021-11-17
748,1637193600000,56.47297169943933,2841733004.861431,2021-11-18
749,1637280000000,52.761658902217555,2637393777.373973,2021-11-19
750,1637366400000,60.01562775779869,3004151486.748605,2021-11-20
751,1637452800000,65.09795735408993,3257364415.14042,2021-11-21
752,1637539200000,65.14897818367177,3269784613.0906024,2021-11-22
753,1637625600000,59.813166288722336,2996889649.5005097,2021-11-23
754,1637712000000,60.7033596524287,3035994029.42768,2021-11-24
755,1637798400000,58.052301388257455,2906432501.2887225,2021-11-25
756,1637884800000,59.40271839502545,3006486069.112055,2021-11-26
757,1637971200000,54.02146924882676,2711419347.081396,2021-11-27
758,1638057600000,56.89546088727312,2847594321.329763,2021-11-28
759,1638144000000,57.854572788201956,2899968182.779136,2021-11-29
760,1638230400000,61.158234595299405,3088200452.2597017,2021-11-30
761,1638316800000,59.355828425286035,2987651930.0232716,2021-12-01
762,1638403200000,57.344554452391066,2869146522.3725886,2021-12-02
763,1638489600000,55.766502786221835,2801371943.524727,2021-12-03
764,1638576000000,53.63353757720831,2682990537.788597,2021-12-04
765,1638662400000,49.204595091329665,2486837000.4037857,2021-12-05
766,1638748800000,44.635597392070366,2237296112.884323,2021-12-06
767,1638835200000,46.94521736865681,2347882822.6900215,2021-12-07
768,1638921600000,49.02038902456435,2451441785.2718062,2021-12-08
769,1639008000000,47.36374715684407,2356722723.5134006,2021-12-09
770,1639094400000,41.9447220701852,2123255671.9642823,2021-12-10
771,1639180800000,40.40628423715385,2051495721.4168057,2021-12-11
772,1639267200000,41.717763195070994,2092056497.0989788,2021-12-12
773,1639353600000,41.790187694135625,2086640622.0855968,2021-12-13
774,1639440000000,36.324202651101075,1821226031.6833146,2021-12-14
775,1639526400000,38.203706625775084,1910752666.0936563,2021-12-15
776,1639612800000,41.5098276599905,2067617405.1040332,2021-12-16
777,1639699200000,46.222794117292096,2299807323.5085244,2021-12-17
778,1639785600000,47.854478781465275,2408084108.2604985,2021-12-18
779,1639872000000,52.931448963952505,2670777077.690873,2021-12-19
780,1639958400000,59.32766028368835,2981027656.7237215,2021-12-20
781,1640044800000,56.47928370469503,2836469400.025691,2021-12-21
782,1640131200000,54.54250905274278,2738521599.31198,2021-12-22
783,1640217600000,53.19963243311837,2665506315.587209,2021-12-23
784,1640304000000,57.272991823159224,2866919390.8634963,2021-12-24
785,1640390400000,62.38676847154829,3160374882.330604,2021-12-25
786,1640476800000,60.99826385864436,3058402135.84519,2021-12-26
787,1640563200000,61.62568304739329,3085567403.2497573,2021-12-27
788,1640649600000,60.06546562085187,3025776391.6113286,2021-12-28
789,1640736000000,53.714462140191706,2709322201.8584447,2021-12-29
790,1640822400000,54.81356510708427,2729761510.5013227,2021-12-30
791,1640908800000,58.11455082041943,2912701231.526877,2021-12-31
792,1640995200000,59.04785672651643,2998326638.992374,2022-01-01
793,1641081600000,66.39100792425866,3315689238.352856,2022-01-02
794,1641168000000,60.30130104025024,3029012986.805975,2022-01-03
795,1641254400000,59.73159699027446,2997196763.347387,2022-01-04
796,1641340800000,63.03825104505979,3308821382.221305,2022-01-05
797,1641427200000,56.78285490566618,2865952527.291572,2022-01-06
798,1641513600000,55.5316075682722,2793614633.524865,2022-01-07
799,1641600000000,49.378841148168966,2473543512.2314816,2022-01-08
800,1641686400000,47.711016522296184,2404514122.033799,2022-01-09
801,1641772800000,50.31948258365213,2504141359.1501646,2022-01-10
802,1641859200000,46.409662761242465,2316392162.278273,2022-01-11
803,1641945600000,48.175079607239034,2417119068.8569975,2022-01-12
804,1642032000000,52.24585879007547,2627610247.4880676,2022-01-13
805,1642118400000,49.44656839770482,2486696806.0352135,2022-01-14
806,1642204800000,50.20025823382572,2508919775.926891,2022-01-15
807,1642291200000,49.9243714901104,2502697413.026236,2022-01-16
808,1642377600000,49.23265652700349,2466011550.924358,2022-01-17
809,1642464000000,47.64414058371807,2389506687.199403,2022-01-18
810,1642550400000,44.2710520739562,2231716845.4206653,2022-01-19
811,1642636800000,42.113119523516524,2131247339.9502795,2022-01-20
812,1642723200000,39.81504542754509,1998558243.520235,2022-01-21
813,1642809600000,31.651423741599938,1573570890.902911,2022-01-22
814,1642896000000,31.054073495206907,1553343911.564297,2022-01-23
815,1642982400000,34.33881451751685,1719505853.6979187,2022-01-24
816,1643068800000,33.50079575396522,1681011623.0578568,2022-01-25
817,1643155200000,32.59807316147925,1630881461.4990559,2022-01-26
818,1643241600000,30.17534348015277,1515869826.490965,2022-01-27
819,1643328000000,30.282405538825973,1511145580.8701177,2022-01-28
820,1643414400000,31.977854961993856,1602967307.0996158,2022-01-29
821,1643500800000,35.4385596674329,1768835771.3173425,2022-01-30
822,1643587200000,36.10260103787329,1808324534.0928748,2022-01-31
823,1643673600000,39.24031332942502,1965613864.7200754,2022-02-01
824,1643760000000,40.124834425556955,2055299518.7457364,2022-02-02
825,1643846400000,34.83645614600682,1746164943.8035343,2022-02-03
826,1643932800000,34.74217529685921,1737581276.67632,2022-02-04
827,1644019200000,39.57344878450721,1981090304.9465427,2022-02-05
828,1644105600000,38.66704316754821,1941891301.2876754,2022-02-06
829,1644192000000,37.90488959386539,1896346086.8144085,2022-02-07
830,1644278400000,40.08990232946871,2026658224.4344254,2022-02-08
831,1644364800000,36.79658967626777,1845099909.8862405,2022-02-09
832,1644451200000,40.70168375875455,2043548831.1524463,2022-02-10
833,1644537600000,36.19205629631924,1813966311.8307087,2022-02-11
834,1644624000000,32.4464136563921,1624319989.6136324,2022-02-12
835,1644710400000,33.06602346201891,1655709938.3043046,2022-02-13
836,1644796800000,32.23083629168434,1614911699.923204,2022-02-14
837,1644883200000,32.42145186957755,1625354365.8523736,2022-02-15
838,1644969600000,35.120846094318935,1767139065.4685788,2022-02-16
839,1645056000000,33.698043902295424,1703576532.4000015,2022-02-17
840,1645142400000,30.02787565676552,1505696112.9971967,2022-02-18
841,1645228800000,28.929270418302593,1452449155.1899755,2022-02-19
842,1645315200000,28.544651247201756,1429927095.2153854,2022-02-20
843,1645401600000,26.269560736244568,1325708373.9712296,2022-02-21
844,1645488000000,23.93932851490369,1200182108.3038301,2022-02-22
845,1645574400000,26.242160327541644,1311479465.434761,2022-02-23
846,1645660800000,26.10518468097299,1308852801.415301,2022-02-24
847,1645747200000,27.582321335904926,1380338976.5229697,2022-02-25
848,1645833600000,29.28783703640851,1472212365.8616564,2022-02-26
849,1645920000000,27.429704736153255,1377942766.420933,2022-02-27
850,1646006400000,29.125080723098623,1457296924.262136,2022-02-28
851,1646092800000,31.999984769569537,1604056245.8696938,2022-03-01
852,1646179200000,33.873483464299476,1695514219.7241402,2022-03-02
853,1646265600000,31.58475720761156,1585099381.891521,2022-03-03
854,1646352000000,31.644619269042394,1587195361.341603,2022-03-04
855,1646438400000,28.730320063360296,1441113293.7533965,2022-03-05
856,1646524800000,29.35952594206463,1459177535.6824937,2022-03-06
857,1646611200000,28.219011701731148,1410305572.4889677,2022-03-07
858,1646697600000,29.876988277576167,1495510398.873053,2022-03-08
859,1646784000000,32.45950316370912,1628341283.3525872,2022-03-09
860,1646870400000,37.64799217625715,1892868141.4900157,2022-03-10
861,1646956800000,31.929511145983238,1609056477.1444397,2022-03-11
862,1647043200000,31.997183405140916,1593361181.1472585,2022-03-12
863,1647129600000,30.728839384018812,1539293429.0357263,2022-03-13
864,1647216000000,30.452326203147702,1525478297.3384004,2022-03-14
865,1647302400000,30.612124386453257,1533890072.558632,2022-03-15
866,1647388800000,30.063621103857542,1513056685.6367214,2022-03-16
867,1647475200000,34.1231578500369,1681909663.7175055,2022-03-17
868,1647561600000,33.63608905860984,1685454035.8655293,2022-03-18
869,1647648000000,33.94286369113657,1699877155.1347766,2022-03-19
870,1647734400000,33.79670512454991,1693011568.131795,2022-03-20
871,1647820800000,32.524277778747056,1628697832.6305056,2022-03-21
872,1647907200000,32.845126869317745,1637194109.81344,2022-03-22
873,1647993600000,31.934177817630292,1600779131.6279314,2022-03-23
874,1648080000000,32.9889427085603,1650049536.5887167,2022-03-24
875,1648166400000,32.82717666640762,1644788851.7111428,2022-03-25
876,1648252800000,34.167159715854275,1705670234.9125361,2022-03-26
877,1648339200000,35.33280378046135,1777315874.8664386,2022-03-27
878,1648425600000,37.51378743548617,1871847525.5683577,2022-03-28
879,1648512000000,37.4210040963791,1878334749.3011253,2022-03-29
880,1648598400000,39.192289745680746,1964598360.159676,2022-03-30
881,1648684800000,38.80377304238208,1948811326.30015,2022-03-31
882,1648771200000,36.75661590940948,1842922191.1133323,2022-04-01
883,1648857600000,39.578961200671344,1976649179.614115,2022-04-02
884,1648944000000,39.08333162666373,1963987646.0695927,2022-04-03
885,1649030400000,40.85262959841599,2048886747.4280145,2022-04-04
886,1649116800000,38.95735435129109,1948563641.9952354,2022-04-05
887,1649203200000,36.81306007347444,1851603806.5990314,2022-04-06
888,1649289600000,32.775764412203856,1657260200.3772907,2022-04-07
889,1649376000000,34.291576221154585,1724094273.0722413,2022-04-08
890,1649462400000,33.36648225918315,1660846822.3309438,2022-04-09
891,1649548800000,34.25145470926221,1716863363.0041544,2022-04-10
892,1649635200000,34.13486155736054,1713077971.7046258,2022-04-11
893,1649721600000,29.895338919211422,1501803709.7318096,2022-04-12
894,1649808000000,31.636046469703665,1585234897.7992387,2022-04-13
895,1649894400000,31.658589993524778,1585219856.3363838,2022-04-14
896,1649980800000,30.39008799021891,1524352361.0944629,2022-04-15
897,1650067200000,30.248981905712263,1516590017.796416,2022-04-16
898,1650153600000,29.88260183861196,1497891267.904062,2022-04-17
899,1650240000000,28.747194012922176,1444826572.8837018,2022-04-18
900,1650326400000,30.25537687251943,1512379447.2074418,2022-04-19
901,1650412800000,30.943750779750477,1550060233.1695352,2022-04-20
902,1650499200000,29.794353696201362,1493824928.9710975,2022-04-21
903,1650585600000,28.191170377651698,1411526117.5268133,2022-04-22
904,1650672000000,28.464861389029068,1426274481.5519857,2022-04-23
905,1650758400000,27.992119741533596,1403058149.1068957,2022-04-24
906,1650844800000,26.8860587681831,1363595793.0899217,2022-04-25
907,1650931200000,27.706308871715194,1391914534.6229556,2022-04-26
908,1651017600000,26.126825247200404,1304354648.2356017,2022-04-27
909,1651104000000,26.454097750217688,1326015425.8000906,2022-04-28
910,1651190400000,26.195215580743408,1310655624.8632872,2022-04-29
911,1651276800000,25.32529309208542,1271503390.4992986,2022-04-30
912,1651363200000,23.051047071209183,1146217889.6870074,2022-05-01
913,1651449600000,25.208797745702192,1261732018.2995305,2022-05-02
914,1651536000000,24.848899046748677,1244917085.7800791,2022-05-03
915,1651622400000,24.31392529515154,1219644220.4986634,2022-05-04
916,1651708800000,26.30616924864298,1318647815.7854064,2022-05-05
917,1651795200000,22.694632389538967,1135443817.9091487,2022-05-06
918,1651881600000,22.310033455068233,1117326073.6677775,2022-05-07
919,1651968000000,20.34753834931779,1018477622.7630911,2022-05-08
920,1652054400000,19.674973724979626,985118050.2895309,2022-05-09
921,1652140800000,16.818931385315704,860100549.1436208,2022-05-10
922,1652227200000,17.900490341429624,893077751.7636625,2022-05-11
923,1652313600000,14.71367626262468,721377115.5223151,2022-05-12
924,1652400000000,15.126562053838969,769048678.4294783,2022-05-13
925,1652486400000,13.815622312908244,689462504.4822102,2022-05-14
926,1652572800000,15.265778116541503,760311388.1971138,2022-05-15
927,1652659200000,19.087333479147752,957980695.955758,2022-05-16
928,1652745600000,15.326361387725836,774898906.7111119,2022-05-17
929,1652832000000,15.766664422880003,789497071.7883492,2022-05-18
930,1652918400000,14.163634014872036,710859705.5333045,2022-05-19
931,1653004800000,15.5070556930779,776943445.3965849,2022-05-20
932,1653091200000,14.589816446250348,731463713.7176367,2022-05-21
933,1653177600000,15.049322127307345,754324463.2509878,2022-05-22
934,1653264000000,15.763666391270435,791080404.2817748,2022-05-23
935,1653350400000,14.734413995993185,737997696.0998007,2022-05-24
936,1653436800000,14.648052056157411,733376536.7050166,2022-05-25
937,1653523200000,14.523761819799741,729153077.2759027,2022-05-26
938,1653609600000,13.96828144788275,700403079.3007387,2022-05-27
939,1653696000000,12.946972936050729,649861093.8237623,2022-05-28
940,1653782400000,13.146147395844434,660691363.0673883,2022-05-29
941,1653868800000,13.306661992312177,667060850.6061698,2022-05-30
942,1653955200000,15.192443322372108,761813344.1610748,2022-05-31
943,1654041600000,15.434407354941259,773822512.9422535,2022-06-01
944,1654128000000,13.066036288966323,656764614.6615088,2022-06-02
945,1654214400000,13.300143427587575,668331176.8154116,2022-06-03
946,1654300800000,12.462614427088331,622847146.9230791,2022-06-04
947,1654387200000,12.834106305799711,641967059.5285398,2022-06-05
948,1654473600000,12.68739989342961,638750541.4286728,2022-06-06
949,1654560000000,13.100132068525765,656427993.9559872,2022-06-07
950,1654646400000,14.218599130581158,713679526.3086357,2022-06-08
951,1654732800000,13.86061980801273,695827122.2747179,2022-06-09
952,1654819200000,13.250010787363545,664366544.7402601,2022-06-10
953,1654905600000,12.320878724086771,617380776.1876594,2022-06-11
954,1654992000000,11.06800255303798,554416517.1340294,2022-06-12
955,1655078400000,10.104460536415496,513837174.7299385,2022-06-13
956,1655164800000,9.000959768549809,448810760.8100312,2022-06-14
957,1655251200000,8.79859899409115,440203615.89084065,2022-06-15
958,1655337600000,9.719546040416956,487184138.0686898,2022-06-16
959,1655424000000,8.708310136132237,437349148.87256044,2022-06-17
960,1655510400000,8.224694458123796,413090079.1567346,2022-06-18
961,1655596800000,7.982686889378258,398865459.3841445,2022-06-19
962,1655683200000,8.601677045926921,428924626.7209221,2022-06-20
963,1655769600000,9.71231471262712,485170143.3613176,2022-06-21
964,1655856000000,9.680435513339786,484187057.9769549,2022-06-22
965,1655942400000,9.035972229625079,453332818.0321102,2022-06-23
966,1656028800000,9.77715299213185,489506177.78315616,2022-06-24
967,1656115200000,10.826591420133456,543886656.8031595,2022-06-25
968,1656201600000,10.4671076049701,523285246.26880956,2022-06-26
969,1656288000000,9.849095914839555,493123520.89692026,2022-06-27
970,1656374400000,10.002319200903504,501754277.44747,2022-06-28
971,1656460800000,9.187362445134433,459753602.3483913,2022-06-29
972,1656547200000,9.02051834649942,453060945.7250512,2022-06-30
973,1656633600000,9.702507845370208,482232422.701518,2022-07-01
974,1656720000000,10.654682825898997,536560617.3410213,2022-07-02
975,1656806400000,10.204491537239717,511981194.1127027,2022-07-03
976,1656892800000,11.715635192283468,565794965.9995235,2022-07-04
977,1656979200000,12.026821069492613,598592214.41398,2022-07-05
978,1657065600000,11.999582295079612,602632006.8092039,2022-07-06
979,1657152000000,11.733558292463156,591403591.7006725,2022-07-07
980,1657238400000,12.191139590835553,611607435.1997979,2022-07-08
981,1657324800000,11.508702132859337,577728267.778552,2022-07-09
982,1657411200000,11.713522412786164,587260650.241617,2022-07-10
983,1657497600000,11.7369753706447,590867997.5331613,2022-07-11
984,1657584000000,12.071848506598606,603407043.577437,2022-07-12
985,1657670400000,10.987527578531626,554353346.7686915,2022-07-13
986,1657756800000,12.775737369462925,639343709.9592605,2022-07-14
987,1657843200000,14.352168405903132,721866677.3838427,2022-07-15
988,1657929600000,14.106524313494061,706509979.7713242,2022-07-16
989,1658016000000,15.932447724286815,798312084.3904641,2022-07-17
990,1658102400000,15.521892556728144,781144179.8882842,2022-07-18
991,1658188800000,16.53611776044661,826595675.4042851,2022-07-19
992,1658275200000,15.506593494049328,776382390.6930319,2022-07-20
993,1658361600000,13.801176714903043,691556291.0210724,2022-07-21
994,1658448000000,14.293527248175629,718556909.5925292,2022-07-22
995,1658534400000,13.387735128438479,671822787.8349352,2022-07-23
996,1658620800000,13.715892593894429,687156400.9906136,2022-07-24
997,1658707200000,13.339435072273233,670857030.9782203,2022-07-25
998,1658793600000,12.8201168655862,646886536.3143835,2022-07-26
999,1658880000000,12.314695626239601,616323056.5291901,2022-07-27
1000,1658966400000,14.249675500447774,714348303.5426182,2022-07-28
1001,1659052800000,13.985595251115548,699723090.5698159,2022-07-29
1002,1659139200000,13.613815485796263,691780922.5188401,2022-07-30
1003,1659225600000,14.740649528729211,735240656.0530012,2022-07-31
1004,1659312000000,15.618403356620302,783573733.8218199,2022-08-01
1005,1659398400000,14.498553554483156,723168720.6091381,2022-08-02
1006,1659484800000,14.015919870635269,708582930.7922946,2022-08-03
1007,1659571200000,13.98557838051904,698332421.6925231,2022-08-04
1008,1659657600000,14.043634610089997,701088862.7427317,2022-08-05
1009,1659744000000,14.595999676944572,731641213.6907423,2022-08-06
1010,1659830400000,14.901137773216888,748892092.5922632,2022-08-07
1011,1659916800000,14.621112390725427,731537388.4584227,2022-08-08
1012,1660003200000,15.087060506661004,757119354.4157921,2022-08-09
1013,1660089600000,14.4213100581766,724425402.0834802,2022-08-10
1014,1660176000000,15.550272298239312,777602774.7410651,2022-08-11
1015,1660262400000,14.783448220954138,738873041.6957741,2022-08-12
1016,1660348800000,14.920079995809976,748663392.4222823,2022-08-13
1017,1660435200000,14.534616280799945,728865707.4646745,2022-08-14
1018,1660521600000,13.87401564250511,695975890.0610856,2022-08-15
1019,1660608000000,13.945980719560668,699046748.1822933,2022-08-16
1020,1660694400000,13.97181624350735,700256949.4486802,2022-08-17
1021,1660780800000,13.148002546200683,661162976.603161,2022-08-18
1022,1660867200000,12.670667782830492,636483659.6436684,2022-08-19
1023,1660953600000,11.917939597987685,598654401.1313365,2022-08-20
1024,1661040000000,12.236076243919634,612300835.1148773,2022-08-21
1025,1661126400000,12.690582313214493,639184659.2188131,2022-08-22
1026,1661212800000,12.139725376195367,608086064.5872096,2022-08-23
1027,1661299200000,12.473595252355125,625629887.870845,2022-08-24
1028,1661385600000,12.477755604557895,625209748.0792136,2022-08-25
1029,1661472000000,12.335780733924464,618970359.1559874,2022-08-26
1030,1661558400000,11.160285226774851,557952414.7133707,2022-08-27
1031,1661644800000,11.019190981906686,553126219.8883077,2022-08-28
1032,1661731200000,10.349391088841546,521405227.7482166,2022-08-29
1033,1661817600000,10.938244874357476,546638200.2912288,2022-08-30
1034,1661904000000,10.08560395688186,508107839.4662532,2022-08-31
1035,1661990400000,9.98217367152214,500246775.65224296,2022-09-01
1036,1662076800000,10.108223099201108,504917335.6279411,2022-09-02
1037,1662163200000,10.004832926610206,501008955.2687846,2022-09-03
1038,1662249600000,10.122058793561948,507362948.33802253,2022-09-04
1039,1662336000000,10.252629306856871,513660494.01678514,2022-09-05
1040,1662422400000,10.169762274960165,509841396.4626198,2022-09-06
1041,1662508800000,9.382032180302117,471200041.1533018,2022-09-07
1042,1662595200000,9.747233694714597,489397591.91855526,2022-09-08
1043,1662681600000,10.001938052354461,500872315.8869451,2022-09-09
1044,1662768000000,10.985045488032895,550205110.2550315,2022-09-10
1045,1662854400000,11.122649151137491,557042558.8983843,2022-09-11
1046,1662940800000,11.268580845412345,564819929.6591947,2022-09-12
1047,1663027200000,10.716864464785099,536722210.8930447,2022-09-13
1048,1663113600000,9.722824601764145,487384572.0496473,2022-09-14
1049,1663200000000,9.793857197856143,489797454.961277,2022-09-15
1050,1663286400000,9.748911149949853,488341459.0009276,2022-09-16
1051,1663372800000,10.095121453373357,505648460.4160454,2022-09-17
1052,1663459200000,10.19937684892591,511121937.9276639,2022-09-18
1053,1663545600000,9.435791386979627,473221983.92609507,2022-09-19
1054,1663632000000,9.652512017138779,484000836.7276969,2022-09-20
1055,1663718400000,9.514094512556959,476909956.98042864,2022-09-21
1056,1663804800000,9.198138578415957,460267916.9361202,2022-09-22
1057,1663891200000,10.101236996205072,506589969.97458184,2022-09-23
1058,1663977600000,10.220646703862716,513365116.7328524,2022-09-24
1059,1664064000000,9.733975683767316,487163451.0477328,2022-09-25
1060,1664150400000,9.369516992514923,468848350.8797702,2022-09-26
1061,1664236800000,9.445491426803791,472197576.31886715,2022-09-27
1062,1664323200000,9.433895673111273,472942185.0155411,2022-09-28
1063,1664409600000,9.313823542819357,466413107.9222627,2022-09-29
1064,1664496000000,9.083997672078194,455213779.8983357,2022-09-30
1065,1664582400000,9.366179891735875,469430125.7280873,2022-10-01
1066,1664668800000,9.264982860375031,463731452.91648,2022-10-02
1067,1664755200000,9.068922708758464,455735134.7729419,2022-10-03
1068,1664841600000,9.500756960566841,476493579.1679807,2022-10-04
1069,1664928000000,9.651493330910862,483723579.5333666,2022-10-05
1070,1665014400000,9.510648169633068,476658959.70736533,2022-10-06
1071,1665100800000,9.114426069883752,457287464.19387984,2022-10-07
1072,1665187200000,9.018415079392046,451618194.3937472,2022-10-08
1073,1665273600000,8.86701776714886,444995488.32057863,2022-10-09
1074,1665360000000,8.851173558366106,443086150.3772279,2022-10-10
1075,1665446400000,8.76740513898537,440238844.3634488,2022-10-11
1076,1665532800000,8.64476208131176,432438162.6861087,2022-10-12
1077,1665619200000,8.935850317068113,447796485.7731451,2022-10-13
1078,1665705600000,9.77263258415091,489396681.5812173,2022-10-14
1079,1665792000000,9.698227901381353,484418582.25642586,2022-10-15
1080,1665878400000,9.739651753492312,487945982.1788404,2022-10-16
1081,1665964800000,10.05096565747437,502961334.08837247,2022-10-17
1082,1666051200000,9.947058670914851,497819065.4421216,2022-10-18
1083,1666137600000,10.242934821369076,513638888.4449299,2022-10-19
1084,1666224000000,9.865586019147385,494032882.4722996,2022-10-20
1085,1666310400000,10.13067447929876,508069473.36577463,2022-10-21
1086,1666396800000,10.503198894955009,526611050.60466003,2022-10-22
1087,1666483200000,10.348505205468316,517945672.896312,2022-10-23
1088,1666569600000,10.576750555297625,529612252.3419276,2022-10-24
1089,1666656000000,10.183857066581426,510066326.63863623,2022-10-25
1090,1666742400000,10.549593522525779,529508456.6103005,2022-10-26
1091,1666828800000,10.637979933633625,532766133.0840535,2022-10-27
1092,1666915200000,10.255457462596228,515647790.287487,2022-10-28
1093,1667001600000,10.21958775245924,511892847.7740886,2022-10-29
1094,1667088000000,10.101184017787945,506152815.8158668,2022-10-30
1095,1667174400000,10.372055842708683,519982992.5213366,2022-10-31
1096,1667260800000,10.364477180013278,519348700.6984965,2022-11-01
1097,1667347200000,10.20727918750084,511554947.01905525,2022-11-02
1098,1667433600000,11.008355568242273,551209147.5531678,2022-11-03
1099,1667520000000,14.653578248284736,728926781.3238899,2022-11-04
1100,1667606400000,15.009897690071597,743751311.3805454,2022-11-05
1101,1667692800000,14.938021226893047,751102785.3024226,2022-11-06
1102,1667779200000,14.17798204560193,710912909.5294688,2022-11-07
1103,1667865600000,13.66827602397449,683902633.5755451,2022-11-08
1104,1667952000000,11.746877102605037,592519410.0398328,2022-11-09
1105,1668038400000,8.858758192171246,443745645.86087924,2022-11-10
1106,1668124800000,10.589027559980508,530349237.78703105,2022-11-11
1107,1668211200000,9.651584171300646,481618805.34171987,2022-11-12
1108,1668297600000,8.984701375081935,449378353.9052058,2022-11-13
1109,1668384000000,8.649220215356436,432505774.82004756,2022-11-14
1110,1668470400000,9.023188963206916,452469749.0932168,2022-11-15
1111,1668556800000,9.362480980219887,469318734.0800336,2022-11-16
1112,1668643200000,9.461415615571854,473161175.45359594,2022-11-17
1113,1668729600000,9.927391948654794,497812253.8992764,2022-11-18
1114,1668816000000,10.245273541575104,513184598.9060325,2022-11-19
1115,1668902400000,10.410750426226581,521829661.85954,2022-11-20
