,Time,open,mktcap,Date
0,1642377600000,0.29316459082563484,0.0,2022-01-17
1,1642464000000,0.29316459082563484,0.0,2022-01-18
2,1642550400000,0.18052368241074737,0.0,2022-01-19
3,1642636800000,0.1654012781088174,0.0,2022-01-20
4,1642723200000,0.13937913123743867,0.0,2022-01-21
5,1642809600000,0.10705001991224036,0.0,2022-01-22
6,1642896000000,0.10291789993859489,0.0,2022-01-23
7,1642982400000,0.10070435947177082,0.0,2022-01-24
8,1643068800000,0.0944388597773169,0.0,2022-01-25
9,1643155200000,0.08724320427728056,0.0,2022-01-26
10,1643241600000,0.09463641643866835,0.0,2022-01-27
11,1643328000000,0.09457736361549386,0.0,2022-01-28
12,1643414400000,0.11385168712417121,0.0,2022-01-29
13,1643500800000,0.12004777228288709,189160161.2155589,2022-01-30
14,1643587200000,0.12348476677669355,195151813.0618658,2022-01-31
15,1643673600000,0.1213016982691809,192151451.400915,2022-02-01
16,1643760000000,0.13183327350562918,204890834.71979573,2022-02-02
17,1643846400000,0.11973240335252858,186130052.8120919,2022-02-03
18,1643932800000,0.11980642701370492,186371455.22524467,2022-02-04
19,1644019200000,0.12487474884879735,193472501.56773838,2022-02-05
20,1644105600000,0.1288253466039615,200637592.41052148,2022-02-06
21,1644192000000,0.1274940811231011,198169975.3453825,2022-02-07
22,1644278400000,0.13304683713749635,207205289.57762948,2022-02-08
23,1644364800000,0.12410298059495602,193322285.8969113,2022-02-09
24,1644451200000,0.12814129293456714,199479045.94762143,2022-02-10
25,1644537600000,0.12483012132925561,194139286.9645511,2022-02-11
26,1644624000000,0.11713133720811458,182780652.43367165,2022-02-12
27,1644710400000,0.11667445643041564,182267383.63162166,2022-02-13
28,1644796800000,0.11802973419921785,184158082.3181983,2022-02-14
29,1644883200000,0.11423595749068596,178427567.81703898,2022-02-15
30,1644969600000,0.12045726236712904,188520950.5013612,2022-02-16
31,1645056000000,0.116542761250606,182140274.91652513,2022-02-17
32,1645142400000,0.12469177393885755,194945198.84344855,2022-02-18
33,1645228800000,0.14058927484457975,219901694.9174745,2022-02-19
34,1645315200000,0.13541807243350448,211745339.20026356,2022-02-20
35,1645401600000,0.12724111956598136,199316202.35540086,2022-02-21
36,1645488000000,0.13146177506938153,206327475.7013476,2022-02-22
37,1645574400000,0.13921320048978095,217865342.58417696,2022-02-23
38,1645660800000,0.1451735661455683,227568329.99868143,2022-02-24
39,1645747200000,0.1282329932316106,201254698.19881687,2022-02-25
40,1645833600000,0.13892663883933914,218151385.8899189,2022-02-26
41,1645920000000,0.1388109721097394,218134014.08906567,2022-02-27
42,1646006400000,0.1394705425142633,218734725.42651287,2022-02-28
43,1646092800000,0.13120045832049002,205883198.08725786,2022-03-01
44,1646179200000,0.1223379032960651,191522864.5694288,2022-03-02
45,1646265600000,0.11652313622934915,184745722.5603704,2022-03-03
46,1646352000000,0.11740996863665736,186670274.19145948,2022-03-04
47,1646438400000,0.10437644736166667,165740076.13899627,2022-03-05
48,1646524800000,0.10466299476075902,166378459.5283468,2022-03-06
49,1646611200000,0.10060410716097948,165143512.56691563,2022-03-07
50,1646697600000,0.10025813799758003,169978881.76009837,2022-03-08
51,1646784000000,0.10003023449141342,200024037.80365825,2022-03-09
52,1646870400000,0.10496806547326834,209477597.40143567,2022-03-10
53,1646956800000,0.1079321907576738,214363794.23991203,2022-03-11
54,1647043200000,0.11118136594891742,221297325.82788503,2022-03-12
55,1647129600000,0.10898388723334237,218378676.8142032,2022-03-13
56,1647216000000,0.10518624863062298,210311407.00111955,2022-03-14
57,1647302400000,0.1034846843059383,206868744.67922893,2022-03-15
58,1647388800000,0.10123977966980453,202478706.9722424,2022-03-16
59,1647475200000,0.10544420373555533,207621863.58943212,2022-03-17
60,1647561600000,0.10859703554881327,219666851.03303924,2022-03-18
61,1647648000000,0.10441505578718163,211486423.59475955,2022-03-19
62,1647734400000,0.10913044927976343,224697798.6946181,2022-03-20
63,1647820800000,0.10515143134611174,216577851.26745355,2022-03-21
64,1647907200000,0.10325950342862261,213870433.24583104,2022-03-22
65,1647993600000,0.10499992104928393,217412476.13794446,2022-03-23
66,1648080000000,0.10644191566424901,220280483.74355686,2022-03-24
67,1648166400000,0.11383277204535637,235922321.29814732,2022-03-25
68,1648252800000,0.10987085403543635,227795613.1898917,2022-03-26
69,1648339200000,0.11174815216225684,232241609.02336758,2022-03-27
70,1648425600000,0.11261035207973225,233066099.18001208,2022-03-28
71,1648512000000,0.12469846322437472,258950648.69658178,2022-03-29
72,1648598400000,0.13988356206858105,290282852.29912066,2022-03-30
73,1648684800000,0.1521580011516896,313093133.96046793,2022-03-31
74,1648771200000,0.17284508173915622,357397774.2658552,2022-04-01
75,1648857600000,0.27116669121353515,528025992.0458315,2022-04-02
76,1648944000000,0.2355070044462364,497245081.8896588,2022-04-03
77,1649030400000,0.21606590479355117,448529086.3850476,2022-04-04
78,1649116800000,0.23017359839338533,478407226.40887797,2022-04-05
79,1649203200000,0.22088934974913263,460357748.525135,2022-04-06
80,1649289600000,0.21192069707221214,441145823.4960031,2022-04-07
81,1649376000000,0.23552184264108197,490628566.7094912,2022-04-08
82,1649462400000,0.2327726480439086,566805459.9824514,2022-04-09
83,1649548800000,0.26936037376138305,656643941.6359941,2022-04-10
84,1649635200000,0.30893155812199485,817110148.2375163,2022-04-11
85,1649721600000,0.2598935376578075,683058489.3689654,2022-04-12
86,1649808000000,0.26397961983610996,695401500.9191613,2022-04-13
87,1649894400000,0.26474225601275625,366123668.7425504,2022-04-14
88,1649980800000,0.24841164406656804,767597940.6556673,2022-04-15
89,1650067200000,0.24311538872767904,751042900.8821695,2022-04-16
90,1650153600000,0.24288138343137478,751269007.034838,2022-04-17
91,1650240000000,0.21992182168645283,680483666.1241951,2022-04-18
92,1650326400000,0.22987728283069378,708206929.125265,2022-04-19
93,1650412800000,0.2197936713268015,681063481.0035608,2022-04-20
94,1650499200000,0.21437509982582306,662040318.6054615,2022-04-21
95,1650585600000,0.21324882499384293,565769455.731412,2022-04-22
96,1650672000000,0.20654215018915162,546838033.1376992,2022-04-23
97,1650758400000,0.19187550204631496,508762761.45953536,2022-04-24
98,1650844800000,0.18524212239987836,492960409.95333534,2022-04-25
99,1650931200000,0.17532406919345994,463721287.4145551,2022-04-26
100,1651017600000,0.15897807994125285,421377827.5231459,2022-04-27
101,1651104000000,0.1524762819509903,508545461.66091913,2022-04-28
102,1651190400000,0.15666248323886287,512574391.6508038,2022-04-29
103,1651276800000,0.14384522014021264,478020106.147268,2022-04-30
104,1651363200000,0.13485397002203417,456495086.094503,2022-05-01
105,1651449600000,0.1376616733541697,466718060.54110545,2022-05-02
106,1651536000000,0.14020183253154478,476830092.27514416,2022-05-03
107,1651622400000,0.15144391527352785,510932692.2909001,2022-05-04
108,1651708800000,0.16777135895050346,570615578.1389784,2022-05-05
109,1651795200000,0.14147886844890656,481286740.312967,2022-05-06
110,1651881600000,0.14092158433422416,479876164.5833761,2022-05-07
111,1651968000000,0.13351153032579632,455179957.68791825,2022-05-08
112,1652054400000,0.12573540442497136,428018591.9217839,2022-05-09
113,1652140800000,0.10240122205899554,352571406.22157514,2022-05-10
114,1652227200000,0.1065506315358146,363068373.6979937,2022-05-11
115,1652313600000,0.05991556982717196,212362830.68317378,2022-05-12
116,1652400000000,0.06456907004460195,221083786.62810865,2022-05-13
117,1652486400000,0.0705893428980092,240465449.6861089,2022-05-14
118,1652572800000,0.07208908958179946,242860171.738085,2022-05-15
119,1652659200000,0.07408510151592734,251236239.8901267,2022-05-16
120,1652745600000,0.06765886140784308,230386885.61285785,2022-05-17
121,1652832000000,0.07148366372242448,243660467.03761354,2022-05-18
122,1652918400000,0.05987553352258036,204150261.2949199,2022-05-19
123,1653004800000,0.060761208285468014,206854616.1025102,2022-05-20
124,1653091200000,0.05716157253687911,196727623.80403656,2022-05-21
125,1653177600000,0.057324579958104,195369207.09192848,2022-05-22
126,1653264000000,0.05869884741531113,200803356.2633732,2022-05-23
127,1653350400000,0.05538864730949676,188677350.2289868,2022-05-24
128,1653436800000,0.07101051072483593,240972579.16537872,2022-05-25
129,1653523200000,0.06619241104093718,226419453.95119515,2022-05-26
130,1653609600000,0.0600810767875693,205752715.9955201,2022-05-27
131,1653696000000,0.05363850342487107,183076352.07123512,2022-05-28
132,1653782400000,0.058209134308355365,198813052.25603163,2022-05-29
133,1653868800000,0.057672508834224645,197099695.04791,2022-05-30
134,1653955200000,0.06612798488550843,221208909.81865272,2022-05-31
135,1654041600000,0.06544571870051503,219874206.34533435,2022-06-01
136,1654128000000,0.06082250338575403,204070124.16824332,2022-06-02
137,1654214400000,0.06345227346818347,212806614.7957452,2022-06-03
138,1654300800000,0.05958758903006105,199586888.37188688,2022-06-04
139,1654387200000,0.062261176646743806,208091232.63579258,2022-06-05
140,1654473600000,0.06066237209751898,204834671.1291668,2022-06-06
141,1654560000000,0.06275828889798624,212961496.65964472,2022-06-07
142,1654646400000,0.06180405987741972,209955729.60755557,2022-06-08
143,1654732800000,0.060267857049056794,201858618.565649,2022-06-09
144,1654819200000,0.05980102077237203,201856274.076514,2022-06-10
145,1654905600000,0.05348802556302955,180625657.26287207,2022-06-11
146,1654992000000,0.050293815281577385,169649254.44295865,2022-06-12
147,1655078400000,0.04986562416862339,169513159.40295643,2022-06-13
148,1655164800000,0.047328861457330125,158168154.6740988,2022-06-14
149,1655251200000,0.04708895496415452,158185452.55131325,2022-06-15
150,1655337600000,0.04920713823945718,165920852.2961451,2022-06-16
151,1655424000000,0.04342429201900881,146785345.62584686,2022-06-17
152,1655510400000,0.04580016981344657,178381754.72520596,2022-06-18
153,1655596800000,0.04426455594621081,172076059.83003682,2022-06-19
154,1655683200000,0.04617581903541163,179692320.75138342,2022-06-20
155,1655769600000,0.04753539050883562,184712767.42960736,2022-06-21
156,1655856000000,0.04725267011163302,183711663.36061156,2022-06-22
157,1655942400000,0.044264324494897214,172590406.0295787,2022-06-23
158,1656028800000,0.046907470456829276,182656586.388037,2022-06-24
159,1656115200000,0.04877794209984516,191095394.0015255,2022-06-25
160,1656201600000,0.04890907729165732,189815006.99604237,2022-06-26
161,1656288000000,0.04863091804390746,189851650.5199091,2022-06-27
162,1656374400000,0.05216203111063599,203215287.2203856,2022-06-28
163,1656460800000,0.04665274655482619,181545121.6185495,2022-06-29
164,1656547200000,0.04533789108893541,177077723.02187073,2022-06-30
165,1656633600000,0.043937619092767735,170388106.32076573,2022-07-01
166,1656720000000,0.04268145444197185,166426971.9487775,2022-07-02
167,1656806400000,0.04293800143201427,167244200.1494548,2022-07-03
168,1656892800000,0.04270536465390874,166508139.89608046,2022-07-04
169,1656979200000,0.0443520328143083,172783440.15332338,2022-07-05
170,1657065600000,0.04269424458207061,166299378.89804128,2022-07-06
171,1657152000000,0.043776230096836,172544010.08875299,2022-07-07
172,1657238400000,0.04552732844457343,179862165.49384692,2022-07-08
173,1657324800000,0.045093309896184465,177677008.99221468,2022-07-09
174,1657411200000,0.045220428612000894,179146498.53078857,2022-07-10
175,1657497600000,0.04295517807877268,169883921.2960904,2022-07-11
176,1657584000000,0.04015232683738674,158855125.85422224,2022-07-12
177,1657670400000,0.0401785386710862,159553769.24127227,2022-07-13
178,1657756800000,0.0424760750699469,168153624.4902539,2022-07-14
179,1657843200000,0.04237284102271951,168319347.09102833,2022-07-15
180,1657929600000,0.041214770590938685,163181116.9937154,2022-07-16
181,1658016000000,0.04278336883194224,169753716.081457,2022-07-17
182,1658102400000,0.04135124404549228,164649806.1102638,2022-07-18
183,1658188800000,0.043961142181189176,173874273.33764416,2022-07-19
184,1658275200000,0.04655512763855487,169103839.06629404,2022-07-20
185,1658361600000,0.04229086689817945,158962022.23286262,2022-07-21
186,1658448000000,0.044417222210177854,167066516.73346916,2022-07-22
187,1658534400000,0.04337047990486052,162963218.76974097,2022-07-23
188,1658620800000,0.04334842976629147,162448637.25002095,2022-07-24
189,1658707200000,0.04402796083157232,167222404.60507065,2022-07-25
190,1658793600000,0.04094324563542935,151967035.89964345,2022-07-26
191,1658880000000,0.0410406135258797,152482469.5767304,2022-07-27
192,1658966400000,0.04349837619613721,161493970.37826777,2022-07-28
193,1659052800000,0.04422523477039347,163484079.8770312,2022-07-29
194,1659139200000,0.04544976755947398,170453026.1325554,2022-07-30
195,1659225600000,0.045250827889422376,167714325.42928436,2022-07-31
196,1659312000000,0.047825261247790435,177687481.15189674,2022-08-01
197,1659398400000,0.048400812714739824,178703170.68248087,2022-08-02
198,1659484800000,0.04627498693678591,173131541.92913386,2022-08-03
199,1659571200000,0.04577438621100676,169808579.7030411,2022-08-04
200,1659657600000,0.04832383557853603,178906009.89151722,2022-08-05
201,1659744000000,0.04929746574820877,184044578.8300638,2022-08-06
202,1659830400000,0.050549395092890394,189422615.1438617,2022-08-07
203,1659916800000,0.05145300715848568,192939975.40402097,2022-08-08
204,1660003200000,0.05163416229649771,193164854.73952335,2022-08-09
205,1660089600000,0.0473735007721668,177925397.80704722,2022-08-10
206,1660176000000,0.049609924026055824,186016929.41960302,2022-08-11
207,1660262400000,0.04914333577470815,183887293.90236083,2022-08-12
208,1660348800000,0.05021346485464695,188543743.3407424,2022-08-13
209,1660435200000,0.050119305704067245,188455455.0633617,2022-08-14
210,1660521600000,0.0468965777183621,175608929.29667702,2022-08-15
211,1660608000000,0.04509498972989091,169362808.6291519,2022-08-16
212,1660694400000,0.044721229154779905,168016408.35491633,2022-08-17
213,1660780800000,0.04256501694987642,159818578.01449507,2022-08-18
214,1660867200000,0.04278909883888784,160578768.81537345,2022-08-19
215,1660953600000,0.04011642250343721,150812985.09919655,2022-08-20
216,1661040000000,0.04033694703306205,151253107.98831266,2022-08-21
217,1661126400000,0.041111971086802666,154441339.35566282,2022-08-22
218,1661212800000,0.04079195716284449,153356716.34056547,2022-08-23
219,1661299200000,0.040560359614156334,152387381.79245058,2022-08-24
220,1661385600000,0.04029128883524425,151203086.55398262,2022-08-25
221,1661472000000,0.040350943261491405,151722548.86868057,2022-08-26
222,1661558400000,0.03761074437009911,141204665.23505658,2022-08-27
223,1661644800000,0.03697354603878673,138840596.13990238,2022-08-28
224,1661731200000,0.03518216936155579,132623405.53869228,2022-08-29
225,1661817600000,0.03727535079054973,138925702.3131196,2022-08-30
226,1661904000000,0.03590849465464722,133400403.32592584,2022-08-31
227,1661990400000,0.03574863863433451,130991789.17863649,2022-09-01
228,1662076800000,0.03672682881501724,134514028.79082382,2022-09-02
229,1662163200000,0.03609121706073859,132220300.34174246,2022-09-03
230,1662249600000,0.03567740135079909,130854821.53823607,2022-09-04
231,1662336000000,0.03656961382605067,134626069.27381974,2022-09-05
232,1662422400000,0.03655767473893881,135679449.58741617,2022-09-06
233,1662508800000,0.03533872816572859,130979043.74863318,2022-09-07
234,1662595200000,0.03541201243245489,131727672.10680625,2022-09-08
235,1662681600000,0.03523602636936882,130748085.75803451,2022-09-09
236,1662768000000,0.03770329282634541,139477563.9108977,2022-09-10
237,1662854400000,0.03812725020126251,141275097.18111953,2022-09-11
238,1662940800000,0.037454957995685004,138865568.12718484,2022-09-12
239,1663027200000,0.04049811744108941,148779087.81128618,2022-09-13
240,1663113600000,0.04122019817462856,150891429.87004817,2022-09-14
241,1663200000000,0.03903966225261176,144483279.81061077,2022-09-15
242,1663286400000,0.0363080863580144,133756661.21604489,2022-09-16
243,1663372800000,0.03680449402014198,136865472.31160167,2022-09-17
244,1663459200000,0.037698858196488064,140109724.48145065,2022-09-18
245,1663545600000,0.0353135628933944,126972798.82592368,2022-09-19
246,1663632000000,0.03553171017936489,128016257.01533756,2022-09-20
247,1663718400000,0.03510849092744847,126870391.30286829,2022-09-21
248,1663804800000,0.03478715745637287,125369487.1277397,2022-09-22
249,1663891200000,0.04022956947572831,143279400.65877873,2022-09-23
250,1663977600000,0.039687437942917604,143098379.29077092,2022-09-24
251,1664064000000,0.03953101255560823,142443600.65758598,2022-09-25
252,1664150400000,0.041356256988349015,147244491.55511096,2022-09-26
253,1664236800000,0.04220070973265352,152397937.67695048,2022-09-27
254,1664323200000,0.04054817760196181,146401815.07966584,2022-09-28
255,1664409600000,0.039175720443108214,141387643.61589354,2022-09-29
256,1664496000000,0.038773519426461484,140284902.56566504,2022-09-30
257,1664582400000,0.03756974123401334,135722807.8125889,2022-10-01
258,1664668800000,0.037123399378941276,133797322.59487216,2022-10-02
259,1664755200000,0.03673252905655182,132307381.41902563,2022-10-03
260,1664841600000,0.03754083562767749,136302487.35377246,2022-10-04
261,1664928000000,0.038009942622386425,137443736.84846523,2022-10-05
262,1665014400000,0.0372083476559718,134652151.5785107,2022-10-06
263,1665100800000,0.03660007903579901,132526815.64079672,2022-10-07
264,1665187200000,0.037050075235650654,134256732.25534552,2022-10-08
265,1665273600000,0.0368800522666182,133661356.8033879,2022-10-09
266,1665360000000,0.03701555037004622,133774437.71483232,2022-10-10
267,1665446400000,0.03595345932107934,130275146.72201696,2022-10-11
268,1665532800000,0.035045644063596185,126682276.81934065,2022-10-12
269,1665619200000,0.03503066019948994,126727637.58902223,2022-10-13
270,1665705600000,0.03442565508747643,124594333.21173634,2022-10-14
271,1665792000000,0.034439446000369,124635585.87049422,2022-10-15
272,1665878400000,0.03663047768105208,132966492.85964185,2022-10-16
273,1665964800000,0.03640416442352474,131927567.33428867,2022-10-17
274,1666051200000,0.03644817742164267,132074157.84116034,2022-10-18
275,1666137600000,0.037620669160754724,136267823.69172454,2022-10-19
276,1666224000000,0.03663811301766306,133018907.48006174,2022-10-20
277,1666310400000,0.03600767881274442,132366837.93489528,2022-10-21
278,1666396800000,0.03688694040685943,135328960.5191574,2022-10-22
279,1666483200000,0.036469030232412714,134068453.76116627,2022-10-23
280,1666569600000,0.03663713651247868,134808238.72799656,2022-10-24
281,1666656000000,0.035759550421853685,131561916.03474508,2022-10-25
282,1666742400000,0.036549714975874295,134618949.81105432,2022-10-26
283,1666828800000,0.037576374739111774,138087506.38418505,2022-10-27
284,1666915200000,0.036079132859719046,132864764.15764782,2022-10-28
285,1667001600000,0.036901951021623774,135785008.44453004,2022-10-29
286,1667088000000,0.036772504103651855,135293149.68779644,2022-10-30
287,1667174400000,0.03659072050403795,134822353.44081378,2022-10-31
288,1667260800000,0.03904055749649578,143875833.05873227,2022-11-01
289,1667347200000,0.04106076176831346,151391158.7979726,2022-11-02
290,1667433600000,0.03996311658085278,147215021.15018684,2022-11-03
291,1667520000000,0.044311123922117564,163464333.9807966,2022-11-04
292,1667606400000,0.04414784340712848,163435263.4648577,2022-11-05
293,1667692800000,0.04341796815583075,160640863.52116108,2022-11-06
294,1667779200000,0.04426724287683223,163358598.34505123,2022-11-07
295,1667865600000,0.046791749405716274,172770051.73391005,2022-11-08
296,1667952000000,0.042810292070337916,158384059.0429377,2022-11-09
297,1668038400000,0.03592691317466198,131707823.38317001,2022-11-10
298,1668124800000,0.040456239630903224,153205927.43483266,2022-11-11
299,1668211200000,0.03908658022802887,144121744.33979294,2022-11-12
300,1668297600000,0.03634240428641519,134640982.73134065,2022-11-13
301,1668384000000,0.03628056430138916,133930240.0771521,2022-11-14
302,1668470400000,0.03642144992917852,135057680.0020242,2022-11-15
303,1668556800000,0.03663972458496648,135666603.36115614,2022-11-16
304,1668643200000,0.03590131412382553,132926558.54740985,2022-11-17
305,1668729600000,0.036272150615518875,136577547.74713302,2022-11-18
306,1668816000000,0.036506298818259446,138453704.32913616,2022-11-19
307,1668902400000,0.03618761402633617,137190723.23996052,2022-11-20
