,Time,open,mktcap,Date
0,1603411200000,0.18334825696166843,4700954.30627261,2020-10-23
1,1603497600000,0.18334825696166843,4700954.30627261,2020-10-24
2,1603584000000,0.23280859176303623,6990408.019303753,2020-10-25
3,1603670400000,0.18397000528959703,10859560.967558594,2020-10-26
4,1603756800000,0.16612360963439302,10171927.376544872,2020-10-27
5,1603843200000,0.159571759581303,9866077.680705106,2020-10-28
6,1603929600000,0.1147182132351586,7254083.742920392,2020-10-29
7,1604016000000,0.09996735418966364,6457209.015579654,2020-10-30
8,1604102400000,0.12135930331190346,7845591.914568501,2020-10-31
9,1604188800000,0.11149841994180781,7141834.919999196,2020-11-01
10,1604275200000,0.10064570831016209,6409489.307257783,2020-11-02
11,1604361600000,0.09340335276959019,6004013.633962245,2020-11-03
12,1604448000000,0.08226845981200381,5311930.1312013045,2020-11-04
13,1604534400000,0.09964318274083543,6442883.877090292,2020-11-05
14,1604620800000,0.09332103350170096,6073537.195375985,2020-11-06
15,1604707200000,0.09954323375827276,6504670.398474009,2020-11-07
16,1604793600000,0.10126415016068378,6643044.253138879,2020-11-08
17,1604880000000,0.12673808358555136,8309366.8283565845,2020-11-09
18,1604966400000,0.124429801368005,8201703.745861924,2020-11-10
19,1605052800000,0.1410531859805141,9380209.38541947,2020-11-11
20,1605139200000,0.13130975403587442,8551681.19077706,2020-11-12
21,1605225600000,0.15180266268641057,10102408.16953143,2020-11-13
22,1605312000000,0.1505086162725417,9942679.01183119,2020-11-14
23,1605398400000,0.1298445950760204,8589888.45859434,2020-11-15
24,1605484800000,0.14055005187121344,9542816.411540741,2020-11-16
25,1605571200000,0.14217024118094956,9397711.090227408,2020-11-17
26,1605657600000,0.18072305349781903,12081809.187750043,2020-11-18
27,1605744000000,0.1509510367379219,10422226.757029183,2020-11-19
28,1605830400000,0.13945133704441506,9718732.9640247,2020-11-20
29,1605916800000,0.13784371431981682,9690890.427934429,2020-11-21
30,1606003200000,0.1349321137250755,9511207.32773476,2020-11-22
31,1606089600000,0.12774988149847208,9062990.863360371,2020-11-23
32,1606176000000,0.135121465758432,9488112.251618352,2020-11-24
33,1606262400000,0.12408164949654713,8765708.899659766,2020-11-25
34,1606348800000,0.12062498198452477,8544187.20361799,2020-11-26
35,1606435200000,0.10019207910915834,7141116.09246017,2020-11-27
36,1606521600000,0.12760424538762397,9070651.258625967,2020-11-28
37,1606608000000,0.13283987551336424,9411125.022847349,2020-11-29
38,1606694400000,0.13007530560387673,9178393.076981537,2020-11-30
39,1606780800000,0.12484783472037397,8918875.1560886,2020-12-01
40,1606867200000,0.12463849838400169,8881607.543476613,2020-12-02
41,1606953600000,0.1389009889811644,10062009.819920827,2020-12-03
42,1607040000000,0.14016766792366317,9975262.567682369,2020-12-04
43,1607126400000,0.1341024086402885,9334863.19289131,2020-12-05
44,1607212800000,0.15321637873822458,10664933.215779202,2020-12-06
45,1607299200000,0.15728661796435628,10927655.022660645,2020-12-07
46,1607385600000,0.16481372126084334,11952788.005740877,2020-12-08
47,1607472000000,0.19211914000007652,13546000.311872084,2020-12-09
48,1607558400000,0.18545364495160913,13420009.20000882,2020-12-10
49,1607644800000,0.16529024334551148,11923154.13738227,2020-12-11
50,1607731200000,0.16364307562165012,11833887.621840065,2020-12-12
51,1607817600000,0.16667376957035357,12038729.788038792,2020-12-13
52,1607904000000,0.17366213487322607,12569602.052314626,2020-12-14
53,1607990400000,0.16912841215270943,12230795.54027085,2020-12-15
54,1608076800000,0.17293537792509625,12718433.512798764,2020-12-16
55,1608163200000,0.2094057874509421,35503987.63017209,2020-12-17
56,1608249600000,0.23297010067857635,42965891.04410689,2020-12-18
57,1608336000000,0.2147768367486884,32915425.95428215,2020-12-19
58,1608422400000,0.20442961643873295,31299066.643172134,2020-12-20
59,1608508800000,0.18662780328194517,28717542.18754829,2020-12-21
60,1608595200000,0.17056193630662594,26193032.48953649,2020-12-22
61,1608681600000,0.1851941271325564,28374115.887415994,2020-12-23
62,1608768000000,0.15668364885291813,24043515.655118734,2020-12-24
63,1608854400000,0.15859627984031435,24250471.981671687,2020-12-25
64,1608940800000,0.14699795891367787,22493656.790948667,2020-12-26
65,1609027200000,0.14564768958811536,22277897.469155375,2020-12-27
66,1609113600000,0.184785651828424,28362529.465341087,2020-12-28
67,1609200000000,0.1687924177066194,25923840.948878672,2020-12-29
68,1609286400000,0.1617297469971952,24944935.130514394,2020-12-30
69,1609372800000,0.1497128595653725,23053274.536709957,2020-12-31
70,1609459200000,0.15381735719642192,23589372.04564352,2021-01-01
71,1609545600000,0.15927279778748638,24445043.64846392,2021-01-02
72,1609632000000,0.15754761078302956,24105936.596964236,2021-01-03
73,1609718400000,0.16051407981423307,25049298.50740933,2021-01-04
74,1609804800000,0.15047308888413968,23030905.496625874,2021-01-05
75,1609891200000,0.15639801778271342,24050516.126129918,2021-01-06
76,1609977600000,0.16806473598372423,25762603.01843664,2021-01-07
77,1610064000000,0.17561482222843441,27238166.77308222,2021-01-08
78,1610150400000,0.19074194051957447,28962904.061218444,2021-01-09
79,1610236800000,0.183645900533568,28758008.11889734,2021-01-10
80,1610323200000,0.19395913935947534,29705374.932997316,2021-01-11
81,1610409600000,0.1722843626090588,26506091.900256902,2021-01-12
82,1610496000000,0.16896578108655974,25998890.042880986,2021-01-13
83,1610582400000,0.17585829687578655,26973157.06292725,2021-01-14
84,1610668800000,0.17471436551157252,26493091.968617707,2021-01-15
85,1610755200000,0.1842286040035112,28323735.660909988,2021-01-16
86,1610841600000,0.18833922902041564,29118501.047351506,2021-01-17
87,1610928000000,0.18267656313844982,28040346.504201468,2021-01-18
88,1611014400000,0.20846693964683308,31929313.82148495,2021-01-19
89,1611100800000,0.19595751976612363,30014216.29811386,2021-01-20
90,1611187200000,0.18618785335501084,28677894.461064998,2021-01-21
91,1611273600000,0.20863049572490344,32500342.61660901,2021-01-22
92,1611360000000,0.21488612499192344,32885748.935349867,2021-01-23
93,1611446400000,0.2043355906734927,31289356.643577795,2021-01-24
94,1611532800000,0.20650563989077347,31594948.121353988,2021-01-25
95,1611619200000,0.1969636385233897,30338660.3756927,2021-01-26
96,1611705600000,0.24795157140891136,37613492.48559066,2021-01-27
97,1611792000000,0.21755462200833445,33387525.037333045,2021-01-28
98,1611878400000,0.22269648300565797,34164722.3006374,2021-01-29
99,1611964800000,0.2077816927950357,31984078.33622407,2021-01-30
100,1612051200000,0.21392735802154678,32917092.18984343,2021-01-31
101,1612137600000,0.2120350920545128,32521956.270725597,2021-02-01
102,1612224000000,0.21232377253331722,32668844.30854043,2021-02-02
103,1612310400000,0.2138329379132692,32826531.38984637,2021-02-03
104,1612396800000,0.22542509798802454,34601883.252875924,2021-02-04
105,1612483200000,0.24941866478562721,38473901.46288158,2021-02-05
106,1612569600000,0.274749066937073,41562277.34226507,2021-02-06
107,1612656000000,0.24922852192312103,38268448.75098203,2021-02-07
108,1612742400000,0.2921499882386779,44956374.558520794,2021-02-08
109,1612828800000,0.29857612359502717,45867715.85996547,2021-02-09
110,1612915200000,0.32183599223586845,49315476.60841151,2021-02-10
111,1613001600000,0.38364527405946036,58594945.46179438,2021-02-11
112,1613088000000,0.38965665004705635,59979768.74966123,2021-02-12
113,1613174400000,0.3987890369027326,61811001.07603975,2021-02-13
114,1613260800000,0.39994731182603116,61343944.81483476,2021-02-14
115,1613347200000,0.3575433498634889,54911363.109373845,2021-02-15
116,1613433600000,0.3541257888412568,54356366.635568745,2021-02-16
117,1613520000000,0.34738719530835016,53158816.34058971,2021-02-17
118,1613606400000,0.35666518067767,54757680.94891139,2021-02-18
119,1613692800000,0.4469552419854406,68518134.88645294,2021-02-19
120,1613779200000,0.46001399711991514,70426359.1446395,2021-02-20
121,1613865600000,0.4110634368916287,62854509.264896005,2021-02-21
122,1613952000000,0.42478010397871374,65034514.16246929,2021-02-22
123,1614038400000,0.4128147891015644,63317559.319936864,2021-02-23
124,1614124800000,0.3855387222241585,58900430.720123395,2021-02-24
125,1614211200000,0.4264462854097648,65275537.895927094,2021-02-25
126,1614297600000,0.46488635858122357,71066478.85323521,2021-02-26
127,1614384000000,0.4590776806166928,69885922.10309823,2021-02-27
128,1614470400000,0.4071739165007327,62432374.03046407,2021-02-28
129,1614556800000,0.37763734629727996,58171954.77873414,2021-03-01
130,1614643200000,0.4051702453363968,62350093.747061715,2021-03-02
131,1614729600000,0.4559885811471266,69899291.05868314,2021-03-03
132,1614816000000,0.49811204478269006,75934634.02666697,2021-03-04
133,1614902400000,0.5896210188130323,90398292.45150962,2021-03-05
134,1614988800000,0.6040082587380834,93054252.67759272,2021-03-06
135,1615075200000,1.0291116168826604,158217896.80280912,2021-03-07
136,1615161600000,0.8833984427519859,135816129.88983586,2021-03-08
137,1615248000000,0.9390099065028685,143355907.49086863,2021-03-09
138,1615334400000,1.1012502134523334,170765294.41556147,2021-03-10
139,1615420800000,1.0133875285336198,155640545.99170342,2021-03-11
140,1615507200000,1.0697798151482705,166061572.79292464,2021-03-12
141,1615593600000,1.0081793615652563,153753609.28879103,2021-03-13
142,1615680000000,1.4629501014753146,225362654.680115,2021-03-14
143,1615766400000,1.4186276932498518,216996062.2281853,2021-03-15
144,1615852800000,1.791086693714497,283914014.6313531,2021-03-16
145,1615939200000,1.737609051516565,265860645.44060078,2021-03-17
146,1616025600000,1.6392633503601477,251024760.49040973,2021-03-18
147,1616112000000,1.5117151361381242,232549755.421054,2021-03-19
148,1616198400000,1.5459995112568914,237913796.8711447,2021-03-20
149,1616284800000,1.4028606065429376,215557468.63227868,2021-03-21
150,1616371200000,1.5593626496845416,238665856.6849822,2021-03-22
151,1616457600000,1.7711462549023322,275025207.147996,2021-03-23
152,1616544000000,1.871483660738612,286523035.2817877,2021-03-24
153,1616630400000,2.047636111896381,320546915.6523149,2021-03-25
154,1616716800000,2.402518422564888,363676554.4655078,2021-03-26
155,1616803200000,2.9840067499383056,463769144.633607,2021-03-27
156,1616889600000,4.030578181657164,626313633.6745366,2021-03-28
157,1616976000000,3.6651030436077887,558187637.4992386,2021-03-29
158,1617062400000,3.3153508735302997,508559690.68742937,2021-03-30
159,1617148800000,3.446774479407421,520244611.3775032,2021-03-31
160,1617235200000,3.1450131829721184,488809484.25153315,2021-04-01
161,1617321600000,3.1289941966141663,479196931.89706045,2021-04-02
162,1617408000000,3.1552072662733694,481393366.9463732,2021-04-03
163,1617494400000,3.0857368793572153,473212269.9957142,2021-04-04
164,1617580800000,3.056657904607612,469797503.7504759,2021-04-05
165,1617667200000,2.7534382718089905,419676008.78235126,2021-04-06
166,1617753600000,2.3991091732065204,367789512.077081,2021-04-07
167,1617840000000,2.4774501072721615,382524107.9953883,2021-04-08
168,1617926400000,2.428969958414394,370637546.4015649,2021-04-09
169,1618012800000,2.388094166779221,365533065.889514,2021-04-10
170,1618099200000,2.354811374717972,361040460.3598724,2021-04-11
171,1618185600000,2.2576128857295665,344889793.88245857,2021-04-12
172,1618272000000,2.6317031107240147,405263935.72205716,2021-04-13
173,1618358400000,2.629443674993746,402983243.5569117,2021-04-14
174,1618444800000,2.502699983726527,384311669.5006189,2021-04-15
175,1618531200000,2.629200445879027,402447260.5053998,2021-04-16
176,1618617600000,2.4634020823767178,377899605.6623382,2021-04-17
177,1618704000000,2.3718778848911173,364788008.6718957,2021-04-18
178,1618790400000,2.164944309045771,334954773.00374556,2021-04-19
179,1618876800000,1.9213827938954504,302958084.558346,2021-04-20
180,1618963200000,1.893527348826923,292048959.7781939,2021-04-21
181,1619049600000,1.7538117994775715,271421052.51983744,2021-04-22
182,1619136000000,1.7116797891537172,266334041.06082106,2021-04-23
183,1619222400000,1.6053935454374604,245784367.86889604,2021-04-24
184,1619308800000,1.9284024691355244,299105059.82703334,2021-04-25
185,1619395200000,1.9264256414906145,295704011.3110073,2021-04-26
186,1619481600000,2.2658923478200546,348497449.9715851,2021-04-27
187,1619568000000,2.4287438188427464,375567907.90435326,2021-04-28
188,1619654400000,2.267354693542389,347344529.1955273,2021-04-29
189,1619740800000,2.207379829808293,338164166.7561358,2021-04-30
190,1619827200000,2.2759560594606447,349033207.4062884,2021-05-01
191,1619913600000,2.6578143492428805,411001319.2185122,2021-05-02
192,1620000000000,2.702554922765103,420385734.8365409,2021-05-03
193,1620086400000,2.634141563376643,403330970.90528774,2021-05-04
194,1620172800000,2.2502335105031275,346900375.9599936,2021-05-05
195,1620259200000,2.426023743590545,372831365.31791985,2021-05-06
196,1620345600000,2.3464388579309023,361381313.57135344,2021-05-07
197,1620432000000,2.2849602577459036,349897814.2534603,2021-05-08
198,1620518400000,2.2206393948493806,339409308.6068764,2021-05-09
199,1620604800000,2.154662264818408,331049488.20681113,2021-05-10
200,1620691200000,2.0913535573303963,320593290.47893727,2021-05-11
201,1620777600000,2.14095178455737,327339029.66260713,2021-05-12
202,1620864000000,1.8028277717243697,286851713.3298776,2021-05-13
203,1620950400000,1.8035553982001107,276125240.086406,2021-05-14
204,1621036800000,1.99777391777625,306418534.9802729,2021-05-15
205,1621123200000,1.7909722898850673,275116283.5315717,2021-05-16
206,1621209600000,1.8423308655364758,280812933.01826185,2021-05-17
207,1621296000000,2.0716933118863,318630997.1257336,2021-05-18
208,1621382400000,2.004670505830365,305368772.9767745,2021-05-19
209,1621468800000,1.2786925483201181,197883201.27790374,2021-05-20
210,1621555200000,1.4018448389981306,246818474.4927649,2021-05-21
211,1621641600000,1.1896460244847138,212043797.68734112,2021-05-22
212,1621728000000,1.0959349384473864,195377160.7177813,2021-05-23
213,1621814400000,0.9301287872809343,162954204.68311206,2021-05-24
214,1621900800000,1.161959228963093,206522318.14378005,2021-05-25
215,1621987200000,1.1735167034172322,208559922.9743026,2021-05-26
216,1622073600000,1.2686016826107847,225337132.31355414,2021-05-27
217,1622160000000,1.2338138651474668,220552945.8606652,2021-05-28
218,1622246400000,1.0576759626677417,189454162.080817,2021-05-29
219,1622332800000,0.9599692024938389,174127394.7520736,2021-05-30
220,1622419200000,1.0021001875286568,180027700.9443591,2021-05-31
221,1622505600000,1.067706279284815,191502715.41026208,2021-06-01
222,1622592000000,1.108453674876647,201148820.21751866,2021-06-02
223,1622678400000,1.170085846724742,245446582.03444636,2021-06-03
224,1622764800000,1.1738248836335163,250157451.35213572,2021-06-04
225,1622851200000,1.0809060463928821,226868774.20123848,2021-06-05
226,1622937600000,1.0364494013981913,217897428.17281705,2021-06-06
227,1623024000000,1.092259624260054,228045614.4557234,2021-06-07
228,1623110400000,0.994349272257581,211700409.44775513,2021-06-08
229,1623196800000,1.0003383336902405,226020494.8169745,2021-06-09
230,1623283200000,1.0577558225398034,239119689.8803009,2021-06-10
231,1623369600000,1.0002117146890295,225495536.6357626,2021-06-11
232,1623456000000,1.0357121410798498,233517020.53957528,2021-06-12
233,1623542400000,0.989935900533425,222849971.4484618,2021-06-13
234,1623628800000,1.0304296180616133,231267816.7042493,2021-06-14
235,1623715200000,1.11998733880309,251545186.3421676,2021-06-15
236,1623801600000,1.080223794743522,244883311.71483475,2021-06-16
237,1623888000000,1.0163185887467172,229064724.31475356,2021-06-17
238,1623974400000,1.0092713650696659,222202987.40082574,2021-06-18
239,1624060800000,0.9122257661325958,205793555.83944908,2021-06-19
240,1624147200000,0.894109654777017,202395841.2764995,2021-06-20
241,1624233600000,0.8896238741537533,199745103.20582446,2021-06-21
242,1624320000000,0.7452983665584704,169031762.78016067,2021-06-22
243,1624406400000,0.6644365233752824,149817119.3846512,2021-06-23
244,1624492800000,0.7269926868400713,162093655.1322218,2021-06-24
245,1624579200000,0.7289871665135922,163693325.96504056,2021-06-25
246,1624665600000,0.6634684845365526,148980023.82892093,2021-06-26
247,1624752000000,0.7040314355899497,158006938.19425508,2021-06-27
248,1624838400000,0.7448491989159598,166853993.36285657,2021-06-28
249,1624924800000,0.7692409837674643,172295240.49369198,2021-06-29
250,1625011200000,0.797621028217526,178700279.48446912,2021-06-30
251,1625097600000,0.784406317548636,175721813.3262285,2021-07-01
252,1625184000000,0.7634396222783274,177496786.04418185,2021-07-02
253,1625270400000,0.8288120294522529,192203501.46638238,2021-07-03
254,1625356800000,0.870096606661775,201719800.6807627,2021-07-04
255,1625443200000,0.8534360277700874,198680702.53398904,2021-07-05
256,1625529600000,0.7949390410480297,184707226.41472918,2021-07-06
257,1625616000000,0.8476274637300534,196617671.99680004,2021-07-07
258,1625702400000,0.9176978370062548,212653578.76471874,2021-07-08
259,1625788800000,0.8300363689394538,192753770.23491925,2021-07-09
260,1625875200000,0.8528527712414267,197948720.83094725,2021-07-10
261,1625961600000,0.8237005156160581,191921881.9105012,2021-07-11
262,1626048000000,1.0165583168181067,238300999.30544662,2021-07-12
263,1626134400000,0.9301354464549012,216441265.1643857,2021-07-13
264,1626220800000,1.2528059397821674,293125546.1748872,2021-07-14
265,1626307200000,1.2795839914927012,302333560.83307827,2021-07-15
266,1626393600000,1.1289060245790732,264505612.00610793,2021-07-16
267,1626480000000,0.9653311186707014,226826134.51664466,2021-07-17
268,1626566400000,0.9116862329604158,214445507.52360058,2021-07-18
269,1626652800000,1.0418717336872332,247951873.13477796,2021-07-19
270,1626739200000,0.89586442433462,213865962.5646286,2021-07-20
271,1626825600000,0.8293712815698451,197364064.8680112,2021-07-21
272,1626912000000,0.9324803127335436,219819459.51984778,2021-07-22
273,1626998400000,0.9459750229211876,201961084.53236938,2021-07-23
274,1627084800000,1.002401090232001,212144849.22495565,2021-07-24
275,1627171200000,1.115616248979156,238403463.50883937,2021-07-25
276,1627257600000,1.265624245618926,270665603.5942804,2021-07-26
277,1627344000000,1.1246922525637022,239899902.44665834,2021-07-27
278,1627430400000,1.1946580624965808,255145534.0247862,2021-07-28
279,1627516800000,1.136951949856138,243471681.90986365,2021-07-29
280,1627603200000,1.1225117499426265,241279063.60151237,2021-07-30
281,1627689600000,1.1291513542616856,241720861.32043415,2021-07-31
282,1627776000000,1.1693754093887694,250423392.51617995,2021-08-01
283,1627862400000,1.1191156751001696,238839637.3611274,2021-08-02
284,1627948800000,1.126452145584829,243286095.60954434,2021-08-03
285,1628035200000,1.0777270037097408,232619637.34242645,2021-08-04
286,1628121600000,1.142139235376567,247678770.3141007,2021-08-05
287,1628208000000,1.1623825110126187,247761407.33300185,2021-08-06
288,1628294400000,1.352765156792942,294917328.1306085,2021-08-07
289,1628380800000,1.346987996493569,289133359.20969653,2021-08-08
290,1628467200000,1.2624465085270529,270466772.43124163,2021-08-09
291,1628553600000,1.355412197211558,538889386.9160295,2021-08-10
292,1628640000000,1.4718691935117212,582613669.5053059,2021-08-11
293,1628726400000,1.557982014555521,624390471.7150753,2021-08-12
294,1628812800000,1.4678316909916038,586683296.0643146,2021-08-13
295,1628899200000,1.6907367331826548,676097336.8337288,2021-08-14
296,1628985600000,1.5918513949282445,635737668.486377,2021-08-15
297,1629072000000,1.6009295627529976,640011897.4056065,2021-08-16
298,1629158400000,2.7704119160127996,994071488.1026243,2021-08-17
299,1629244800000,2.8595747248778984,1156427842.0722654,2021-08-18
300,1629331200000,3.1107916031790337,1256449456.9097054,2021-08-19
301,1629417600000,3.305706178444983,1321730599.783191,2021-08-20
302,1629504000000,3.154713499661378,1262061093.3320458,2021-08-21
303,1629590400000,2.8725319895712405,1155610767.9335353,2021-08-22
304,1629676800000,2.81515602030668,1123113869.8582191,2021-08-23
305,1629763200000,3.085295936988411,1242353967.0634432,2021-08-24
306,1629849600000,2.733194165989013,1094361706.4232736,2021-08-25
307,1629936000000,2.735416040268608,1095797252.5088313,2021-08-26
308,1630022400000,2.466666351990555,990538892.3713686,2021-08-27
309,1630108800000,2.5379780681647808,1015595457.2111841,2021-08-28
310,1630195200000,2.917678749062067,1173644540.3473332,2021-08-29
311,1630281600000,2.828382287045589,1127048324.3765562,2021-08-30
312,1630368000000,2.534253373450988,1010999400.9292064,2021-08-31
313,1630454400000,2.469011925189007,988799926.8617362,2021-09-01
314,1630540800000,2.527681251615238,1013828022.0369518,2021-09-02
315,1630627200000,2.6395435435139323,1059470158.0749031,2021-09-03
316,1630713600000,2.846999960721036,1128337381.262188,2021-09-04
317,1630800000000,2.7755358889885393,1134950329.9665697,2021-09-05
318,1630886400000,2.8626398515925318,1160102419.089886,2021-09-06
319,1630972800000,2.7113880327002344,1104380527.7924118,2021-09-07
320,1631059200000,2.093192301436982,850017466.360102,2021-09-08
321,1631145600000,2.143569076052429,878728870.866257,2021-09-09
322,1631232000000,2.4441363413168333,992675290.8899962,2021-09-10
323,1631318400000,2.2060575109267413,895120942.4715157,2021-09-11
324,1631404800000,2.2833073470421312,927772475.7081392,2021-09-12
325,1631491200000,2.3022839585865107,935979899.1246691,2021-09-13
326,1631577600000,2.153349556881207,873026551.2571183,2021-09-14
327,1631664000000,2.2011617230911016,891215284.9520159,2021-09-15
328,1631750400000,2.257799305784552,915287014.6184813,2021-09-16
329,1631836800000,2.9686180659265395,1200269374.174452,2021-09-17
330,1631923200000,2.6823986421788377,1095783184.4484208,2021-09-18
331,1632009600000,2.727876945528606,1106446162.1612785,2021-09-19
332,1632096000000,3.100918489070077,1246567905.341085,2021-09-20
333,1632182400000,2.308982636094559,932316349.6157051,2021-09-21
334,1632268800000,1.9794006739744607,801340071.0450616,2021-09-22
335,1632355200000,2.295734159790982,928844685.1882515,2021-09-23
336,1632441600000,2.2896462339686927,929735540.8220431,2021-09-24
337,1632528000000,2.124353213016024,857527353.2108495,2021-09-25
338,1632614400000,2.092014540699842,849502477.0487739,2021-09-26
339,1632700800000,2.0659452983258126,838934129.1348832,2021-09-27
340,1632787200000,2.0025741209869747,816480548.7863395,2021-09-28
341,1632873600000,1.9116879953664863,777071465.8371499,2021-09-29
342,1632960000000,1.9664770088068626,798356125.5257013,2021-09-30
343,1633046400000,2.0951162446021305,863239810.7295524,2021-10-01
344,1633132800000,2.342486610557691,964869317.1166736,2021-10-02
345,1633219200000,2.3143898311911912,952775005.6690354,2021-10-03
346,1633305600000,2.3814176676883974,981889683.5669961,2021-10-04
347,1633392000000,2.2490905677173982,927831752.0965863,2021-10-05
348,1633478400000,2.210753704176585,913752250.2738279,2021-10-06
349,1633564800000,2.154357235292175,886359374.8191904,2021-10-07
350,1633651200000,2.113511068967383,868800778.2016826,2021-10-08
351,1633737600000,2.098333890997709,864346578.3640121,2021-10-09
352,1633824000000,2.1166922976240743,873136786.199657,2021-10-10
353,1633910400000,1.9724242776431227,813252491.4733299,2021-10-11
354,1633996800000,2.0195336514691293,827564669.2916759,2021-10-12
355,1634083200000,1.9570326582425341,808713704.5743694,2021-10-13
356,1634169600000,2.009092257063528,827326407.9935163,2021-10-14
357,1634256000000,2.031406996775459,837160839.8403556,2021-10-15
358,1634342400000,2.057261293615371,848026924.6231736,2021-10-16
359,1634428800000,2.0456177830025286,847133458.4388688,2021-10-17
360,1634515200000,1.9711125580822861,815249736.2848685,2021-10-18
361,1634601600000,1.942957831366649,798495456.4146564,2021-10-19
362,1634688000000,1.9572142039370295,804245678.1160116,2021-10-20
363,1634774400000,2.034664649392072,841176512.4049932,2021-10-21
364,1634860800000,1.9721414610742272,812825395.358106,2021-10-22
365,1634947200000,2.058810052298726,848074715.4343569,2021-10-23
366,1635033600000,2.1466847637189543,882989736.3000957,2021-10-24
367,1635120000000,2.217194857493617,914429019.0618255,2021-10-25
368,1635206400000,2.401733825408797,991567131.0097561,2021-10-26
369,1635292800000,2.23069230167426,918863154.9850475,2021-10-27
370,1635379200000,1.9339709714991142,796522357.5334553,2021-10-28
371,1635465600000,1.9786244641064223,811903656.9685526,2021-10-29
372,1635552000000,2.0484359156071235,846222734.9726647,2021-10-30
373,1635638400000,2.312323889209843,952485464.0214151,2021-10-31
374,1635724800000,2.220791963095394,1116506242.4454389,2021-11-01
375,1635811200000,2.308739923848386,1168946788.2815437,2021-11-02
376,1635897600000,2.5630478331800015,1296687488.3285108,2021-11-03
377,1635984000000,2.6382618882201068,1334165698.3064477,2021-11-04
378,1636070400000,2.6365705659115446,1349831948.9932857,2021-11-05
379,1636156800000,2.5947933568474237,1309000618.6338153,2021-11-06
380,1636243200000,2.540820766691431,1276569863.31244,2021-11-07
381,1636329600000,2.5945580229172807,1304994477.8151274,2021-11-08
382,1636416000000,2.6781773132842353,1349787525.5494,2021-11-09
383,1636502400000,2.620840526632261,1325069009.9473746,2021-11-10
384,1636588800000,2.341233792337043,1165686366.6235292,2021-11-11
385,1636675200000,2.3621223436671768,1191398548.4442546,2021-11-12
386,1636761600000,2.2785033763214044,1152496514.6181505,2021-11-13
387,1636848000000,2.392281573121251,1210086042.050593,2021-11-14
388,1636934400000,2.5563477354657373,1279076230.8260593,2021-11-15
389,1637020800000,2.4022562026333696,1210223915.8576574,2021-11-16
390,1637107200000,2.1688302874465992,1093629578.0568662,2021-11-17
391,1637193600000,2.2769934637484206,1143289523.790491,2021-11-18
392,1637280000000,2.1306833878099924,1069082185.0316004,2021-11-19
393,1637366400000,2.1975282216698595,1109185134.5566628,2021-11-20
394,1637452800000,2.265177726092312,1140103094.979377,2021-11-21
395,1637539200000,2.246870391348583,1149227201.2535176,2021-11-22
396,1637625600000,2.0790640528831323,1048806258.769278,2021-11-23
397,1637712000000,2.7918233154926373,1458091596.8552706,2021-11-24
398,1637798400000,2.5999135433899427,1300331753.913729,2021-11-25
399,1637884800000,2.437833023036824,1234313995.8379858,2021-11-26
400,1637971200000,2.1809144420765754,1106718859.4099185,2021-11-27
401,1638057600000,2.411792043814679,1208618339.733033,2021-11-28
402,1638144000000,2.4259138052663536,1223303242.8165557,2021-11-29
403,1638230400000,2.4069265510953226,1220106593.0779514,2021-11-30
404,1638316800000,2.3056911894279253,1181082728.981202,2021-12-01
405,1638403200000,2.359353326983343,1204041246.6514258,2021-12-02
406,1638489600000,2.2438397135091153,1145524685.5569189,2021-12-03
407,1638576000000,2.1801416511890075,1117284709.0275493,2021-12-04
408,1638662400000,1.8830175463440706,962747687.4250529,2021-12-05
409,1638748800000,1.717372911218861,876862596.8264008,2021-12-06
410,1638835200000,1.7538163085186254,893478163.4861825,2021-12-07
411,1638921600000,1.72926106595604,881588536.0567585,2021-12-08
412,1639008000000,1.7609691388622295,897449741.7546644,2021-12-09
413,1639094400000,1.6232872480560128,830142375.7584832,2021-12-10
414,1639180800000,1.56694845980763,810024490.2610745,2021-12-11
415,1639267200000,1.622406629977263,825471204.0872079,2021-12-12
416,1639353600000,1.6279152543202184,828305340.7186811,2021-12-13
417,1639440000000,1.428767890738684,724404316.180169,2021-12-14
418,1639526400000,1.4439574323138213,736369624.1806003,2021-12-15
419,1639612800000,1.4830134034600382,754178836.888704,2021-12-16
420,1639699200000,1.4528737496424078,741439999.8068409,2021-12-17
421,1639785600000,1.391855137410512,709812079.6519558,2021-12-18
422,1639872000000,1.4163096517273546,721552082.8781892,2021-12-19
423,1639958400000,1.518506314602825,775404267.004866,2021-12-20
424,1640044800000,1.4793198847673719,756892895.6473316,2021-12-21
425,1640131200000,1.5494942273879946,788867436.2454194,2021-12-22
426,1640217600000,1.580985265332805,806846636.0268931,2021-12-23
427,1640304000000,1.7086686987670479,875889439.9951777,2021-12-24
428,1640390400000,1.7384409796486453,888277960.8883454,2021-12-25
429,1640476800000,1.7997006134992302,922394539.339358,2021-12-26
430,1640563200000,1.899988222619097,969528563.5947094,2021-12-27
431,1640649600000,2.060535450562576,1045162470.4564643,2021-12-28
432,1640736000000,1.8061300358586623,922652314.8738033,2021-12-29
433,1640822400000,1.6627038944187278,842033161.9269102,2021-12-30
434,1640908800000,1.6591558345720403,843682015.0696837,2021-12-31
435,1640995200000,1.6035703498416696,830694499.4167612,2022-01-01
436,1641081600000,1.6557374055380707,850305750.277725,2022-01-02
437,1641168000000,1.64772819379474,850217965.6881893,2022-01-03
438,1641254400000,1.6150005799824207,837004072.9140329,2022-01-04
439,1641340800000,1.5923273982747943,828932045.979895,2022-01-05
440,1641427200000,1.462542704664191,755994228.7590271,2022-01-06
441,1641513600000,1.4602886624272473,755214283.3663145,2022-01-07
442,1641600000000,1.3806262120941535,712695662.4650239,2022-01-08
443,1641686400000,1.3323814967892493,692309588.496642,2022-01-09
444,1641772800000,1.341418748589794,691210259.217199,2022-01-10
445,1641859200000,1.2930163790681732,665920744.0953279,2022-01-11
446,1641945600000,1.385624147006891,716181279.4736059,2022-01-12
447,1642032000000,1.4914716499387022,769621368.3517549,2022-01-13
448,1642118400000,1.3962237695073894,723238757.5728892,2022-01-14
449,1642204800000,1.4349584211296051,739627525.9780844,2022-01-15
450,1642291200000,1.4404581780687036,744959244.8409148,2022-01-16
451,1642377600000,1.4545046873807075,750064849.1469421,2022-01-17
452,1642464000000,1.328414773363566,685887144.1476552,2022-01-18
453,1642550400000,1.3099676651567522,675376589.828048,2022-01-19
454,1642636800000,1.2599517422919257,652355899.0854335,2022-01-20
455,1642723200000,1.1908387962619662,616317381.9302074,2022-01-21
456,1642809600000,0.9934137359317405,513268817.34402674,2022-01-22
457,1642896000000,0.8844567236661373,455533735.97707814,2022-01-23
458,1642982400000,0.9370458007942304,483812766.5623554,2022-01-24
459,1643068800000,0.8465870766056923,437809702.28094596,2022-01-25
460,1643155200000,0.8681678855991717,447521437.31957513,2022-01-26
461,1643241600000,0.8842392010531527,460106453.9139468,2022-01-27
462,1643328000000,0.8428367685201515,432793724.861426,2022-01-28
463,1643414400000,0.8856473074907932,455475926.0950004,2022-01-29
464,1643500800000,0.9109951185665225,467533695.20435137,2022-01-30
465,1643587200000,0.9054589231815084,465672393.03564435,2022-01-31
466,1643673600000,0.9213728754899707,559229028.6840416,2022-02-01
467,1643760000000,0.9842150205482,600737026.156458,2022-02-02
468,1643846400000,0.9047719490319832,551444131.3729261,2022-02-03
469,1643932800000,0.9109199644666056,553723041.7520448,2022-02-04
470,1644019200000,1.0225899842976431,617263124.8635753,2022-02-05
471,1644105600000,1.0246594144189314,625769382.4679933,2022-02-06
472,1644192000000,1.1014458295662948,663674848.4464493,2022-02-07
473,1644278400000,1.1421149912338506,693617963.6745431,2022-02-08
474,1644364800000,1.089454226381365,662693535.7300811,2022-02-09
475,1644451200000,1.1575496050353882,703749770.3451383,2022-02-10
476,1644537600000,1.191210505243084,726010766.3887573,2022-02-11
477,1644624000000,1.0819922764447267,659247769.6251649,2022-02-12
478,1644710400000,1.0732425576328866,651672333.237665,2022-02-13
479,1644796800000,1.040939986882235,634586986.9698577,2022-02-14
480,1644883200000,0.9961113114604853,606185193.4853847,2022-02-15
481,1644969600000,1.0909677083169758,664012341.4555609,2022-02-16
482,1645056000000,1.1118112963061575,679431377.6132014,2022-02-17
483,1645142400000,0.9759404950459563,594350065.5484614,2022-02-18
484,1645228800000,0.9627736782456473,586981009.3654047,2022-02-19
485,1645315200000,0.9593275907584242,582497437.8822076,2022-02-20
486,1645401600000,0.8910946394669456,544900018.8207816,2022-02-21
487,1645488000000,0.8064556353972975,491982455.0933369,2022-02-22
488,1645574400000,0.837205637794693,507721481.9010878,2022-02-23
489,1645660800000,0.7920956652680804,482434664.75057995,2022-02-24
490,1645747200000,0.7709725744319191,467695125.0744792,2022-02-25
491,1645833600000,0.8051971188776744,490530754.51593745,2022-02-26
492,1645920000000,0.7842944296993112,474755416.7515828,2022-02-27
493,1646006400000,0.7367379239069636,447808676.5087998,2022-02-28
494,1646092800000,0.8201143836972504,502237557.43920517,2022-03-01
495,1646179200000,0.8239476762708345,504831464.20921195,2022-03-02
496,1646265600000,0.8238524439928022,506707812.3682311,2022-03-03
497,1646352000000,0.7898844742423675,484941211.98170924,2022-03-04
498,1646438400000,0.723576192514947,445451254.04688036,2022-03-05
499,1646524800000,0.7580762942850942,466030376.2746284,2022-03-06
500,1646611200000,0.705657387689613,433760081.8640087,2022-03-07
501,1646697600000,0.7022835483500898,432862672.4389378,2022-03-08
502,1646784000000,0.7211490585003407,443793035.96494806,2022-03-09
503,1646870400000,0.77955459932424,478896518.3843294,2022-03-10
504,1646956800000,0.7281022509719546,444284646.6673637,2022-03-11
505,1647043200000,0.7046791336853352,435278826.57504386,2022-03-12
506,1647129600000,0.7057993564539462,434446145.4280884,2022-03-13
507,1647216000000,0.6831434275746402,418941094.55993444,2022-03-14
508,1647302400000,0.7068594398652817,434451848.3335754,2022-03-15
509,1647388800000,0.7094312919560958,436611306.21826804,2022-03-16
510,1647475200000,0.7408721927563454,454457179.2156737,2022-03-17
511,1647561600000,0.7319653117063974,449967701.67765,2022-03-18
512,1647648000000,0.7640017217365656,470094523.80723095,2022-03-19
513,1647734400000,1.1167208671997784,685784326.0931386,2022-03-20
514,1647820800000,1.0482193978962413,643138635.6504772,2022-03-21
515,1647907200000,1.006774506331033,617402154.0371163,2022-03-22
516,1647993600000,1.004813145512589,617030359.8066692,2022-03-23
517,1648080000000,1.0248126939034063,629328892.9693198,2022-03-24
518,1648166400000,1.0495277102017726,654143846.1002547,2022-03-25
519,1648252800000,1.0045970209193755,617132781.3519849,2022-03-26
520,1648339200000,1.0310797685900048,632530731.6981399,2022-03-27
521,1648425600000,1.0574493812070653,648850217.100014,2022-03-28
522,1648512000000,1.0516652711325147,648724980.1369742,2022-03-29
523,1648598400000,1.1136500992830243,683812563.5717067,2022-03-30
524,1648684800000,1.2048134308610616,741246722.0860989,2022-03-31
525,1648771200000,1.1341192966967135,699311876.1088235,2022-04-01
526,1648857600000,1.175998136885892,729937059.8517098,2022-04-02
527,1648944000000,1.1574392415678199,718951974.5314759,2022-04-03
528,1649030400000,1.4461791120288392,892610077.1010644,2022-04-04
529,1649116800000,1.7324665584776613,1075505381.3467133,2022-04-05
530,1649203200000,1.4988379894970103,937539178.0370698,2022-04-06
531,1649289600000,1.2863820228331913,805523649.9373517,2022-04-07
532,1649376000000,1.2869902181174135,797769937.1871624,2022-04-08
533,1649462400000,1.153339290339456,712275653.5834862,2022-04-09
534,1649548800000,1.2024152514391884,746465792.1570771,2022-04-10
535,1649635200000,1.1375573343179033,708219961.9759792,2022-04-11
536,1649721600000,1.0130742671307893,630092814.5481079,2022-04-12
537,1649808000000,1.0451033729550925,648275874.4619693,2022-04-13
538,1649894400000,1.1082146126574381,688345106.269549,2022-04-14
539,1649980800000,1.1908404436353044,740563558.8408393,2022-04-15
540,1650067200000,1.290816461520803,799098289.8347664,2022-04-16
541,1650153600000,1.3036544496456657,810628139.9951886,2022-04-17
542,1650240000000,1.3794925549419697,852209262.5969948,2022-04-18
543,1650326400000,1.3737095831374282,851937808.0427015,2022-04-19
544,1650412800000,1.3270150465109354,821731801.6595517,2022-04-20
545,1650499200000,1.2957667594319926,801333470.7607841,2022-04-21
546,1650585600000,1.185820708321116,735357066.2274926,2022-04-22
547,1650672000000,1.1754867676994747,728911269.6032598,2022-04-23
548,1650758400000,1.259371893001985,782565917.3217595,2022-04-24
549,1650844800000,1.18786232288956,740878683.9485742,2022-04-25
550,1650931200000,1.154436696340501,717867121.4411347,2022-04-26
551,1651017600000,1.0429209060667877,646614843.8323256,2022-04-27
552,1651104000000,1.1092958295884607,691430460.504415,2022-04-28
553,1651190400000,1.0603989667171292,657900075.9923333,2022-04-29
554,1651276800000,0.9596128654795534,595470212.1738697,2022-04-30
555,1651363200000,0.8410480019970975,594039941.7683396,2022-05-01
556,1651449600000,0.8875666123454604,632481765.8204328,2022-05-02
557,1651536000000,0.8448818714126471,603099023.5241752,2022-05-03
558,1651622400000,0.8259700246819843,588865379.9183292,2022-05-04
559,1651708800000,0.9102141536406405,649190988.385525,2022-05-05
560,1651795200000,0.8056585419736386,574803115.2760153,2022-05-06
561,1651881600000,0.8041726730415469,573555215.8775622,2022-05-07
562,1651968000000,0.7645209862751221,545396638.31569,2022-05-08
563,1652054400000,0.7479084607847617,533726459.9197617,2022-05-09
564,1652140800000,0.6047125290807073,434005030.12836725,2022-05-10
565,1652227200000,0.6074508438094505,433854539.61651665,2022-05-11
566,1652313600000,0.3917356628239747,284217251.0537998,2022-05-12
567,1652400000000,0.3782770466584808,271665672.418007,2022-05-13
568,1652486400000,0.4141133357356444,297040558.80525255,2022-05-14
569,1652572800000,0.437377880020122,311016930.461768,2022-05-15
570,1652659200000,0.5010198224494135,357802440.41865903,2022-05-16
571,1652745600000,0.4332557433383636,308540853.02949953,2022-05-17
572,1652832000000,0.4681593425962812,333848793.2293983,2022-05-18
573,1652918400000,0.4075722190588193,291423766.1028554,2022-05-19
574,1653004800000,0.4398406528003645,314553325.19911826,2022-05-20
575,1653091200000,0.40963037117315343,291263336.32158667,2022-05-21
576,1653177600000,0.44845612710069044,321508853.6647893,2022-05-22
577,1653264000000,0.46801134085488927,333405298.9467284,2022-05-23
578,1653350400000,0.4469501109730762,318846864.68344307,2022-05-24
579,1653436800000,0.45898522126432667,326241079.0012135,2022-05-25
580,1653523200000,0.47857742061944436,343206354.5510434,2022-05-26
581,1653609600000,0.4065273177147886,289130035.62767375,2022-05-27
582,1653696000000,0.3744187894944405,267029040.50103992,2022-05-28
583,1653782400000,0.3742093638057408,268036573.5910636,2022-05-29
584,1653868800000,0.39659525270106144,282432624.6474225,2022-05-30
585,1653955200000,0.4353380020649588,310277380.3189315,2022-05-31
586,1654041600000,0.4644079927525216,335824404.55230236,2022-06-01
587,1654128000000,0.4069316914558619,294198010.7219097,2022-06-02
588,1654214400000,0.4180709389045665,301686505.15703714,2022-06-03
589,1654300800000,0.38768971867620144,278278307.96740973,2022-06-04
590,1654387200000,0.4066466384195838,291222906.12765235,2022-06-05
591,1654473600000,0.39734344447140596,286591296.16113293,2022-06-06
592,1654560000000,0.4182786760711385,300590045.8194207,2022-06-07
593,1654646400000,0.4267059780478535,308985802.71103334,2022-06-08
594,1654732800000,0.43954914596924527,315983040.86348635,2022-06-09
595,1654819200000,0.4286037536299406,308797791.8979584,2022-06-10
596,1654905600000,0.395463945978291,284518206.2401752,2022-06-11
597,1654992000000,0.35850676424413036,257669958.59235042,2022-06-12
598,1655078400000,0.3238876217645386,235608875.83042517,2022-06-13
599,1655164800000,0.301346681300342,215602573.64966947,2022-06-14
600,1655251200000,0.3059453411090546,220208841.39216512,2022-06-15
601,1655337600000,0.33909768402925816,244778806.934324,2022-06-16
602,1655424000000,0.2971655409054382,213830748.7835436,2022-06-17
603,1655510400000,0.30499696481770283,220901382.74446613,2022-06-18
604,1655596800000,0.2820642682875631,202347391.37456104,2022-06-19
605,1655683200000,0.30469614868924805,218603953.83519882,2022-06-20
606,1655769600000,0.31324053697606424,225798560.70142415,2022-06-21
607,1655856000000,0.32117026135420956,231435280.55174682,2022-06-22
608,1655942400000,0.34086518698433904,245843223.14844164,2022-06-23
609,1656028800000,0.37058662449011454,267422253.30487975,2022-06-24
610,1656115200000,0.3838000339796511,277827493.1797739,2022-06-25
611,1656201600000,0.3852711021595479,276336372.6562441,2022-06-26
612,1656288000000,0.36111307741793813,260093482.1052573,2022-06-27
613,1656374400000,0.4033175271871419,290555737.3380511,2022-06-28
614,1656460800000,0.36894747799213756,265998540.2471242,2022-06-29
615,1656547200000,0.3755988348647172,271077506.3437249,2022-06-30
616,1656633600000,0.3475295057700143,248337436.15547258,2022-07-01
617,1656720000000,0.3370037844364726,248174506.64660615,2022-07-02
618,1656806400000,0.3418768734072097,248407719.10426575,2022-07-03
619,1656892800000,0.34168076631821853,248070573.5406752,2022-07-04
620,1656979200000,0.3470007964243717,251531804.6087541,2022-07-05
621,1657065600000,0.332050296689782,241467559.26086497,2022-07-06
622,1657152000000,0.3385279687105559,246045759.02726024,2022-07-07
623,1657238400000,0.36159102422273726,262507182.8638953,2022-07-08
624,1657324800000,0.35420974787844156,259143462.5593061,2022-07-09
625,1657411200000,0.3630206591547903,264019052.60026827,2022-07-10
626,1657497600000,0.342897271840403,248424660.6180555,2022-07-11
627,1657584000000,0.3173744446716044,230284968.45718962,2022-07-12
628,1657670400000,0.305807867573914,224355723.71944642,2022-07-13
629,1657756800000,0.31867905205406466,231086554.174004,2022-07-14
630,1657843200000,0.3266847868227475,238519035.53441352,2022-07-15
631,1657929600000,0.3289001106571797,239391370.57914433,2022-07-16
632,1658016000000,0.3428195005424499,248726001.6669613,2022-07-17
633,1658102400000,0.3553714625545583,260184729.86392486,2022-07-18
634,1658188800000,0.39605613241895116,287310842.76612455,2022-07-19
635,1658275200000,0.40254640385064333,292986111.08786434,2022-07-20
636,1658361600000,0.38293504972802017,280285538.2461144,2022-07-21
637,1658448000000,0.3891017493995893,282863967.10109836,2022-07-22
638,1658534400000,0.36760369952088,266754005.30179402,2022-07-23
639,1658620800000,0.32192800805936056,228014928.0667114,2022-07-24
640,1658707200000,0.3521900017979529,255704139.72404256,2022-07-25
641,1658793600000,0.3168449104189332,232063070.7683248,2022-07-26
642,1658880000000,0.3159678387045142,228828265.40113837,2022-07-27
643,1658966400000,0.33534454693712445,243389251.06623387,2022-07-28
644,1659052800000,0.3462082580084297,251267188.57965812,2022-07-29
645,1659139200000,0.34587583561804436,253632671.43462783,2022-07-30
646,1659225600000,0.34664434763622987,250554284.4955404,2022-07-31
647,1659312000000,0.3455139666342857,282823459.1108909,2022-08-01
648,1659398400000,0.3629359840294395,295175631.1018387,2022-08-02
649,1659484800000,0.34130573202180564,281083093.923781,2022-08-03
650,1659571200000,0.3396677581834388,278093664.2888146,2022-08-04
651,1659657600000,0.3479220612343976,284116478.19330734,2022-08-05
652,1659744000000,0.3683192775619505,301432058.1482286,2022-08-06
653,1659830400000,0.36509416011362017,299483933.4999665,2022-08-07
654,1659916800000,0.37494677300929136,306511656.6188235,2022-08-08
655,1660003200000,0.3805774549259574,311747225.55884206,2022-08-09
656,1660089600000,0.3623318975622361,297030948.74936026,2022-08-10
657,1660176000000,0.3779764968794629,309297093.7354781,2022-08-11
658,1660262400000,0.40068070167245723,327591415.897416,2022-08-12
659,1660348800000,0.40941071636457704,334504402.4108007,2022-08-13
660,1660435200000,0.39839747933825653,325588447.4153684,2022-08-14
661,1660521600000,0.3771950662872081,309769409.38966376,2022-08-15
662,1660608000000,0.37004484023342965,302377706.98963743,2022-08-16
663,1660694400000,0.3683512998826665,301431159.40953094,2022-08-17
664,1660780800000,0.34460027130946186,282726088.19744897,2022-08-18
665,1660867200000,0.32937403156424067,269022239.0271687,2022-08-19
666,1660953600000,0.3038586958334376,249162953.4473728,2022-08-20
667,1661040000000,0.30174888625848023,246548472.04279786,2022-08-21
668,1661126400000,0.30819813322961964,253030044.66972178,2022-08-22
669,1661212800000,0.30333390296275825,249609886.10223427,2022-08-23
670,1661299200000,0.3111710318571572,254896317.05960092,2022-08-24
671,1661385600000,0.3205039817624801,260325185.86676696,2022-08-25
672,1661472000000,0.31745414640837555,260274845.4510133,2022-08-26
673,1661558400000,0.2833796865389595,230795942.853301,2022-08-27
674,1661644800000,0.28273609107802505,231680099.77419278,2022-08-28
675,1661731200000,0.28016453926464496,230095764.68292233,2022-08-29
676,1661817600000,0.29878773405022524,244526412.56050333,2022-08-30
677,1661904000000,0.28438093129196335,234512031.3213809,2022-08-31
678,1661990400000,0.27903101524079543,230525302.21951655,2022-09-01
679,1662076800000,0.2828060116213724,232643579.2216895,2022-09-02
680,1662163200000,0.2793956896791011,230445375.25935507,2022-09-03
681,1662249600000,0.2834568530487164,234930241.60075593,2022-09-04
682,1662336000000,0.2952458572616122,243153350.87658972,2022-09-05
683,1662422400000,0.28292339439862557,233147876.55004233,2022-09-06
684,1662508800000,0.2584896808898431,213603454.25607064,2022-09-07
685,1662595200000,0.2837405777640141,235222952.8346213,2022-09-08
686,1662681600000,0.2805447235530502,231622970.524345,2022-09-09
687,1662768000000,0.2899199002011552,239191761.70997092,2022-09-10
688,1662854400000,0.2880573877135713,238355603.6768605,2022-09-11
689,1662940800000,0.2836827170014312,233835245.45645344,2022-09-12
690,1663027200000,0.29314207531611114,241139279.67294797,2022-09-13
691,1663113600000,0.2585400817621896,213114821.12002987,2022-09-14
692,1663200000000,0.2543090629158847,209391644.54526785,2022-09-15
693,1663286400000,0.24432789553991366,201071444.2166661,2022-09-16
694,1663372800000,0.24639381689547288,202902398.3222816,2022-09-17
695,1663459200000,0.2519006521098045,207723740.07646814,2022-09-18
696,1663545600000,0.21879957486887838,180515821.3802578,2022-09-19
697,1663632000000,0.22816409056527961,188646643.4780938,2022-09-20
698,1663718400000,0.21979309488226256,181581339.30963078,2022-09-21
699,1663804800000,0.21791154595338078,179389877.08364376,2022-09-22
700,1663891200000,0.22787577189005231,187848253.64961872,2022-09-23
701,1663977600000,0.22242471112453985,183676949.1415374,2022-09-24
702,1664064000000,0.21632109302575206,178281682.86235368,2022-09-25
703,1664150400000,0.21285897804641793,174961377.02707162,2022-09-26
704,1664236800000,0.2184179806156762,179380995.88835502,2022-09-27
705,1664323200000,0.21435828954154393,176742709.40922448,2022-09-28
706,1664409600000,0.21415721701826973,177142143.21675202,2022-09-29
707,1664496000000,0.21134529433342653,174177745.61042428,2022-09-30
708,1664582400000,0.21431000955288432,178181712.83523315,2022-10-01
709,1664668800000,0.2142699682368229,177606882.29848376,2022-10-02
710,1664755200000,0.20860005852622965,173501648.09368128,2022-10-03
711,1664841600000,0.21618799486141435,179552837.50402248,2022-10-04
712,1664928000000,0.22115326832645657,184107157.43682593,2022-10-05
713,1665014400000,0.21452725749852697,178252370.3300839,2022-10-06
714,1665100800000,0.2090860260354813,173611364.66862902,2022-10-07
715,1665187200000,0.20638498551793705,171364303.88391793,2022-10-08
716,1665273600000,0.2033141555297533,168410983.4277899,2022-10-09
717,1665360000000,0.20086785568573862,166871642.78471062,2022-10-10
718,1665446400000,0.18784219599236568,156039379.12572095,2022-10-11
719,1665532800000,0.18572087520486738,154099389.65362647,2022-10-12
720,1665619200000,0.1863320557081897,154927505.1121294,2022-10-13
721,1665705600000,0.1841411965325203,152729653.42944798,2022-10-14
722,1665792000000,0.1825332872105209,151369598.9963294,2022-10-15
723,1665878400000,0.18534691120397997,153995308.72282162,2022-10-16
724,1665964800000,0.19046188055667077,157919969.55892545,2022-10-17
725,1666051200000,0.1942050401095089,161494714.76980057,2022-10-18
726,1666137600000,0.19096213770608028,158815651.87202132,2022-10-19
727,1666224000000,0.1806178959794076,149925321.88850608,2022-10-20
728,1666310400000,0.18026147942376466,149596010.12642875,2022-10-21
729,1666396800000,0.18147506341720196,150861958.4874327,2022-10-22
730,1666483200000,0.18081219094095113,150497652.55101162,2022-10-23
731,1666569600000,0.18353428505442995,152425674.17388347,2022-10-24
732,1666656000000,0.1826069210501864,151531264.8532496,2022-10-25
733,1666742400000,0.1900141983908853,157838567.8618165,2022-10-26
734,1666828800000,0.19252992263844138,159841470.01395229,2022-10-27
735,1666915200000,0.18859904040057437,156763308.0821776,2022-10-28
736,1667001600000,0.19641356418423295,162840843.7256783,2022-10-29
737,1667088000000,0.19999149345698838,166082212.62486932,2022-10-30
738,1667174400000,0.19932021536831823,165554586.8259552,2022-10-31
739,1667260800000,0.20067985918071327,185358610.72937152,2022-11-01
740,1667347200000,0.2122739651121715,195949052.3620913,2022-11-02
741,1667433600000,0.20854776334932212,192592133.09678602,2022-11-03
742,1667520000000,0.2191595707418034,201009425.50650004,2022-11-04
743,1667606400000,0.231460993507945,213606494.68653575,2022-11-05
744,1667692800000,0.24127501790570788,222995912.21864784,2022-11-06
745,1667779200000,0.22311208888211034,205527591.47052038,2022-11-07
746,1667865600000,0.21603325879427512,199759569.6979994,2022-11-08
747,1667952000000,0.17699755872820505,164100090.09241188,2022-11-09
748,1668038400000,0.1422461224771497,131810993.86115973,2022-11-10
749,1668124800000,0.16676212262484258,154040769.3632978,2022-11-11
750,1668211200000,0.1606151297671599,147916975.13193268,2022-11-12
751,1668297600000,0.15037412162366692,138593284.74636582,2022-11-13
752,1668384000000,0.14849359750391425,136811157.6003866,2022-11-14
753,1668470400000,0.14783306709678043,136463871.9547809,2022-11-15
754,1668556800000,0.15045420564194084,139093606.88913378,2022-11-16
755,1668643200000,0.1473504758300319,135935994.6684381,2022-11-17
756,1668729600000,0.1482883595464136,137100816.95346737,2022-11-18
757,1668816000000,0.14819923624724957,136677992.41099748,2022-11-19
758,1668902400000,0.15632587846447002,144280957.29946563,2022-11-20
