,Time,open,mktcap,Date
0,1621036800000,49947.76607545196,10209103.588478964,2021-05-15
1,1621123200000,49947.76607545196,10209103.588478964,2021-05-16
2,1621209600000,47706.08811907677,9701525.040562948,2021-05-17
3,1621296000000,44936.69980335057,8909857.667449797,2021-05-18
4,1621382400000,48649.19261091399,9678230.27676052,2021-05-19
5,1621468800000,39448.77214151786,7323494.706172721,2021-05-20
6,1621555200000,39995.113524455184,15293465.807779463,2021-05-21
7,1621641600000,37817.25635096264,17033563.490058385,2021-05-22
8,1621728000000,38411.46938483063,20390843.03472771,2021-05-23
9,1621814400000,36813.13061521688,19326405.589080118,2021-05-24
10,1621900800000,40025.78024012206,21128088.89623514,2021-05-25
11,1621987200000,42706.30539889186,22058975.24336601,2021-05-26
12,1622073600000,42138.059664582375,22059955.54049969,2021-05-27
13,1622160000000,39044.70018280487,22566451.13682093,2021-05-28
14,1622246400000,35408.40021043482,23289569.840783335,2021-05-29
15,1622332800000,33833.840104223826,22690848.26894917,2021-05-30
16,1622419200000,35771.16920884413,25333946.976812832,2021-05-31
17,1622505600000,36249.14427388841,27431328.500174478,2021-06-01
18,1622592000000,36521.16621244231,29120319.591775462,2021-06-02
19,1622678400000,37727.98383655946,31839733.6073476,2021-06-03
20,1622764800000,39784.57345322502,33826262.49506496,2021-06-04
21,1622851200000,37562.61467824301,32220367.22199638,2021-06-05
22,1622937600000,35484.35169541058,31372092.679385036,2021-06-06
23,1623024000000,36300.58222993875,31727121.108965926,2021-06-07
24,1623110400000,34159.60056720886,30183816.304646656,2021-06-08
25,1623196800000,33640.22944056217,29485835.30511057,2021-06-09
26,1623283200000,37884.550202564445,32698080.601413865,2021-06-10
27,1623369600000,36739.206037698175,32291696.871264365,2021-06-11
28,1623456000000,36689.548565666984,33288292.286825087,2021-06-12
29,1623542400000,35708.2324781515,32640704.392829224,2021-06-13
30,1623628800000,38794.086167056375,35376160.60741129,2021-06-14
31,1623715200000,40496.15607947471,36777363.625058316,2021-06-15
32,1623801600000,39905.47352317407,36500204.74360229,2021-06-16
33,1623888000000,38258.662420162174,34795016.36013359,2021-06-17
34,1623974400000,37711.3266130368,33760986.93704273,2021-06-18
35,1624060800000,35503.14054690591,31487108.49505599,2021-06-19
36,1624147200000,35795.38986851938,31718460.77232624,2021-06-20
37,1624233600000,35987.843273173996,31645578.82330255,2021-06-21
38,1624320000000,32280.19107330532,28387685.079662412,2021-06-22
39,1624406400000,32427.172589355647,29909569.678095337,2021-06-23
40,1624492800000,33718.88342785545,31792678.079876475,2021-06-24
41,1624579200000,34363.8887853063,32118070.433019985,2021-06-25
42,1624665600000,32574.728265055102,29858273.316370446,2021-06-26
43,1624752000000,31709.967818936424,28822411.787519947,2021-06-27
44,1624838400000,34008.86263491201,31151198.17068139,2021-06-28
45,1624924800000,33977.40994750421,30656351.08742964,2021-06-29
46,1625011200000,35988.442013508604,31988114.56076285,2021-06-30
47,1625097600000,34875.84887558202,30379981.543815,2021-07-01
48,1625184000000,32381.948381937265,28755339.09260486,2021-07-02
49,1625270400000,33789.75741931953,27932268.68257807,2021-07-03
50,1625356800000,34773.314438500725,28708694.82997613,2021-07-04
51,1625443200000,35239.61898792779,28499599.207809508,2021-07-05
52,1625529600000,34199.330272519546,27629035.981122226,2021-07-06
53,1625616000000,34440.94387285777,27587917.02262309,2021-07-07
54,1625702400000,34418.19442511579,27678700.84813392,2021-07-08
55,1625788800000,33214.401184647824,26466394.691834867,2021-07-09
56,1625875200000,33858.12385417757,26751090.289782397,2021-07-10
57,1625961600000,33399.582965641195,26591501.340341512,2021-07-11
58,1626048000000,33747.90449851077,26884327.070127975,2021-07-12
59,1626134400000,32752.39018492581,25599838.33966441,2021-07-13
60,1626220800000,32756.623428840834,24624842.860742558,2021-07-14
61,1626307200000,32988.692325835815,25295774.245450437,2021-07-15
62,1626393600000,31839.111696601674,24221806.6359477,2021-07-16
63,1626480000000,31447.440776745643,23843686.6084866,2021-07-17
64,1626566400000,31637.28842580135,23979797.954198416,2021-07-18
65,1626652800000,31545.019254644627,24067486.654852998,2021-07-19
66,1626739200000,30979.853038022713,23693206.8746405,2021-07-20
67,1626825600000,29501.23386061495,22592643.841441102,2021-07-21
68,1626912000000,31558.916782305314,24041873.106898084,2021-07-22
69,1626998400000,32162.44449926265,23640493.648431152,2021-07-23
70,1627084800000,32833.25463784427,25567808.573364276,2021-07-24
71,1627171200000,33837.66958630592,26389004.963832427,2021-07-25
72,1627257600000,34321.829331303576,26518666.97688368,2021-07-26
73,1627344000000,37287.10288442256,28985596.550564386,2021-07-27
74,1627430400000,38626.19973591849,29823613.076105338,2021-07-28
75,1627516800000,40164.423209215085,31591506.16642698,2021-07-29
76,1627603200000,40160.329605095954,31693389.433309145,2021-07-30
77,1627689600000,39136.01931045905,29614574.928999733,2021-07-31
78,1627776000000,41009.677006573584,31397999.595193904,2021-08-01
79,1627862400000,41142.26430094778,32057368.10238753,2021-08-02
80,1627948800000,39528.94638268202,30746901.389784675,2021-08-03
81,1628035200000,38371.95834869215,29240711.644682102,2021-08-04
82,1628121600000,39918.51637414016,30713324.981363304,2021-08-05
83,1628208000000,41006.967869917564,31397376.308553655,2021-08-06
84,1628294400000,42415.7903851063,32579059.338442076,2021-08-07
85,1628380800000,43928.65516646018,32498115.553141445,2021-08-08
86,1628467200000,44319.33320677242,30160819.283999532,2021-08-09
87,1628553600000,45593.491226181985,29992039.090281982,2021-08-10
88,1628640000000,45536.63943381841,30194015.40936169,2021-08-11
89,1628726400000,46194.02443228878,30231755.702756017,2021-08-12
90,1628812800000,44316.21523764588,29823933.333195798,2021-08-13
91,1628899200000,46851.925767892586,32097262.68403223,2021-08-14
92,1628985600000,47231.19846827475,31978003.206218816,2021-08-15
93,1629072000000,45826.083188912686,30883381.899092235,2021-08-16
94,1629158400000,45741.2817207392,33211902.56007444,2021-08-17
95,1629244800000,43548.93312719912,32669768.700216856,2021-08-18
96,1629331200000,46055.95814513408,43281752.30447297,2021-08-19
97,1629417600000,46656.21442497625,44559512.57496591,2021-08-20
98,1629504000000,48871.31877266031,41763986.71880967,2021-08-21
99,1629590400000,48878.9306179408,41777726.32975991,2021-08-22
100,1629676800000,48588.09034537454,41278001.293569446,2021-08-23
101,1629763200000,49720.56160011183,41971288.970771894,2021-08-24
102,1629849600000,47799.39462945803,40703277.97749802,2021-08-25
103,1629936000000,48475.02672528397,40093944.065019876,2021-08-26
104,1630022400000,46478.374385244766,38224157.50780708,2021-08-27
105,1630108800000,48206.170987069476,39082948.56394918,2021-08-28
106,1630195200000,48243.68631975497,38538014.2591236,2021-08-29
107,1630281600000,48123.14446812438,37659412.78950709,2021-08-30
108,1630368000000,48610.21566202898,38076803.90219531,2021-08-31
109,1630454400000,46771.61055082042,36736677.41528257,2021-09-01
110,1630540800000,48007.95423725526,36835584.1948525,2021-09-02
111,1630627200000,49043.52954849998,37902001.17530741,2021-09-03
112,1630713600000,50389.325557391785,38942064.20462707,2021-09-04
113,1630800000000,49959.87179855046,37474478.99194719,2021-09-05
114,1630886400000,51326.66412269226,37981702.72665385,2021-09-06
115,1630972800000,51284.76115795471,37714652.53654711,2021-09-07
116,1631059200000,47037.37822159978,34893095.12761734,2021-09-08
117,1631145600000,46818.34451783993,33329000.68999456,2021-09-09
118,1631232000000,46770.883653060766,34856961.84452983,2021-09-10
119,1631318400000,44526.278233781006,32633001.878789637,2021-09-11
120,1631404800000,45048.03925256888,34078325.41330022,2021-09-12
121,1631491200000,45461.67869522074,34804601.86297314,2021-09-13
122,1631577600000,45388.086446489535,35994456.69064705,2021-09-14
123,1631664000000,47010.62776266361,37032519.004331,2021-09-15
124,1631750400000,48729.70544793105,38843800.022775084,2021-09-16
125,1631836800000,47374.305353878204,39185822.08796795,2021-09-17
126,1631923200000,46915.82838818193,39418259.89692242,2021-09-18
127,1632009600000,48342.20705578417,39572795.31119485,2021-09-19
128,1632096000000,47412.56580963702,39278648.37982977,2021-09-20
129,1632182400000,44132.65382618061,36222877.58487278,2021-09-21
130,1632268800000,41124.406482324375,31190798.314585205,2021-09-22
131,1632355200000,43385.43545966704,30841948.240733195,2021-09-23
132,1632441600000,44913.19528128651,32313334.542479385,2021-09-24
133,1632528000000,42779.886592144365,30523082.262951043,2021-09-25
134,1632614400000,42972.882105358716,30844555.898807887,2021-09-26
135,1632700800000,43720.47196092891,31234194.178318873,2021-09-27
136,1632787200000,43157.167828053476,30682072.908950932,2021-09-28
137,1632873600000,41642.04957521797,29808301.635893445,2021-09-29
138,1632960000000,41472.3256470086,29356994.763154313,2021-09-30
139,1633046400000,43588.84521623364,30771704.39630785,2021-10-01
140,1633132800000,47655.069242642,32740868.079441864,2021-10-02
141,1633219200000,47995.50955954516,32067371.766918164,2021-10-03
142,1633305600000,48526.46896656489,32499137.849017102,2021-10-04
143,1633392000000,49174.63075014113,31743115.798330426,2021-10-05
144,1633478400000,49353.16241263564,32798318.965418402,2021-10-06
145,1633564800000,55084.69712689626,36159851.48823682,2021-10-07
146,1633651200000,54025.99691614438,30717227.659070373,2021-10-08
147,1633737600000,54626.0787435291,30962930.89529511,2021-10-09
148,1633824000000,54720.57343900714,30955798.224975333,2021-10-10
149,1633910400000,54446.61062107997,30699606.728540123,2021-10-11
150,1633996800000,57130.63858301243,32148279.52237742,2021-10-12
151,1634083200000,55859.738646266494,31329118.565035082,2021-10-13
152,1634169600000,57356.117717304565,31968144.214614186,2021-10-14
153,1634256000000,57792.39569041829,32430067.18071021,2021-10-15
154,1634342400000,59345.8804464853,33539061.5503242,2021-10-16
155,1634428800000,60952.95616011792,34251418.89125112,2021-10-17
156,1634515200000,60347.620451663206,33626275.5676227,2021-10-18
157,1634601600000,61608.646213303604,33231735.84666276,2021-10-19
158,1634688000000,62687.43092683756,33889173.5158905,2021-10-20
159,1634774400000,66127.81241844833,34953979.81160816,2021-10-21
160,1634860800000,62332.68317233145,32368474.674252305,2021-10-22
161,1634947200000,59766.59759073857,30314727.986151207,2021-10-23
162,1635033600000,61753.94846802234,30841931.41278591,2021-10-24
163,1635120000000,60134.82821229438,30346800.761212643,2021-10-25
164,1635206400000,61907.55695892212,31674943.366014175,2021-10-26
165,1635292800000,59674.64539578856,31162580.65862027,2021-10-27
166,1635379200000,58077.031502014645,29254720.37323718,2021-10-28
167,1635465600000,60715.516631147526,30172454.536899112,2021-10-29
168,1635552000000,61941.94093234011,30889958.441925764,2021-10-30
169,1635638400000,60944.482050859144,30266914.283777192,2021-10-31
170,1635724800000,60944.482050859144,30086569.451765746,2021-11-01
171,1635811200000,61876.99986249135,30952708.03562225,2021-11-02
172,1635897600000,61594.157450770734,30549875.912188828,2021-11-03
173,1635984000000,63698.73421939831,31554648.956599146,2021-11-04
174,1636070400000,61651.24103660975,30621501.634501547,2021-11-05
175,1636156800000,60858.96161743468,30172874.75548195,2021-11-06
176,1636243200000,61489.65770432041,30488168.203149516,2021-11-07
177,1636329600000,62359.272189989126,30986159.156069063,2021-11-08
178,1636416000000,67565.37479503661,33386731.51454733,2021-11-09
179,1636502400000,66991.95274404604,33107629.249509577,2021-11-10
180,1636588800000,65075.112629456686,32931201.36242486,2021-11-11
181,1636675200000,64910.10440048591,33588991.135653585,2021-11-12
182,1636761600000,64357.91490685413,33005168.892985217,2021-11-13
183,1636848000000,63749.303307162474,31754065.913877737,2021-11-14
184,1636934400000,65819.35309375456,32660327.640747305,2021-11-15
185,1637020800000,64465.14640153396,32064725.83184477,2021-11-16
186,1637107200000,61044.79471964389,31564161.694561012,2021-11-17
187,1637193600000,60159.70940455545,36345926.338679984,2021-11-18
188,1637280000000,56728.813901573536,66573577.94043054,2021-11-19
189,1637366400000,58855.20714363728,96820478.43104132,2021-11-20
190,1637452800000,59224.981500099086,106105227.31838,2021-11-21
191,1637539200000,58879.847518034185,105951600.58850746,2021-11-22
192,1637625600000,56219.508766139814,114236977.34743312,2021-11-23
193,1637712000000,57206.64671272389,122073278.96028566,2021-11-24
194,1637798400000,54815.21612636508,131872410.33266003,2021-11-25
195,1637884800000,59721.25427821471,156993272.93596417,2021-11-26
196,1637971200000,53960.90577845901,145530063.77984956,2021-11-27
197,1638057600000,55080.496037354686,151288462.3701899,2021-11-28
198,1638144000000,55082.00141552714,169976614.3770825,2021-11-29
199,1638230400000,58023.637232901245,184137346.746775,2021-11-30
200,1638316800000,56999.03433958397,180585091.89267966,2021-12-01
201,1638403200000,56105.111493572556,193076964.43496624,2021-12-02
202,1638489600000,55180.52376086055,190156414.6672009,2021-12-03
203,1638576000000,52816.34338415681,182209733.01376417,2021-12-04
204,1638662400000,47062.50402491859,161577490.78839603,2021-12-05
205,1638748800000,49062.21082693424,168844755.96068656,2021-12-06
206,1638835200000,47973.01259149009,165096343.34012407,2021-12-07
207,1638921600000,50362.652312611666,174433734.1282774,2021-12-08
208,1639008000000,50362.652312611666,173320149.98776975,2021-12-09
209,1639094400000,47537.20189704565,163941554.30142352,2021-12-10
210,1639180800000,46929.29857115332,162874320.55751267,2021-12-11
211,1639267200000,48900.18936762164,168287168.4957733,2021-12-12
212,1639353600000,48157.23367162062,165730329.5138653,2021-12-13
213,1639440000000,47814.525064094654,164394823.0376426,2021-12-14
214,1639526400000,47814.525064094654,164394823.0376426,2021-12-15
215,1639612800000,48959.67395313013,168491881.25034183,2021-12-16
216,1639699200000,48959.67395313013,168491881.25034183,2021-12-17
217,1639785600000,46800.013981775155,160747583.5871464,2021-12-18
218,1639872000000,46226.94563383145,158878039.39021844,2021-12-19
219,1639958400000,46694.798466083455,161663752.59271467,2021-12-20
220,1640044800000,47237.435377376394,186710384.41745135,2021-12-21
221,1640131200000,49605.503678548645,202373784.9018121,2021-12-22
222,1640217600000,48366.97976314647,199941075.37522507,2021-12-23
223,1640304000000,50958.27785523237,211394439.74117094,2021-12-24
224,1640390400000,50739.399579921075,219116737.7802304,2021-12-25
225,1640476800000,50496.97181122092,218209650.8191022,2021-12-26
226,1640563200000,51102.596781801585,224753115.15274486,2021-12-27
227,1640649600000,51083.48457025939,232769761.84223902,2021-12-28
228,1640736000000,48237.94168685202,225958336.0065145,2021-12-29
229,1640822400000,46628.1170266794,220584071.10796028,2021-12-30
230,1640908800000,47080.35740582151,224363919.73239225,2021-12-31
231,1640995200000,46642.27599884232,224625507.38464138,2022-01-01
232,1641081600000,47377.9738476634,244754433.98619637,2022-01-02
233,1641168000000,47377.9738476634,260993506.71131513,2022-01-03
234,1641254400000,47137.422310067435,263392860.49900827,2022-01-04
235,1641340800000,47343.64658796919,267271740.4721762,2022-01-05
236,1641427200000,47343.64658796919,281682890.75503093,2022-01-06
237,1641513600000,42909.43701602529,255277804.1228238,2022-01-07
238,1641600000000,41499.216428053405,246517126.98939893,2022-01-08
239,1641686400000,41816.76525184046,250951056.2928355,2022-01-09
240,1641772800000,41798.38549276385,250030933.82626048,2022-01-10
241,1641859200000,41992.21769866404,251588389.3914442,2022-01-11
242,1641945600000,43048.35077683037,258248513.52617946,2022-01-12
243,1642032000000,43048.35077683037,257965751.1000983,2022-01-13
244,1642118400000,43485.08471273731,260582864.08524367,2022-01-14
245,1642204800000,43485.08471273731,260582864.08524367,2022-01-15
246,1642291200000,43485.08471273731,261365575.7902771,2022-01-16
247,1642464000000,43485.08471273731,261365575.7902771,2022-01-18
248,1642550400000,43485.08471273731,261365575.7902771,2022-01-19
249,1642636800000,42521.12056028896,256132939.71424553,2022-01-20
250,1642723200000,43352.285117455336,255469620.51397723,2022-01-21
251,1642809600000,38144.40263119203,224061641.10162508,2022-01-22
252,1642896000000,34697.32838196641,200684454.10994494,2022-01-23
253,1642982400000,35254.53599709646,189981604.55392498,2022-01-24
254,1643068800000,36425.96142627851,190207869.82632378,2022-01-25
255,1643155200000,37042.8709899272,187510268.0074514,2022-01-26
256,1643241600000,36803.964718865136,186732505.3709504,2022-01-27
257,1643328000000,37139.49067933833,186002808.96027398,2022-01-28
258,1643414400000,37769.193028708694,190002503.95515597,2022-01-29
259,1643500800000,38176.14536215788,190730793.02077833,2022-01-30
260,1643587200000,37804.65530043292,189166696.6213433,2022-01-31
261,1643673600000,38738.52596424365,187141595.55943018,2022-02-01
262,1643760000000,38938.347941325104,188377583.2324152,2022-02-02
263,1643846400000,37649.24282683903,182116140.07412952,2022-02-03
264,1643932800000,41670.07176080071,193376650.80679628,2022-02-04
265,1644019200000,41670.07176080071,193376650.80679628,2022-02-05
266,1644105600000,41707.956449640595,197041156.1036323,2022-02-06
267,1644192000000,41453.850215796556,195974135.9938092,2022-02-07
268,1644278400000,43717.453081918335,206507007.76371288,2022-02-08
269,1644364800000,44313.224137233774,209123617.52837217,2022-02-09
270,1644451200000,44517.030161023635,210382168.25348023,2022-02-10
271,1644537600000,45850.8440649102,216852939.32350212,2022-02-11
272,1644624000000,45850.8440649102,238530339.18281603,2022-02-12
273,1644710400000,42612.74373576292,223648449.896005,2022-02-13
274,1644796800000,42603.960459966045,224813792.00115708,2022-02-14
275,1644883200000,43014.4425429779,226382007.68135032,2022-02-15
276,1644969600000,44221.477343511615,233653339.68023664,2022-02-16
277,1645056000000,43556.02581554426,230898276.74135804,2022-02-17
278,1645142400000,40763.63609306636,214932048.6525966,2022-02-18
279,1645228800000,40674.22894753639,214471829.27996352,2022-02-19
280,1645315200000,38436.410405449154,203088519.0561037,2022-02-20
281,1645401600000,38436.410405449154,203088519.0561037,2022-02-21
282,1645488000000,38520.049531858625,203113020.22980118,2022-02-22
283,1645574400000,38520.049531858625,203113020.22980118,2022-02-23
284,1645747200000,39084.66732181637,206439421.76288927,2022-02-25
285,1645833600000,39084.66732181637,206439421.76288927,2022-02-26
286,1645920000000,38898.00616810392,204797220.8577973,2022-02-27
287,1646006400000,39005.63593639918,205712817.70168802,2022-02-28
288,1646092800000,43860.10163259827,230991925.92810366,2022-03-01
289,1646179200000,43860.10163259827,230991925.92810366,2022-03-02
290,1646265600000,43508.590014741356,218949949.2172174,2022-03-03
291,1646352000000,43142.989966891655,217831435.5278695,2022-03-04
292,1646438400000,43142.989966891655,209176491.53713837,2022-03-05
293,1646524800000,39173.124829962646,189827635.4794108,2022-03-06
294,1646611200000,38773.90447402643,187811127.12455153,2022-03-07
295,1646697600000,38773.90447402643,187888067.3023888,2022-03-08
296,1646784000000,38630.65149849851,188614452.55991226,2022-03-09
297,1646870400000,42034.48298150132,204408514.50654614,2022-03-10
298,1646956800000,42034.48298150132,202554548.63503978,2022-03-11
299,1647043200000,38753.183468588446,187434943.2433913,2022-03-12
300,1647129600000,39150.05313010842,188626509.44534475,2022-03-13
301,1647216000000,39150.05313010842,188626509.44534475,2022-03-14
302,1647302400000,39683.53254501678,185244724.21208856,2022-03-15
303,1647388800000,39275.48990483311,183577225.1233756,2022-03-16
304,1647475200000,40958.35963714272,191585092.79531968,2022-03-17
305,1647561600000,40837.549291569834,189626466.61016637,2022-03-18
306,1647648000000,40538.01836206155,188620980.51985493,2022-03-19
307,1647734400000,41855.281388915486,194702615.188554,2022-03-20
308,1647820800000,41270.79083638612,188817348.8502198,2022-03-21
309,1647907200000,41108.366326913885,188204586.82423547,2022-03-22
310,1647993600000,42761.44661770252,195772810.05745772,2022-03-23
311,1648080000000,42761.44661770252,195772810.05745772,2022-03-24
312,1648166400000,42861.93898323555,196336204.48930836,2022-03-25
313,1648252800000,42861.93898323555,196275453.8628573,2022-03-26
314,1648339200000,46975.06145680555,214212408.57123077,2022-03-27
315,1648425600000,46975.06145680555,214212408.57123077,2022-03-28
316,1648512000000,47204.151234244186,216096571.7901133,2022-03-29
317,1648598400000,47337.93332463609,215303015.0796127,2022-03-30
318,1648684800000,46703.98641434706,210997532.51754573,2022-03-31
319,1648771200000,46703.98641434706,210997532.51754573,2022-04-01
320,1648857600000,45834.05582129555,159910959.08062464,2022-04-02
321,1648944000000,45753.78393211368,159949594.5578417,2022-04-03
322,1649030400000,46026.40161953798,158505240.77974117,2022-04-04
323,1649116800000,46613.82299274866,158104768.18331626,2022-04-05
324,1649203200000,46613.82299274866,157984222.78839388,2022-04-06
325,1649548800000,43052.29961230019,143350995.58438542,2022-04-10
326,1649635200000,43052.29961230019,143350995.58438542,2022-04-11
327,1649721600000,40005.27278084947,133825318.35810037,2022-04-12
328,1649808000000,39585.61536397046,129498970.00998746,2022-04-13
329,1649894400000,39585.61536397046,129498970.00998746,2022-04-14
330,1649980800000,39871.079965279554,130432732.44836296,2022-04-15
331,1650067200000,39871.079965279554,130432732.44836296,2022-04-16
332,1650153600000,40356.99465583836,132022335.26026517,2022-04-17
333,1650240000000,40356.99465583836,132022335.26026517,2022-04-18
334,1650326400000,40792.22720246824,133446138.43682396,2022-04-19
335,1650412800000,40792.22720246824,133446138.43682396,2022-04-20
336,1650499200000,40792.22720246824,127751157.73561853,2022-04-21
337,1650585600000,39386.57917415635,120387174.02026856,2022-04-22
338,1650672000000,39386.57917415635,120387174.02026856,2022-04-23
339,1650758400000,39386.57917415635,120226888.59792593,2022-04-24
340,1651276800000,39386.57917415635,114543976.81598128,2022-04-30
341,1651363200000,39386.57917415635,114543976.81598128,2022-05-01
342,1651795200000,36074.42290138299,96397418.52968936,2022-05-06
343,1651881600000,36074.42290138299,96397418.52968936,2022-05-07
344,1651968000000,36074.42290138299,93438470.44402727,2022-05-08
345,1652054400000,33982.35539601198,88264468.36919284,2022-05-09
346,1652140800000,31093.866427130055,78055642.0366446,2022-05-10
347,1652227200000,31093.866427130055,78055642.0366446,2022-05-11
348,1652313600000,29062.943856982758,61149256.9436939,2022-05-12
349,1652400000000,29062.943856982758,61149256.9436939,2022-05-13
350,1652486400000,30071.416737562973,49702938.99865611,2022-05-14
351,1652572800000,29387.733316339283,48562028.68829012,2022-05-15
352,1652659200000,31324.675978598585,51681955.53054728,2022-05-16
353,1652745600000,29329.341201867286,38217570.445928946,2022-05-17
354,1652832000000,30432.517758089747,36479032.25526516,2022-05-18
355,1652918400000,29987.65703045495,31452672.57786187,2022-05-19
356,1653004800000,29336.277135386565,29026529.45172216,2022-05-20
357,1653091200000,29336.277135386565,29026529.45172216,2022-05-21
358,1653177600000,29504.058390432852,29117137.03501462,2022-05-22
359,1653264000000,29504.058390432852,29117137.03501462,2022-05-23
360,1653350400000,29511.33633235467,28946418.629321598,2022-05-24
361,1653436800000,29511.33633235467,28946418.629321598,2022-05-25
362,1653523200000,29580.270778051094,29013315.31979131,2022-05-26
363,1653609600000,29843.160598797927,28086531.197803337,2022-05-27
364,1653696000000,29013.971073611392,27306149.462063808,2022-05-28
365,1653782400000,29013.971073611392,27306149.462063808,2022-05-29
366,1653868800000,29432.121980331194,27717183.04446167,2022-05-30
367,1653955200000,31929.1646190076,30049735.758018117,2022-05-31
368,1654041600000,31929.1646190076,30049735.758018117,2022-06-01
369,1654560000000,29575.90307114234,26659205.423181392,2022-06-07
370,1654646400000,29575.90307114234,26659205.423181392,2022-06-08
371,1654732800000,30336.24839421392,27344567.493497968,2022-06-09
372,1654819200000,30168.543524593464,27193401.236328226,2022-06-10
373,1654905600000,28377.718370461764,25574376.913991418,2022-06-11
374,1654992000000,28377.718370461764,25574376.913991418,2022-06-12
375,1655078400000,27593.872102324334,24056342.97051807,2022-06-13
376,1655164800000,27593.872102324334,24057975.55883139,2022-06-14
377,1655424000000,20749.210100223805,16332092.510946414,2022-06-17
378,1655510400000,20749.210100223805,16332092.510946414,2022-06-18
379,1655596800000,20749.210100223805,16129972.974901378,2022-06-19
380,1655683200000,20136.316004694694,14975494.016411375,2022-06-20
381,1655769600000,20795.90826260271,15544194.937617624,2022-06-21
382,1656028800000,21328.231888356724,16046301.359531734,2022-06-24
383,1656115200000,21328.231888356724,16046301.359531734,2022-06-25
384,1656201600000,21305.282293249173,15924933.741066147,2022-06-26
385,1656633600000,19171.100083250643,13373093.81614568,2022-07-01
386,1656720000000,19171.100083250643,13373093.81614568,2022-07-02
387,1656806400000,19331.080196954816,13492444.348254904,2022-07-03
388,1656892800000,19249.444950344354,13448277.91136549,2022-07-04
389,1656979200000,19059.483828709333,13304640.280963678,2022-07-05
390,1657065600000,20131.858027758033,13059235.409037746,2022-07-06
391,1657152000000,20131.858027758033,13059235.409037746,2022-07-07
392,1657238400000,20440.395909721334,13244599.146149915,2022-07-08
393,1657324800000,21265.11035614569,13791645.17516326,2022-07-09
394,1657497600000,20412.275876845313,13220918.394486107,2022-07-11
395,1657584000000,20412.275876845313,13220918.394486107,2022-07-12
396,1657843200000,21028.785525846375,13639384.538655797,2022-07-15
397,1657929600000,21028.785525846375,13639384.538655797,2022-07-16
398,1658188800000,21957.698944763735,14335024.063970027,2022-07-19
399,1658275200000,21957.698944763735,14335024.063970027,2022-07-20
400,1658448000000,23663.877832918846,15448898.312845893,2022-07-22
401,1658534400000,23663.877832918846,15448898.312845893,2022-07-23
402,1658620800000,22560.701618455994,14609791.87863914,2022-07-24
403,1658880000000,23089.185331760338,15141005.859498521,2022-07-27
404,1658966400000,23089.185331760338,15141005.859498521,2022-07-28
405,1659052800000,23955.965452962984,15601250.75951865,2022-07-29
406,1659139200000,23687.279548557268,15487204.316938303,2022-07-30
407,1659225600000,23585.518443255212,15386394.96822813,2022-07-31
408,1659312000000,23585.518443255212,15386394.96822813,2022-08-01
409,1659398400000,22812.17372243453,14885857.449200224,2022-08-02
410,1659830400000,23209.169125885146,15154125.25425734,2022-08-07
411,1659916800000,23209.169125885146,15154125.25425734,2022-08-08
412,1660003200000,23687.45019359807,15469762.531826885,2022-08-09
413,1660089600000,23335.59031362583,15133941.387403363,2022-08-10
414,1660176000000,23084.757089492658,15074300.197879106,2022-08-11
415,1660262400000,24387.14082236176,15942121.977280619,2022-08-12
416,1660348800000,24355.336047227556,15893585.210966127,2022-08-13
417,1660435200000,24355.336047227556,15893585.210966127,2022-08-14
418,1660521600000,24388.34666670675,15924984.8219902,2022-08-15
419,1660608000000,24818.161970711324,16193157.868891412,2022-08-16
420,1660867200000,21879.631670236424,14280152.74078656,2022-08-19
421,1660953600000,21879.631670236424,14280152.74078656,2022-08-20
422,1661040000000,21270.51476466367,13857687.265365554,2022-08-21
423,1661904000000,20157.97946964724,13169219.850400124,2022-08-31
424,1661990400000,20157.97946964724,13169219.850400124,2022-09-01
425,1662681600000,20964.493366136732,12433399.594806302,2022-09-09
426,1662768000000,20964.493366136732,12433399.594806302,2022-09-10
427,1663027200000,19528.63400325128,11599532.837814016,2022-09-13
428,1663113600000,19528.63400325128,11599532.837814016,2022-09-14
429,1663200000000,19513.643761079737,11580534.542580772,2022-09-15
430,1663286400000,18453.185816857676,10971898.102897594,2022-09-16
431,1663372800000,19669.6258250987,11665453.27342869,2022-09-17
432,1663459200000,20122.11801762802,11945846.15501737,2022-09-18
433,1663891200000,18783.328728813973,11139817.582388127,2022-09-23
434,1663977600000,18783.328728813973,11139817.582388127,2022-09-24
435,1664841600000,20120.643059739094,11930099.320015503,2022-10-04
436,1664928000000,20120.643059739094,11930099.320015503,2022-10-05
437,1665014400000,20215.77153545665,11995360.615216447,2022-10-06
438,1665100800000,20446.429942597926,12132120.419871645,2022-10-07
439,1665878400000,19227.944256405546,11412290.352635598,2022-10-16
440,1665964800000,19227.944256405546,11412290.352635598,2022-10-17
441,1666051200000,19710.980782518425,11689979.633395787,2022-10-18
442,1666137600000,19370.20425908066,11487663.317589523,2022-10-19
443,1666224000000,19370.20425908066,11487663.317589523,2022-10-20
444,1668297600000,16711.122135071702,5306365.267759934,2022-11-13
445,1668384000000,16711.122135071702,5306365.267759934,2022-11-14
