,Time,open,mktcap,Date
0,1666375210672,0.42564076048913946,457897241.29981947,2022-10-21
1,1666378935036,0.4253771403074608,457482584.8558934,2022-10-21
2,1666382526637,0.4241312622035461,456079094.2356958,2022-10-21
3,1666386059010,0.42445254668672194,456940170.1227882,2022-10-21
4,1666389671964,0.4250077197213738,456838470.0954497,2022-10-22
5,1666393260849,0.4228143125230257,454760273.79940933,2022-10-22
6,1666396857741,0.42422239811199475,456367457.7168627,2022-10-22
7,1666400528469,0.42461420205770756,456619049.91042525,2022-10-22
8,1666404135713,0.4257729140995648,457504213.7472296,2022-10-22
9,1666407730452,0.4246759104257387,457227926.69656694,2022-10-22
10,1666411280346,0.4249649153828381,457141520.9103183,2022-10-22
11,1666414908831,0.42397099052248594,456007962.43853855,2022-10-22
12,1666418440500,0.423928344791384,455790835.232904,2022-10-22
13,1666422053032,0.42329649410847797,455166149.270814,2022-10-22
14,1666425660618,0.4242622202511356,456202346.713468,2022-10-22
15,1666429233733,0.42455554506275,456584885.5154618,2022-10-22
16,1666432840252,0.4242568526820184,456276679.1921956,2022-10-22
17,1666436537733,0.4240252780090926,456072916.49239,2022-10-22
18,1666440090179,0.4241762126479766,456182837.8440016,2022-10-22
19,1666443679364,0.42337150030377096,455483265.81514496,2022-10-22
20,1666447282947,0.42279889538209653,455609164.479769,2022-10-22
21,1666450887274,0.4224552418700013,454276321.755918,2022-10-22
22,1666454415605,0.421764687047688,453617876.6510813,2022-10-22
23,1666458066116,0.42193657213417957,453709704.64177793,2022-10-22
24,1666461867486,0.42178397693800906,454608150.05668986,2022-10-22
25,1666465258829,0.42227204135196444,454147689.46911263,2022-10-22
26,1666468885146,0.4218225191519135,453915989.6645076,2022-10-22
27,1666472546644,0.4221015876711568,453764495.45954525,2022-10-22
28,1666476095736,0.4216901810802054,453478287.8165514,2022-10-23
29,1666479744743,0.4213162421266862,453111927.56328464,2022-10-23
30,1666483333125,0.4210965038030685,452804476.9829473,2022-10-23
31,1666486895921,0.4210274931319616,452775819.8977027,2022-10-23
32,1666490480162,0.42063309890646033,452246509.4864389,2022-10-23
33,1666494086747,0.4207628780690365,452728548.6155005,2022-10-23
34,1666497679296,0.4205281624625179,452073660.94187963,2022-10-23
35,1666501337095,0.4201249457354268,452222437.3019674,2022-10-23
36,1666504940069,0.41996601751526896,451706669.7360802,2022-10-23
37,1666508483228,0.4198138990142556,451475982.46384215,2022-10-23
38,1666512138037,0.4192762124768924,450984969.52566963,2022-10-23
39,1666515750169,0.41927130870670587,450947786.9277774,2022-10-23
40,1666519284253,0.41954336528758124,451373795.1606977,2022-10-23
41,1666522827626,0.4201359699747509,451712502.6606625,2022-10-23
42,1666526481619,0.4179201383056679,449456842.3737114,2022-10-23
43,1666530024186,0.4168108619750717,448159866.024931,2022-10-23
44,1666533630256,0.418289068032483,451055315.04578197,2022-10-23
45,1666537333861,0.418193122182152,449859910.0463171,2022-10-23
46,1666540877886,0.4186749087291831,450314551.26897645,2022-10-23
47,1666544545617,0.4175673971093933,449028123.87773925,2022-10-23
48,1666548014871,0.41847100839172174,449802431.7415375,2022-10-23
49,1666551625801,0.4202412938236027,451897116.2854694,2022-10-23
50,1666555338939,0.4210440253366304,452494427.3162409,2022-10-23
51,1666558836548,0.42225668622206686,453852758.28809714,2022-10-23
52,1666562471581,0.4322897451974802,464649389.30680895,2022-10-24
53,1666566080895,0.4326976770466315,466890954.44450897,2022-10-24
54,1666569675140,0.428395788215779,460457236.00483716,2022-10-24
55,1666573271823,0.4279449019203628,460524090.6173178,2022-10-24
56,1666576954264,0.4260692088962296,458261712.2565084,2022-10-24
57,1666580487789,0.4258971948321368,458077917.59924763,2022-10-24
58,1666584139723,0.4243827085809887,456328407.73238647,2022-10-24
59,1666587742747,0.42506585723919943,457166171.0500062,2022-10-24
60,1666591249463,0.42452892126107533,456789657.6030329,2022-10-24
61,1666594873804,0.42330990651603523,455268273.79604036,2022-10-24
62,1666598501934,0.4236292999522339,455528196.32515293,2022-10-24
63,1666602120682,0.42373779214661816,455287264.2581295,2022-10-24
64,1666605657048,0.4236858671448457,455554868.97296095,2022-10-24
65,1666609348130,0.4259784241490561,458851236.5123018,2022-10-24
66,1666612931983,0.42741305372735916,459511434.3510426,2022-10-24
67,1666616540628,0.4266702428866123,459365621.6507414,2022-10-24
68,1666620141691,0.4279703891623004,458840323.0051464,2022-10-24
69,1666623681098,0.42319027514155927,454556316.5435047,2022-10-24
70,1666627283880,0.4228470785132807,454300274.7792978,2022-10-24
71,1666630835590,0.4230216546114422,454919578.4919518,2022-10-24
72,1666634490214,0.42206306348895856,453342997.16845125,2022-10-24
73,1666638142581,0.42265090483411466,454545244.70374453,2022-10-24
74,1666641725217,0.42293268227770175,454891271.38148004,2022-10-24
75,1666645278687,0.42285944341490433,455178246.2501333,2022-10-24
76,1666648887182,0.42376348626867416,455735813.90088207,2022-10-25
77,1666652536224,0.4234393165395114,455322404.2555199,2022-10-25
78,1666656004325,0.42358173157446094,455505619.5953596,2022-10-25
79,1666659694462,0.4238867027737247,455516672.3292118,2022-10-25
80,1666663280424,0.42124831317741784,455120265.03718364,2022-10-25
81,1666666939225,0.42051082064806067,452787321.04645383,2022-10-25
82,1666670485173,0.4214332221753479,453429425.17319745,2022-10-25
83,1666674093385,0.4216904960941745,453558958.8359445,2022-10-25
84,1666677617712,0.42185399833495085,453577119.2267422,2022-10-25
85,1666681226629,0.4223695783813511,454375080.3071168,2022-10-25
86,1666684877197,0.4226565555757414,454554713.0974588,2022-10-25
87,1666688476194,0.42271741298663723,454702368.6621828,2022-10-25
88,1666692074762,0.4214324755404582,453494464.62359464,2022-10-25
89,1666695722785,0.42226558884806,453971633.40087235,2022-10-25
90,1666699232089,0.42120728995504925,453043694.0594173,2022-10-25
91,1666702927537,0.4207853292105241,452501655.91446805,2022-10-25
92,1666706525569,0.4252203356881931,456967944.6319135,2022-10-25
93,1666710083541,0.4255447003271917,457546381.8328702,2022-10-25
94,1666713754362,0.42989324768588477,458936247.27142686,2022-10-25
95,1666717252582,0.42830792771398746,459901786.73864055,2022-10-25
96,1666720972990,0.43251083014594655,464962067.28804463,2022-10-25
97,1666724520128,0.4370949946089645,471419111.487678,2022-10-25
98,1666728162119,0.43508557935615294,467871271.162422,2022-10-25
99,1666731695157,0.4249693695585363,455139033.98168135,2022-10-25
100,1666735262511,0.4274369615424321,458977687.75473195,2022-10-26
101,1666738884231,0.4269703198557788,459693118.8904236,2022-10-26
102,1666742486866,0.4263611728272875,459111576.5057046,2022-10-26
103,1666746133024,0.4290831391071035,461239813.25845444,2022-10-26
104,1666749679681,0.4287306646388046,461016129.1507365,2022-10-26
105,1666753300072,0.43115013845183503,463450976.6033468,2022-10-26
106,1666756939315,0.4320883055008636,464867578.9727096,2022-10-26
107,1666760565540,0.4357671632747101,468611443.4327449,2022-10-26
108,1666764145189,0.43665320853779516,469296357.95027995,2022-10-26
109,1666767676749,0.4401021311830419,473010868.9114187,2022-10-26
110,1666771306327,0.4411579409187758,474992619.072296,2022-10-26
111,1666774851649,0.447899819501846,487620913.53616834,2022-10-26
112,1666778496872,0.44464242922907155,478310041.2661988,2022-10-26
113,1666782158719,0.44453150446698003,478567941.810215,2022-10-26
114,1666785631185,0.44717793150019775,480687900.868711,2022-10-26
115,1666789314934,0.43622317710486147,468708223.8063207,2022-10-26
116,1666792928662,0.43476050488064616,468006855.27815676,2022-10-26
117,1666796599468,0.44270404909633576,475918221.584478,2022-10-26
118,1666796650578,0.4433219559531874,475918221.584478,2022-10-26
119,1666800130567,0.4438529934853384,477315546.4136695,2022-10-26
120,1666803726396,0.4362199351984446,468944429.84552175,2022-10-26
121,1666807308899,0.4360349027565019,470033152.39787835,2022-10-26
122,1666810904961,0.43726658012745123,471831202.4466703,2022-10-26
123,1666814559036,0.44083908496768975,473769549.79081005,2022-10-26
124,1666818066789,0.438204787911801,471641863.5490602,2022-10-26
125,1666821695489,0.43852382971780424,471182731.9942521,2022-10-27
126,1666825264395,0.4382538138287629,471663698.93109274,2022-10-27
127,1666828903012,0.4414437278571285,471594596.4459351,2022-10-27
128,1666832513289,0.4407809500194815,473989191.203099,2022-10-27
129,1666836104176,0.44116384953127935,474807933.4411506,2022-10-27
130,1666839835785,0.44395422063138273,476278023.06262296,2022-10-27
131,1666843316019,0.4407682232832014,473179583.4988487,2022-10-27
132,1666846957111,0.43990328004436424,472923425.58577734,2022-10-27
133,1666850550155,0.4428785031947607,475990669.40512764,2022-10-27
134,1666854032740,0.44396458895386254,477404990.23432034,2022-10-27
135,1666857716834,0.44493951113445396,478723317.410715,2022-10-27
136,1666861256089,0.446088749908154,479627079.3113653,2022-10-27
137,1666864926185,0.4446277309804825,477692943.3211879,2022-10-27
138,1666868551522,0.4437257584913531,477030087.88173294,2022-10-27
139,1666872113051,0.4460737424407105,479717197.51491416,2022-10-27
140,1666875755778,0.4453924251445763,479871308.80660355,2022-10-27
141,1666879357335,0.4505759873000671,484003369.43947446,2022-10-27
142,1666882884607,0.45304204332173054,488041179.91042167,2022-10-27
143,1666886507968,0.45006407519511,484325216.7162285,2022-10-27
144,1666890131706,0.4505231033270832,484197253.71195143,2022-10-27
145,1666893775552,0.45028808754494587,484087420.47799003,2022-10-27
146,1666897299663,0.4508677491040705,485300053.4364049,2022-10-27
147,1666900907089,0.45236867820154986,486166171.3386284,2022-10-27
148,1666904447922,0.4460320696177668,479574706.58645517,2022-10-27
149,1666908137440,0.44761531170925295,481524345.5770216,2022-10-28
150,1666911700758,0.44807339076882025,481842489.0855342,2022-10-28
151,1666915318779,0.44680218736890387,480821846.6399057,2022-10-28
152,1666918934643,0.4456851560618183,479454011.38348097,2022-10-28
153,1666922501761,0.4446669683363234,477351694.52778727,2022-10-28
154,1666926098304,0.4412985042292548,474581055.28722334,2022-10-28
155,1666929706435,0.43930826062647405,472401077.91987103,2022-10-28
156,1666933299233,0.4413343558898016,474840173.09751296,2022-10-28
157,1666936935862,0.4438106695881277,477195131.65438426,2022-10-28
158,1666940414509,0.4411645945845738,474494323.0799272,2022-10-28
159,1666944016893,0.43861323158318183,471824256.6639314,2022-10-28
160,1666947735799,0.43953628837084463,471521515.8349549,2022-10-28
161,1666951329388,0.4389266737337428,471905156.02757746,2022-10-28
162,1666955001590,0.44097113966449064,473419141.57667434,2022-10-28
163,1666958545444,0.4407850480673196,474100444.85930127,2022-10-28
164,1666962056010,0.4405750222550455,473802379.6015391,2022-10-28
165,1666965813280,0.44392548723607517,477461523.5396121,2022-10-28
166,1666969286554,0.44218810508534656,475585307.68261737,2022-10-28
167,1666972943411,0.4404166943980993,473753706.70705664,2022-10-28
168,1666976477900,0.44625495809024796,478798083.5925749,2022-10-28
169,1666980084960,0.4462110192609826,480090620.5350168,2022-10-28
170,1666983676841,0.4478586527342073,481536349.3754168,2022-10-28
171,1666987332111,0.4456821190695718,479270974.8932102,2022-10-28
172,1666990932021,0.44745917064891827,481514280.804678,2022-10-28
173,1666994442926,0.4458094266265592,479102316.5086096,2022-10-29
174,1666998088658,0.44612230113787105,479560463.0458377,2022-10-29
175,1667001755702,0.44539993075886175,478867631.8320326,2022-10-29
176,1667005353001,0.4461178637168744,479843984.5226777,2022-10-29
177,1667008959946,0.44578947350014536,479076927.4505113,2022-10-29
178,1667012542591,0.4478284860341286,481455387.88029176,2022-10-29
179,1667016127834,0.4498795360731081,483792401.3029471,2022-10-29
180,1667019743835,0.44828582973642167,482676131.05661005,2022-10-29
181,1667023223380,0.44880868731840834,483537061.7143639,2022-10-29
182,1667026940874,0.4498553645538663,483681994.26254356,2022-10-29
183,1667030529254,0.4490658990811106,482965124.7116405,2022-10-29
184,1667034089994,0.4513558421424429,486531781.57856065,2022-10-29
185,1667037747825,0.45277579241459404,485956328.88071483,2022-10-29
186,1667041264239,0.45215248418228193,486471313.0245663,2022-10-29
187,1667044938505,0.44809079358672205,482407275.9763561,2022-10-29
188,1667048559836,0.4490345886473223,482698911.6187846,2022-10-29
189,1667052103029,0.44775217240617565,481671018.6951986,2022-10-29
190,1667055691779,0.4484631288084058,482310465.24665487,2022-10-29
191,1667059361492,0.439628725069205,480146147.6194118,2022-10-29
192,1667062922553,0.44253377006938005,475155173.7025194,2022-10-29
193,1667066528763,0.4415126733272295,475322973.1363647,2022-10-29
194,1667070042119,0.4354890460954875,471226381.97667617,2022-10-29
195,1667073669191,0.43591455733637857,468461308.4900559,2022-10-29
196,1667077358970,0.44230172181535476,475685598.2445775,2022-10-29
197,1667080940254,0.44030638119637316,473679967.5557264,2022-10-30
198,1667084481879,0.4396880292916754,473808851.02693486,2022-10-30
199,1667088187218,0.43969412125051816,473948291.98099357,2022-10-30
200,1667091807030,0.43836788055342746,471408102.3541447,2022-10-30
201,1667095298488,0.43952963029683756,472726761.72748256,2022-10-30
202,1667098988983,0.4396911143067615,472923788.746,2022-10-30
203,1667102533705,0.4418320302409808,475488356.3234603,2022-10-30
204,1667106231886,0.44045347930950296,474483881.17674696,2022-10-30
205,1667109786945,0.44097582816314784,473399211.77038616,2022-10-30
206,1667113268466,0.4415267464690434,476348135.62697005,2022-10-30
207,1667116908319,0.44181950723314356,474922552.08504343,2022-10-30
208,1667120480515,0.4419599098126837,475195339.02432805,2022-10-30
209,1667124167600,0.4342534691068062,470132982.1378616,2022-10-30
210,1667127763349,0.43610857650017315,469042197.4201494,2022-10-30
211,1667131282636,0.4346954526973184,466500342.8987861,2022-10-30
212,1667134956126,0.43395591230935615,466039044.5249761,2022-10-30
213,1667138526356,0.43466442578867637,467613250.2759064,2022-10-30
214,1667142153002,0.4319830742956218,464463342.44049,2022-10-30
215,1667145747856,0.434907270809719,468988326.7494182,2022-10-30
216,1667149360055,0.4335773605089325,466640665.6297594,2022-10-30
217,1667152908504,0.43273127829104596,464524860.7153292,2022-10-30
218,1667156603684,0.4337666854865672,466461481.42913014,2022-10-30
219,1667160157199,0.4330990125702347,466322405.7577856,2022-10-30
220,1667163752914,0.4335191108726382,466626680.04134434,2022-10-30
221,1667167333713,0.43370284320756536,466231601.22291356,2022-10-30
222,1667170873885,0.4313399853132382,464003350.016411,2022-10-31
223,1667174470013,0.431451730212087,463579490.0460117,2022-10-31
224,1667178127041,0.432899930575395,465543519.26022494,2022-10-31
225,1667181792901,0.43294492611086344,465508588.3596057,2022-10-31
226,1667185311699,0.43013524445585627,463139404.81976897,2022-10-31
227,1667188886082,0.4342610064715755,466656393.1248038,2022-10-31
228,1667192437568,0.4343632075151283,466916579.58111113,2022-10-31
229,1667196029973,0.4333622443081069,466174864.5467849,2022-10-31
230,1667199716649,0.4313995267415262,463932243.8789239,2022-10-31
231,1667203424890,0.43330979010704385,465406363.67685884,2022-10-31
232,1667206950242,0.4315010788322124,463242813.65851945,2022-10-31
233,1667210505498,0.43599048610214525,468754480.0197677,2022-10-31
234,1667214073078,0.44120651670380634,474048022.91700786,2022-10-31
235,1667217682850,0.44340440766888817,476912445.34808946,2022-10-31
236,1667221308307,0.43960141769855976,472786740.9786722,2022-10-31
237,1667224954335,0.4341097520420073,472552444.6414753,2022-10-31
238,1667228558357,0.42885855839749926,461211076.75015265,2022-10-31
239,1667232184292,0.4319476128583835,463283265.7563955,2022-10-31
240,1667235807602,0.4323773674699119,465376939.4930996,2022-10-31
241,1667239319110,0.4300267696358018,462988334.3809548,2022-10-31
242,1667242920390,0.43250605312267865,465241426.5904215,2022-10-31
243,1667246527995,0.4290132445121701,462227976.2508068,2022-10-31
244,1667250101853,0.4302965184113667,463169751.32906955,2022-10-31
245,1667253768089,0.430382839773869,462555750.74887705,2022-10-31
246,1667257303986,0.43104203572439803,463237647.31015,2022-11-01
247,1667260994854,0.4319819285877901,464324677.30118155,2022-11-01
248,1667264513344,0.43258961032934246,465051883.61883265,2022-11-01
249,1667268098205,0.4334207383369844,466108447.2331636,2022-11-01
250,1667271806552,0.43619559969074645,467410023.6655924,2022-11-01
251,1667275276562,0.4337297967626934,466408595.61642563,2022-11-01
252,1667278910105,0.433553684640874,465616776.46990734,2022-11-01
253,1667282525420,0.4354865369027814,468195817.7093023,2022-11-01
254,1667286091489,0.43587119122606677,468784128.85002494,2022-11-01
255,1667289660312,0.43486064321054074,467837824.6653868,2022-11-01
256,1667293257723,0.4303259455260288,463592512.93962234,2022-11-01
257,1667296870592,0.4314735483832568,464125517.4660693,2022-11-01
258,1667300561928,0.43225221371713574,464828260.046091,2022-11-01
259,1667304113624,0.43183865617149453,464437435.76837647,2022-11-01
260,1667307748373,0.43152172660403904,464010574.0303887,2022-11-01
261,1667311318337,0.42880865319311606,460742861.43476003,2022-11-01
262,1667314888963,0.4303867992730622,464191690.605777,2022-11-01
263,1667318493847,0.43061699765960354,463157510.8147472,2022-11-01
264,1667322112093,0.429626122876546,462063434.40504307,2022-11-01
265,1667325736798,0.4302809966461999,462709992.6078284,2022-11-01
266,1667329335405,0.4299599822063228,462316649.62653315,2022-11-01
267,1667333015619,0.43024145616895004,462589193.6391401,2022-11-01
268,1667336559218,0.4308398638193844,463307454.2451598,2022-11-01
269,1667340244460,0.43098315408681975,463371392.76234806,2022-11-01
270,1667343862458,0.42998233047893547,462401159.39961,2022-11-02
271,1667347456146,0.4288832130202694,461311637.18290067,2022-11-02
272,1667350977459,0.4293863850593905,461990916.81572634,2022-11-02
273,1667355109217,0.42974237356659867,462136255.5393353,2022-11-02
274,1667358660988,0.4296635345909026,462050251.1853887,2022-11-02
275,1667362261620,0.4284932717426084,460822260.5319784,2022-11-02
276,1667365908771,0.42902662957165405,461325088.9488831,2022-11-02
277,1667369465392,0.42865095915778634,460635040.1903439,2022-11-02
278,1667373081103,0.42800289622903076,460798572.8875732,2022-11-02
279,1667376444172,0.4221688733902557,453986830.4098037,2022-11-02
280,1667379831178,0.42365515884140637,455498225.9615417,2022-11-02
281,1667383395962,0.42067139589221364,453798528.2499862,2022-11-02
282,1667386873750,0.41918514620139113,452123881.5197269,2022-11-02
283,1667390509040,0.41779699465887543,448843004.02507156,2022-11-02
284,1667394149455,0.4178726937998652,449288981.9433447,2022-11-02
285,1667397749780,0.4159721309959028,447355207.79607034,2022-11-02
286,1667401253223,0.41784376693924014,449122065.0386842,2022-11-02
287,1667404874522,0.41846035459082026,449964567.84835154,2022-11-02
288,1667408435331,0.42046413099211766,451922522.04466504,2022-11-02
289,1667412125485,0.4196433066246619,453038745.19879866,2022-11-02
290,1667415821191,0.4224173864804358,455710206.2057292,2022-11-02
291,1667419237411,0.41071576733450993,441572136.4964266,2022-11-02
292,1667422849831,0.4127884848594702,443436762.8585508,2022-11-02
293,1667426555071,0.41036267883406474,441632073.18559015,2022-11-02
294,1667430060521,0.4055193980492806,435944352.5892308,2022-11-03
295,1667433799658,0.40936499358676043,439419173.7869165,2022-11-03
296,1667437361055,0.4110517514539086,440817540.7741586,2022-11-03
297,1667440874502,0.41560978889045674,446260400.13866603,2022-11-03
298,1667444558158,0.4137145771067806,444838222.786449,2022-11-03
299,1667448086602,0.416271407978646,447665637.73731434,2022-11-03
300,1667451737193,0.4162699866151447,447550651.0158144,2022-11-03
301,1667455415819,0.4168901379524397,447903902.9772547,2022-11-03
302,1667459503696,0.41567049255442806,447371633.483467,2022-11-03
303,1667463092274,0.4152896923512306,445744939.201522,2022-11-03
304,1667466860563,0.415652930375094,446975547.51735365,2022-11-03
305,1667470318437,0.4157852077617402,447296383.33984053,2022-11-03
306,1667473983325,0.41550511252343153,446826429.3917884,2022-11-03
307,1667477688281,0.41269486020562085,439850277.1178654,2022-11-03
308,1667481254966,0.4079656668372945,439850277.1178654,2022-11-03
309,1667484970432,0.41050200454000185,441109733.1639924,2022-11-03
310,1667488258467,0.413822137032436,445070840.19767463,2022-11-03
311,1667491838423,0.4147095048655566,444532627.57405835,2022-11-03
312,1667495025685,0.4143772152161308,445587123.08990705,2022-11-03
313,1667498647116,0.41396385105266986,445230073.2762891,2022-11-03
314,1667502263580,0.4124576775239159,443550239.8218973,2022-11-03
315,1667505804718,0.41169045650959685,442688033.1196599,2022-11-03
316,1667509323662,0.4131405249020354,444252913.3025334,2022-11-03
317,1667512988045,0.41431225900534163,445697471.29318273,2022-11-03
318,1667516500744,0.413563562890709,445187647.14354086,2022-11-04
319,1667520206952,0.4139823089158124,444918804.686068,2022-11-04
320,1667523836962,0.41342332660631115,445916693.0550214,2022-11-04
321,1667527356820,0.41463082241053445,445958292.67856264,2022-11-04
322,1667530903223,0.41586387343367226,447151512.4752768,2022-11-04
323,1667534609969,0.41597630217014014,446964908.7214956,2022-11-04
324,1667538214402,0.4159320942237881,447327976.6834378,2022-11-04
325,1667541816195,0.41917515527940574,449089199.02760273,2022-11-04
326,1667545357305,0.42116175053675353,452275094.38330686,2022-11-04
327,1667549083706,0.4209927910719702,452455156.47446746,2022-11-04
328,1667552762214,0.4211125766931429,452568931.52004385,2022-11-04
329,1667556241089,0.4191021265818501,450108494.2899684,2022-11-04
330,1667559747625,0.4208238414440471,451827511.901785,2022-11-04
331,1667563441714,0.4234815283245079,455789130.81754804,2022-11-04
332,1667567086340,0.4241176448801828,452005610.7330352,2022-11-04
333,1667570617052,0.42366445820179094,457914650.2752138,2022-11-04
334,1667574242698,0.43019172420298096,462666719.1748574,2022-11-04
335,1667577724277,0.42018317559970414,453920631.70506585,2022-11-04
336,1667581440482,0.42215568930214686,453426752.7153205,2022-11-04
337,1667584989004,0.42173352289425886,452835731.6184327,2022-11-04
338,1667588560643,0.42337137725187785,455303206.6656982,2022-11-04
339,1667592198429,0.4254524729063155,455812493.23467547,2022-11-04
340,1667595827093,0.4259733234045115,457943367.5426148,2022-11-04
341,1667599423360,0.42699770527047987,459120885.4063272,2022-11-04
342,1667603008390,0.428884234182706,460751685.8878393,2022-11-05
343,1667606576131,0.429645115335901,462483334.5628627,2022-11-05
344,1667610200032,0.42753207239321783,459748559.2453121,2022-11-05
345,1667613824905,0.438046754971039,471121111.8374896,2022-11-05
346,1667617546001,0.4398381461594459,473109004.8150534,2022-11-05
347,1667621016276,0.4379489880386034,471727411.73579895,2022-11-05
348,1667624641846,0.4365337793150632,469793476.3036074,2022-11-05
349,1667628129255,0.43436682224672146,466660669.6576348,2022-11-05
350,1667631837867,0.43476709617290543,467599613.5387477,2022-11-05
351,1667635306350,0.4368543093082134,469810033.5857983,2022-11-05
352,1667638935355,0.43372053264464444,466639474.7970647,2022-11-05
353,1667642511618,0.43373723268335845,466425814.02686083,2022-11-05
354,1667646096690,0.43336470447411474,465929303.90716755,2022-11-05
355,1667649694725,0.43288579111383196,465414904.69181883,2022-11-05
356,1667653306784,0.4308823933104152,463719122.16858035,2022-11-05
357,1667656884097,0.42985778344543085,462129521.72560894,2022-11-05
358,1667660466329,0.4286047889852265,461051655.4099815,2022-11-05
359,1667664062202,0.42912703363365023,461408182.3232058,2022-11-05
360,1667667706760,0.4299633327028436,462978367.56169677,2022-11-05
361,1667671341305,0.4298571597790624,461663744.1834691,2022-11-05
362,1667674867963,0.42545380547183015,457235891.72993445,2022-11-05
363,1667678509033,0.4263852118721564,458521951.52019715,2022-11-05
364,1667682016863,0.4268960282790062,459041953.54784596,2022-11-05
365,1667685654817,0.4270891616620134,459378411.97186625,2022-11-05
366,1667689276203,0.42862585768916217,460983158.5340127,2022-11-06
367,1667692921163,0.4263445668683368,458601908.1286611,2022-11-06
368,1667696529575,0.4267546693277286,458954652.85129833,2022-11-06
369,1667700006401,0.42422317913487334,458437048.04575086,2022-11-06
370,1667703617306,0.42513495292213355,457721421.43199253,2022-11-06
371,1667707263953,0.42529558342610796,457521735.09298575,2022-11-06
372,1667710861389,0.4249090020707483,456962470.8328657,2022-11-06
373,1667714483178,0.42306934410398866,455678904.3450467,2022-11-06
374,1667718007800,0.42273367537258355,454539018.1062646,2022-11-06
375,1667721610429,0.4243146888214972,456070871.21460015,2022-11-06
376,1667725240751,0.4246666231402951,456688117.3989049,2022-11-06
377,1667728877167,0.4249107457796093,457124539.20588076,2022-11-06
378,1667732442065,0.423830668636868,454577898.1498204,2022-11-06
379,1667736034326,0.4232738562753689,455061631.78109676,2022-11-06
380,1667739603612,0.4243545106128198,456431441.80107045,2022-11-06
381,1667743274335,0.4250919925293976,457182986.1299691,2022-11-06
382,1667746893807,0.4267312807041271,458517752.53353566,2022-11-06
383,1667750472233,0.4289694377724822,462519793.147456,2022-11-06
384,1667754020386,0.4242038241550368,456168945.00074726,2022-11-06
385,1667757614779,0.4241019421515354,455782234.6676169,2022-11-06
386,1667761236479,0.42188790932104303,453701727.12877685,2022-11-06
387,1667764908573,0.41777029072091937,449800350.0079943,2022-11-06
388,1667768452482,0.4176548273529173,448417191.2125021,2022-11-06
389,1667772062230,0.41712665561140577,449216933.0729709,2022-11-06
390,1667775654287,0.41511427703782966,446404260.9849857,2022-11-07
391,1667779267713,0.4108472768432174,441926926.26976335,2022-11-07
392,1667782827144,0.41092088350600164,442447344.3011885,2022-11-07
393,1667786462872,0.41219878852302894,443432572.8942037,2022-11-07
394,1667790091116,0.41193815788061894,443097371.17426497,2022-11-07
395,1667793603159,0.4090472461136027,439874138.1496597,2022-11-07
396,1667797310655,0.4088258272171313,439423670.8254633,2022-11-07
397,1667800861772,0.4108252411654948,442090098.9811095,2022-11-07
398,1667804426063,0.4096471369625022,440746570.3328951,2022-11-07
399,1667808069911,0.40719179735094047,438363834.6252967,2022-11-07
400,1667811634486,0.4083714653100383,438478732.1286272,2022-11-07
401,1667815266781,0.4050392071742268,437609115.61412925,2022-11-07
402,1667818848942,0.4069193520269879,437428130.10750794,2022-11-07
403,1667822446007,0.406776697530033,437286346.4844427,2022-11-07
404,1667826101926,0.4057676715827466,436228562.33876294,2022-11-07
405,1667829691553,0.4076305964596417,438308104.5622117,2022-11-07
406,1667833226647,0.4083369721052969,439321408.19764435,2022-11-07
407,1667836830826,0.4105058287798673,441221354.30900294,2022-11-07
408,1667840419661,0.4104152101310631,441355376.71015936,2022-11-07
409,1667844048567,0.40896990460623794,439903903.1003407,2022-11-07
410,1667847710947,0.41023923957602637,441239801.7409445,2022-11-07
411,1667851286965,0.411507634119162,441266778.91227335,2022-11-07
412,1667854817291,0.4088732066576363,440462140.2779326,2022-11-07
413,1667858490666,0.4060622544705893,436412001.52453566,2022-11-07
414,1667862051733,0.4034797147608607,433748203.10582024,2022-11-08
415,1667865701352,0.40374356515466786,433907714.9944683,2022-11-08
416,1667869265602,0.40215551666223315,432509630.11457676,2022-11-08
417,1667872891873,0.40206379634743794,433061727.4820337,2022-11-08
418,1667876428556,0.39436803455736624,425575715.5884551,2022-11-08
419,1667880068470,0.3850172104163038,413693099.44013774,2022-11-08
420,1667883668355,0.32630938078659605,334695161.15519667,2022-11-08
421,1667887293957,0.36108538019771597,380327348.3700313,2022-11-08
422,1667890857340,0.3728877400969793,400082307.46533465,2022-11-08
423,1667894471808,0.39102724091505453,419858418.460784,2022-11-08
424,1667898023923,0.39038239619322984,417491671.57286423,2022-11-08
425,1667901617364,0.39761177320421764,426125135.6765511,2022-11-08
426,1667905359243,0.39007991813763515,419107486.4028951,2022-11-08
427,1667908900605,0.39106127477215846,421135258.1793524,2022-11-08
428,1667912475006,0.3898655910795411,419304046.0593946,2022-11-08
429,1667916058702,0.38869944454528277,417969582.07532907,2022-11-08
430,1667919689475,0.380569654921947,407419501.8079568,2022-11-08
431,1667923250305,0.38125719930723284,406182367.3248489,2022-11-08
432,1667926808975,0.41281280799286724,435766381.36986303,2022-11-08
433,1667930525537,0.3777662563496018,412364603.7251982,2022-11-08
434,1667934092377,0.35196079930053586,380079708.27492946,2022-11-08
435,1667937681944,0.34089287474618807,368905213.7877199,2022-11-08
436,1667941223085,0.34635440645324905,372317779.4687302,2022-11-08
437,1667944834729,0.3459321448533474,370866980.5937041,2022-11-08
438,1667948514236,0.3419396587505238,368506104.827189,2022-11-09
439,1667952083591,0.34346646886039595,369877008.9330929,2022-11-09
440,1667955665508,0.34512231993955333,373165294.5920735,2022-11-09
441,1667959249255,0.34915922834332425,375461877.81989074,2022-11-09
442,1667962899738,0.33741464569759366,366587826.9571307,2022-11-09
443,1667966461034,0.34380781333133414,362192003.89315087,2022-11-09
444,1667970075843,0.3430467323285829,368125620.41845685,2022-11-09
445,1667973667530,0.3433841815584817,371263827.8654782,2022-11-09
446,1667977216155,0.3395597193851451,366297150.54713225,2022-11-09
447,1667980819462,0.3378136997371899,363026079.6190438,2022-11-09
448,1667984454765,0.3293455560926664,354096718.73306334,2022-11-09
449,1667988150066,0.3142141837756458,340370473.79457045,2022-11-09
450,1667991681182,0.3184545447825403,342469126.0276742,2022-11-09
451,1667995294392,0.3291641432305504,349782952.84260076,2022-11-09
452,1667998836972,0.3261248547243022,352523436.9640684,2022-11-09
453,1668002517737,0.32279341019213936,347032150.5285764,2022-11-09
454,1668006019581,0.32392090625986897,349043721.5073646,2022-11-09
455,1668009690910,0.3087816270417635,333783542.8041348,2022-11-09
456,1668013269667,0.3109687755244949,334810782.92241323,2022-11-09
457,1668016941149,0.31008692924264586,333981474.4923857,2022-11-09
458,1668020498297,0.29885482635807753,321713007.6594426,2022-11-09
459,1668024048778,0.3070824186420721,330757236.31686527,2022-11-09
460,1668027668269,0.3014904960404333,324084980.7514976,2022-11-09
461,1668031262176,0.2988200908167736,321240517.9782519,2022-11-09
462,1668034910357,0.3025131633036816,325999683.78331745,2022-11-10
463,1668038457750,0.2978857427975568,321496011.4173487,2022-11-10
464,1668042012900,0.3077605836467873,330318119.1105169,2022-11-10
465,1668045619076,0.3070784289158083,329166370.76767385,2022-11-10
466,1668049298020,0.3098716715856691,333075395.2143384,2022-11-10
467,1668052896578,0.3145977933911762,337401460.60583,2022-11-10
468,1668056494849,0.31896394305287107,344851855.335987,2022-11-10
469,1668060041425,0.33108574374904215,356081323.43064034,2022-11-10
470,1668063651623,0.3281013225649113,352884117.3289841,2022-11-10
471,1668067242163,0.33224667508753813,357120071.0477491,2022-11-10
472,1668070908304,0.338777363257713,361240472.24170095,2022-11-10
473,1668074500500,0.3354736857521962,361229766.383046,2022-11-10
474,1668078014427,0.3265814301679459,354208061.29745096,2022-11-10
475,1668081610356,0.3351988176187289,358934864.3621501,2022-11-10
476,1668085277731,0.346088916987103,371494521.246158,2022-11-10
477,1668088865431,0.35748933345691414,369065818.16115224,2022-11-10
478,1668092527965,0.34999976491110196,375050524.83301723,2022-11-10
479,1668096104314,0.34657217910079025,379073980.1397672,2022-11-10
480,1668099703716,0.3433514206852725,371853068.15019816,2022-11-10
481,1668103271655,0.3315421710847145,361848653.2636441,2022-11-10
482,1668106887406,0.33562246660588035,361031327.1077895,2022-11-10
483,1668110529212,0.34200907862560664,367066454.27249277,2022-11-10
484,1668114090975,0.351004613904462,371878469.3226978,2022-11-10
485,1668117679531,0.3375070860969492,361580899.95015496,2022-11-10
486,1668121300302,0.33915201113009164,363771808.7066737,2022-11-11
487,1668124831526,0.3396125735498834,362891621.2791716,2022-11-11
488,1668128427000,0.3398837350063214,365379281.251124,2022-11-11
489,1668132108287,0.3342363858895592,360166475.93005395,2022-11-11
490,1668135616478,0.3321176635040116,357250848.5274204,2022-11-11
491,1668139311626,0.33028464620117537,355183195.6651327,2022-11-11
492,1668142846503,0.32625124892652296,351022678.3263323,2022-11-11
493,1668146442942,0.33097399748220163,355779854.4100321,2022-11-11
494,1668150042415,0.33630465754146666,361653816.19882315,2022-11-11
495,1668153736561,0.33455340955625545,358990765.7116971,2022-11-11
496,1668157282446,0.33260432247330746,357772793.88703674,2022-11-11
497,1668160979122,0.33067829019011474,355051124.2805114,2022-11-11
498,1668164405005,0.3288892945439437,353753652.5229919,2022-11-11
499,1668168014776,0.33173637278818946,356955595.520635,2022-11-11
500,1668171746949,0.32638145542020125,350952894.70652527,2022-11-11
501,1668175207287,0.32744936487504445,352120572.1158524,2022-11-11
502,1668178870155,0.31659050271901634,343990550.6453576,2022-11-11
503,1668182458667,0.3200937163422478,346586439.8734878,2022-11-11
504,1668186090390,0.3196622604945434,340904981.2208038,2022-11-11
505,1668189635217,0.3204976494849483,344109281.3560749,2022-11-11
506,1668193333986,0.319386243968963,344435260.08215284,2022-11-11
507,1668196891678,0.32099168420831853,345410870.26285046,2022-11-11
508,1668200503003,0.3148724641249254,338594321.9229394,2022-11-11
509,1668204073858,0.3140285728696674,337781218.73306644,2022-11-11
510,1668207644355,0.32059265027981326,344625598.6756807,2022-11-12
511,1668211240167,0.3204126874311819,344432539.1015155,2022-11-12
512,1668214899770,0.3179528592464671,342269193.8882936,2022-11-12
513,1668218496474,0.3199613848765669,344357766.5574117,2022-11-12
514,1668222086065,0.3147473380438033,338798711.4209139,2022-11-12
515,1668225628124,0.3117448002786385,335695903.6285042,2022-11-12
516,1668229266500,0.3057377059479247,328834290.65371805,2022-11-12
517,1668232814676,0.30401318672746264,324568587.23204905,2022-11-12
518,1668236548140,0.3053280681074663,328258450.85748035,2022-11-12
519,1668240015050,0.30925428947537165,332959553.6725323,2022-11-12
520,1668243631547,0.3083206625603055,331486877.1131368,2022-11-12
521,1668247309917,0.3081780256426957,331447243.1201852,2022-11-12
522,1668250918162,0.3069757442473045,331027223.84126693,2022-11-12
523,1668254505209,0.307539575429708,331278146.8755657,2022-11-12
524,1668258118960,0.3074385924837525,330690794.88228774,2022-11-12
525,1668261672916,0.30805999923952126,331063598.04621917,2022-11-12
526,1668265269875,0.3072825199467252,330615438.26866025,2022-11-12
527,1668268900948,0.3081109372044409,331308041.20845854,2022-11-12
528,1668272507360,0.30710395639790244,330564346.0725346,2022-11-12
529,1668276047360,0.307210869864295,330396011.55171645,2022-11-12
530,1668279729238,0.30816740747574395,331445926.98813164,2022-11-12
531,1668283316187,0.308040433344884,331225200.65891206,2022-11-12
532,1668286902539,0.30815606322298034,332395938.08180887,2022-11-12
533,1668290424446,0.3084024128089877,331588950.89948136,2022-11-12
534,1668294074495,0.30836398539226517,331606369.4209022,2022-11-13
535,1668297689167,0.3081693407279675,331071346.66101724,2022-11-13
536,1668301266637,0.30851525702784344,331798448.3464883,2022-11-13
537,1668304861169,0.3082599697027348,331534932.2239371,2022-11-13
538,1668308452674,0.30811187919161764,331404472.0249194,2022-11-13
539,1668312083397,0.3079120058018499,331097124.75772834,2022-11-13
540,1668315676205,0.3056772031693221,328652493.80081534,2022-11-13
541,1668319330584,0.30543725723606663,328547252.38058555,2022-11-13
542,1668322882629,0.3041303122330118,326679430.0895273,2022-11-13
543,1668326499644,0.30162143208241504,324299984.51943827,2022-11-13
544,1668330054335,0.2992020892586138,322251976.52564275,2022-11-13
545,1668333614908,0.3059325515152354,330305371.32278794,2022-11-13
546,1668337281200,0.30770023203885005,330771572.07764935,2022-11-13
547,1668340883218,0.30847063037863454,331185133.0093919,2022-11-13
548,1668344443783,0.3085034883756462,331709994.6567735,2022-11-13
549,1668348080162,0.3083833487347707,330966349.2086685,2022-11-13
550,1668351627238,0.3080396890120385,331243433.4934867,2022-11-13
551,1668355240108,0.306794621893465,330520363.96865195,2022-11-13
552,1668358870582,0.3070569035689389,330093812.36872745,2022-11-13
553,1668362475322,0.30590696752772334,328904131.1645653,2022-11-13
554,1668366084755,0.3069011915104076,330174728.8382611,2022-11-13
555,1668369716853,0.3070893591267551,331587708.7170906,2022-11-13
556,1668373243078,0.307183572691884,330436489.5077002,2022-11-13
557,1668376849568,0.3083598579116106,331193202.7154646,2022-11-13
558,1668380446572,0.3080801852557262,331137136.3464196,2022-11-14
559,1668384069202,0.30821190686451966,331037227.1072592,2022-11-14
560,1668387688178,0.3056194774060882,327974444.44853413,2022-11-14
561,1668391285080,0.3003574410537725,322475918.23773944,2022-11-14
562,1668394898185,0.30236597143790506,324580096.990615,2022-11-14
563,1668398526506,0.30557939221354563,328783031.02406746,2022-11-14
564,1668402097032,0.306092618828888,327881904.6746238,2022-11-14
565,1668405793747,0.30751725639270094,331492048.37072307,2022-11-14
566,1668409427001,0.3090112077365796,330027435.1718282,2022-11-14
567,1668412898249,0.31464815694071147,336497260.8708049,2022-11-14
568,1668416507418,0.3156964614830177,339658530.4742584,2022-11-14
569,1668420056114,0.31328475733510597,336850911.17699254,2022-11-14
570,1668423681422,0.31216844260629895,335935710.14861476,2022-11-14
571,1668427303964,0.3117830858161559,335384682.4704394,2022-11-14
572,1668430888005,0.31144330412096644,335367423.015302,2022-11-14
573,1668434433689,0.31333897091004165,338554369.4891352,2022-11-14
574,1668438015420,0.3101116633324918,333274111.4348453,2022-11-14
575,1668441652105,0.31096591053614175,333611984.1340668,2022-11-14
576,1668445277049,0.30891334078654886,331723631.3505581,2022-11-14
577,1668448903937,0.30790255743804096,331953907.005233,2022-11-14
578,1668452462397,0.30802441618080073,331233930.0688404,2022-11-14
579,1668456026562,0.30804377825169155,330584190.5353698,2022-11-14
580,1668459663301,0.3067035717450663,330336622.1031023,2022-11-14
581,1668463236067,0.3061213474912858,328715361.10802853,2022-11-14
582,1668466900970,0.3061950289216887,329015552.6273459,2022-11-15
583,1668470505415,0.3056818776452338,329655379.4265521,2022-11-15
584,1668474072266,0.30733973042159796,331256077.0293466,2022-11-15
585,1668477623750,0.3095832276018713,332424712.7903765,2022-11-15
586,1668481229262,0.30852200637934024,331522177.896705,2022-11-15
587,1668484832265,0.30901853252510325,332009355.48773587,2022-11-15
588,1668488462847,0.30888007629981096,332273022.0736237,2022-11-15
589,1668488679247,0.3091970225088338,332273022.0736237,2022-11-15
590,1668492025936,0.3082507669306717,331913452.45001245,2022-11-15
591,1668495782793,0.3083357447345948,331775357.9684918,2022-11-15
592,1668499358533,0.30999031490281115,332213907.81888884,2022-11-15
593,1668502929665,0.3094855007033464,332940976.20522314,2022-11-15
594,1668506508922,0.307799496593294,330939758.6465988,2022-11-15
595,1668510094712,0.30877030834304553,332336107.93185514,2022-11-15
596,1668513630481,0.30850176136620683,330406104.3512354,2022-11-15
597,1668517282771,0.310361547699885,333854082.62912464,2022-11-15
598,1668520862943,0.3109850277315688,334217540.36044186,2022-11-15
599,1668524465825,0.30946190170760673,332662796.62905526,2022-11-15
600,1668528091444,0.3091178677134877,333299779.0354112,2022-11-15
601,1668531628788,0.3087557398315719,332005570.64041644,2022-11-15
602,1668535299483,0.30909982111747814,332716767.58885413,2022-11-15
603,1668538901834,0.30778437271672837,330381653.15156895,2022-11-15
604,1668542499662,0.30877554599126866,331952981.4528068,2022-11-15
605,1668546068377,0.3080311328504522,331743660.02627367,2022-11-15
606,1668549611108,0.30808205340299455,330807354.52977306,2022-11-15
607,1668553247680,0.30838710938389385,331623613.3192479,2022-11-16
608,1668556861320,0.30836163868873373,331761193.60953355,2022-11-16
609,1668560413185,0.30834272228902987,331538110.80551416,2022-11-16
610,1668564049643,0.30918338021857517,331966275.60764605,2022-11-16
611,1668567671492,0.3110382080324161,334486401.1143229,2022-11-16
612,1668571259873,0.31051968006054015,334266037.20024407,2022-11-16
613,1668574883495,0.31014319478334346,333815139.5008202,2022-11-16
614,1668578425838,0.3103517664453539,333767101.35264367,2022-11-16
615,1668582014616,0.3099450387817123,333425010.93216145,2022-11-16
616,1668585625531,0.3106994130042006,333957855.55473375,2022-11-16
617,1668589276984,0.30794174828589915,331888251.17722476,2022-11-16
618,1668592910163,0.30806416409308773,331364023.11538106,2022-11-16
619,1668596499923,0.3043706109258391,328347207.02893513,2022-11-16
620,1668600063257,0.3002130894487136,323377903.1133612,2022-11-16
621,1668603688448,0.2977758489817584,320422831.9961036,2022-11-16
622,1668607283084,0.29596187666032864,318983474.5758483,2022-11-16
623,1668610875739,0.29513762686413414,317393185.6274603,2022-11-16
624,1668614436205,0.3004096413405549,323571248.23152673,2022-11-16
625,1668618080591,0.30166456606506564,324861137.82237244,2022-11-16
626,1668621664274,0.30348623951187925,325608664.0283448,2022-11-16
627,1668625215617,0.301385761890509,324107770.125893,2022-11-16
628,1668628853524,0.3009879379566033,323462542.95834184,2022-11-16
629,1668632505382,0.30075438512102165,323818138.06080794,2022-11-16
630,1668636018555,0.3004149471521712,323035017.36656725,2022-11-16
631,1668639645192,0.30009418301033486,322595101.90004426,2022-11-17
632,1668643297955,0.3010650269961522,323328646.4953312,2022-11-17
633,1668646885028,0.3014250142948177,323972969.6611954,2022-11-17
634,1668650511592,0.3019236432377754,324184073.83164036,2022-11-17
635,1668654083761,0.3009145244577454,323952231.8550877,2022-11-17
636,1668657708600,0.29995474458219795,322544060.0111924,2022-11-17
637,1668661286004,0.2986385838592561,321217256.7220063,2022-11-17
638,1668664863975,0.29912519333790494,321780685.60307,2022-11-17
639,1668668438670,0.29862271260896966,322641711.20551825,2022-11-17
640,1668672081484,0.29826795544377344,320663907.2033172,2022-11-17
641,1668675687200,0.29850367253113014,321007730.0608349,2022-11-17
642,1668679283100,0.2957044722716421,318148565.0769221,2022-11-17
643,1668682871912,0.2952272608862544,317526358.1757485,2022-11-17
644,1668686490769,0.29694763873444796,319047187.5502985,2022-11-17
645,1668690052454,0.2972758691663663,318843766.98061234,2022-11-17
646,1668693611433,0.2957078350440065,318254040.3542551,2022-11-17
647,1668697218231,0.2966399093507298,318939305.13763034,2022-11-17
648,1668700915664,0.29689213145953575,320055535.71872663,2022-11-17
649,1668704453076,0.2990295473927577,321511604.6898244,2022-11-17
650,1668708071034,0.29871314983983166,320768950.77222824,2022-11-17
651,1668711685926,0.2993598398794163,321783692.0451331,2022-11-17
652,1668715301421,0.29818063037253173,321125933.6455747,2022-11-17
653,1668718907951,0.29891725201463565,321458128.57339555,2022-11-17
654,1668722506025,0.2988771187514293,321381118.8051647,2022-11-17
655,1668726064122,0.2989153747029529,321549344.9876054,2022-11-18
656,1668729667295,0.2988282884107316,321432301.1637817,2022-11-18
657,1668733266326,0.3006074495785887,322746121.58253676,2022-11-18
658,1668736854097,0.3008878324749421,323378745.0992143,2022-11-18
659,1668740451290,0.3028747576769641,325527208.5038509,2022-11-18
660,1668744012903,0.30225330644684717,325045254.4683806,2022-11-18
661,1668747679092,0.30177721644278155,324532865.82252485,2022-11-18
662,1668751268743,0.30130563943094096,324481048.65748954,2022-11-18
663,1668754901323,0.3029526223612638,325384149.06401193,2022-11-18
664,1668758450775,0.3019578375445399,324645900.58061624,2022-11-18
665,1668762059634,0.3003799784402256,322810070.8038288,2022-11-18
666,1668765644012,0.30097250733669656,323466171.2880921,2022-11-18
667,1668769234707,0.30123751351950895,324688566.65868354,2022-11-18
668,1668772854533,0.30132745157404356,324109530.7962293,2022-11-18
669,1668776513677,0.30166836766759747,324074907.2562499,2022-11-18
670,1668780086251,0.30175406011993133,324798732.8557248,2022-11-18
671,1668783652120,0.3007445255290893,323652770.1043367,2022-11-18
672,1668787315895,0.3010015250671874,323637679.4964434,2022-11-18
673,1668790849514,0.2995643491827448,323021963.5523779,2022-11-18
674,1668794486494,0.29857979583432476,321242634.3887236,2022-11-18
675,1668798018423,0.29897634028602266,321277131.97776794,2022-11-18
676,1668801653149,0.3003232740116885,322636448.4583669,2022-11-18
677,1668805287324,0.30068265605048927,323361268.9643494,2022-11-18
678,1668808912758,0.30077823975723617,323314657.4212834,2022-11-18
679,1668812481561,0.2998291897293186,323043475.1395484,2022-11-19
680,1668816060980,0.3007775853271307,323525597.9237321,2022-11-19
681,1668819643301,0.3001781513594191,323151778.05445844,2022-11-19
682,1668823212084,0.30011734133901746,322759609.1331749,2022-11-19
683,1668826890632,0.2996067605952065,322314232.1618135,2022-11-19
684,1668830455235,0.29997309676204315,322565333.43464434,2022-11-19
685,1668834052994,0.2994439050671765,322184527.84898096,2022-11-19
686,1668837671779,0.29919207626303085,321570575.12478065,2022-11-19
687,1668841318203,0.2998584340766478,322412669.67241365,2022-11-19
688,1668844841071,0.30002044539644124,322708239.10088015,2022-11-19
689,1668848443484,0.3002943589109689,322346849.360191,2022-11-19
690,1668852082130,0.29984378407620743,322904318.80389327,2022-11-19
691,1668855618556,0.30009951544229657,322554119.27971166,2022-11-19
692,1668859277461,0.29971127836923317,322253591.3590134,2022-11-19
693,1668862886305,0.2994724499831255,322039539.88773245,2022-11-19
694,1668866490051,0.29952059951551885,322242134.0430386,2022-11-19
695,1668870110358,0.299773298794003,322381833.25592,2022-11-19
696,1668873683199,0.29996052233699005,322603261.2357091,2022-11-19
697,1668877246019,0.3004185432081381,323034987.8622993,2022-11-19
698,1668880816791,0.29999538897883243,322430920.0467831,2022-11-19
699,1668884507885,0.3000854536005254,322707474.3723758,2022-11-19
700,1668888045497,0.30014738186688367,322982410.6557314,2022-11-19
701,1668891718747,0.3003835936459237,323147194.1689368,2022-11-19
702,1668895254977,0.30126117727527685,323844515.11194813,2022-11-19
703,1668898848700,0.3017721918555853,324709816.8921662,2022-11-20
704,1668902429775,0.3013268463665584,324033707.08766186,2022-11-20
705,1668906089367,0.30142170208951796,323876761.20241857,2022-11-20
706,1668909644056,0.30156096773044433,323940987.1203921,2022-11-20
707,1668913319166,0.30191274408739166,324863726.4245429,2022-11-20
708,1668916900249,0.30174462241819316,324239806.2351058,2022-11-20
709,1668920494388,0.30158672490409455,324295056.2140711,2022-11-20
710,1668924106418,0.3018852347706747,324641807.0467868,2022-11-20
711,1668927671211,0.30212569370048015,324882547.5083847,2022-11-20
712,1668931250999,0.3021742242779485,325015766.3724411,2022-11-20
713,1668934899599,0.30030778040996897,322823576.4566982,2022-11-20
714,1668938475120,0.30022621246453507,323185114.4196014,2022-11-20
715,1668942024612,0.2976047360768164,320253045.2179803,2022-11-20
716,1668945681653,0.2941010068265236,317031496.64778495,2022-11-20
717,1668949305801,0.29540225901305006,317426029.8791605,2022-11-20
718,1668952894375,0.2961710085169607,318447420.20671606,2022-11-20
719,1668956469456,0.2961074544183273,318329072.2831465,2022-11-20
720,1668960089563,0.29711544981357924,319214898.039074,2022-11-20
721,1668963617582,0.29657167115751676,318764583.8517987,2022-11-20
0,1629072000000,1.5965988708960714,0.0,2021-08-16
1,1629158400000,1.5965988708960714,0.0,2021-08-17
2,1629244800000,1.593674096659995,0.0,2021-08-18
3,1629331200000,1.5387527740158171,0.0,2021-08-19
4,1629417600000,1.6579084539266535,0.0,2021-08-20
5,1629504000000,1.723776741086768,0.0,2021-08-21
6,1629590400000,1.6364677385417024,0.0,2021-08-22
7,1629676800000,1.570665201991822,0.0,2021-08-23
8,1629763200000,1.5781539868229064,0.0,2021-08-24
9,1629849600000,1.5056073799407137,0.0,2021-08-25
10,1629936000000,1.5826245497864448,0.0,2021-08-26
11,1630022400000,1.5450412426610811,0.0,2021-08-27
12,1630108800000,1.582336012010433,0.0,2021-08-28
13,1630195200000,1.5350032893194938,0.0,2021-08-29
14,1630281600000,1.4028706918479343,0.0,2021-08-30
15,1630368000000,1.4658926216786343,0.0,2021-08-31
16,1630454400000,1.4339016583255002,0.0,2021-09-01
17,1630540800000,1.6014784000768345,0.0,2021-09-02
18,1630627200000,1.4901708251154953,0.0,2021-09-03
19,1630713600000,1.478999595204327,0.0,2021-09-04
20,1630800000000,1.492785294589389,0.0,2021-09-05
21,1630886400000,1.4256773556396942,0.0,2021-09-06
22,1630972800000,1.4318645432036667,0.0,2021-09-07
23,1631059200000,1.2536760611861666,0.0,2021-09-08
24,1631145600000,1.3337444570599517,0.0,2021-09-09
25,1631232000000,1.3522563107232644,0.0,2021-09-10
26,1631318400000,1.3233626378930596,0.0,2021-09-11
27,1631404800000,1.4953694086947176,0.0,2021-09-12
28,1631491200000,1.47156491283215,0.0,2021-09-13
29,1631577600000,1.5287435420024582,0.0,2021-09-14
30,1631664000000,1.588492340424067,0.0,2021-09-15
31,1631750400000,1.7042768443403746,0.0,2021-09-16
32,1631836800000,1.6859984652336886,0.0,2021-09-17
33,1631923200000,1.7112184976054508,0.0,2021-09-18
34,1632009600000,1.7622251117515362,0.0,2021-09-19
35,1632096000000,1.6769244866728774,0.0,2021-09-20
36,1632182400000,1.4544608350363393,0.0,2021-09-21
37,1632268800000,1.3859948694121451,0.0,2021-09-22
38,1632355200000,1.5447190922666725,0.0,2021-09-23
39,1632441600000,1.6594290383264023,0.0,2021-09-24
40,1632528000000,1.481005504188919,0.0,2021-09-25
41,1632614400000,1.4416409929157916,0.0,2021-09-26
42,1632700800000,1.4470457357152788,0.0,2021-09-27
43,1632787200000,1.4545438165458366,0.0,2021-09-28
44,1632873600000,1.5150423928874812,0.0,2021-09-29
45,1632960000000,1.5186007788385152,0.0,2021-09-30
46,1633046400000,1.5838357909649965,0.0,2021-10-01
47,1633132800000,1.8005753645830307,0.0,2021-10-02
48,1633219200000,1.778982112945695,0.0,2021-10-03
49,1633305600000,1.7800877589536024,0.0,2021-10-04
50,1633392000000,1.7784041806432065,0.0,2021-10-05
51,1633478400000,1.846280605745367,0.0,2021-10-06
52,1633564800000,1.8669163295505444,0.0,2021-10-07
53,1633651200000,1.7940503901816796,0.0,2021-10-08
54,1633737600000,1.804606216798777,0.0,2021-10-09
55,1633824000000,1.8289377460320928,0.0,2021-10-10
56,1633910400000,1.7874811646483748,0.0,2021-10-11
57,1633996800000,1.825296884688012,0.0,2021-10-12
58,1634083200000,1.7871404519654757,0.0,2021-10-13
59,1634169600000,1.8323432740741543,0.0,2021-10-14
60,1634256000000,1.8628382799762977,0.0,2021-10-15
61,1634342400000,1.7850766101553508,0.0,2021-10-16
62,1634428800000,1.7861510821226942,0.0,2021-10-17
63,1634515200000,1.7994456755588428,0.0,2021-10-18
64,1634601600000,1.8043887740248288,0.0,2021-10-19
65,1634688000000,2.006404738390516,0.0,2021-10-20
66,1634774400000,2.3967462080280426,0.0,2021-10-21
67,1634860800000,2.2160837241822824,0.0,2021-10-22
68,1634947200000,2.1749404398549474,0.0,2021-10-23
69,1635033600000,2.2700055140115434,0.0,2021-10-24
70,1635120000000,2.219079508928639,0.0,2021-10-25
71,1635206400000,2.4242133811954023,0.0,2021-10-26
72,1635292800000,2.3075536076212915,0.0,2021-10-27
73,1635379200000,2.228617985977747,0.0,2021-10-28
74,1635465600000,2.4035878904214965,0.0,2021-10-29
75,1635552000000,2.717848526976631,0.0,2021-10-30
76,1635638400000,2.849694885398621,0.0,2021-10-31
77,1635724800000,2.7468036903574724,0.0,2021-11-01
78,1635811200000,2.7372580458628724,0.0,2021-11-02
79,1635897600000,2.8954321497913496,0.0,2021-11-03
80,1635984000000,2.8328319367020445,0.0,2021-11-04
81,1636070400000,2.6807498583528857,0.0,2021-11-05
82,1636156800000,2.6138772106577424,0.0,2021-11-06
83,1636243200000,2.672514760118027,0.0,2021-11-07
84,1636329600000,2.732372288115015,0.0,2021-11-08
85,1636416000000,2.8396146013653096,0.0,2021-11-09
86,1636502400000,2.909661515228088,0.0,2021-11-10
87,1636588800000,2.853458893278962,0.0,2021-11-11
88,1636675200000,2.966012994872597,0.0,2021-11-12
89,1636761600000,2.8793971145784023,0.0,2021-11-13
90,1636848000000,2.8600813857328777,0.0,2021-11-14
91,1636934400000,2.793947878417294,0.0,2021-11-15
92,1637020800000,2.6956730049622246,0.0,2021-11-16
93,1637107200000,2.541084204478941,0.0,2021-11-17
94,1637193600000,2.577879408744754,0.0,2021-11-18
95,1637280000000,2.412746736262632,0.0,2021-11-19
96,1637366400000,2.5553358127953745,0.0,2021-11-20
97,1637452800000,2.625419648550648,0.0,2021-11-21
98,1637539200000,2.5928354856108062,0.0,2021-11-22
99,1637625600000,2.485287236017052,0.0,2021-11-23
100,1637712000000,2.564868284912749,0.0,2021-11-24
101,1637798400000,2.4588723437113256,0.0,2021-11-25
102,1637884800000,2.4482124326401657,0.0,2021-11-26
103,1637971200000,2.308686025923875,0.0,2021-11-27
104,1638057600000,2.3441459446830573,0.0,2021-11-28
105,1638144000000,2.374896078865364,0.0,2021-11-29
106,1638230400000,2.3614410320288624,0.0,2021-11-30
107,1638316800000,2.347811230147463,0.0,2021-12-01
108,1638403200000,2.346975382319611,0.0,2021-12-02
109,1638489600000,2.2709579130786244,0.0,2021-12-03
110,1638576000000,2.090145977688699,0.0,2021-12-04
111,1638662400000,1.8889193213917,0.0,2021-12-05
112,1638748800000,1.9018910066605257,0.0,2021-12-06
113,1638835200000,1.9099370911450035,0.0,2021-12-07
114,1638921600000,1.9870477940795783,0.0,2021-12-08
115,1639008000000,2.062403974686006,0.0,2021-12-09
116,1639094400000,1.9130018490380687,0.0,2021-12-10
117,1639180800000,1.7865048777826056,0.0,2021-12-11
118,1639267200000,1.8598044865247787,0.0,2021-12-12
119,1639353600000,1.8854704760659795,0.0,2021-12-13
120,1639440000000,1.7487838127849842,0.0,2021-12-14
121,1639526400000,1.8015627039442,0.0,2021-12-15
122,1639612800000,1.827709736879402,0.0,2021-12-16
123,1639699200000,1.846638711529404,0.0,2021-12-17
124,1639785600000,1.8994631161155235,0.0,2021-12-18
125,1639872000000,1.9430726029128524,0.0,2021-12-19
126,1639958400000,1.9361043245642824,0.0,2021-12-20
127,1640044800000,1.8646430366647424,0.0,2021-12-21
128,1640131200000,1.8922358126394072,0.0,2021-12-22
129,1640217600000,1.8678952694542208,0.0,2021-12-23
130,1640304000000,1.9106392000952623,0.0,2021-12-24
131,1640390400000,1.87675832139496,0.0,2021-12-25
132,1640476800000,1.9001576817990056,0.0,2021-12-26
133,1640563200000,1.8758171289881755,0.0,2021-12-27
134,1640649600000,1.86883309055878,0.0,2021-12-28
135,1640736000000,1.803105670526632,0.0,2021-12-29
136,1640822400000,1.7774699860660774,0.0,2021-12-30
137,1640908800000,1.8853334101636137,0.0,2021-12-31
138,1640995200000,1.94668450294978,0.0,2022-01-01
139,1641081600000,2.0939330821895914,0.0,2022-01-02
140,1641168000000,2.1369327170564074,0.0,2022-01-03
141,1641254400000,2.130618561989768,0.0,2022-01-04
142,1641340800000,2.0997553701945315,0.0,2022-01-05
143,1641427200000,1.8745683592593407,0.0,2022-01-06
144,1641513600000,1.944808597144327,0.0,2022-01-07
145,1641600000000,1.8995145978981447,0.0,2022-01-08
146,1641686400000,1.8849234082123167,0.0,2022-01-09
147,1641772800000,1.866384016528129,0.0,2022-01-10
148,1641859200000,1.8792530684062756,0.0,2022-01-11
149,1641945600000,1.935229156246572,0.0,2022-01-12
150,1642032000000,2.099434339347545,0.0,2022-01-13
151,1642118400000,2.041358070342957,0.0,2022-01-14
152,1642204800000,2.035457007148498,0.0,2022-01-15
153,1642291200000,2.0045286223664163,0.0,2022-01-16
154,1642377600000,2.0042345119154725,0.0,2022-01-17
155,1642464000000,1.9109895201413816,0.0,2022-01-18
156,1642550400000,1.9365354451015608,0.0,2022-01-19
157,1642636800000,1.9659985907069133,0.0,2022-01-20
158,1642723200000,1.9189341675939688,0.0,2022-01-21
159,1642809600000,1.7831001081414228,0.0,2022-01-22
160,1642896000000,1.5573003952940545,0.0,2022-01-23
161,1642982400000,1.629203711235243,0.0,2022-01-24
162,1643068800000,1.540224594496465,0.0,2022-01-25
163,1643155200000,1.535119199093242,0.0,2022-01-26
164,1643241600000,1.5000896344270558,0.0,2022-01-27
165,1643328000000,1.5115595517440736,0.0,2022-01-28
166,1643414400000,1.499062520529512,0.0,2022-01-29
167,1643500800000,1.486372850453702,0.0,2022-01-30
168,1643587200000,1.4789516569222902,0.0,2022-01-31
169,1643673600000,1.4785338347829051,0.0,2022-02-01
170,1643760000000,1.4984741128657229,0.0,2022-02-02
171,1643846400000,1.46081540893885,0.0,2022-02-03
172,1643932800000,1.4679316507987623,0.0,2022-02-04
173,1644019200000,1.5429356118757367,0.0,2022-02-05
174,1644105600000,1.5591121786822155,0.0,2022-02-06
175,1644192000000,1.5833572403517628,0.0,2022-02-07
176,1644278400000,1.628415085877907,0.0,2022-02-08
177,1644364800000,1.5884238510516018,0.0,2022-02-09
178,1644451200000,1.619898968450559,0.0,2022-02-10
179,1644537600000,1.5952039849257575,0.0,2022-02-11
180,1644624000000,1.5770916950659728,0.0,2022-02-12
181,1644710400000,1.579568365605562,0.0,2022-02-13
182,1644796800000,1.578496125323317,0.0,2022-02-14
183,1644883200000,1.5743547757853007,0.0,2022-02-15
184,1644969600000,1.6896108052530834,0.0,2022-02-16
185,1645056000000,1.7712813285378284,0.0,2022-02-17
186,1645142400000,1.6214360066136138,0.0,2022-02-18
187,1645228800000,1.5840571771879373,0.0,2022-02-19
188,1645315200000,1.5534538011347372,0.0,2022-02-20
189,1645401600000,1.4721369354075295,0.0,2022-02-21
190,1645488000000,1.423225212989571,1224789363.2507658,2022-02-22
191,1645574400000,1.4141660758688814,1216793438.1646662,2022-02-23
192,1645660800000,1.3567732787572258,1167856800.4002004,2022-02-24
193,1645747200000,1.2377339094243422,1065096935.63453,2022-02-25
194,1645833600000,1.262337155682005,1084676234.4560902,2022-02-26
195,1645920000000,1.2461455726866584,1070775375.3061712,2022-02-27
196,1646006400000,1.1777673544305771,1014106899.649058,2022-02-28
197,1646092800000,1.2682949896130464,1089107664.5491471,2022-03-01
198,1646179200000,1.251169009853669,1074366243.143473,2022-03-02
199,1646265600000,1.239850806527787,1066231027.7695245,2022-03-03
200,1646352000000,1.218803192068727,1048257865.4596688,2022-03-04
201,1646438400000,1.1316175379924909,976331919.590446,2022-03-05
202,1646524800000,1.1398351250809766,979774105.5907972,2022-03-06
203,1646611200000,1.1102904964156417,955266798.7315491,2022-03-07
204,1646697600000,1.0522584806427495,908140098.2823616,2022-03-08
205,1646784000000,1.085524676987198,933561139.1060964,2022-03-09
206,1646870400000,1.1342228203081728,975680739.3254222,2022-03-10
207,1646956800000,1.094853982906293,940946329.8061576,2022-03-11
208,1647043200000,1.077492201634964,928059855.7891957,2022-03-12
209,1647129600000,1.0843738611825413,933904684.5604596,2022-03-13
210,1647216000000,1.0642480771119087,915257843.8839692,2022-03-14
211,1647302400000,1.0855980982846236,933691056.82925,2022-03-15
212,1647388800000,1.0987075331868672,978710881.41776,2022-03-16
213,1647475200000,1.133893089221044,1010013812.0626276,2022-03-17
214,1647561600000,1.1268572455492691,1002929064.8413196,2022-03-18
215,1647648000000,1.1332163655689491,1008703934.0722932,2022-03-19
216,1647734400000,1.135235478615977,1011733853.061482,2022-03-20
217,1647820800000,1.114696980293013,992427229.4007767,2022-03-21
218,1647907200000,1.1103949073181227,988324785.5345016,2022-03-22
219,1647993600000,1.1413607449372252,1017269257.0960072,2022-03-23
220,1648080000000,1.1898648541449974,1059437978.030844,2022-03-24
221,1648166400000,1.2150672518274352,1084365497.5923,2022-03-25
222,1648252800000,1.2233025882080817,1087499939.7194078,2022-03-26
223,1648339200000,1.2358207912971366,1100326880.5184438,2022-03-27
224,1648425600000,1.3001918600414692,1156290976.9983456,2022-03-28
225,1648512000000,1.3072233432260674,1167769250.403509,2022-03-29
226,1648598400000,1.3248160929522483,1177368715.1503282,2022-03-30
227,1648684800000,1.3294567769512184,1183756322.2718086,2022-03-31
228,1648771200000,1.286088963830779,1140815033.1611247,2022-04-01
229,1648857600000,1.3306105174332508,1182697033.4687088,2022-04-02
230,1648944000000,1.3347210204923912,1190675514.0309558,2022-04-03
231,1649030400000,1.3401402929125226,1192838035.04462,2022-04-04
232,1649116800000,1.337022206725206,1190688182.035575,2022-04-05
233,1649203200000,1.3023984923092242,1160329403.2813818,2022-04-06
234,1649289600000,1.1978924010704923,1070167244.689865,2022-04-07
235,1649376000000,1.23681278472732,1103292628.2411897,2022-04-08
236,1649462400000,1.224877844107851,1086688933.2977726,2022-04-09
237,1649548800000,1.2480845153450149,1109373064.6512203,2022-04-10
238,1649635200000,1.2374166695084163,1102884930.1400428,2022-04-11
239,1649721600000,1.137582844125834,1013733321.1190296,2022-04-12
240,1649808000000,1.1679112211137082,1038170942.9154131,2022-04-13
241,1649894400000,1.201126061321858,1068331850.6396328,2022-04-14
242,1649980800000,1.1621151660158553,1035130108.5005696,2022-04-15
243,1650067200000,1.2271675580239805,1128518365.9839208,2022-04-16
244,1650153600000,1.2214394238574695,1125007668.2255263,2022-04-17
245,1650240000000,1.188958986276528,1092271625.708253,2022-04-18
246,1650326400000,1.2162867508954032,1119064643.1413925,2022-04-19
247,1650412800000,1.2478852260344102,1147491758.84818,2022-04-20
248,1650499200000,1.262782918373337,1162037412.7435582,2022-04-21
249,1650585600000,1.2539570758109364,1154900998.953759,2022-04-22
250,1650672000000,1.261732188679699,1161128138.7382796,2022-04-23
251,1650758400000,1.2462561410941555,1147063306.233365,2022-04-24
252,1650844800000,1.248992382787239,1151404155.6974423,2022-04-25
253,1650931200000,1.305466182194897,1201390148.8949792,2022-04-26
254,1651017600000,1.2058899163134795,1109173348.1028714,2022-04-27
255,1651104000000,1.239861211263016,1139398262.4636128,2022-04-28
256,1651190400000,1.2471450453532864,1144672553.0810935,2022-04-29
257,1651276800000,1.233483136652742,1136995197.3502965,2022-04-30
258,1651363200000,1.1866814682294335,1090503569.919351,2022-05-01
259,1651449600000,1.2144179156849118,1116116413.8458662,2022-05-02
260,1651536000000,1.204439739781146,1109308527.3903592,2022-05-03
261,1651622400000,1.1811527657001362,1090069174.6532648,2022-05-04
262,1651708800000,1.211048114351058,1113388383.1224184,2022-05-05
263,1651795200000,1.1510751997088726,1061591374.1598326,2022-05-06
264,1651881600000,1.1239473776710658,1034930053.2168168,2022-05-07
265,1651968000000,1.073103662309275,1008410572.6866474,2022-05-08
266,1652054400000,1.0027962771509125,941961551.40656,2022-05-09
267,1652140800000,0.9037859713265388,851531451.2581342,2022-05-10
268,1652227200000,0.9110815186392618,855352582.7691635,2022-05-11
269,1652313600000,0.8923996972825906,840260490.5743943,2022-05-12
270,1652400000000,0.8428622442365746,789089945.3698214,2022-05-13
271,1652486400000,0.8579739252443181,807452788.794653,2022-05-14
272,1652572800000,0.858615713584188,805133388.4775422,2022-05-15
273,1652659200000,0.8656027281227433,813572867.5104458,2022-05-16
274,1652745600000,0.8396516240151084,789795019.135668,2022-05-17
275,1652832000000,0.8494306991040562,798544004.3937612,2022-05-18
276,1652918400000,0.8175613434317522,769700546.0849147,2022-05-19
277,1653004800000,0.8170972929027074,767921030.5953069,2022-05-20
278,1653091200000,0.8048461720064802,756211753.0462573,2022-05-21
279,1653177600000,0.8043544243421203,756208599.109947,2022-05-22
280,1653264000000,0.8027310682112039,755284669.9036765,2022-05-23
281,1653350400000,0.7895702553415891,742357160.7724053,2022-05-24
282,1653436800000,0.7799629593977918,732702069.3386142,2022-05-25
283,1653523200000,0.7715555399096897,725136152.6965998,2022-05-26
284,1653609600000,0.7480720024367228,702546198.892281,2022-05-27
285,1653696000000,0.7234549081014973,680302275.5174375,2022-05-28
286,1653782400000,0.7231796363582691,680350290.5222915,2022-05-29
287,1653868800000,0.7562638139776906,709931455.357889,2022-05-30
288,1653955200000,0.7881578401780799,739654274.5144032,2022-05-31
289,1654041600000,0.7475142459633604,705161988.7670318,2022-06-01
290,1654128000000,0.7089809704766343,668023158.6659161,2022-06-02
291,1654214400000,0.6126081487068004,576403006.977336,2022-06-03
292,1654300800000,0.5302688553734608,494524630.1311053,2022-06-04
293,1654387200000,0.56165897148188,523788020.28451467,2022-06-05
294,1654473600000,0.5507485886805481,536711457.07515246,2022-06-06
295,1654560000000,0.5708917595639148,623661687.9151077,2022-06-07
296,1654646400000,0.5678649402135251,620613550.0275707,2022-06-08
297,1654732800000,0.5496928319419488,600554274.1714865,2022-06-09
298,1654819200000,0.5438493296794266,593106401.0997987,2022-06-10
299,1654905600000,0.5411176126887315,589973605.5147456,2022-06-11
300,1654992000000,0.5114359823545277,557491764.8690547,2022-06-12
301,1655078400000,0.4725182744611618,520242594.9220624,2022-06-13
302,1655164800000,0.4508607090134583,489448443.4273799,2022-06-14
303,1655251200000,0.4601066612484774,501050875.8575969,2022-06-15
304,1655337600000,0.4443212926752424,497204951.1136015,2022-06-16
305,1655424000000,0.4194130012358745,470279932.4677086,2022-06-17
306,1655510400000,0.4239516383179915,474933241.75921696,2022-06-18
307,1655596800000,0.4159404503344154,465551473.6590415,2022-06-19
308,1655683200000,0.434838845567169,486348753.6561934,2022-06-20
309,1655769600000,0.439873567543497,491730847.7290236,2022-06-21
310,1655856000000,0.424215870251228,476096355.058052,2022-06-22
311,1655942400000,0.4180262080954483,467328944.7847148,2022-06-23
312,1656028800000,0.4323794341179245,484003929.4403483,2022-06-24
313,1656115200000,0.4629078699672208,521411551.32003343,2022-06-25
314,1656201600000,0.4693593805970102,525745033.0014485,2022-06-26
315,1656288000000,0.4633208634621673,519104072.5089137,2022-06-27
316,1656374400000,0.4629751277845926,518996087.6178309,2022-06-28
317,1656460800000,0.4489262692259311,503448145.0855861,2022-06-29
318,1656547200000,0.4389710365671838,491857577.0237607,2022-06-30
319,1656633600000,0.4212965343572303,472746426.722635,2022-07-01
320,1656720000000,0.4286228142198383,480302266.2500796,2022-07-02
321,1656806400000,0.4276262471153892,478874370.8934014,2022-07-03
322,1656892800000,0.4279158359282424,479454458.7177453,2022-07-04
323,1656979200000,0.4402148048111006,492642910.3822341,2022-07-05
324,1657065600000,0.4349950194662525,487323676.8812046,2022-07-06
325,1657152000000,0.4414352249829331,495244655.68574566,2022-07-07
326,1657238400000,0.453143745975085,507643909.2060763,2022-07-08
327,1657324800000,0.4577769664199305,512551039.0088653,2022-07-09
328,1657411200000,0.4564565481676033,511026862.9333553,2022-07-10
329,1657497600000,0.449654408402069,504008082.2289292,2022-07-11
330,1657584000000,0.443059661948207,496140396.7798636,2022-07-12
331,1657670400000,0.4402838288083702,493096215.2251064,2022-07-13
332,1657756800000,0.4580410763600048,512441456.15544695,2022-07-14
333,1657843200000,0.4689044599375711,525006858.8369675,2022-07-15
334,1657929600000,0.4656160760020895,535232497.0152867,2022-07-16
335,1658016000000,0.4634319209201178,532828040.5740672,2022-07-17
336,1658102400000,0.4659405784566687,538188136.3305826,2022-07-18
337,1658188800000,0.5337074373420144,607169726.6391954,2022-07-19
338,1658275200000,0.5159278034083961,592077046.2692546,2022-07-20
339,1658361600000,0.5050308056384814,563292404.4576707,2022-07-21
340,1658448000000,0.5317877306576435,588554820.0947756,2022-07-22
341,1658534400000,0.5112740922371074,563320355.2151786,2022-07-23
342,1658620800000,0.5329398345929327,588954784.7225149,2022-07-24
343,1658707200000,0.5597872669628227,621376234.0390178,2022-07-25
344,1658793600000,0.5335364654438034,595269821.8770913,2022-07-26
345,1658880000000,0.5442823097722144,600672097.3913952,2022-07-27
346,1658966400000,0.6182689579033204,680662839.7391267,2022-07-28
347,1659052800000,0.6712446611688018,740189814.2769135,2022-07-29
348,1659139200000,0.6871517299243979,769922514.5188053,2022-07-30
349,1659225600000,0.6988542635703604,772406791.2907323,2022-07-31
350,1659312000000,0.6893629317434513,762679402.865396,2022-08-01
351,1659398400000,0.6904879821683694,762164846.547303,2022-08-02
352,1659484800000,0.689704107940776,766198240.8768089,2022-08-03
353,1659571200000,0.7477076190131035,827315795.8222144,2022-08-04
354,1659657600000,0.7390153936802089,817387098.0530646,2022-08-05
355,1659744000000,0.790025275973734,866849266.9019107,2022-08-06
356,1659830400000,0.7477670557926253,830104546.8158233,2022-08-07
357,1659916800000,0.7516678017271055,831125581.0045505,2022-08-08
358,1660003200000,0.761521620261544,841905390.4316909,2022-08-09
359,1660089600000,0.7074745652806949,782171078.321599,2022-08-10
360,1660176000000,0.7419711223022019,817404740.8733356,2022-08-11
361,1660262400000,0.7121202301030941,787692152.2870026,2022-08-12
362,1660348800000,0.7051680481500947,780221474.5673156,2022-08-13
363,1660435200000,0.6589391703184528,731066189.1422148,2022-08-14
364,1660521600000,0.6082550072981949,671469943.8131554,2022-08-15
365,1660608000000,0.5534935115877617,630414694.8420175,2022-08-16
366,1660694400000,0.4985057351672289,566478500.1340342,2022-08-17
367,1660780800000,0.500555969300335,569840695.0289431,2022-08-18
368,1660867200000,0.5050160404523267,574331313.2608122,2022-08-19
369,1660953600000,0.4504461641587572,515112388.5240853,2022-08-20
370,1661040000000,0.4638228107699496,483975707.6299901,2022-08-21
371,1661126400000,0.4798547974068773,501955495.81591153,2022-08-22
372,1661212800000,0.4923704309317556,511527124.51177937,2022-08-23
373,1661299200000,0.526412848586361,551337922.8788395,2022-08-24
374,1661385600000,0.5306757827718116,553936635.6755525,2022-08-25
375,1661472000000,0.5709584948417689,597102686.7836869,2022-08-26
376,1661558400000,0.5262017187766753,547923227.8077543,2022-08-27
377,1661644800000,0.5534362619784038,577808961.4665254,2022-08-28
378,1661731200000,0.5322100771603063,564472161.8416381,2022-08-29
379,1661817600000,0.5666922894497135,591533886.90381,2022-08-30
380,1661904000000,0.5636725524523367,593927036.319203,2022-08-31
381,1661990400000,0.6043228660882297,631348693.9746144,2022-09-01
382,1662076800000,0.6289943809806362,657188250.3143005,2022-09-02
383,1662163200000,0.6590959388200119,688455300.3785588,2022-09-03
384,1662249600000,0.6273308587337894,657014144.6620128,2022-09-04
385,1662336000000,0.6404493535882878,669480142.8092498,2022-09-05
386,1662422400000,0.6157724850047341,643780063.4816428,2022-09-06
387,1662508800000,0.6273686557508806,658212979.1698613,2022-09-07
388,1662595200000,0.6338649048771684,663367177.1481856,2022-09-08
389,1662681600000,0.621251868697355,649499419.3782152,2022-09-09
390,1662768000000,0.625998733152678,655518281.9407667,2022-09-10
391,1662854400000,0.634909391692678,662229685.4312279,2022-09-11
392,1662940800000,0.6296250276844713,658135654.7333314,2022-09-12
393,1663027200000,0.6222508784795449,649450480.4331089,2022-09-13
394,1663113600000,0.5732575105161892,600455624.3223199,2022-09-14
395,1663200000000,0.5699181023214371,596896442.0913454,2022-09-15
396,1663286400000,0.5066874713006134,548656568.2265694,2022-09-16
397,1663372800000,0.517811848381509,556991822.4760125,2022-09-17
398,1663459200000,0.54083437044489,581140692.7316586,2022-09-18
399,1663545600000,0.4879501051724861,525585313.8611828,2022-09-19
400,1663632000000,0.4848873306792945,522560785.2289074,2022-09-20
401,1663718400000,0.477789585335174,514337488.3155297,2022-09-21
402,1663804800000,0.4801677593122266,514969881.4045609,2022-09-22
403,1663891200000,0.4935321236820374,529379918.4282428,2022-09-23
404,1663977600000,0.4912001841388618,527403815.02826285,2022-09-24
405,1664064000000,0.4911970008370606,528236584.1025629,2022-09-25
406,1664150400000,0.4714243295574375,509209644.9855692,2022-09-26
407,1664236800000,0.4701552633609044,505407205.948478,2022-09-27
408,1664323200000,0.4758743868138488,512226677.6580611,2022-09-28
409,1664409600000,0.4784745999306877,515474215.4042202,2022-09-29
410,1664496000000,0.4752646689167267,509902747.352748,2022-09-30
411,1664582400000,0.4756613467821975,511768191.62530607,2022-10-01
412,1664668800000,0.4798836789085569,515991307.6235965,2022-10-02
413,1664755200000,0.4765134344978631,513717227.96164376,2022-10-03
414,1664841600000,0.4799694030947743,516169972.29701895,2022-10-04
415,1664928000000,0.4845285692274433,521520234.8392743,2022-10-05
416,1665014400000,0.4816390480708,518408967.2349362,2022-10-06
417,1665100800000,0.4790846902527548,515160315.7799876,2022-10-07
418,1665187200000,0.4698570282547028,506124515.6220263,2022-10-08
419,1665273600000,0.4689084455637347,504082713.0986181,2022-10-09
420,1665360000000,0.466097274095287,500528175.9733697,2022-10-10
421,1665446400000,0.4269970153412917,459425134.113193,2022-10-11
422,1665532800000,0.4389024231268917,471677818.9092192,2022-10-12
423,1665619200000,0.4382304054731884,470928825.3109814,2022-10-13
424,1665705600000,0.4367061429274891,469268115.7715336,2022-10-14
425,1665792000000,0.4343275899452057,466549486.39539474,2022-10-15
426,1665878400000,0.4381575250419769,469500095.70845,2022-10-16
427,1665964800000,0.441229417590634,474653122.0599181,2022-10-17
428,1666051200000,0.4419130446380434,474981330.6286406,2022-10-18
429,1666137600000,0.4380101722575039,472128085.6228447,2022-10-19
430,1666224000000,0.4317774382314832,464122350.5938009,2022-10-20
431,1666310400000,0.4287336630103502,461055068.6404341,2022-10-21
432,1666396800000,0.4242223981119947,456367457.7168627,2022-10-22
433,1666483200000,0.4210965038030685,452804476.9829473,2022-10-23
434,1666569600000,0.4287727929094659,460457236.0048372,2022-10-24
435,1666656000000,0.4235817315744609,455505619.5953596,2022-10-25
436,1666742400000,0.4263611728272875,459111576.5057046,2022-10-26
437,1666828800000,0.4414437278571285,471594596.4459351,2022-10-27
438,1666915200000,0.4468021873689038,480821846.6399057,2022-10-28
439,1667001600000,0.4453999307588617,478867631.8320326,2022-10-29
440,1667088000000,0.4396941212505181,473948291.9809936,2022-10-30
441,1667174400000,0.431451730212087,463579490.0460117,2022-10-31
442,1667260800000,0.4317819447816897,464324677.3011816,2022-11-01
443,1667347200000,0.4288832130202694,461311637.1829007,2022-11-02
444,1667433600000,0.4093649935867604,439419173.7869165,2022-11-03
445,1667520000000,0.4139823089158124,444918804.686068,2022-11-04
446,1667606400000,0.4297906358798377,462483334.5628627,2022-11-05
447,1667692800000,0.4263445668683368,458601908.1286611,2022-11-06
448,1667779200000,0.4108472768432174,441926926.26976335,2022-11-07
449,1667865600000,0.4037435651546678,433907714.9944683,2022-11-08
450,1667952000000,0.3434664688603959,369877008.9330929,2022-11-09
451,1668038400000,0.2978857427975568,321496011.4173487,2022-11-10
452,1668124800000,0.3396125735498834,362891621.2791716,2022-11-11
453,1668211200000,0.3204126874311819,344432539.1015155,2022-11-12
454,1668297600000,0.3081693407279675,331071346.66101724,2022-11-13
455,1668384000000,0.3082119068645196,331037227.1072592,2022-11-14
456,1668470400000,0.3056818776452338,329655379.4265521,2022-11-15
457,1668556800000,0.3083616386887337,331761193.60953355,2022-11-16
