,Time,open,mktcap,Date
0,1666375357618,1.1950769412753142,106319827.92061323,2022-10-21
1,1666379022393,1.2017226416396978,106721428.95335375,2022-10-21
2,1666382543890,1.2019266557426378,106712771.24088863,2022-10-21
3,1666386147200,1.1887163539055066,106873184.64003988,2022-10-21
4,1666389735253,1.203610098076637,106831999.1243049,2022-10-22
5,1666393354016,1.2045308456923343,106755455.86732821,2022-10-22
6,1666397007861,1.1910193576792942,106808824.33680604,2022-10-22
7,1666400610115,1.1917893268145796,106709723.93659872,2022-10-22
8,1666404150199,1.197685581617297,106678246.59375893,2022-10-22
9,1666407737775,1.1929051178858425,106137092.92626119,2022-10-22
10,1666411340095,1.191663790160508,105919409.97610177,2022-10-22
11,1666414934624,1.1969174685996307,105481550.45707871,2022-10-22
12,1666418515858,1.1902869088894217,105707091.12663464,2022-10-22
13,1666422138829,1.1898235471749539,106182174.52861299,2022-10-22
14,1666425751233,1.1882686146931474,105253437.52173649,2022-10-22
15,1666429354675,1.1780181823256695,104672162.13056545,2022-10-22
16,1666432922339,1.1825766603797654,104743621.82331245,2022-10-22
17,1666436599011,1.1789924641438663,104810727.18021324,2022-10-22
18,1666440150730,1.1777377962611346,104700289.18773198,2022-10-22
19,1666443686182,1.176808134494209,104559402.74981047,2022-10-22
20,1666447406999,1.1859461519375323,105706698.51314552,2022-10-22
21,1666450993053,1.1877583716061637,105502242.00302416,2022-10-22
22,1666454541567,1.181485789215339,104877538.30225663,2022-10-22
23,1666458142111,1.1802164772709316,105046444.17345187,2022-10-22
24,1666461865195,1.1814798585272774,104702545.87572649,2022-10-22
25,1666465336857,1.1858896483568682,105310212.24525319,2022-10-22
26,1666468889794,1.1841788038012453,105231964.34160317,2022-10-22
27,1666472547741,1.1844225644317983,105426268.0145936,2022-10-22
28,1666476146262,1.1917022064943879,105685504.93644959,2022-10-23
29,1666479743769,1.185687512859254,105651088.32508484,2022-10-23
30,1666483331404,1.1877087287388841,105525524.67118075,2022-10-23
31,1666486885395,1.1939931713172316,106086293.27153607,2022-10-23
32,1666490543792,1.184240860882072,105218954.6513769,2022-10-23
33,1666494151486,1.1886201995924817,105390717.95698348,2022-10-23
34,1666497800447,1.1829384875864843,105424121.67259662,2022-10-23
35,1666501341324,1.178400315108364,104809697.5233763,2022-10-23
36,1666504999421,1.175312846764028,104718623.87402363,2022-10-23
37,1666508536529,1.1766686252406664,104719649.67811418,2022-10-23
38,1666512186332,1.177973455001665,104650156.33944006,2022-10-23
39,1666515797363,1.1766719311651879,104786210.51113777,2022-10-23
40,1666519308756,1.1795671369099656,104822835.11886212,2022-10-23
41,1666523005572,1.185167761956804,105100726.04159284,2022-10-23
42,1666526485485,1.180679590818345,104888017.77161966,2022-10-23
43,1666530152580,1.1756305481976734,104358551.02314937,2022-10-23
44,1666533731746,1.1831568959623369,105298826.51942378,2022-10-23
45,1666537336958,1.1767152989526566,104660051.19123217,2022-10-23
46,1666540880157,1.1852523987353998,104775982.68916886,2022-10-23
47,1666544549244,1.183225383658356,105097870.04906331,2022-10-23
48,1666548128846,1.206135852649973,106691430.30761707,2022-10-23
49,1666551741018,1.2142520846450846,107963206.31168652,2022-10-23
50,1666555402860,1.2183651825358077,108236164.16318907,2022-10-23
51,1666559002519,1.22430909707115,108683030.67164105,2022-10-23
52,1666562490590,1.234951111379524,108595297.00589095,2022-10-24
53,1666566090447,1.229703233053477,109616018.20903945,2022-10-24
54,1666569742259,1.2065972754957706,107479752.22773528,2022-10-24
55,1666573350774,1.2100927982770326,107513770.98426785,2022-10-24
56,1666577038029,1.2234183744089557,108399792.57334349,2022-10-24
57,1666580544243,1.2192916057219414,108261991.37997118,2022-10-24
58,1666584143494,1.197653282330015,106426948.31952035,2022-10-24
59,1666587745295,1.1996600038612668,108130966.74378964,2022-10-24
60,1666591346296,1.2024627217726922,106340382.10554984,2022-10-24
61,1666595000109,1.1981177569182913,106997829.65717135,2022-10-24
62,1666598594615,1.20637906322669,107029502.6639516,2022-10-24
63,1666602195899,1.209497410111386,107681820.56585608,2022-10-24
64,1666605747285,1.2047406477819336,107328176.54376243,2022-10-24
65,1666609349899,1.201091094667626,107140469.54691516,2022-10-24
66,1666612986130,1.2033054221411035,106977128.84667355,2022-10-24
67,1666616545697,1.1843018268769725,106745871.56283744,2022-10-24
68,1666620146836,1.1965028147808572,106781623.74783912,2022-10-24
69,1666623736107,1.2021245934657898,105543826.26963069,2022-10-24
70,1666627456155,1.184580629119138,105376256.91571265,2022-10-24
71,1666631001666,1.2042264777773934,105209679.25425494,2022-10-24
72,1666634602272,1.2024149860800812,105877746.57579966,2022-10-24
73,1666638150948,1.2018894207412993,105523790.65753968,2022-10-24
74,1666641844133,1.1930426905189297,105998802.93930158,2022-10-24
75,1666645337990,1.2011290847412919,105854984.49537745,2022-10-24
76,1666649002196,1.2012918961993326,106925471.70316103,2022-10-25
77,1666652549139,1.1894433807531437,106769367.58538762,2022-10-25
78,1666656140601,1.2024755411744084,105787948.9552126,2022-10-25
79,1666659743299,1.1917990238075564,105891000.75216328,2022-10-25
80,1666663347596,1.1838087461451077,105656115.50482526,2022-10-25
81,1666666944071,1.179665895932996,104996047.80299373,2022-10-25
82,1666670573235,1.1798287334381279,106028095.68403517,2022-10-25
83,1666674101941,1.1819353398295063,104777932.58314148,2022-10-25
84,1666677766672,1.1790697717491956,104779206.63467152,2022-10-25
85,1666681294668,1.1929273749703881,106015968.55251876,2022-10-25
86,1666684953772,1.1824686249546603,105418106.5855046,2022-10-25
87,1666688556900,1.1745889221976598,104362886.6955094,2022-10-25
88,1666692132076,1.1811894473032034,104618570.73039573,2022-10-25
89,1666695726352,1.1734130803729756,104255536.2010041,2022-10-25
90,1666699299276,1.1889762516782971,104968117.24132991,2022-10-25
91,1666702936164,1.1787748717775142,104721635.44939223,2022-10-25
92,1666706578914,1.1878514212599451,106090260.1416832,2022-10-25
93,1666710139476,1.193119246324886,106047384.51635394,2022-10-25
94,1666713759361,1.1963829285161627,106536670.42261986,2022-10-25
95,1666717355665,1.188454350747083,105601147.10805622,2022-10-25
96,1666721036135,1.209726506212255,107460659.97429009,2022-10-25
97,1666724603789,1.222921634871705,108666342.77318268,2022-10-25
98,1666728221109,1.208128642448849,107470172.09130196,2022-10-25
99,1666731812061,1.2222787848989454,108493297.42034544,2022-10-25
100,1666735349032,1.215221151547907,108386096.4138681,2022-10-26
101,1666738898375,1.2082023560000728,107369521.40014316,2022-10-26
102,1666742492308,1.2127378512446503,107458937.42494665,2022-10-26
103,1666746139794,1.2136656754426352,107842608.69499315,2022-10-26
104,1666749771931,1.2115306817179239,107800817.92094474,2022-10-26
105,1666753301618,1.2068927515672145,107227047.95879129,2022-10-26
106,1666756969813,1.20743831529391,107226014.64948127,2022-10-26
107,1666760638513,1.2067210778375927,107918848.00469066,2022-10-26
108,1666764146472,1.2080820340631278,107335884.50038661,2022-10-26
109,1666767717336,1.215430865900792,107863057.31201158,2022-10-26
110,1666771308450,1.2115614546975297,107751488.79206403,2022-10-26
111,1666774944343,1.2204637635452267,108699912.99073872,2022-10-26
112,1666778652984,1.2240756689213994,108723374.0606732,2022-10-26
113,1666782210269,1.211320630767875,108906989.53526503,2022-10-26
114,1666785796700,1.214419565445537,107715071.067719,2022-10-26
115,1666789358969,1.2195678726592127,108096268.88696247,2022-10-26
116,1666793012087,1.216150289966046,106052115.26449569,2022-10-26
117,1666796654376,1.2173268794513044,108056261.99455704,2022-10-26
118,1666800174212,1.2218044035407898,109223391.05095161,2022-10-26
119,1666803811701,1.221967754311007,109395965.05466448,2022-10-26
120,1666807430461,1.2168815535906397,108164919.44461831,2022-10-26
121,1666811091761,1.2125121200281819,107071406.09924257,2022-10-26
122,1666814565876,1.1980938137824098,107914002.95865977,2022-10-26
123,1666818141750,1.1975002679985225,106374295.74971044,2022-10-26
124,1666821767380,1.2293954042855268,107040644.2916749,2022-10-27
125,1666825356606,1.2312818894929767,108742624.668658,2022-10-27
126,1666828987145,1.2244852159810298,109297418.85630958,2022-10-27
127,1666832635757,1.2258511329906845,109208023.91367957,2022-10-27
128,1666836124848,1.232467018926167,109498323.9221707,2022-10-27
129,1666839873582,1.2199822505066962,108442952.04827952,2022-10-27
130,1666843534454,1.2176253911617667,108179954.7803024,2022-10-27
131,1666847024282,1.1980111576757155,107024145.60273811,2022-10-27
132,1666850551644,1.2204020677055725,106855684.45815362,2022-10-27
133,1666854024323,1.225672426429279,107595741.20809382,2022-10-27
134,1666857618242,1.2243070390708943,107984336.49966714,2022-10-27
135,1666861228778,1.2254785842094036,108235257.93446389,2022-10-27
136,1666864822284,1.2178496146183286,108012791.66130576,2022-10-27
137,1666868419723,1.215074652162762,107917906.20991431,2022-10-27
138,1666872023384,1.2113726834212373,106547639.42134273,2022-10-27
139,1666875628477,1.1992620509365195,106144416.54785131,2022-10-27
140,1666879224141,1.2241152653519325,108554499.96885996,2022-10-27
141,1666882820059,1.228947725307862,109397298.54560204,2022-10-27
142,1666886428207,1.2252404936150825,108737521.3303853,2022-10-27
143,1666890026197,1.205334606258371,107602310.78249857,2022-10-27
144,1666893629587,1.218275411036129,107804567.26247269,2022-10-27
145,1666897220306,1.2022747072827278,106981630.75759406,2022-10-27
146,1666900827554,1.2014256513419765,107112583.88665597,2022-10-27
147,1666904426288,1.1900166642704955,106714979.16238178,2022-10-27
148,1666908020761,1.2155727541875272,106260743.89457618,2022-10-28
149,1666911627632,1.214383037126113,107908531.31248234,2022-10-28
150,1666915224850,1.195667655179488,106229309.74984297,2022-10-28
151,1666918819595,1.2057426191352887,107155976.60825883,2022-10-28
152,1666922422903,1.2023281973961912,106768060.73787849,2022-10-28
153,1666926023759,1.198879718920917,106616598.47476664,2022-10-28
154,1666929622430,1.1967832033750712,106512530.36381301,2022-10-28
155,1666933218278,1.1980935011243052,106168492.16857514,2022-10-28
156,1666936933507,1.1975388027746117,106535288.3428478,2022-10-28
157,1666940536360,1.1970300940367953,106358332.17852321,2022-10-28
158,1666944175955,1.1927351906911807,105902536.64203277,2022-10-28
159,1666947743978,1.1886701987994817,105896631.1903126,2022-10-28
160,1666951333554,1.1877838375002545,105701542.05334613,2022-10-28
161,1666955000352,1.1977407458056417,106097635.01208422,2022-10-28
162,1666958579681,1.2102835864150348,107609242.59803434,2022-10-28
163,1666962143511,1.1936462897339213,106791826.78354664,2022-10-28
164,1666965804369,1.1976108295799228,105955536.09383875,2022-10-28
165,1666969310933,1.1981063000437457,106144332.91865866,2022-10-28
166,1666972979160,1.1901473165547443,105741711.24819583,2022-10-28
167,1666976642822,1.2052590970200578,107061658.38069682,2022-10-28
168,1666980181934,1.2045950194536443,107196953.84114924,2022-10-28
169,1666983834625,1.205403353826902,107384162.87845768,2022-10-28
170,1666987333789,1.2005797596834682,107326033.07989112,2022-10-28
171,1666990933543,1.2074420814014923,108092740.01241373,2022-10-28
172,1666994530762,1.2078425348762796,107321871.94418766,2022-10-29
173,1666998090782,1.2076390515440252,107258403.19568338,2022-10-29
174,1667001782818,1.211775528503337,107564602.71510668,2022-10-29
175,1667005413396,1.2089906423488292,107409195.26693258,2022-10-29
176,1667008986967,1.2099583812578265,107080545.72936557,2022-10-29
177,1667012571147,1.2094693451715974,107116935.91165017,2022-10-29
178,1667016138310,1.212239361005672,107673315.26223607,2022-10-29
179,1667019748249,1.2112151647118614,107643861.95255205,2022-10-29
180,1667023369748,1.2091289128043754,107672723.63620602,2022-10-29
181,1667026943844,1.21152166586064,107423725.93050675,2022-10-29
182,1667030531715,1.2173503868017514,107471122.76281552,2022-10-29
183,1667034127651,1.2058090143453313,108040084.53587793,2022-10-29
184,1667037747688,1.2141531154235825,107548506.61377147,2022-10-29
185,1667041299689,1.2234411058932748,107060801.08168878,2022-10-29
186,1667044901953,1.2041121168725697,107474541.60027324,2022-10-29
187,1667048486320,1.2067911804762714,107223870.00217274,2022-10-29
188,1667052090636,1.202379934699226,106844180.7634541,2022-10-29
189,1667055690758,1.1965295896631984,106969000.35809529,2022-10-29
190,1667059292211,1.198491203128003,106481573.0604983,2022-10-29
191,1667062833979,1.2094843112042233,106617324.94846524,2022-10-29
192,1667066423941,1.1956367791275158,106503210.75195742,2022-10-29
193,1667070028386,1.211431547378447,107641555.10169055,2022-10-29
194,1667073632333,1.2029311647765333,106726350.30366708,2022-10-29
195,1667077229784,1.19903478485065,106513382.02850868,2022-10-29
196,1667080816503,1.2000517215347972,106626404.86117353,2022-10-30
197,1667084410896,1.2000271280154722,106624216.6783387,2022-10-30
198,1667088015203,1.1979816613220455,106363287.63330238,2022-10-30
199,1667091616786,1.2019337417636422,106678399.35275325,2022-10-30
200,1667095213272,1.1991053612290905,106544213.86141193,2022-10-30
201,1667098813126,1.1989092521984412,106953409.21253565,2022-10-30
202,1667102417643,1.1997719651447853,106747525.5908128,2022-10-30
203,1667106242840,1.1958935890267108,106208918.78117785,2022-10-30
204,1667109794009,1.2002058856434314,106527737.87043332,2022-10-30
205,1667113427314,1.2025472771527028,107052622.92904112,2022-10-30
206,1667116908403,1.1960075575966491,106430272.02862702,2022-10-30
207,1667120480869,1.1939048121467057,106078390.45920266,2022-10-30
208,1667124168899,1.1922538103568212,106187187.93308212,2022-10-30
209,1667127763895,1.1996368063296696,106582222.38853239,2022-10-30
210,1667131410092,1.2006715197155748,106668857.92095889,2022-10-30
211,1667134805558,1.1920422848476873,105834173.71308224,2022-10-30
212,1667138407669,1.194060577072969,106481874.02179375,2022-10-30
213,1667142007663,1.1965242482079006,106307537.96102333,2022-10-30
214,1667145607156,1.189724826827715,105584628.6546953,2022-10-30
215,1667149206976,1.1917650431204574,106080643.49100244,2022-10-30
216,1667152807067,1.1931061140489059,105976467.52917217,2022-10-30
217,1667156408259,1.1896877251108333,105851415.76427534,2022-10-30
218,1667160006173,1.198011893634396,106014159.78827575,2022-10-30
219,1667163606543,1.2036807724970895,106856740.0052469,2022-10-30
220,1667167208429,1.1992046399806353,106604831.04710986,2022-10-30
221,1667170804948,1.1955661906664907,106870077.03852643,2022-10-31
222,1667174406140,1.1968890839075512,106725020.64046766,2022-10-31
223,1667178007455,1.1927895575165681,106189442.48332502,2022-10-31
224,1667181768942,1.190548172468683,106223545.44218054,2022-10-31
225,1667185319137,1.1937292830337285,106082720.60078463,2022-10-31
226,1667188936361,1.192859007117199,105978672.00345547,2022-10-31
227,1667192514063,1.2015660792975085,106537835.59498069,2022-10-31
228,1667196166331,1.1883155392518943,105646226.64184,2022-10-31
229,1667199712480,1.1879082224864175,105725487.31797388,2022-10-31
230,1667203345280,1.1911517047282165,105468255.42301515,2022-10-31
231,1667206934612,1.1882650174964793,105853220.05584908,2022-10-31
232,1667210504657,1.1917201841407405,105860410.77882354,2022-10-31
233,1667214073066,1.1915345871313598,106018903.00489037,2022-10-31
234,1667217682594,1.1932152400736087,106668809.10699572,2022-10-31
235,1667221301011,1.1924465603416787,105912805.77612275,2022-10-31
236,1667224952612,1.196023789396488,106324583.05122556,2022-10-31
237,1667228526784,1.1899984953888028,106151925.22296065,2022-10-31
238,1667232137197,1.1885709654472454,106793801.73667206,2022-10-31
239,1667235741376,1.1880464549791283,105255499.85214268,2022-10-31
240,1667239311472,1.1932763386958796,106021098.544439,2022-10-31
241,1667242918254,1.1935359710960378,106008736.64947256,2022-10-31
242,1667246511821,1.1888352197602376,105498455.22682877,2022-10-31
243,1667250099260,1.1941999016603813,106167534.02955359,2022-10-31
244,1667253771293,1.190514246956765,105708714.47140832,2022-10-31
245,1667257305191,1.1865548350444535,105672542.97410247,2022-11-01
246,1667260958342,1.190829042615748,106176329.52366547,2022-11-01
247,1667264549166,1.1867193918001848,105445562.39754878,2022-11-01
248,1667268102367,1.189989169937446,105980984.46528465,2022-11-01
249,1667271851441,1.1949694239541637,106081600.4875197,2022-11-01
250,1667275312388,1.1894008523286366,106031284.30542006,2022-11-01
251,1667278919213,1.1875239829773987,105514302.724901,2022-11-01
252,1667282528332,1.1865896405271028,105586507.13752095,2022-11-01
253,1667286114141,1.1955323433707719,105769946.60099667,2022-11-01
254,1667289753198,1.1865217703345876,105796158.65556265,2022-11-01
255,1667293358616,1.1873532476427227,105506122.49233466,2022-11-01
256,1667297041343,1.1848560767427803,105105912.78207009,2022-11-01
257,1667300589858,1.1939331465180882,106083610.51495516,2022-11-01
258,1667304146332,1.1891898969734753,105572801.36586155,2022-11-01
259,1667307829387,1.1957722493675387,106247951.95041282,2022-11-01
260,1667311397313,1.186109583674741,105786712.51186115,2022-11-01
261,1667315019765,1.1868218637162666,105337100.70048498,2022-11-01
262,1667318632850,1.1811080579546138,105571335.52335474,2022-11-01
263,1667322263808,1.187583945219511,104782501.40033184,2022-11-01
264,1667325776080,1.1835430301675947,105166565.32429872,2022-11-01
265,1667329342962,1.191520073921442,105847456.36387654,2022-11-01
266,1667333000646,1.1908249356368945,105807707.82534364,2022-11-01
267,1667336558225,1.184119661320403,105692751.10624282,2022-11-01
268,1667340242406,1.1844563872572218,105153823.24599247,2022-11-01
269,1667343861489,1.1842149083754356,105782308.53347479,2022-11-02
270,1667347454524,1.1828187513989317,105113700.69763461,2022-11-02
271,1667350976560,1.1926354871410825,105226731.38892977,2022-11-02
272,1667355074078,1.1941668363611795,105438882.43189023,2022-11-02
273,1667358620214,1.1889971547818323,105641726.47256713,2022-11-02
274,1667362224314,1.1902286888980775,105743604.69803615,2022-11-02
275,1667365880101,1.1812528066330286,105158364.03276837,2022-11-02
276,1667369432038,1.1851876578574208,105393252.5491624,2022-11-02
277,1667373045275,1.1811914805769024,104943941.59275071,2022-11-02
278,1667376644926,1.1769589244778262,104569586.1171766,2022-11-02
279,1667380321079,1.1768728323613236,104570303.78019904,2022-11-02
280,1667383844191,1.1694745313192805,103908174.67664318,2022-11-02
281,1667387427399,1.175755576749665,104143956.80281839,2022-11-02
282,1667390644080,1.1852508980590815,105280779.04094806,2022-11-02
283,1667394248905,1.1832432860224422,105629712.89645728,2022-11-02
284,1667397780988,1.1907757356550288,105781203.3668315,2022-11-02
285,1667401416373,1.1848109530069622,105338495.18294698,2022-11-02
286,1667404960469,1.2164137763891256,107645101.88229895,2022-11-02
287,1667408448534,1.3417310981823984,123603440.49407005,2022-11-02
288,1667412143822,1.4383438479048005,128005772.66585055,2022-11-02
289,1667415898149,1.4087418690713573,125245365.48205422,2022-11-02
290,1667419458073,1.3698460895083628,120654336.45643675,2022-11-02
291,1667423062360,1.336269549409593,118943274.96179125,2022-11-02
292,1667426587566,1.362749782678042,121137690.55137597,2022-11-02
293,1667430132933,1.4702011377727235,123863199.70467447,2022-11-03
294,1667433810432,1.4836052053933413,131827621.4953754,2022-11-03
295,1667437371121,1.4004978786473108,124433553.0464017,2022-11-03
296,1667440936416,1.4269378257441896,127246812.55007139,2022-11-03
297,1667444632360,1.3920791386143572,124380303.06636497,2022-11-03
298,1667448116396,1.385137040898901,123305695.78842281,2022-11-03
299,1667451857363,1.3807486580457058,122684008.72694841,2022-11-03
300,1667455835583,1.451178787789157,127707873.08962066,2022-11-03
301,1667459432681,1.4924138775475482,131208213.71217726,2022-11-03
302,1667462987148,1.4364649948886556,129193444.46974567,2022-11-03
303,1667466747356,1.4662564341888704,128666866.788301,2022-11-03
304,1667470215179,1.4254859194747485,125395809.77563982,2022-11-03
305,1667473971169,1.4121129849397638,126114996.0178472,2022-11-03
306,1667477619645,1.4256165458101766,125493131.38141406,2022-11-03
307,1667481211157,1.3986472643903622,125493131.38141406,2022-11-03
308,1667484925017,1.412681086447409,125069665.95632446,2022-11-03
309,1667488212523,1.3932752991927693,124057827.33344111,2022-11-03
310,1667491797840,1.3715906992289209,122398011.04810101,2022-11-03
311,1667495024862,1.3459884739965806,120583684.66113174,2022-11-03
312,1667498646221,1.3608205150876274,120922035.54948406,2022-11-03
313,1667502248481,1.3679712760792655,121213127.30602714,2022-11-03
314,1667505803856,1.3877056696227403,122274960.94667542,2022-11-03
315,1667509322960,1.3472659372229217,119807341.16131966,2022-11-03
316,1667512987210,1.3706995642167104,122128556.65121019,2022-11-03
317,1667516500322,1.3371422477121562,118853264.12948158,2022-11-04
318,1667520185525,1.2969022745082144,115133470.74687283,2022-11-04
319,1667523835492,1.297135667234527,115861294.0305124,2022-11-04
320,1667527356026,1.3044410130227946,116491533.18223661,2022-11-04
321,1667530902598,1.3080409464611666,116143294.16448559,2022-11-04
322,1667534608671,1.3219738720441032,118037933.05879837,2022-11-04
323,1667538210321,1.316566244790269,116205992.6095325,2022-11-04
324,1667541815037,1.3272804130976006,117744981.0959467,2022-11-04
325,1667545356692,1.3465789065629736,118752009.30129208,2022-11-04
326,1667549060940,1.3376179156141066,119367107.26750949,2022-11-04
327,1667552745305,1.3270580677654087,119772303.14311405,2022-11-04
328,1667556240233,1.337056453463108,118885981.4885882,2022-11-04
329,1667559746912,1.3329258284402767,119541173.80311322,2022-11-04
330,1667563423418,1.3195313274025116,118137212.3852863,2022-11-04
331,1667567068607,1.3208001751329619,116665116.30961052,2022-11-04
332,1667570613901,1.3485318278552516,119538996.84877303,2022-11-04
333,1667574242155,1.3721176732055185,121925493.11499432,2022-11-04
334,1667577702570,1.326802538695114,118903777.33425169,2022-11-04
335,1667581422375,1.3323886759476595,118642607.65392576,2022-11-04
336,1667584988310,1.3522494278830295,118856663.06000803,2022-11-04
337,1667588559695,1.3527454602875395,119187612.17005077,2022-11-04
338,1667592195209,1.3466226803890087,118348940.7988064,2022-11-04
339,1667595825627,1.3536133246025042,120044369.71189831,2022-11-04
340,1667599422222,1.3441655820369294,120442218.14692593,2022-11-04
341,1667603007414,1.346794639547268,119589013.6476227,2022-11-05
342,1667606575772,1.3566865231782077,119520839.35789253,2022-11-05
343,1667610180446,1.3462683979144001,119558206.41648525,2022-11-05
344,1667613823406,1.3631981968076121,121079153.1013486,2022-11-05
345,1667617524267,1.3711253195562598,121849644.81183639,2022-11-05
346,1667620998646,1.3758300155245322,122673519.29823107,2022-11-05
347,1667624627701,1.37147537964951,121858417.70639564,2022-11-05
348,1667628111079,1.358952411855398,120146521.09026822,2022-11-05
349,1667631836083,1.3602433435450245,120857621.07397547,2022-11-05
350,1667635433397,1.351584239329429,121028464.29308043,2022-11-05
351,1667639024652,1.348659070853287,118472874.129665,2022-11-05
352,1667642629178,1.3308219936067256,118208167.80295022,2022-11-05
353,1667646145369,1.331841329356777,118334102.11334963,2022-11-05
354,1667649717690,1.3579490594364876,118236979.52200189,2022-11-05
355,1667653335587,1.3350870058604944,118406750.16437274,2022-11-05
356,1667656969258,1.4188850074033899,121929556.20894992,2022-11-05
357,1667660633410,1.3712163656922507,121876846.67001696,2022-11-05
358,1667664114739,1.375692809589428,122251500.02461283,2022-11-05
359,1667667719132,1.3809510662123454,122617197.2686722,2022-11-05
360,1667671404207,1.3566242802802193,121867760.9179286,2022-11-05
361,1667674994826,1.371376022244487,121846759.57642268,2022-11-05
362,1667678578083,1.3760676108977445,120681609.42942412,2022-11-05
363,1667682182933,1.3563439288932786,120519988.68790704,2022-11-05
364,1667685824526,1.3793897159705406,121294248.52252066,2022-11-05
365,1667689367534,1.3745972789081304,120719439.35666077,2022-11-06
366,1667692935557,1.356925849594162,120656511.17735058,2022-11-06
367,1667696584415,1.3564652610184875,121677765.88414428,2022-11-06
368,1667700263521,1.3652880628853539,121120618.6513424,2022-11-06
369,1667703764504,1.3611992180042218,120950273.65976971,2022-11-06
370,1667707390944,1.357759500435445,120641814.49322575,2022-11-06
371,1667710951978,1.3680333295357172,120694497.56257926,2022-11-06
372,1667714500988,1.4878488140642585,132357965.47957872,2022-11-06
373,1667718240049,1.5533351818605603,138013830.90831074,2022-11-06
374,1667721790442,1.7262325019487403,153064807.6729202,2022-11-06
375,1667725406711,1.658521871570432,146675290.69160324,2022-11-06
376,1667728929697,1.6545263032194717,147004662.04105008,2022-11-06
377,1667732525913,1.807255254286018,152107983.98018396,2022-11-06
378,1667736184111,1.8711493987226848,169141171.0024682,2022-11-06
379,1667739815248,2.051273864920879,182255682.8982201,2022-11-06
380,1667743280399,2.0662170955473123,183814009.33801675,2022-11-06
381,1667746938159,1.9439435744829452,171904258.66232413,2022-11-06
382,1667750565405,1.8893269142235642,167965126.60455218,2022-11-06
383,1667754080122,1.8920152098183851,170714528.74121907,2022-11-06
384,1667757797940,1.9932329205358639,176947168.87792116,2022-11-06
385,1667761306710,1.9166393034670448,169578926.33833718,2022-11-06
386,1667764930993,1.8970564009277726,169538735.8772143,2022-11-06
387,1667768517823,1.949118050619887,173191801.59259188,2022-11-06
388,1667772075498,1.9337186569725382,171775489.54117227,2022-11-06
389,1667775660054,1.8736432537057945,168971660.40833732,2022-11-07
390,1667779296824,1.8533754811649432,162544688.73858526,2022-11-07
391,1667782866873,1.9634608252518522,175502604.01507244,2022-11-07
392,1667786531723,1.9279992731507603,170237044.37791184,2022-11-07
393,1667790225654,1.9099833410354168,169601860.63759047,2022-11-07
394,1667793672517,1.9096625518906039,169179614.47061557,2022-11-07
395,1667797369316,1.916347392724788,170692783.5845573,2022-11-07
396,1667800942497,1.8754774589442518,168412416.4818481,2022-11-07
397,1667804513167,1.8679592433499357,165968178.77164182,2022-11-07
398,1667808074294,1.8186676307098455,161019212.4763626,2022-11-07
399,1667811745144,1.839668743702512,163238717.21615717,2022-11-07
400,1667815308140,1.7939690392953878,159399060.76113236,2022-11-07
401,1667819021907,1.7766619948877345,158205088.71706274,2022-11-07
402,1667822581480,1.7746704500141603,159080214.24839032,2022-11-07
403,1667826157413,1.8191882231480365,163835450.53479478,2022-11-07
404,1667829781148,1.8108211844237083,160666653.25462416,2022-11-07
405,1667833362164,1.7766944725881801,159541535.33804747,2022-11-07
406,1667836972147,1.7739714372775557,159129377.485064,2022-11-07
407,1667840582547,1.7730275157974769,157665325.84017348,2022-11-07
408,1667844225255,1.772117533807093,157927930.74235108,2022-11-07
409,1667847786419,1.7615438734872622,157222353.5992773,2022-11-07
410,1667851294491,1.7510437871511155,158253342.69061804,2022-11-07
411,1667854867366,1.752751369618412,155895205.28019145,2022-11-07
412,1667858551203,1.7794859557551295,155566226.73036346,2022-11-07
413,1667862099774,1.7570100558891955,156212496.56710294,2022-11-08
414,1667865733223,1.7588431325418052,156272827.58574107,2022-11-08
415,1667869346324,1.7444664006963457,155007137.8589186,2022-11-08
416,1667872954734,1.6702799763070337,147852664.9392527,2022-11-08
417,1667876493541,1.7419785846887164,157191387.96793586,2022-11-08
418,1667880166020,1.6592661703387739,148479158.7789958,2022-11-08
419,1667883753216,1.623154407302932,144128971.66767296,2022-11-08
420,1667887301551,1.599232995859239,140215755.85666078,2022-11-08
421,1667891017277,1.6318715114482247,143850153.8241028,2022-11-08
422,1667894525157,1.5984663050494796,142731484.08338818,2022-11-08
423,1667898078665,1.5795033882163898,139888221.45526123,2022-11-08
424,1667901798355,1.6168206437953452,143530784.01645014,2022-11-08
425,1667905416912,1.6032096414501007,142238037.09595865,2022-11-08
426,1667908949612,1.6818469539776402,151864388.99923405,2022-11-08
427,1667912554619,1.6695650387302436,148469802.562844,2022-11-08
428,1667916075114,1.6700089183059688,148434318.0000288,2022-11-08
429,1667919750536,1.6141244294211385,143371680.63274285,2022-11-08
430,1667923357711,1.6485548554468605,144170846.94323248,2022-11-08
431,1667926929459,1.644750824159761,147614148.82172197,2022-11-08
432,1667930533353,1.6236344071828486,145472738.33301923,2022-11-08
433,1667934204049,1.5663714134612805,139872854.97840574,2022-11-08
434,1667937694613,1.547240546387619,137529376.06574804,2022-11-08
435,1667941367653,1.4742484343295819,136963854.94516405,2022-11-08
436,1667944942942,1.4676977605036485,134331630.82205948,2022-11-08
437,1667948614678,1.4924951796528922,132348323.62016298,2022-11-09
438,1667952121644,1.5503013589870251,136857560.0674044,2022-11-09
439,1667955709565,1.4983339738689656,132718562.66125119,2022-11-09
440,1667959407187,1.4870791304123718,133072815.94270441,2022-11-09
441,1667962991263,1.4824965185092025,131966093.12550163,2022-11-09
442,1667966466588,1.48729237448468,130636758.63230407,2022-11-09
443,1667970230756,1.4796570779148386,131582595.80726609,2022-11-09
444,1667973829682,1.4673566669085012,130789732.53842343,2022-11-09
445,1667977370487,1.5185311474714773,134998803.09180576,2022-11-09
446,1667980958397,1.491000783492464,131466610.06430444,2022-11-09
447,1667984578688,1.4573123985312233,129530892.4520593,2022-11-09
448,1667988220030,1.425707604437873,126846059.43918438,2022-11-09
449,1667991789165,1.3659597278186506,121539082.17240088,2022-11-09
450,1667995378562,1.4026715690721552,124156410.1812703,2022-11-09
451,1667998847524,1.3989562329550664,124379229.21286117,2022-11-09
452,1668002538301,1.4120724072685966,124724142.65437838,2022-11-09
453,1668006170880,1.4157215615987442,125764893.80674492,2022-11-09
454,1668009694768,1.4133624925961297,126994654.08968541,2022-11-09
455,1668013431690,1.4180906500039208,125682408.2994193,2022-11-09
456,1668016949242,1.4122016821697831,125519854.67641374,2022-11-09
457,1668020520989,1.36158871683216,121681042.82378207,2022-11-09
458,1668024129597,1.3653920929615428,121837517.69904841,2022-11-09
459,1668027782592,1.3600287359453818,121760574.10456698,2022-11-09
460,1668031296572,1.3491157612108065,118850027.63373214,2022-11-09
461,1668034925380,1.3674501929069105,122939814.23810703,2022-11-10
462,1668038473175,1.3194187933638934,120750851.6616406,2022-11-10
463,1668042207377,1.3696511601731263,121746247.9024058,2022-11-10
464,1668045858290,1.366021862672117,122981168.41948657,2022-11-10
465,1668049311297,1.4043618418287198,124710237.63046174,2022-11-10
466,1668053023490,1.413036873964261,125548326.25172459,2022-11-10
467,1668056502364,1.5907845530737945,141027791.06368622,2022-11-10
468,1668060175821,1.587064754133659,140107809.46086353,2022-11-10
469,1668063691925,1.549144087720939,137616787.54735866,2022-11-10
470,1668067329032,1.489093543029958,132648805.69572218,2022-11-10
471,1668070948521,1.521106554468199,133924457.86687782,2022-11-10
472,1668074506952,1.5218304062535464,135064269.26016888,2022-11-10
473,1668078224702,1.5403738991916502,135910850.54729873,2022-11-10
474,1668081742096,1.5343278475906639,136389128.26705173,2022-11-10
475,1668085295340,1.5279036914483048,135771399.6969611,2022-11-10
476,1668088942120,1.6687243894245203,140293093.13170663,2022-11-10
477,1668092595477,1.6347958261042437,145018997.6102231,2022-11-10
478,1668096110229,1.6385268430199311,146435136.75465506,2022-11-10
479,1668099729593,1.6295475698814161,144785301.5839638,2022-11-10
480,1668103430617,1.5852313116213246,140983391.9233832,2022-11-10
481,1668106965245,1.6018556813718705,144342918.14276388,2022-11-10
482,1668110608021,1.6300795874124494,144832571.3415961,2022-11-10
483,1668114160238,1.636651491947493,143161964.69223744,2022-11-10
484,1668117707243,1.6179487806630266,146136344.2331815,2022-11-10
485,1668121366586,1.6957091783633458,146127996.10856825,2022-11-11
486,1668124950544,1.645402786194651,146285729.8160187,2022-11-11
487,1668128569949,1.6284849827883403,143004271.1519536,2022-11-11
488,1668132117599,1.6254893390510732,142999564.5344426,2022-11-11
489,1668135721751,1.5680210158398993,138448221.63422987,2022-11-11
490,1668139322145,1.5680796752466064,138767399.94323036,2022-11-11
491,1668143012614,1.5550665640693377,138059226.65123427,2022-11-11
492,1668146522198,1.5575995087436847,140532953.75737587,2022-11-11
493,1668150121218,1.5626426057719933,138840795.52284157,2022-11-11
494,1668153765927,1.6185179584688891,140097511.39056614,2022-11-11
495,1668157398404,1.5898323805305474,141016056.43656093,2022-11-11
496,1668161035308,1.5824935738350407,140511385.30184746,2022-11-11
497,1668164557773,1.573113184039545,138351253.2350848,2022-11-11
498,1668168146597,1.6110368805007695,143134326.26440236,2022-11-11
499,1668171825066,1.5899619467507207,141275611.35015666,2022-11-11
500,1668175327676,1.5861116721208315,141054763.20511097,2022-11-11
501,1668178975457,1.4864322044094223,134051896.72020707,2022-11-11
502,1668182531347,1.508597899220478,134572547.5995856,2022-11-11
503,1668186203991,1.5070724240203228,133593531.3413864,2022-11-11
504,1668189724134,1.51622179610289,133855601.53548554,2022-11-11
505,1668193344681,1.5025496935098699,133501540.26835194,2022-11-11
506,1668196895366,1.5035399141106733,133496138.24658069,2022-11-11
507,1668200647132,1.480036435464099,134395860.05620414,2022-11-11
508,1668204082012,1.512793838582899,134259275.44864616,2022-11-11
509,1668207832584,1.479810067430375,135072616.76727438,2022-11-12
510,1668211369293,1.5238199478544894,135195632.94857344,2022-11-12
511,1668214925437,1.5598295480940774,138590855.34815875,2022-11-12
512,1668218527157,1.5242234176207816,135344101.31448966,2022-11-12
513,1668222104510,1.5352202188153221,136427334.84624684,2022-11-12
514,1668225776383,1.550297566963793,136892873.12426135,2022-11-12
515,1668229318013,1.51991006331624,135042838.73927465,2022-11-12
516,1668232962685,1.5097891660087157,134259393.12354583,2022-11-12
517,1668236558429,1.5110252748542554,134254595.67080057,2022-11-12
518,1668240084124,1.5186267365998036,133919125.84314333,2022-11-12
519,1668244010000,1.53190012117069,133682898.88924676,2022-11-12
520,1668247318383,1.5291769556526065,133772045.5880906,2022-11-12
521,1668250976594,1.5022675592943722,133626883.6172357,2022-11-12
522,1668254510668,1.5055535455951148,133738174.65448876,2022-11-12
523,1668258154082,1.5286278374384663,133587423.98857093,2022-11-12
524,1668261691298,1.5034923975115067,133642301.1244663,2022-11-12
525,1668265282097,1.5397964158670177,134622408.2768414,2022-11-12
526,1668268936987,1.5532380747993195,138006043.01969764,2022-11-12
527,1668272520036,1.5348838007918117,136219658.92645878,2022-11-12
528,1668276159647,1.534886114152658,136442684.4810139,2022-11-12
529,1668279803458,1.5209554228152742,135136889.3171371,2022-11-12
530,1668283448775,1.5449106083991542,135851517.36815485,2022-11-12
531,1668286910693,1.5195363105780262,135477654.45957932,2022-11-12
532,1668290541845,1.5251518113908402,135548946.08275843,2022-11-12
533,1668294153185,1.524823730640721,135470751.7639906,2022-11-13
534,1668297781203,1.5244761318714963,135712889.0050287,2022-11-13
535,1668301414550,1.526718498157181,135926387.48761448,2022-11-13
536,1668304906010,1.5222437948428915,135670658.09138608,2022-11-13
537,1668308558522,1.5325189000150918,135465475.67941806,2022-11-13
538,1668312233495,1.549400356786309,135316312.14116704,2022-11-13
539,1668315725805,1.5312410980933715,135902869.06838903,2022-11-13
540,1668319375729,1.543506712102373,135696501.00487867,2022-11-13
541,1668322910105,1.5194216561625769,136119339.65222615,2022-11-13
542,1668326530086,1.532586323973497,135786459.12075406,2022-11-13
543,1668330113080,1.5134453836647936,134507050.03736272,2022-11-13
544,1668333812394,1.4773333402943978,129467440.71379831,2022-11-13
545,1668337284180,1.5096358909158223,132935193.51801191,2022-11-13
546,1668341004336,1.5088201162028096,134052207.1399389,2022-11-13
547,1668344630520,1.5864570707077994,139560353.48581758,2022-11-13
548,1668348084511,1.564744138354629,139288559.24745458,2022-11-13
549,1668351802898,1.5571160246472637,140022340.90440485,2022-11-13
550,1668355304984,1.5406365487713,136886103.3809353,2022-11-13
551,1668358877914,1.5255397182618728,134723849.01009625,2022-11-13
552,1668362498056,1.5394665115630164,136742349.0229651,2022-11-13
553,1668366157385,1.525602317682496,135503778.65710604,2022-11-13
554,1668369775093,1.5518793696005881,137264029.64438745,2022-11-13
555,1668373368360,1.5515637947987304,137897132.42178565,2022-11-13
556,1668376965777,1.5312228661269203,134999553.78962922,2022-11-13
557,1668380497423,1.5046011491033977,133705311.44696374,2022-11-14
558,1668384129149,1.5059462297481587,133844633.25610487,2022-11-14
559,1668387799370,1.4909153319281223,132282561.79424992,2022-11-14
560,1668391332919,1.4784647292724573,131041442.95113277,2022-11-14
561,1668394905235,1.4661860009434717,130274853.40194644,2022-11-14
562,1668398530401,1.4857104718527672,132118465.76487663,2022-11-14
563,1668402157160,1.4543758709474406,129039977.65389608,2022-11-14
564,1668405887573,1.4525178321310517,129014686.38272765,2022-11-14
565,1668409488287,1.5058294204355278,133792944.00569667,2022-11-14
566,1668412903480,1.5160481963757262,133736010.86992186,2022-11-14
567,1668416516370,1.4923175910329858,132588641.11069855,2022-11-14
568,1668420185537,1.5256736796540344,134980474.35321492,2022-11-14
569,1668423817018,1.5169439196438117,134773224.3328669,2022-11-14
570,1668427313960,1.5426409572036532,136946182.98971206,2022-11-14
571,1668430952571,1.5089863404605417,134073436.34991916,2022-11-14
572,1668434513653,1.5088155487315085,135087669.99068764,2022-11-14
573,1668438175394,1.506111804344602,133904393.06638901,2022-11-14
574,1668441724141,1.5105013837052723,134185864.51984727,2022-11-14
575,1668445310272,1.4906479929917986,132972477.37509224,2022-11-14
576,1668448918856,1.518724976207199,134124853.30178969,2022-11-14
577,1668452519311,1.5108048958291866,134188311.8430525,2022-11-14
578,1668456133624,1.5014235999577052,134253095.10374403,2022-11-14
579,1668459744777,1.4970654527779632,133017223.77658448,2022-11-14
580,1668463302959,1.4993269024424702,133162405.61147742,2022-11-14
581,1668466987569,1.4988937536043347,133208782.90802619,2022-11-15
582,1668470570949,1.5233099153126326,135420352.5667652,2022-11-15
583,1668474132406,1.5115533666258911,134362397.47871268,2022-11-15
584,1668477845197,1.5135993770930618,134760252.43251872,2022-11-15
585,1668481451446,1.5106652053268121,134273435.25655028,2022-11-15
586,1668485057355,1.5214299922602808,135494789.97745073,2022-11-15
587,1668488920255,1.5120041331095635,135298293.9112351,2022-11-15
588,1668492134349,1.5124221438410583,134609548.41487107,2022-11-15
589,1668495998814,1.5225625893911092,134924520.90210527,2022-11-15
590,1668499600083,1.5387938819849862,136069613.92340532,2022-11-15
591,1668502946215,1.550360779313844,138633862.657132,2022-11-15
592,1668506646220,1.5500151458036626,136937597.60810557,2022-11-15
593,1668510179109,1.559549951004847,138002610.80979523,2022-11-15
594,1668514029799,1.5443488985876404,136133582.39849332,2022-11-15
595,1668517301976,1.5499731431296364,137757925.61550367,2022-11-15
596,1668520938889,1.5591500194642933,138143041.17657307,2022-11-15
597,1668524582387,1.5418174771537763,138146049.95371237,2022-11-15
598,1668528097696,1.5488041610795455,137365639.92256984,2022-11-15
599,1668531743732,1.5689160340412514,138270060.7741238,2022-11-15
600,1668535304395,1.5736504519464414,138668978.013906,2022-11-15
601,1668538906468,1.548765191191363,137640999.52983242,2022-11-15
602,1668542503801,1.5456619944306313,137219926.08113867,2022-11-15
603,1668546076257,1.5506469545460269,137179488.64250684,2022-11-15
604,1668549686281,1.5455201415698185,137356702.61454025,2022-11-15
605,1668553379820,1.5565982800037808,138271408.31780347,2022-11-16
606,1668556926038,1.5711295853644367,139175287.01416945,2022-11-16
607,1668560485659,1.5535798134857126,138112103.20952338,2022-11-16
608,1668564124216,1.5412680440608242,136941422.68872586,2022-11-16
609,1668567801747,1.5567817425819634,138320852.02211505,2022-11-16
610,1668571263803,1.5587837003590252,139143328.74839336,2022-11-16
611,1668574940337,1.547249489490503,137887016.4183754,2022-11-16
612,1668578496901,1.5534536520587923,137022345.9606184,2022-11-16
613,1668582123636,1.5448368262629335,137500880.11992234,2022-11-16
614,1668585784898,1.5541537572048516,137177418.72236004,2022-11-16
615,1668589413425,1.5331471254165965,136329946.0630292,2022-11-16
616,1668593008319,1.5276594885371457,135793094.04350775,2022-11-16
617,1668596514529,1.5438406986072335,135792611.50138924,2022-11-16
618,1668600209451,1.535677296647469,135957591.9784685,2022-11-16
619,1668603747001,1.528001233249044,136325554.59802237,2022-11-16
620,1668607293017,1.528866060775779,135961108.79081503,2022-11-16
621,1668610948468,1.5127318781750574,134453993.76931113,2022-11-16
622,1668614563798,1.5191130437773535,134558124.71912047,2022-11-16
623,1668618212756,1.5168628454284778,133726519.03920527,2022-11-16
624,1668621797060,1.514620312054909,135958964.91112715,2022-11-16
625,1668625370628,1.5390943630451355,135615331.4255353,2022-11-16
626,1668628901885,1.537745934251094,136555890.96688116,2022-11-16
627,1668632565638,1.524317948541138,136468777.37943608,2022-11-16
628,1668636097994,1.5378327983351725,136632528.48459753,2022-11-16
629,1668639806121,1.539627188518684,136955389.65896654,2022-11-17
630,1668643416239,1.554008428149266,136375713.99364674,2022-11-17
631,1668646890492,1.5410333174784958,137057646.74496523,2022-11-17
632,1668650519638,1.5637354773991343,138415460.01872885,2022-11-17
633,1668654143074,1.5356834991876949,137133290.79410502,2022-11-17
634,1668657721005,1.5303138884764944,135996520.66018498,2022-11-17
635,1668661294068,1.5222693481121607,136113461.10053447,2022-11-17
636,1668664939629,1.544515333203823,136509242.69759288,2022-11-17
637,1668668550980,1.5343758248332315,136107163.513799,2022-11-17
638,1668672117485,1.5363943053771412,136877385.88099226,2022-11-17
639,1668675704244,1.523192473452334,134983138.7162681,2022-11-17
640,1668679284727,1.5203574656273338,134968881.4695346,2022-11-17
641,1668682888973,1.525552535240444,135681648.13472447,2022-11-17
642,1668686571497,1.5415502830666767,135941121.06488475,2022-11-17
643,1668690122583,1.558616441277092,138485057.1241201,2022-11-17
644,1668693746363,1.5427873266637446,136788725.30906743,2022-11-17
645,1668697290220,1.6037187699008415,139950315.69826669,2022-11-17
646,1668700928555,1.5868795183942606,141366299.9904518,2022-11-17
647,1668704477835,1.592934604262974,140810150.5458197,2022-11-17
648,1668708209827,1.6120574706901885,143416274.22530812,2022-11-17
649,1668711812929,1.590304160571487,141513360.7106833,2022-11-17
650,1668715378030,1.5914552783577962,142399531.91048634,2022-11-17
651,1668719017776,1.5776221785219129,141037144.55416793,2022-11-17
652,1668722541919,1.586343246457309,141024656.95459473,2022-11-17
653,1668726119722,1.5902361201217383,141240308.5293913,2022-11-18
654,1668729678415,1.6129066238727081,142586150.84603703,2022-11-18
655,1668733288163,1.6099671213760278,142172601.88463646,2022-11-18
656,1668736890504,1.6981072223120246,146204436.92228508,2022-11-18
657,1668740528492,1.7369584771030915,150580289.70596406,2022-11-18
658,1668744183250,1.7122001968308835,153842814.8132526,2022-11-18
659,1668747800771,1.7013963130234468,150232549.94947994,2022-11-18
660,1668751301305,1.7506707265676815,157616434.88035488,2022-11-18
661,1668754906634,1.7625305682982197,156459830.76755214,2022-11-18
662,1668758580610,1.7146719262428822,153252639.91332552,2022-11-18
663,1668762063949,1.702786416152886,151292773.9924708,2022-11-18
664,1668765730862,1.7279760758164588,153086212.0070493,2022-11-18
665,1668769357758,1.7465360667774597,155540574.71745655,2022-11-18
666,1668772918576,1.869714231801708,166908267.59796676,2022-11-18
667,1668776550307,2.02102607158159,174862343.99618858,2022-11-18
668,1668780194188,2.041000460948777,181406415.43593702,2022-11-18
669,1668783724241,1.9925990320857068,176311296.9132652,2022-11-18
670,1668787326553,1.919187891061003,170502962.88215953,2022-11-18
671,1668790923226,1.9479678262450932,175063069.11287707,2022-11-18
672,1668794539781,1.883824365298914,167391200.86509427,2022-11-18
673,1668798110112,1.8782541707212332,166249327.80162486,2022-11-18
674,1668801777490,1.9334952864533024,171778966.44755265,2022-11-18
675,1668805311336,1.9321150137241698,171480044.96524164,2022-11-18
676,1668809044012,1.94227724906603,168834616.57253376,2022-11-18
677,1668812487843,2.0078449111334615,178671009.03921425,2022-11-19
678,1668816066886,1.9861132115721876,181329940.972376,2022-11-19
679,1668819724446,2.0196420224264737,178946973.41952437,2022-11-19
680,1668823308808,1.9840395394697938,179131602.22081068,2022-11-19
681,1668827007661,1.9698683424137193,175258217.94902092,2022-11-19
682,1668830479351,1.9581097785423744,175706908.6851886,2022-11-19
683,1668834174395,1.9687789277735166,175150851.66004196,2022-11-19
684,1668837709498,1.9168525754357966,171468422.70813853,2022-11-19
685,1668841365662,1.9698760591811637,174944378.74438968,2022-11-19
686,1668844933930,1.908234315801854,170536733.20724577,2022-11-19
687,1668848504304,1.9580051318075458,172778915.44225183,2022-11-19
688,1668852138600,1.9538387344418366,173681104.73075518,2022-11-19
689,1668855708703,1.9543992835499744,173200805.12639233,2022-11-19
690,1668859370941,1.954103377587681,173673110.556095,2022-11-19
691,1668863027210,1.9518966821654546,171896250.96716255,2022-11-19
692,1668866597086,1.9249174827537925,171868237.10513476,2022-11-19
693,1668870174466,1.897232397853422,164345997.23301086,2022-11-19
694,1668873780643,1.8317066167757776,164970725.70064706,2022-11-19
695,1668877297216,1.8436701729945755,164942193.63074234,2022-11-19
696,1668880935332,1.8673144689510708,165931954.04071116,2022-11-19
697,1668884555927,1.8702466099671908,166227500.72584918,2022-11-19
698,1668888141857,1.8884154447398258,167599715.77339044,2022-11-19
699,1668891729418,1.8792346916217106,166921221.38009685,2022-11-19
700,1668895419783,1.8651462842157573,166754232.97511336,2022-11-19
701,1668898956029,1.8703373869033517,165944120.09287304,2022-11-20
702,1668902467561,1.874178837834372,166227548.86666343,2022-11-20
703,1668906157784,1.8706473375515236,166868708.78166214,2022-11-20
704,1668909707297,1.8042229336169506,162655251.33065248,2022-11-20
705,1668913331012,1.7872162197415746,161184707.73739046,2022-11-20
706,1668916909666,1.844473951337943,160707498.31585607,2022-11-20
707,1668920499569,1.8283367094770946,162413211.816538,2022-11-20
708,1668924112711,1.842765434214631,164124771.94002226,2022-11-20
709,1668927726758,1.8964049123742364,167236591.68867293,2022-11-20
710,1668931341573,2.0142927053063677,178985783.9791306,2022-11-20
711,1668934904758,1.9492681009052857,174135598.39732444,2022-11-20
712,1668938481277,1.9173376943468428,172623579.34809238,2022-11-20
713,1668942140353,1.913837546580456,170353677.43132818,2022-11-20
714,1668945742594,1.9030158800495167,169343080.9657341,2022-11-20
715,1668949312730,1.889181191567978,167114117.32440376,2022-11-20
716,1668952977161,1.883612130591106,167211540.97661874,2022-11-20
717,1668956626030,1.9199214350018985,172849310.44243488,2022-11-20
718,1668960092745,1.925400197361194,170230917.325168,2022-11-20
719,1668963739695,1.9180720427429223,170536523.63718408,2022-11-20
0,1621814400000,0.5839317687249473,0.0,2021-05-24
1,1621900800000,0.5839317687249473,0.0,2021-05-25
2,1621987200000,0.5769842430180201,0.0,2021-05-26
3,1622073600000,0.5896066139683409,0.0,2021-05-27
4,1622160000000,0.7779687473408169,0.0,2021-05-28
5,1622246400000,0.8299210167537497,0.0,2021-05-29
6,1622332800000,0.7719285575322303,0.0,2021-05-30
7,1622419200000,0.7552417917945758,0.0,2021-05-31
8,1622505600000,0.7746135263869327,0.0,2021-06-01
9,1622592000000,0.7635939208812138,0.0,2021-06-02
10,1622678400000,0.7449498726581242,0.0,2021-06-03
11,1622764800000,0.7377914793298377,0.0,2021-06-04
12,1622851200000,0.7739633710027621,0.0,2021-06-05
13,1622937600000,0.7432604637400335,0.0,2021-06-06
14,1623024000000,0.7375522004497281,0.0,2021-06-07
15,1623110400000,0.712140111387513,0.0,2021-06-08
16,1623196800000,0.6772791444527073,41246223.45326179,2021-06-09
17,1623283200000,0.7117296389545728,43380598.060428485,2021-06-10
18,1623369600000,0.703544924374913,42676845.3397297,2021-06-11
19,1623456000000,0.6602743714207565,40285921.31647496,2021-06-12
20,1623542400000,0.6571820683012974,39847920.45323537,2021-06-13
21,1623628800000,0.6513821224765088,39649174.074290566,2021-06-14
22,1623715200000,0.6469083860277013,39400091.11929352,2021-06-15
23,1623801600000,0.6464549246069954,39435324.30296002,2021-06-16
24,1623888000000,0.6208960276111258,37938607.213611566,2021-06-17
25,1623974400000,0.6129151695059324,37330351.70242033,2021-06-18
26,1624060800000,0.5999489854537554,36016422.157272555,2021-06-19
27,1624147200000,0.581809251816843,35394823.779131666,2021-06-20
28,1624233600000,0.5778143062024053,35308170.68586014,2021-06-21
29,1624320000000,0.501107244542869,30365644.84255107,2021-06-22
30,1624406400000,0.4490262724861826,27349386.512744155,2021-06-23
31,1624492800000,0.4788220613073116,29042713.70187907,2021-06-24
32,1624579200000,0.4916792453823533,30042962.114906777,2021-06-25
33,1624665600000,0.4768028049205805,29041205.38411208,2021-06-26
34,1624752000000,0.4821460136771079,29366650.665278744,2021-06-27
35,1624838400000,0.4792583280955347,29170017.10625581,2021-06-28
36,1624924800000,0.4830827067669175,29438806.85294932,2021-06-29
37,1625011200000,0.4921324181724785,29955012.791456062,2021-06-30
38,1625097600000,0.4896939412866966,29826381.42540096,2021-07-01
39,1625184000000,0.4772608432855899,29079033.990467507,2021-07-02
40,1625270400000,0.4781111174437316,29215686.92953257,2021-07-03
41,1625356800000,0.4793561984787422,29139851.272350144,2021-07-04
42,1625443200000,0.4791537025513388,29222296.16160602,2021-07-05
43,1625529600000,0.4738317757009343,28984037.658987265,2021-07-06
44,1625616000000,0.4798761609907112,29208769.864798877,2021-07-07
45,1625702400000,0.476893917899574,29098466.557535987,2021-07-08
46,1625788800000,0.4669936913733075,28402661.471732043,2021-07-09
47,1625875200000,0.4589134651608394,27857925.28976788,2021-07-10
48,1625961600000,0.463319103536337,28276189.63489139,2021-07-11
49,1626048000000,0.4608294930875581,28068299.55214128,2021-07-12
50,1626134400000,0.4536271808999071,27722870.04317327,2021-07-13
51,1626220800000,0.4293145654834775,26034250.214112904,2021-07-14
52,1626307200000,0.4256677989205395,25937116.917345237,2021-07-15
53,1626393600000,0.4091743119266051,24903448.565024942,2021-07-16
54,1626480000000,0.4117987604735295,25211979.820211902,2021-07-17
55,1626566400000,0.4070685766019376,24868106.953864954,2021-07-18
56,1626652800000,0.4040496447412576,24609940.623698503,2021-07-19
57,1626739200000,0.3986609860012151,24315061.920493405,2021-07-20
58,1626825600000,0.3946996466646325,24025626.556944832,2021-07-21
59,1626912000000,0.3987104911382783,24263302.153492536,2021-07-22
60,1626998400000,0.3989054423837015,24304005.947970845,2021-07-23
61,1627084800000,0.4011218049934663,24413114.877680693,2021-07-24
62,1627171200000,0.4034647489815255,24611269.52807032,2021-07-25
63,1627257600000,0.4007635395532974,24426061.76357857,2021-07-26
64,1627344000000,0.4190349815811474,25522670.667285025,2021-07-27
65,1627430400000,0.4161603888213842,25339886.95370813,2021-07-28
66,1627516800000,0.4125827751810559,25067651.24124476,2021-07-29
67,1627603200000,0.4114424832623251,25023153.846012805,2021-07-30
68,1627689600000,0.4190098632732506,25388288.6673248,2021-07-31
69,1627776000000,0.6656114591474199,41110139.1987317,2021-08-01
70,1627862400000,0.6120218579234968,37154936.879681006,2021-08-02
71,1627948800000,0.6106221547799712,37172885.29257823,2021-08-03
72,1628035200000,0.6436304097385704,39202376.17685884,2021-08-04
73,1628121600000,0.6525919016392225,39643019.7390451,2021-08-05
74,1628208000000,0.6557269207950737,39977980.82088304,2021-08-06
75,1628294400000,0.8204622424035554,49990469.98574152,2021-08-07
76,1628380800000,0.8234438780807589,50683010.21886538,2021-08-08
77,1628467200000,0.8803111909036477,52301871.47225253,2021-08-09
78,1628553600000,0.826581206145068,52274689.83129419,2021-08-10
79,1628640000000,0.7866108786610898,52274689.83129419,2021-08-11
80,1628726400000,0.7777106614315936,52274689.83129419,2021-08-12
81,1628812800000,0.7544602358633218,52274689.83129419,2021-08-13
82,1628899200000,0.7542016354020635,52274689.83129419,2021-08-14
83,1628985600000,0.7319927531817089,52274689.83129419,2021-08-15
84,1629072000000,0.7554021608643468,52274689.83129419,2021-08-16
85,1629158400000,0.7505487807908348,52274689.83129419,2021-08-17
86,1629244800000,0.7391304347826102,45064706.149139255,2021-08-18
87,1629331200000,0.7566085308062552,45673956.25469813,2021-08-19
88,1629417600000,0.7514256762990663,45160628.4166363,2021-08-20
89,1629504000000,0.7603439850177136,46301743.10672248,2021-08-21
90,1629590400000,0.7612438003846019,46393069.43532325,2021-08-22
91,1629676800000,0.7599759975997598,46374219.71331234,2021-08-23
92,1629763200000,0.7550172399613841,45968401.06231651,2021-08-24
93,1629849600000,0.7575679670812677,45945100.21778008,2021-08-25
94,1629936000000,0.7483221476510067,45736859.32789296,2021-08-26
95,1630022400000,0.7365447744102598,44971887.70150795,2021-08-27
96,1630108800000,0.7451861940239176,45342401.88401426,2021-08-28
97,1630195200000,0.7491572749181263,45601799.67378996,2021-08-29
98,1630281600000,0.7618315918869075,46406593.49271567,2021-08-30
99,1630368000000,0.7649292669660667,46604873.21713483,2021-08-31
100,1630454400000,0.7923649906890142,48146201.46231697,2021-09-01
101,1630540800000,0.7791886032827491,47378108.812788144,2021-09-02
102,1630627200000,0.7715879619212728,46998717.21615267,2021-09-03
103,1630713600000,0.7768648343209293,47361100.65991053,2021-09-04
104,1630800000000,0.7736718007839483,47113350.89732989,2021-09-05
105,1630886400000,0.7789408866995078,47447169.85275596,2021-09-06
106,1630972800000,0.824878101945639,50493957.53594813,2021-09-07
107,1631059200000,0.7784635846118284,47377123.89170125,2021-09-08
108,1631145600000,0.8146756427555674,48520677.73172121,2021-09-09
109,1631232000000,0.7999301856880334,48586269.28343369,2021-09-10
110,1631318400000,0.7957394767098368,48744299.73964338,2021-09-11
111,1631404800000,0.7978440501466165,48495124.841783695,2021-09-12
112,1631491200000,0.8007334963325193,48745938.68545356,2021-09-13
113,1631577600000,0.7954113225919351,48455236.05133249,2021-09-14
114,1631664000000,0.8013365735115435,48847267.96935466,2021-09-15
115,1631750400000,0.8000608642726715,48686585.04100999,2021-09-16
116,1631836800000,0.7876575718935264,47996978.59452147,2021-09-17
117,1631923200000,0.7816341899761912,47704802.08952302,2021-09-18
118,1632009600000,0.7810338564969436,47579382.900056414,2021-09-19
119,1632096000000,0.7799837788592886,47303243.68923216,2021-09-20
120,1632182400000,0.7522814508494089,45943256.070488594,2021-09-21
121,1632268800000,0.7505698582641503,45743565.21233188,2021-09-22
122,1632355200000,0.7575485799701054,46156558.72023772,2021-09-23
123,1632441600000,0.7611627210068949,46436827.30831786,2021-09-24
124,1632528000000,0.7507526907080091,45714525.5390278,2021-09-25
125,1632614400000,0.7517165316775171,45878572.87947875,2021-09-26
126,1632700800000,0.756354446961736,46131464.94508342,2021-09-27
127,1632787200000,0.7499255730872314,45684314.055854544,2021-09-28
128,1632873600000,0.7416343409865027,45324605.51297455,2021-09-29
129,1632960000000,0.743118984366558,45281837.16856188,2021-09-30
130,1633046400000,0.7502969121140163,45705235.69017375,2021-10-01
131,1633132800000,0.7553481522299559,45840896.46397148,2021-10-02
132,1633219200000,0.7523002520628563,45793316.86538112,2021-10-03
133,1633305600000,0.75227798805696,45734147.30333398,2021-10-04
134,1633392000000,0.7469665581532994,45440808.68037147,2021-10-05
135,1633478400000,0.7462995441934469,45518224.45914543,2021-10-06
136,1633564800000,0.7465680782864595,45417261.09161371,2021-10-07
137,1633651200000,0.7462707387927773,45640492.99419553,2021-10-08
138,1633737600000,0.7477287440649417,45531380.53894165,2021-10-09
139,1633824000000,0.7519153476765225,45621363.5044336,2021-10-10
140,1633910400000,0.776330386026087,47179482.61491748,2021-10-11
141,1633996800000,0.7728335168441722,47315401.88581488,2021-10-12
142,1634083200000,0.7878367200675402,47320779.17547744,2021-10-13
143,1634169600000,0.786781871629271,47929543.153189264,2021-10-14
144,1634256000000,0.7926073064470279,48284419.69464488,2021-10-15
145,1634342400000,0.7980821731288958,48478811.21674613,2021-10-16
146,1634428800000,0.8086980526186291,49122864.0119243,2021-10-17
147,1634515200000,0.8350844980494108,50713757.251337446,2021-10-18
148,1634601600000,0.8301435406698568,50696520.13339963,2021-10-19
149,1634688000000,1.035117107095038,61618996.3055994,2021-10-20
150,1634774400000,0.9589328537170286,58449089.52147634,2021-10-21
151,1634860800000,0.9515730178686131,57689183.37542136,2021-10-22
152,1634947200000,0.9479992736000536,103884421.02853613,2021-10-23
153,1635033600000,0.965367319094135,106190405.09766632,2021-10-24
154,1635120000000,1.0037061097772526,110327413.03010312,2021-10-25
155,1635206400000,0.9916582422606536,108805558.73986556,2021-10-26
156,1635292800000,0.9692681159260336,106619492.7491643,2021-10-27
157,1635379200000,0.9513881526792182,104616648.01148318,2021-10-28
158,1635465600000,0.9773778308593436,107547454.04970226,2021-10-29
159,1635552000000,0.971224997964922,107308788.3024467,2021-10-30
160,1635638400000,0.9711852957559608,106719856.5132034,2021-10-31
161,1635724800000,0.9685415795062156,106539573.74298634,2021-11-01
162,1635811200000,0.995195195195194,108876539.4985949,2021-11-02
163,1635897600000,2.62105899340972,290995805.53593844,2021-11-03
164,1635984000000,2.49337540787136,272253443.3799202,2021-11-04
165,1636070400000,2.3435455387372675,259413838.80662897,2021-11-05
166,1636156800000,2.274975053363375,250247255.86363545,2021-11-06
167,1636243200000,2.405047413085621,264555215.43272024,2021-11-07
168,1636329600000,2.347313145696958,257650690.5946163,2021-11-08
169,1636416000000,2.340097225390239,258157037.04849997,2021-11-09
170,1636502400000,2.3408803687379742,257496840.5546578,2021-11-10
171,1636588800000,2.313619686605502,254823711.09640303,2021-11-11
172,1636675200000,2.1331709451136893,234659532.50130916,2021-11-12
173,1636761600000,2.150622486098916,240432561.2559036,2021-11-13
174,1636848000000,2.253446017863991,246521600.3017767,2021-11-14
175,1636934400000,2.274535433720891,250747456.98188403,2021-11-15
176,1637020800000,2.2421284394271277,246634128.33073965,2021-11-16
177,1637107200000,2.167127614794268,238705329.65661,2021-11-17
178,1637193600000,2.1851221695609366,240804094.17651293,2021-11-18
179,1637280000000,2.1168935562861684,232199893.6672738,2021-11-19
180,1637366400000,2.14743137688064,235846037.07112357,2021-11-20
181,1637452800000,2.1407220081103366,235169958.3304829,2021-11-21
182,1637539200000,2.1283854651067746,234311081.17994237,2021-11-22
183,1637625600000,2.074753729812004,229678134.4106334,2021-11-23
184,1637712000000,2.3519465802052943,258714123.81603217,2021-11-24
185,1637798400000,2.39405167270274,261998057.8467773,2021-11-25
186,1637884800000,2.808759381141555,310709215.3951926,2021-11-26
187,1637971200000,3.451436898952271,379658058.8751376,2021-11-27
188,1638057600000,8.455972889838268,930157017.8586596,2021-11-28
189,1638144000000,11.098547647164963,1217770819.5021436,2021-11-29
190,1638230400000,13.963911656808666,1536030282.2100642,2021-11-30
191,1638316800000,7.2004106677641655,792045173.434005,2021-12-01
192,1638403200000,8.09761909963625,894098626.7169656,2021-12-02
193,1638489600000,7.105742118752879,788648780.4374695,2021-12-03
194,1638576000000,6.955123980823363,613425457.1167659,2021-12-04
195,1638662400000,6.381736371052834,555161409.9535651,2021-12-05
196,1638748800000,7.065580769125947,616061015.3510329,2021-12-06
197,1638835200000,7.125930463282344,635120697.0186853,2021-12-07
198,1638921600000,7.109221022426174,628140780.5657201,2021-12-08
199,1639008000000,7.021239666948151,620585365.5678774,2021-12-09
200,1639094400000,6.9062185935580365,611695507.4337101,2021-12-10
201,1639180800000,6.601304171489084,594240571.5342747,2021-12-11
202,1639267200000,7.0994460424120405,630075836.4060575,2021-12-12
203,1639353600000,7.830598005895791,699562583.7849059,2021-12-13
204,1639440000000,7.750220137470775,683128897.1204554,2021-12-14
205,1639526400000,7.761167113634802,690785168.0383551,2021-12-15
206,1639612800000,8.364020984958517,743383290.3251733,2021-12-16
207,1639699200000,11.074269539014391,972955044.8606752,2021-12-17
208,1639785600000,10.305037799076194,908258445.23339,2021-12-18
209,1639872000000,10.788635107285325,957491365.9873447,2021-12-19
210,1639958400000,11.03745910870752,984332933.6364242,2021-12-20
211,1640044800000,10.710595934835604,952368545.9538124,2021-12-21
212,1640131200000,10.845390635402495,966387931.5369902,2021-12-22
213,1640217600000,10.819279314969233,960211039.4199048,2021-12-23
214,1640304000000,12.682573370319744,1125578386.8695283,2021-12-24
215,1640390400000,12.956459708356254,1143380486.4507794,2021-12-25
216,1640476800000,13.172405202502476,1168850102.044037,2021-12-26
217,1640563200000,13.169348545522851,1168779683.67854,2021-12-27
218,1640649600000,15.46232344243217,1362312469.0007074,2021-12-28
219,1640736000000,15.12281229856846,1352119582.3340857,2021-12-29
220,1640822400000,14.645599609015749,1305838835.9595244,2021-12-30
221,1640908800000,14.630464926186344,1299386367.7779293,2021-12-31
222,1640995200000,14.68424329085664,1305144324.530229,2022-01-01
223,1641081600000,14.670702688882937,1297369008.5851278,2022-01-02
224,1641168000000,13.3883029805494,1189433807.9655185,2022-01-03
225,1641254400000,13.565309505271582,1205149996.5904973,2022-01-04
226,1641340800000,13.068322829969295,1169531901.3057103,2022-01-05
227,1641427200000,12.178099665408793,1081310169.6590526,2022-01-06
228,1641513600000,11.372617937189483,1010338653.8419572,2022-01-07
229,1641600000000,11.236136026685775,997553082.597118,2022-01-08
230,1641686400000,10.036761312517523,892751103.1053752,2022-01-09
231,1641772800000,9.91859699155009,880656700.9714187,2022-01-10
232,1641859200000,11.094547437572036,981836595.911785,2022-01-11
233,1641945600000,11.31554654771452,1004352545.8260835,2022-01-12
234,1642032000000,13.27840263583886,1179279711.319243,2022-01-13
235,1642118400000,13.026542268074218,1156157871.7035463,2022-01-14
236,1642204800000,12.959933720106989,1156525444.364019,2022-01-15
237,1642291200000,12.943822908812937,1149670040.2003894,2022-01-16
238,1642377600000,12.896179725564227,1145336432.0638208,2022-01-17
239,1642464000000,11.938904218413327,1067864095.0574452,2022-01-18
240,1642550400000,11.661863375998848,1039415282.3119355,2022-01-19
241,1642636800000,11.52131953497432,1015330742.1462548,2022-01-20
242,1642723200000,11.111757925689943,992692337.8615856,2022-01-21
243,1642809600000,10.025344916828685,890694500.6054791,2022-01-22
244,1642896000000,9.812548244077094,870660131.5442318,2022-01-23
245,1642982400000,10.688941625970422,948998726.0714216,2022-01-24
246,1643068800000,10.28595395123731,913473850.9014952,2022-01-25
247,1643155200000,9.684458018544776,859495649.339538,2022-01-26
248,1643241600000,9.46833565709807,840351730.7754672,2022-01-27
249,1643328000000,9.34090395919096,832709845.1824309,2022-01-28
250,1643414400000,10.019797724725938,887338385.9228814,2022-01-29
251,1643500800000,9.77501581443297,871838207.2940255,2022-01-30
252,1643587200000,9.79276327228879,869823213.5387083,2022-01-31
253,1643673600000,9.722637385279592,862034093.4324152,2022-02-01
254,1643760000000,9.748442876807012,866278541.2334528,2022-02-02
255,1643846400000,9.563036002872172,848922808.3450649,2022-02-03
256,1643932800000,9.464806395067368,835169565.3457278,2022-02-04
257,1644019200000,9.702794226232392,867114424.5588337,2022-02-05
258,1644105600000,9.682968459537026,861546843.8330618,2022-02-06
259,1644192000000,9.745056520878224,866131854.8017955,2022-02-07
260,1644278400000,10.725871321982943,939689598.2389004,2022-02-08
261,1644364800000,10.13046653778312,899798032.5360847,2022-02-09
262,1644451200000,10.197994991514834,905487995.7676609,2022-02-10
263,1644537600000,9.840757798950968,874006425.1184521,2022-02-11
264,1644624000000,9.743374250692437,863112646.5234746,2022-02-12
265,1644710400000,9.744640921170962,863211386.6440824,2022-02-13
266,1644796800000,9.655210016442767,857444468.8736447,2022-02-14
267,1644883200000,9.607685051313412,853174259.4401613,2022-02-15
268,1644969600000,9.769308496929913,864776237.414865,2022-02-16
269,1645056000000,9.704327858972588,861992680.3581977,2022-02-17
270,1645142400000,9.512440438456933,845934584.8679755,2022-02-18
271,1645228800000,9.393431924290768,828968707.3021547,2022-02-19
272,1645315200000,9.04118411582776,802656841.8289082,2022-02-20
273,1645401600000,8.636496274949026,767253788.3755943,2022-02-21
274,1645488000000,8.73989026859911,781359693.4536475,2022-02-22
275,1645574400000,8.76009428205445,775247284.5441539,2022-02-23
276,1645660800000,8.61593557700892,764664282.6318603,2022-02-24
277,1645747200000,8.14968334466684,718056747.132873,2022-02-25
278,1645833600000,8.880070776642448,791289635.9107559,2022-02-26
279,1645920000000,8.934635863990101,790898542.101733,2022-02-27
280,1646006400000,8.617551247457701,763683425.9185957,2022-02-28
281,1646092800000,9.12923562648314,803956644.622848,2022-03-01
282,1646179200000,8.977645283310752,794932699.394251,2022-03-02
283,1646265600000,8.948213249975572,794656757.8997647,2022-03-03
284,1646352000000,8.698393397526292,773993818.251098,2022-03-04
285,1646438400000,8.31918602237913,739142078.6017548,2022-03-05
286,1646524800000,8.474479493941141,753790317.0956959,2022-03-06
287,1646611200000,8.253632323618726,729161135.3545903,2022-03-07
288,1646697600000,8.052038990743164,712141657.756766,2022-03-08
289,1646784000000,8.168808266966474,725158228.025715,2022-03-09
290,1646870400000,8.297217619273997,736312841.0286022,2022-03-10
291,1646956800000,8.105099106526607,720547505.8657027,2022-03-11
292,1647043200000,7.952269293780372,708650825.8611947,2022-03-12
293,1647129600000,8.004544390328673,711547133.6063955,2022-03-13
294,1647216000000,7.969288171853101,708310212.4775236,2022-03-14
295,1647302400000,7.923503448896395,704357854.6543146,2022-03-15
296,1647388800000,7.82246986334567,694879004.7289025,2022-03-16
297,1647475200000,8.017816939112084,704568255.0901315,2022-03-17
298,1647561600000,7.917914391849742,702674855.4116728,2022-03-18
299,1647648000000,8.01340468923891,709142448.3531163,2022-03-19
300,1647734400000,8.328328634334412,732961425.2123749,2022-03-20
301,1647820800000,8.069343209424781,716787316.973528,2022-03-21
302,1647907200000,7.988886017778803,708528031.373766,2022-03-22
303,1647993600000,8.05520207280685,716318312.4779805,2022-03-23
304,1648080000000,7.848160698913008,698446883.379306,2022-03-24
305,1648166400000,7.832578038787678,695005696.4473327,2022-03-25
306,1648252800000,7.839887173169654,696058199.5222692,2022-03-26
307,1648339200000,7.793968309706951,692766504.6797346,2022-03-27
308,1648425600000,7.877031661870664,696996128.5152967,2022-03-28
309,1648512000000,7.982017995100809,709795310.1410134,2022-03-29
310,1648598400000,8.713214040400654,777938267.8461984,2022-03-30
311,1648684800000,8.928967610177978,792209403.6737927,2022-03-31
312,1648771200000,8.472949985087874,754779565.2817553,2022-04-01
313,1648857600000,8.595571892932027,757133482.7614747,2022-04-02
314,1648944000000,8.525331255505176,757438016.4149295,2022-04-03
315,1649030400000,8.556822118127567,758403963.7126397,2022-04-04
316,1649116800000,8.435472875985731,748810189.7219154,2022-04-05
317,1649203200000,8.359790871225247,741982844.3962028,2022-04-06
318,1649289600000,7.894207397038297,702973743.0431851,2022-04-07
319,1649376000000,8.019765159839125,715536001.7210668,2022-04-08
320,1649462400000,7.894958874225417,700308223.4118928,2022-04-09
321,1649548800000,7.813776223248826,691687763.8122076,2022-04-10
322,1649635200000,7.828568160833841,696292729.7078376,2022-04-11
323,1649721600000,7.287639359409301,648176068.7946365,2022-04-12
324,1649808000000,7.126236405124205,632098147.96729,2022-04-13
325,1649894400000,7.246976453503447,643374707.7756062,2022-04-14
326,1649980800000,7.063940769469981,626785518.6490933,2022-04-15
327,1650067200000,6.963395051171485,617555386.6292565,2022-04-16
328,1650153600000,6.910547308420307,615188063.0559219,2022-04-17
329,1650240000000,6.859942608546934,608439863.113004,2022-04-18
330,1650326400000,6.6281493701339445,592402114.5029912,2022-04-19
331,1650412800000,6.513180115573007,576503436.6892818,2022-04-20
332,1650499200000,6.598665406829231,584760910.6173604,2022-04-21
333,1650585600000,6.572079432581081,583799255.4142938,2022-04-22
334,1650672000000,6.479745792409696,574325787.9039712,2022-04-23
335,1650758400000,6.470218818213945,574632279.6532701,2022-04-24
336,1650844800000,6.538496780870595,580355106.5705857,2022-04-25
337,1650931200000,6.478715124549854,574903173.059273,2022-04-26
338,1651017600000,6.288066275975902,557518134.2138748,2022-04-27
339,1651104000000,6.434842001804008,570026858.8454298,2022-04-28
340,1651190400000,6.34849854800079,563770238.1651876,2022-04-29
341,1651276800000,6.208676494737177,550311923.4672227,2022-04-30
342,1651363200000,5.932422722459412,526904381.4352254,2022-05-01
343,1651449600000,5.669166997203429,505127996.0524717,2022-05-02
344,1651536000000,4.998218632850104,447420822.2633894,2022-05-03
345,1651622400000,4.9371686778920845,435890191.4657258,2022-05-04
346,1651708800000,5.039377036433064,448019046.3473972,2022-05-05
347,1651795200000,4.722082420988519,418714079.697972,2022-05-06
348,1651881600000,4.281228514326888,376556709.23063153,2022-05-07
349,1651968000000,4.28852464539594,380403133.197774,2022-05-08
350,1652054400000,3.9265665949759927,351172436.7380156,2022-05-09
351,1652140800000,3.1779115201187182,292853846.9916998,2022-05-10
352,1652227200000,4.019495603137157,356017288.8160895,2022-05-11
353,1652313600000,3.749215488678384,346214944.51538295,2022-05-12
354,1652400000000,3.518300175725259,312441101.34812844,2022-05-13
355,1652486400000,3.6083005663248255,321154717.2471172,2022-05-14
356,1652572800000,3.6294782833215633,319426007.94430745,2022-05-15
357,1652659200000,3.6037993248699887,322199377.5129813,2022-05-16
358,1652745600000,3.5452866398959557,314065965.83775216,2022-05-17
359,1652832000000,3.618527074457114,320022525.7690506,2022-05-18
360,1652918400000,3.499409764889071,313495716.1493935,2022-05-19
361,1653004800000,3.590113719330516,318622592.6623856,2022-05-20
362,1653091200000,3.482221644869643,308625123.1496191,2022-05-21
363,1653177600000,3.402760711703524,302280783.87939066,2022-05-22
364,1653264000000,3.425889812910601,304069450.3604424,2022-05-23
365,1653350400000,3.322875237142433,295657984.507187,2022-05-24
366,1653436800000,3.299164637410424,292706719.6176198,2022-05-25
367,1653523200000,3.268009682676485,289728714.1020757,2022-05-26
368,1653609600000,3.186085452891792,282457149.29718447,2022-05-27
369,1653696000000,2.981485738579302,267296564.58947417,2022-05-28
370,1653782400000,2.631851045299256,231708038.81651872,2022-05-29
371,1653868800000,2.696067506828424,239088650.7286225,2022-05-30
372,1653955200000,3.246587042257941,288119170.5617879,2022-05-31
373,1654041600000,3.277600308980092,291127915.93020034,2022-06-01
374,1654128000000,3.058574814908232,272813702.92540723,2022-06-02
375,1654214400000,3.105525371272548,276441218.8265861,2022-06-03
376,1654300800000,3.004537235708252,266873149.3096418,2022-06-04
377,1654387200000,2.995635957549238,266196256.45258605,2022-06-05
378,1654473600000,3.013189616068179,269913445.79038215,2022-06-06
379,1654560000000,3.02467444108189,270985742.6319864,2022-06-07
380,1654646400000,2.985295268524729,265436600.5061104,2022-06-08
381,1654732800000,2.9598154600834605,263613479.6119489,2022-06-09
382,1654819200000,2.949920521218716,262442509.2995167,2022-06-10
383,1654905600000,2.863975099518759,255444582.96872625,2022-06-11
384,1654992000000,2.681541244928201,239106393.74691957,2022-06-12
385,1655078400000,2.6159316126015746,234476934.3026838,2022-06-13
386,1655164800000,2.3233173356841803,206315440.1256398,2022-06-14
387,1655251200000,2.3419020064840885,207518256.5345779,2022-06-15
388,1655337600000,2.436478334868704,214290190.4166709,2022-06-16
389,1655424000000,2.285804978612865,203705222.59098983,2022-06-17
390,1655510400000,2.338487836194693,208118444.76814276,2022-06-18
391,1655596800000,2.214575642883312,196196299.75840923,2022-06-19
392,1655683200000,2.301460234592985,204360216.29870397,2022-06-20
393,1655769600000,2.264370321829154,200686967.06024197,2022-06-21
394,1655856000000,2.354030241934919,208379422.31622717,2022-06-22
395,1655942400000,2.346509929742813,209169497.22411144,2022-06-23
396,1656028800000,2.4024680056668504,212586098.20207483,2022-06-24
397,1656115200000,2.5597098920189683,223623004.5062072,2022-06-25
398,1656201600000,3.0511400640247963,274018336.94117284,2022-06-26
399,1656288000000,2.8764093507503534,255638311.60782263,2022-06-27
400,1656374400000,2.978276515967392,263679068.5081561,2022-06-28
401,1656460800000,2.9645224021845373,264118618.0272108,2022-06-29
402,1656547200000,2.941377680022621,261098735.86791444,2022-06-30
403,1656633600000,2.6941934922668938,237703293.6479925,2022-07-01
404,1656720000000,2.63682210353792,234138161.2650935,2022-07-02
405,1656806400000,2.5786053232435204,228938922.4208443,2022-07-03
406,1656892800000,2.602927567423216,232375233.92129624,2022-07-04
407,1656979200000,2.6431727964635336,235173896.9118847,2022-07-05
408,1657065600000,2.57771817142186,229215544.96232685,2022-07-06
409,1657152000000,2.585488033146229,230395429.2555641,2022-07-07
410,1657238400000,2.9252586100465563,259911944.6761848,2022-07-08
411,1657324800000,3.064949138299376,272662368.3016474,2022-07-09
412,1657411200000,3.002832552032732,268832858.2748587,2022-07-10
413,1657497600000,2.946525752646225,261973163.35620716,2022-07-11
414,1657584000000,2.904569191074236,258952864.2520237,2022-07-12
415,1657670400000,2.887788677293633,257271471.95341825,2022-07-13
416,1657756800000,2.8323489190934965,252192515.57557857,2022-07-14
417,1657843200000,2.7635241220894096,245628360.62217504,2022-07-15
418,1657929600000,2.7836340105787336,247306196.68908703,2022-07-16
419,1658016000000,2.7824946448883043,246580852.19595516,2022-07-17
420,1658102400000,2.7824204910324464,246713045.8843772,2022-07-18
421,1658188800000,2.84176085248311,252241175.80482084,2022-07-19
422,1658275200000,2.8271044066724205,251453292.972354,2022-07-20
423,1658361600000,2.783016373029198,247803350.67890775,2022-07-21
424,1658448000000,2.735880043391131,243163788.5984435,2022-07-22
425,1658534400000,2.7045223442261825,240455407.69627815,2022-07-23
426,1658620800000,2.712107238049381,240906947.626992,2022-07-24
427,1658707200000,2.695342523769187,240430337.36002436,2022-07-25
428,1658793600000,2.569094084333157,229139199.6782621,2022-07-26
429,1658880000000,2.557208021074079,227371066.3314612,2022-07-27
430,1658966400000,2.704651052966554,240102278.84673068,2022-07-28
431,1659052800000,2.6769191387653817,237032826.00486133,2022-07-29
432,1659139200000,2.66120813596984,235595177.88751107,2022-07-30
433,1659225600000,2.6375838090960357,234268046.6964401,2022-07-31
434,1659312000000,2.621612881398823,233153846.33365184,2022-08-01
435,1659398400000,2.615579132033731,231818796.7706785,2022-08-02
436,1659484800000,2.565031031431509,227822510.6470875,2022-08-03
437,1659571200000,2.564096456906886,227840448.49610975,2022-08-04
438,1659657600000,2.653006238235296,234193649.49368703,2022-08-05
439,1659744000000,2.6309637308339626,233269876.786048,2022-08-06
440,1659830400000,2.614933376721423,232238751.63946795,2022-08-07
441,1659916800000,2.622720439151659,232906982.6536203,2022-08-08
442,1660003200000,2.6237521223887037,233844763.4976369,2022-08-09
443,1660089600000,2.5766020904053373,228559411.83347315,2022-08-10
444,1660176000000,2.615480402201689,231392446.48932335,2022-08-11
445,1660262400000,2.613889849578368,232150631.8322824,2022-08-12
446,1660348800000,2.613964618259071,232553503.79857156,2022-08-13
447,1660435200000,2.60229836623134,230663299.29597548,2022-08-14
448,1660521600000,2.59153557524524,229195184.16323447,2022-08-15
449,1660608000000,2.601938303549553,228720982.61809063,2022-08-16
450,1660694400000,2.5701421069309665,228059930.5902908,2022-08-17
451,1660780800000,2.521163025531837,220919886.45286372,2022-08-18
452,1660867200000,2.419493061778486,214227210.1492674,2022-08-19
453,1660953600000,2.269826578477797,201801617.6724656,2022-08-20
454,1661040000000,2.251779739162721,199603991.2916192,2022-08-21
455,1661126400000,2.2509688098575347,200323246.865631,2022-08-22
456,1661212800000,2.0918500142999803,184417084.90839443,2022-08-23
457,1661299200000,2.0816420249105163,185680900.22556424,2022-08-24
458,1661385600000,2.0477938836463965,181811349.3214923,2022-08-25
459,1661472000000,1.7704583174598756,155533896.6964527,2022-08-26
460,1661558400000,1.5385559563199005,137449092.37620774,2022-08-27
461,1661644800000,1.524434773415619,134818697.40960944,2022-08-28
462,1661731200000,1.5282861727271717,135913576.30287844,2022-08-29
463,1661817600000,1.4813690348563333,131008647.09011148,2022-08-30
464,1661904000000,1.26490179856363,113404775.42413032,2022-08-31
465,1661990400000,1.2755599676919658,111744830.9869833,2022-09-01
466,1662076800000,1.22743622732119,112031686.42266823,2022-09-02
467,1662163200000,1.5956995375701917,140583668.30087063,2022-09-03
468,1662249600000,1.6589415300237087,146975520.75585595,2022-09-04
469,1662336000000,1.6299095974994515,147223114.28765047,2022-09-05
470,1662422400000,1.5484831873311384,135153122.81941307,2022-09-06
471,1662508800000,1.4306062108990565,128851195.3594656,2022-09-07
472,1662595200000,1.4863864828199147,130798420.60181956,2022-09-08
473,1662681600000,1.4487806230455842,128540839.94577289,2022-09-09
474,1662768000000,1.4751627007077786,130978777.63670212,2022-09-10
475,1662854400000,1.4644669759857336,130002334.26783223,2022-09-11
476,1662940800000,1.4798363632777984,131903474.1952339,2022-09-12
477,1663027200000,1.464758339268404,129783736.37006462,2022-09-13
478,1663113600000,1.39038338618451,123488662.83515994,2022-09-14
479,1663200000000,1.358792525928029,120308067.8845012,2022-09-15
480,1663286400000,1.3075600044685267,116385418.30476664,2022-09-16
481,1663372800000,1.280923666787627,113886272.23675206,2022-09-17
482,1663459200000,1.408668806058842,124918663.9287175,2022-09-18
483,1663545600000,1.3547072443739825,120296205.13666436,2022-09-19
484,1663632000000,1.353940313328445,120432023.63340004,2022-09-20
485,1663718400000,1.3381838416041476,120062984.5092863,2022-09-21
486,1663804800000,1.3506062335719706,120129161.50874108,2022-09-22
487,1663891200000,1.3514833801289616,120855152.19298536,2022-09-23
488,1663977600000,1.3541160082219386,119919310.67687076,2022-09-24
489,1664064000000,1.3641319067472315,121203119.91449156,2022-09-25
490,1664150400000,1.335375130958796,118818086.58662874,2022-09-26
491,1664236800000,1.335386520374349,117832375.8058014,2022-09-27
492,1664323200000,1.3281499548320548,117840478.00048552,2022-09-28
493,1664409600000,1.3213667695314075,116806629.95274776,2022-09-29
494,1664496000000,1.326547220350623,117372188.79758796,2022-09-30
495,1664582400000,1.334234160830527,118767835.90207906,2022-10-01
496,1664668800000,1.3281205499704007,117958229.3586167,2022-10-02
497,1664755200000,1.3268997935131197,117485273.0370642,2022-10-03
498,1664841600000,1.3222058554058869,117045439.45983078,2022-10-04
499,1664928000000,1.3353339856757032,118453916.5243916,2022-10-05
500,1665014400000,1.3371420884264256,118747771.97135729,2022-10-06
501,1665100800000,1.331067237005512,118303527.92682128,2022-10-07
502,1665187200000,1.3335141155065795,118306756.76349735,2022-10-08
503,1665273600000,1.3215463167970682,117447586.67271788,2022-10-09
504,1665360000000,1.3305680914048128,117953328.1882036,2022-10-10
505,1665446400000,1.307012342676153,116183200.81252997,2022-10-11
506,1665532800000,1.2755707650211965,112892608.09663892,2022-10-12
507,1665619200000,1.2662073281390112,112502521.10515112,2022-10-13
508,1665705600000,1.245283445209652,110643434.10687758,2022-10-14
509,1665792000000,1.239871987031862,110684538.56133716,2022-10-15
510,1665878400000,1.2231788296392825,110087129.52339564,2022-10-16
511,1665964800000,1.2547994500544593,111540230.11875647,2022-10-17
512,1666051200000,1.2456316511129484,110927218.887683,2022-10-18
513,1666137600000,1.2433397671715272,109388799.7295672,2022-10-19
514,1666224000000,1.221727805893972,108627417.44792664,2022-10-20
515,1666310400000,1.2058217298059872,107129094.01979744,2022-10-21
516,1666396800000,1.1910193576792942,106808824.33680604,2022-10-22
517,1666483200000,1.187708728738884,105525524.67118075,2022-10-23
518,1666569600000,1.2065972754957706,107479752.22773528,2022-10-24
519,1666656000000,1.2024755411744084,105787948.9552126,2022-10-25
520,1666742400000,1.2127378512446505,107458937.42494664,2022-10-26
521,1666828800000,1.2244852159810298,109297418.85630958,2022-10-27
522,1666915200000,1.195667655179488,106229309.74984296,2022-10-28
523,1667001600000,1.211775528503337,107564602.71510668,2022-10-29
524,1667088000000,1.1972212912617204,106363287.63330238,2022-10-30
525,1667174400000,1.196430528440786,106725020.64046766,2022-10-31
526,1667260800000,1.190829042615748,106176329.52366547,2022-11-01
527,1667347200000,1.1828187513989317,105113700.6976346,2022-11-02
528,1667433600000,1.4836052053933413,131827621.4953754,2022-11-03
529,1667520000000,1.2972454912920592,118032954.102289,2022-11-04
530,1667606400000,1.3566865231782077,119520839.35789251,2022-11-05
531,1667692800000,1.356925849594162,120656511.17735058,2022-11-06
532,1667779200000,1.8533754811649432,162544688.73858526,2022-11-07
533,1667865600000,1.7588431325418052,156272827.58574107,2022-11-08
534,1667952000000,1.5503013589870251,136857560.0674044,2022-11-09
535,1668038400000,1.3194187933638934,120750851.6616406,2022-11-10
536,1668124800000,1.645402786194651,146285729.8160187,2022-11-11
537,1668211200000,1.5238199478544894,135195632.94857344,2022-11-12
538,1668297600000,1.5244761318714963,135712889.0050287,2022-11-13
539,1668384000000,1.5059462297481587,133844633.25610489,2022-11-14
540,1668470400000,1.5233099153126326,135420352.5667652,2022-11-15
541,1668556800000,1.5711295853644367,139175287.01416945,2022-11-16
