,Time,open,mktcap,Date
0,1666375350467,7.65420813629022e-07,722615480.0880014,2022-10-21
1,1666378952622,7.65432705653997e-07,721232633.9482988,2022-10-21
2,1666382539364,7.659093861962213e-07,721803474.3147682,2022-10-21
3,1666386137076,7.662840819080648e-07,722935975.7628505,2022-10-21
4,1666389683611,7.657607404437141e-07,722635607.8025094,2022-10-22
5,1666393315552,7.658373491038545e-07,720939644.115343,2022-10-22
6,1666396920804,7.871600626098161e-07,719696090.4822034,2022-10-22
7,1666400477544,7.655981255942769e-07,721541413.8938289,2022-10-22
8,1666404068872,7.870484100290812e-07,741663927.0175179,2022-10-22
9,1666407681323,7.664606849183382e-07,722730536.8015041,2022-10-22
10,1666411227215,7.669749022632543e-07,722738662.2552518,2022-10-22
11,1666414929429,7.663704248791957e-07,722520891.458148,2022-10-22
12,1666418492183,7.662936284266544e-07,743700099.2666464,2022-10-22
13,1666422008683,7.892562650182973e-07,722710017.1341213,2022-10-22
14,1666425735452,7.890422963912085e-07,743666134.419336,2022-10-22
15,1666429245576,7.89536210339615e-07,722856905.1759692,2022-10-22
16,1666432851916,7.671519697040594e-07,722051105.4962442,2022-10-22
17,1666436471121,7.90615265806709e-07,745247856.8245068,2022-10-22
18,1666440123247,7.669291544389386e-07,722885102.379529,2022-10-22
19,1666443641402,7.653007387676375e-07,737198623.119647,2022-10-22
20,1666447283161,7.840021817886475e-07,724739188.0529236,2022-10-22
21,1666450807631,7.786298476938155e-07,733974704.6461356,2022-10-22
22,1666454419049,7.79715538752353e-07,724482015.7393483,2022-10-22
23,1666458086083,7.78069293496344e-07,733465059.7757747,2022-10-22
24,1666461867086,7.677219442416467e-07,724755747.9214578,2022-10-22
25,1666465215228,7.671487464054971e-07,722974759.5474482,2022-10-22
26,1666468890371,7.677135306772933e-07,723404738.5228024,2022-10-22
27,1666472540547,7.665559427810652e-07,722329074.41904,2022-10-22
28,1666476141315,7.773811668660264e-07,732887412.1990914,2022-10-23
29,1666479740580,7.687757699909118e-07,723979200.6398132,2022-10-23
30,1666483281697,7.713224534008804e-07,726770635.2887233,2022-10-23
31,1666486875479,7.673304007598914e-07,726820302.0523717,2022-10-23
32,1666490536918,7.699355151151538e-07,726069440.9802969,2022-10-23
33,1666494144448,7.701005147874089e-07,725936863.4739443,2022-10-23
34,1666497745662,7.654165558636639e-07,722087603.3501728,2022-10-23
35,1666501338386,7.665088769402352e-07,721932631.5544285,2022-10-23
36,1666504940189,7.668316770600822e-07,723081893.4589455,2022-10-23
37,1666508489616,7.66772404158174e-07,722438922.9179037,2022-10-23
38,1666512076670,7.646308811829917e-07,721760540.3453227,2022-10-23
39,1666515610670,7.650356891953887e-07,720988209.0829859,2022-10-23
40,1666519214435,7.669319952347888e-07,721263117.449718,2022-10-23
41,1666522940741,7.654036678462931e-07,721780421.2350477,2022-10-23
42,1666526478267,7.652284988047372e-07,720936172.9286654,2022-10-23
43,1666530085215,7.654508253172774e-07,721227477.6344128,2022-10-23
44,1666533711966,7.654346875957932e-07,721419980.136323,2022-10-23
45,1666537333269,7.671250327975879e-07,723244554.8304371,2022-10-23
46,1666540877691,7.68335165587753e-07,725031766.4204277,2022-10-23
47,1666544545026,7.680826130788022e-07,723606652.5542101,2022-10-23
48,1666548122501,7.659695485890734e-07,721623912.1770265,2022-10-23
49,1666551617633,7.72531290388821e-07,730278928.0249648,2022-10-23
50,1666555261628,7.72293794519597e-07,728519079.3487028,2022-10-23
51,1666558868592,7.761614233899036e-07,730906615.1688689,2022-10-23
52,1666562475137,7.720700125417629e-07,730433438.4514071,2022-10-24
53,1666566029229,7.803967999982605e-07,734259236.4821386,2022-10-24
54,1666569737536,7.798851937536888e-07,731940549.2650826,2022-10-24
55,1666573273538,7.845273864828168e-07,739693039.0951266,2022-10-24
56,1666576946912,7.795576395570872e-07,734231559.1187942,2022-10-24
57,1666580480962,7.775094983694489e-07,733793733.8078752,2022-10-24
58,1666584077265,7.788418340521193e-07,734926187.3664743,2022-10-24
59,1666587673566,7.758973295890341e-07,733478934.8389717,2022-10-24
60,1666591335815,7.761724865913718e-07,732376205.2826347,2022-10-24
61,1666594875675,7.768913968444798e-07,731739405.5354332,2022-10-24
62,1666598590287,7.729053914185615e-07,729656174.9825875,2022-10-24
63,1666602103133,7.738381524054416e-07,730336138.8304875,2022-10-24
64,1666605693097,7.743320950542383e-07,731096837.5665348,2022-10-24
65,1666609336407,7.763682782749048e-07,734912968.3981946,2022-10-24
66,1666612890718,7.775528428871886e-07,733084683.558705,2022-10-24
67,1666616455418,7.744625128064956e-07,730603179.9538791,2022-10-24
68,1666620111191,7.772466665979931e-07,729571005.6936913,2022-10-24
69,1666623682006,7.680078420765668e-07,723739206.6534277,2022-10-24
70,1666627361023,7.766604955176081e-07,729172624.6409972,2022-10-24
71,1666630941834,7.755189061645031e-07,731673917.124505,2022-10-24
72,1666634545736,7.738380703219573e-07,728028765.8464487,2022-10-24
73,1666638035261,7.736490609411511e-07,728925741.1972644,2022-10-24
74,1666641771713,7.753027895109989e-07,729992618.0251333,2022-10-24
75,1666645277298,7.739873827798922e-07,731042155.9581045,2022-10-24
76,1666648888647,7.746806923705787e-07,730672797.3197885,2022-10-25
77,1666652544859,7.757740409473725e-07,730892157.4966624,2022-10-25
78,1666656086447,7.755889594822183e-07,731159294.403047,2022-10-25
79,1666659704942,7.76445284734558e-07,729278718.1460378,2022-10-25
80,1666663332607,7.737832938574312e-07,730902377.7799541,2022-10-25
81,1666666937976,7.757551936864675e-07,731159920.9580663,2022-10-25
82,1666670512183,7.758571819256597e-07,732344902.035729,2022-10-25
83,1666674092370,7.774816607671003e-07,733330698.4636188,2022-10-25
84,1666677704569,7.787300759305013e-07,729941593.2456366,2022-10-25
85,1666681247641,7.733446222582802e-07,733249840.7461864,2022-10-25
86,1666684848579,7.781310024606172e-07,729899431.1494315,2022-10-25
87,1666688499354,7.731217241368222e-07,729667199.2228099,2022-10-25
88,1666692081405,7.763444691276218e-07,732134788.1603818,2022-10-25
89,1666695716518,7.682240828978082e-07,724234146.4584434,2022-10-25
90,1666699294593,7.715028282837606e-07,725967328.361872,2022-10-25
91,1666702927227,7.723162244770574e-07,728097114.9879966,2022-10-25
92,1666706515718,7.825546977213545e-07,730163225.5606371,2022-10-25
93,1666710135588,7.805992757113151e-07,735351088.9861852,2022-10-25
94,1666713730455,7.983146192386545e-07,737353589.2478245,2022-10-25
95,1666717285632,7.960480445932263e-07,749085983.8503625,2022-10-25
96,1666720918383,8.123163036396041e-07,754798021.1186106,2022-10-25
97,1666724516846,8.114859496316178e-07,763759245.3426676,2022-10-25
98,1666728082082,8.120288286161707e-07,765911553.8700174,2022-10-25
99,1666731632640,8.022317124666676e-07,760479688.7835104,2022-10-25
100,1666735270159,8.109633857056887e-07,763367926.7700443,2022-10-26
101,1666738894103,8.064684376443065e-07,759675854.5773916,2022-10-26
102,1666742454259,8.006419783344102e-07,754618561.7451714,2022-10-26
103,1666746135632,8.061050185758742e-07,755899088.8724195,2022-10-26
104,1666749682908,8.092502201404798e-07,762130540.7198958,2022-10-26
105,1666753299687,8.084180119641248e-07,763632009.7928354,2022-10-26
106,1666756963833,8.099231184418711e-07,763779555.6537546,2022-10-26
107,1666760619772,8.104915495826013e-07,762531199.0923469,2022-10-26
108,1666764140124,8.031661470772361e-07,758907260.950727,2022-10-26
109,1666767670115,8.06321106021596e-07,759286425.4315007,2022-10-26
110,1666771300921,8.112524586354011e-07,765692369.9899894,2022-10-26
111,1666774828923,8.184904363054147e-07,774091944.4384389,2022-10-26
112,1666778492910,8.153384260359195e-07,768776198.0543956,2022-10-26
113,1666782087620,8.195485986032914e-07,768843036.3373146,2022-10-26
114,1666785717162,8.162729686832184e-07,768713283.2541761,2022-10-26
115,1666789349877,8.120959466921585e-07,765861847.9573385,2022-10-26
116,1666792966547,8.126664909299655e-07,767622044.8818549,2022-10-26
117,1666796596612,8.226923747171972e-07,776636398.3900502,2022-10-26
118,1666796650284,8.270153767123413e-07,776636398.3900502,2022-10-26
119,1666800129882,8.249025233279335e-07,779266733.10022,2022-10-26
120,1666803727574,8.238228889753619e-07,775054840.29261,2022-10-26
121,1666807323635,8.247486172995854e-07,776769191.1911496,2022-10-26
122,1666810940602,8.223504169421831e-07,778803634.370741,2022-10-26
123,1666814561276,8.21511014479674e-07,773491784.9327247,2022-10-26
124,1666818100076,8.218631157565294e-07,776717183.7704287,2022-10-26
125,1666821639609,8.177594242516866e-07,769435404.1889945,2022-10-27
126,1666825285901,8.205911562369027e-07,773842654.4950508,2022-10-27
127,1666828984772,8.241919002682522e-07,776840552.7713754,2022-10-27
128,1666832633080,8.227271420201965e-07,775372785.6319103,2022-10-27
129,1666836116555,8.25666218518698e-07,776286200.5953377,2022-10-27
130,1666839771990,8.236004782641002e-07,777114380.4012474,2022-10-27
131,1666843347095,8.175570961187679e-07,770455288.2588365,2022-10-27
132,1666846957315,8.213478903681626e-07,769225319.9079162,2022-10-27
133,1666850530982,8.258763623231231e-07,779289321.706535,2022-10-27
134,1666854117158,8.221845012138458e-07,775430979.9449079,2022-10-27
135,1666857634207,8.186807790666237e-07,771351266.3016531,2022-10-27
136,1666861314193,8.147453752334864e-07,769084254.475153,2022-10-27
137,1666864911220,8.152861815444069e-07,765854458.9035116,2022-10-27
138,1666868469371,8.104273073289262e-07,770000353.3866729,2022-10-27
139,1666872021161,8.145894224300167e-07,766211453.2231439,2022-10-27
140,1666875626037,8.165136130436617e-07,767076013.4972317,2022-10-27
141,1666879224625,8.137078467068169e-07,770667772.908238,2022-10-27
142,1666882899854,8.134469005805282e-07,771538594.2471393,2022-10-27
143,1666886498551,8.108320057892309e-07,765026341.6215941,2022-10-27
144,1666890136035,8.141642086317325e-07,766707430.6279445,2022-10-27
145,1666893748435,8.152125524647016e-07,769856614.4298708,2022-10-27
146,1666897330175,8.131452123216691e-07,766853214.1759888,2022-10-27
147,1666900905633,8.139849680703865e-07,767077648.5003015,2022-10-27
148,1666904523811,8.073440474999411e-07,761835602.8369768,2022-10-27
149,1666908092148,8.080198409457817e-07,760898581.5283816,2022-10-28
150,1666911700175,8.090447358251128e-07,762387249.50474,2022-10-28
151,1666915260006,8.044859916253827e-07,757845811.27777,2022-10-28
152,1666918886197,8.053115492762657e-07,759088539.1699386,2022-10-28
153,1666922498642,8.061462863090108e-07,758780639.4893457,2022-10-28
154,1666926096139,8.011172334268157e-07,755804327.3817567,2022-10-28
155,1666929763107,7.978873276862507e-07,752290037.4681034,2022-10-28
156,1666933215058,7.989066973388897e-07,752306126.749214,2022-10-28
157,1666936879139,7.979640905728812e-07,750869999.7070891,2022-10-28
158,1666940487038,7.971607605658679e-07,752263028.0075586,2022-10-28
159,1666944076842,7.943535136853691e-07,749706808.386091,2022-10-28
160,1666947695680,7.957407441325676e-07,748130227.425165,2022-10-28
161,1666951263978,7.971334905241172e-07,751465046.0853676,2022-10-28
162,1666954851676,7.98232127322576e-07,753139984.2145581,2022-10-28
163,1666958542252,7.977181933308521e-07,751524095.2396834,2022-10-28
164,1666962136497,7.968081513624975e-07,752056050.0358181,2022-10-28
165,1666965769452,8.049622216118344e-07,756643815.0452198,2022-10-28
166,1666969287041,8.051933285494252e-07,760185068.7170132,2022-10-28
167,1666972981725,8.054044101360629e-07,756686338.0889223,2022-10-28
168,1666976422500,8.110405245207733e-07,761797535.012716,2022-10-28
169,1666980023510,8.127536908863437e-07,765236317.7887857,2022-10-28
170,1666983786236,8.113305281241549e-07,763940826.7937005,2022-10-28
171,1666987331658,8.115075130973796e-07,765728497.5628855,2022-10-28
172,1666990876280,8.122412754758479e-07,767281446.0685942,2022-10-28
173,1666994418372,8.163519677802484e-07,768069056.5869468,2022-10-29
174,1666998085697,8.172785107907997e-07,769483660.4411137,2022-10-29
175,1667001691412,8.15266988762162e-07,769359114.8106471,2022-10-29
176,1667005397398,8.165335939704682e-07,769103035.4572783,2022-10-29
177,1667008968142,8.178424601778324e-07,769141573.9463727,2022-10-29
178,1667012542837,8.162835390793393e-07,768062145.6281441,2022-10-29
179,1667016130567,8.220369363570289e-07,775356684.1252902,2022-10-29
180,1667019746010,8.236705139335839e-07,776865313.1400661,2022-10-29
181,1667023363540,8.236741925764587e-07,777911189.5945936,2022-10-29
182,1667026942748,8.249228465480567e-07,777424007.0067605,2022-10-29
183,1667030531155,8.241741042200362e-07,775609939.3538604,2022-10-29
184,1667034126077,8.302853991215814e-07,785405457.4049503,2022-10-29
185,1667037743975,8.350532773888924e-07,787246580.2245017,2022-10-29
186,1667041285331,8.352614742201331e-07,788291816.2776903,2022-10-29
187,1667045036888,8.274281170623605e-07,778874656.249074,2022-10-29
188,1667048484136,8.337977368408749e-07,785872805.1030837,2022-10-29
189,1667052157308,8.256681044605563e-07,778633060.5131961,2022-10-29
190,1667055667247,8.261676838512337e-07,781239728.0077982,2022-10-29
191,1667059312565,8.331700923322546e-07,783896803.1264757,2022-10-29
192,1667062929851,8.372183925740626e-07,786116081.6650269,2022-10-29
193,1667066465272,8.44329679370496e-07,795337047.3220582,2022-10-29
194,1667070132120,8.347001609147764e-07,787841973.868646,2022-10-29
195,1667073671301,8.349989000287438e-07,786067335.2100661,2022-10-29
196,1667077358423,8.349108985919772e-07,787514493.4597226,2022-10-29
197,1667080850237,8.36018199503112e-07,786486897.1485398,2022-10-30
198,1667084479303,8.334868538959259e-07,785452689.7904829,2022-10-30
199,1667088141511,8.369338151003531e-07,790525708.3603156,2022-10-30
200,1667091861946,8.376458892921308e-07,789761075.3389634,2022-10-30
201,1667095298164,8.368723517266748e-07,790600015.3734834,2022-10-30
202,1667098906893,8.349500885233378e-07,788491789.6064063,2022-10-30
203,1667102532053,8.37066680942085e-07,787996370.9003066,2022-10-30
204,1667106236594,8.38672832522167e-07,789154093.924034,2022-10-30
205,1667109774570,8.382458810741198e-07,789080922.8136755,2022-10-30
206,1667113264427,8.408529636326751e-07,791990846.808405,2022-10-30
207,1667116903326,8.449401291002811e-07,795839773.2513752,2022-10-30
208,1667120474787,8.353803353930759e-07,788294154.1316326,2022-10-30
209,1667124157796,8.306633549507377e-07,787409976.4072474,2022-10-30
210,1667127764067,8.283600898967107e-07,781002646.7671585,2022-10-30
211,1667131260395,8.305460547989979e-07,780200319.2259853,2022-10-30
212,1667134826877,8.281912805312437e-07,779387866.1138405,2022-10-30
213,1667138535224,8.287324138032923e-07,781092950.7331225,2022-10-30
214,1667142174796,8.27244919881997e-07,779801218.0423133,2022-10-30
215,1667145748188,8.234063513268596e-07,777986069.8550105,2022-10-30
216,1667149375775,8.262026345626238e-07,777373783.5445688,2022-10-30
217,1667152910539,8.245914837635096e-07,777528105.5739119,2022-10-30
218,1667156437419,8.235278869650062e-07,776508005.8229141,2022-10-30
219,1667160142262,8.228627889593544e-07,775490853.151739,2022-10-30
220,1667163752403,8.223575546934372e-07,776853735.329397,2022-10-30
221,1667167394314,8.216270590695572e-07,774879026.4059353,2022-10-30
222,1667170885592,8.235296221939019e-07,774184637.2650642,2022-10-31
223,1667174505702,8.226233138412108e-07,777576616.5110532,2022-10-31
224,1667178159700,8.221034172824617e-07,775059710.0386378,2022-10-31
225,1667181790308,8.183394813397975e-07,773913005.4760134,2022-10-31
226,1667185369572,8.167226853536561e-07,768826303.5888324,2022-10-31
227,1667188939951,8.203608179259024e-07,771475691.8231902,2022-10-31
228,1667192429043,8.201775023257487e-07,770728018.056208,2022-10-31
229,1667196164776,8.217993776470411e-07,774002544.6661073,2022-10-31
230,1667199713349,8.185439291797371e-07,769850353.7886025,2022-10-31
231,1667203426043,8.18227380631852e-07,770569942.3871052,2022-10-31
232,1667206947634,8.16051307683882e-07,768610432.897455,2022-10-31
233,1667210423460,8.207897541902885e-07,774359921.5089523,2022-10-31
234,1667214071835,8.341298177240648e-07,785904286.8576312,2022-10-31
235,1667217685053,8.316199114250456e-07,785459992.0986813,2022-10-31
236,1667221331053,8.338920216195714e-07,784203658.8356291,2022-10-31
237,1667224954511,8.282205392154981e-07,783599624.1014786,2022-10-31
238,1667228624960,8.11681626567004e-07,766355664.450231,2022-10-31
239,1667232061267,8.136239121322446e-07,769262436.6921105,2022-10-31
240,1667235637185,8.145802455537601e-07,768601335.9686794,2022-10-31
241,1667239271476,8.128633353901429e-07,769341821.8958582,2022-10-31
242,1667242865140,8.175167441352877e-07,772297923.4986006,2022-10-31
243,1667246520464,8.156057957373421e-07,771963959.3334653,2022-10-31
244,1667250102188,8.140714138017122e-07,770365433.289069,2022-10-31
245,1667253703349,8.117617435753051e-07,769189096.6399205,2022-10-31
246,1667257304127,8.164666601978475e-07,770702950.1464919,2022-11-01
247,1667260926009,8.170627566011773e-07,772042321.1453714,2022-11-01
248,1667264512722,8.176429879890179e-07,771283597.5118905,2022-11-01
249,1667268168931,8.17553395092251e-07,771930598.3697238,2022-11-01
250,1667271766766,8.244429478489095e-07,774480164.6558157,2022-11-01
251,1667275322752,8.164900538398021e-07,770985377.0582317,2022-11-01
252,1667278907042,8.140666537781633e-07,770527644.6516588,2022-11-01
253,1667282524099,8.183473768195118e-07,771132361.8273137,2022-11-01
254,1667286092773,8.221785721669763e-07,777879956.3212701,2022-11-01
255,1667289740104,8.225883834675892e-07,777813290.6353103,2022-11-01
256,1667293354515,8.225358935158573e-07,776304947.7048861,2022-11-01
257,1667296965829,8.246288672176608e-07,776359701.2471555,2022-11-01
258,1667300586609,8.249116738633789e-07,778711049.6094836,2022-11-01
259,1667304107852,8.188828314633268e-07,773103324.7875383,2022-11-01
260,1667307743362,8.19360785987483e-07,774307342.6795057,2022-11-01
261,1667311386287,8.135247517595028e-07,763580433.8243039,2022-11-01
262,1667314888769,8.1511133289987e-07,771280166.8300911,2022-11-01
263,1667318562673,8.141207717670541e-07,768872844.8374342,2022-11-01
264,1667322023439,8.172565474065061e-07,771570506.4933016,2022-11-01
265,1667325764895,8.170820161093681e-07,771938587.5715433,2022-11-01
266,1667329338264,8.17373682758551e-07,774215671.2472181,2022-11-01
267,1667333016371,8.154399579453784e-07,770546020.8334639,2022-11-01
268,1667336559469,8.182966759040635e-07,773169417.8500899,2022-11-01
269,1667340245106,8.18752260221548e-07,773952656.9706516,2022-11-01
270,1667343862806,8.174478496826066e-07,772626320.6721816,2022-11-02
271,1667347456323,8.150652065392045e-07,770395217.542813,2022-11-02
272,1667350977635,8.171133251876327e-07,771151670.4131358,2022-11-02
273,1667355118323,8.168861808680106e-07,772234526.7141327,2022-11-02
274,1667358123622,8.171491828755035e-07,773703939.6344066,2022-11-02
275,1667361857014,8.169047709406925e-07,772213192.7898937,2022-11-02
276,1667365305149,8.195125179420324e-07,771195347.8693926,2022-11-02
277,1667368931430,8.174634529303711e-07,774083185.6213486,2022-11-02
278,1667372944992,8.174630107173521e-07,772594278.4818026,2022-11-02
279,1667376470916,8.076656232478524e-07,763548403.2785709,2022-11-02
280,1667380066259,8.069258019758913e-07,762373817.4399707,2022-11-02
281,1667383679207,8.064313236994618e-07,761218526.6972606,2022-11-02
282,1667386959677,8.090964450687499e-07,764860007.1681167,2022-11-02
283,1667390529676,8.076028453685571e-07,764276413.8090906,2022-11-02
284,1667394184358,8.057220657184815e-07,761045361.6338267,2022-11-02
285,1667397711881,8.049250083761069e-07,761984498.4378325,2022-11-02
286,1667401359370,8.053346676987317e-07,760208456.3986267,2022-11-02
287,1667404875991,8.059715018154541e-07,763371874.2880751,2022-11-02
288,1667408440193,8.049258698884312e-07,762369995.8994478,2022-11-02
289,1667412048862,8.069818881122916e-07,764023556.2899863,2022-11-02
290,1667415901320,8.138118698839983e-07,767174740.173125,2022-11-02
291,1667419461654,7.983917084069852e-07,753865897.8689628,2022-11-02
292,1667423062561,7.93749651235968e-07,750035250.588225,2022-11-02
293,1667426587704,7.87973493473204e-07,745819075.7949042,2022-11-02
294,1667430133105,7.894262015810083e-07,746155910.1460373,2022-11-03
295,1667433810717,7.880364258420267e-07,744635141.2883711,2022-11-03
296,1667437371259,7.935659719608934e-07,745745268.1108005,2022-11-03
297,1667440936538,7.964412227163967e-07,755040159.9950458,2022-11-03
298,1667444632625,7.993601371124372e-07,754111900.0655663,2022-11-03
299,1667448118950,7.973598527790317e-07,755170640.9218669,2022-11-03
300,1667451862028,8.002343554862601e-07,755357187.3941008,2022-11-03
301,1667455866272,8.03982271207859e-07,754994474.4724354,2022-11-03
302,1667459501853,8.049546395259786e-07,759711299.5295038,2022-11-03
303,1667463058555,8.008689877536721e-07,757014607.6613884,2022-11-03
304,1667466893959,8.041098988613268e-07,758461869.3220912,2022-11-03
305,1667470321081,8.030506802108759e-07,760382157.3275235,2022-11-03
306,1667473994651,8.021883621376294e-07,758615159.326178,2022-11-03
307,1667477660925,7.974547684026377e-07,752511094.5433336,2022-11-03
308,1667481241595,7.909518413334758e-07,752511094.5433336,2022-11-03
309,1667484982788,7.963349394820386e-07,750854876.5536665,2022-11-03
310,1667487671026,7.974971808076387e-07,753844052.9216951,2022-11-03
311,1667491268021,7.994603864620475e-07,755254253.5202742,2022-11-03
312,1667494851273,7.977258400793101e-07,754405266.1971021,2022-11-03
313,1667498499238,7.977400281877036e-07,754901993.1790131,2022-11-03
314,1667502029036,7.97843563868563e-07,753459899.9715259,2022-11-03
315,1667505624437,7.990208108203468e-07,756192387.5733721,2022-11-03
316,1667509213461,7.979578477494235e-07,754662664.429848,2022-11-03
317,1667512871587,7.978830328675428e-07,754286336.3256539,2022-11-03
318,1667516477790,7.988978878148724e-07,755320898.3840789,2022-11-04
319,1667520083055,7.967092571650713e-07,753166254.8174118,2022-11-04
320,1667523677138,7.969123478395818e-07,754868794.3126633,2022-11-04
321,1667527246979,7.982933486663688e-07,753067715.5608864,2022-11-04
322,1667530897167,7.969219321708744e-07,753756536.5691726,2022-11-04
323,1667534482133,7.979660809932234e-07,755479560.3488383,2022-11-04
324,1667538072977,7.982443815830556e-07,753261475.4422419,2022-11-04
325,1667541707812,8.031268924033962e-07,757995084.0688423,2022-11-04
326,1667545252615,8.087753701065906e-07,765512014.9636301,2022-11-04
327,1667548904375,8.06037280418282e-07,761872371.9747775,2022-11-04
328,1667552450098,8.056792197186001e-07,760003978.2367598,2022-11-04
329,1667556056339,8.03572788102822e-07,760635359.4680239,2022-11-04
330,1667559658060,8.033878801613916e-07,760088818.2713735,2022-11-04
331,1667563333244,8.039416025566176e-07,759488152.7574849,2022-11-04
332,1667566937394,8.078342960787042e-07,764232291.0958835,2022-11-04
333,1667570487205,8.118582364644206e-07,771105517.928921,2022-11-04
334,1667574110663,8.282794177204808e-07,782437891.376464,2022-11-04
335,1667577637684,8.199531522695278e-07,776080662.3825083,2022-11-04
336,1667581249387,8.197573258010517e-07,774816639.8329892,2022-11-04
337,1667584862174,8.174872678269661e-07,774244832.4865621,2022-11-04
338,1667588468542,8.261793312755177e-07,778475636.0573282,2022-11-04
339,1667592048620,8.250380262570312e-07,777962053.25666,2022-11-04
340,1667595672254,8.263263951839826e-07,781017838.5422558,2022-11-04
341,1667599318440,8.252211095302612e-07,780299030.5611776,2022-11-04
342,1667602891389,8.269575865826587e-07,782218795.0262561,2022-11-05
343,1667606514779,8.277421915685293e-07,782073790.3730826,2022-11-05
344,1667610033882,8.249414340361128e-07,779365575.0212346,2022-11-05
345,1667613646954,8.331373499649721e-07,787442009.6659571,2022-11-05
346,1667617339463,8.329185118348132e-07,787828120.1417319,2022-11-05
347,1667620885712,8.267761069441881e-07,782167034.8224385,2022-11-05
348,1667624507711,8.290003532948343e-07,783319332.1831118,2022-11-05
349,1667628083289,8.276803476624398e-07,782226828.120942,2022-11-05
350,1667631728750,8.287794036050174e-07,783634422.4767315,2022-11-05
351,1667635303402,8.34123455942232e-07,786793559.1072148,2022-11-05
352,1667638939725,8.267954461944945e-07,781227484.903447,2022-11-05
353,1667642497706,8.232107322317789e-07,778786177.3404461,2022-11-05
354,1667646094655,8.240423941874533e-07,776774253.4381546,2022-11-05
355,1667649702369,8.326769356668715e-07,786390165.9873996,2022-11-05
356,1667653324655,8.286822633228944e-07,780877684.6242225,2022-11-05
357,1667656903744,8.26291939257668e-07,779626176.0869353,2022-11-05
358,1667660552141,8.256060539571782e-07,777209199.2823074,2022-11-05
359,1667664108021,8.255900930679107e-07,781317818.7290275,2022-11-05
360,1667667618100,8.320041511742412e-07,787323807.3958579,2022-11-05
361,1667671206891,8.324806718495683e-07,787473629.1203536,2022-11-05
362,1667674844888,8.310785757952868e-07,785414408.4743522,2022-11-05
363,1667678444304,8.261774906163409e-07,780181347.6801677,2022-11-05
364,1667682149696,8.262552124974358e-07,782098334.2313232,2022-11-05
365,1667685687854,8.257683849487781e-07,781382846.0539057,2022-11-05
366,1667689289792,8.281890744658537e-07,783842919.4905411,2022-11-06
367,1667692868420,8.237656379507683e-07,781331304.252064,2022-11-06
368,1667696413677,8.246006229576765e-07,781246941.4888037,2022-11-06
369,1667700038283,8.218836269370721e-07,780172700.6648647,2022-11-06
370,1667703663090,8.238301279892196e-07,778564166.4386457,2022-11-06
371,1667707266194,8.275352334518878e-07,782972554.8999183,2022-11-06
372,1667710852148,8.26309757114038e-07,780989448.1349275,2022-11-06
373,1667714483277,8.230456304607303e-07,777906880.0628474,2022-11-06
374,1667718077184,8.231611966951129e-07,780668622.3240029,2022-11-06
375,1667721630361,8.242734667864485e-07,779455157.5532365,2022-11-06
376,1667725226789,8.250344829166674e-07,781287756.9368728,2022-11-06
377,1667728892480,8.252655987308581e-07,780785537.2292826,2022-11-06
378,1667732416542,8.268260200231671e-07,781332374.0641047,2022-11-06
379,1667736041415,8.237165545234595e-07,776797991.74215,2022-11-06
380,1667739695474,8.239711886954286e-07,779210809.3292061,2022-11-06
381,1667743273984,8.243466274210208e-07,779445698.8018674,2022-11-06
382,1667746852767,8.246677101326524e-07,779035677.9656904,2022-11-06
383,1667750472494,8.270301824499947e-07,781185469.8263208,2022-11-06
384,1667754028477,8.263441065364568e-07,780430736.8774638,2022-11-06
385,1667757650180,8.251736369698006e-07,779785030.2450013,2022-11-06
386,1667761291176,8.235521755284287e-07,778470711.6052375,2022-11-06
387,1667764892995,8.221800790977512e-07,776505390.2206528,2022-11-06
388,1667768405242,8.178885351891261e-07,774878954.0385967,2022-11-06
389,1667772061761,8.173617323345545e-07,771098350.7172077,2022-11-06
390,1667775639209,8.137813987319915e-07,769677320.6439341,2022-11-07
391,1667779259039,8.045498136575214e-07,761194140.7626685,2022-11-07
392,1667782861950,8.066509539629697e-07,761960574.7811631,2022-11-07
393,1667786465977,8.074149714329918e-07,762637109.3347979,2022-11-07
394,1667790090427,8.072065417845007e-07,763722755.8059177,2022-11-07
395,1667793664799,8.070738854836166e-07,762527585.8723865,2022-11-07
396,1667797310261,8.076965032347537e-07,763001532.5542091,2022-11-07
397,1667800908419,8.061971459910617e-07,763329375.9017564,2022-11-07
398,1667804452164,8.0559664151781e-07,762131688.8397096,2022-11-07
399,1667808065376,8.020042563647532e-07,760733029.4298306,2022-11-07
400,1667811702830,7.995295755168202e-07,754881561.3648301,2022-11-07
401,1667815279563,7.966788892417589e-07,753032605.5074841,2022-11-07
402,1667818852526,7.986478275060314e-07,757272505.5160835,2022-11-07
403,1667822479875,8.010870339807234e-07,757390382.8560395,2022-11-07
404,1667826019290,7.97670047988472e-07,756324229.2737814,2022-11-07
405,1667829693881,8.030015742864345e-07,760686582.41031,2022-11-07
406,1667833285398,8.047976251781122e-07,760721166.2811197,2022-11-07
407,1667836813126,8.026539803801411e-07,759987639.745449,2022-11-07
408,1667840431702,8.062715362107395e-07,762383892.1484548,2022-11-07
409,1667844002686,8.031494436082269e-07,758596220.950574,2022-11-07
410,1667847608951,8.045973903257003e-07,760872085.4172908,2022-11-07
411,1667851207534,8.064374159455139e-07,759822807.1861681,2022-11-07
412,1667854862279,8.052613140750559e-07,762763984.2492796,2022-11-07
413,1667858447095,8.022890785970219e-07,758600008.7097018,2022-11-07
414,1667862070321,7.95529106538862e-07,751460385.8361697,2022-11-08
415,1667865603314,7.98969892600477e-07,755290617.777375,2022-11-08
416,1667869274089,7.990264166817575e-07,755191976.4792559,2022-11-08
417,1667872892443,7.976954998799295e-07,754947556.911122,2022-11-08
418,1667876416610,7.987154229725196e-07,755296693.4790685,2022-11-08
419,1667880026402,7.919069105136291e-07,748119575.4143451,2022-11-08
420,1667883703435,7.726924720554553e-07,730219203.0523994,2022-11-08
421,1667887293284,7.712894749907116e-07,718889763.9066454,2022-11-08
422,1667890843945,7.714450828806181e-07,731376896.9281627,2022-11-08
423,1667894463667,7.723620455780909e-07,731868569.9596676,2022-11-08
424,1667898074139,7.751844820366066e-07,730374000.8610921,2022-11-08
425,1667901628446,7.743765411051647e-07,720681685.4533732,2022-11-08
426,1667905212473,7.719662159127301e-07,729649691.5427818,2022-11-08
427,1667908843342,7.728451848338878e-07,731129070.855034,2022-11-08
428,1667912436631,7.725093052108464e-07,729196080.0870553,2022-11-08
429,1667916070948,7.602053137485411e-07,729997319.1020583,2022-11-08
430,1667919687513,7.684942004566529e-07,716787916.6695107,2022-11-08
431,1667923288214,7.684270852321659e-07,725221097.180723,2022-11-08
432,1667926853849,8.158214116695012e-07,745756516.9023229,2022-11-08
433,1667930483145,7.663756494063915e-07,741468947.5735562,2022-11-08
434,1667934029418,7.533099885066303e-07,715540259.7862694,2022-11-08
435,1667937681387,7.302686353552927e-07,692148254.7093563,2022-11-08
436,1667941295087,7.205675720665904e-07,694675853.2859466,2022-11-08
437,1667944814591,7.336673212145483e-07,694096027.4104315,2022-11-08
438,1667948514422,7.192127230831874e-07,681235575.4295062,2022-11-09
439,1667952102447,7.194725061569755e-07,696224044.5316029,2022-11-09
440,1667955698535,7.328882417535489e-07,693446895.57151,2022-11-09
441,1667959323294,7.178376320298885e-07,680451531.147496,2022-11-09
442,1667962898007,7.100844029376572e-07,677512697.3172191,2022-11-09
443,1667966460418,7.217354343206274e-07,688381208.034573,2022-11-09
444,1667970035171,7.26880511221288e-07,688254032.4146372,2022-11-09
445,1667973746047,7.233419722879705e-07,690123927.0582709,2022-11-09
446,1667977240696,7.373760971873198e-07,696879258.7910851,2022-11-09
447,1667980889214,7.32151297042561e-07,691447238.4896917,2022-11-09
448,1667984422966,7.209487387657452e-07,673584471.0399413,2022-11-09
449,1667988103990,7.003671375536448e-07,664959497.0568615,2022-11-09
450,1667991649800,6.941923362566141e-07,665038399.8321548,2022-11-09
451,1667995278361,7.167737922706414e-07,663948982.1767442,2022-11-09
452,1667998811984,7.064178064944112e-07,679404249.0093621,2022-11-09
453,1668002444090,7.053209397621005e-07,663318758.270117,2022-11-09
454,1668006030872,7.087581396661552e-07,670436113.7416645,2022-11-09
455,1668009689285,6.910083899949781e-07,654666716.7594396,2022-11-09
456,1668013302937,6.97542447730349e-07,657907038.8799019,2022-11-09
457,1668016840963,6.924930016437621e-07,655388207.0880811,2022-11-09
458,1668020517267,6.801893838519345e-07,650132330.2102818,2022-11-09
459,1668024070056,7.026568272343169e-07,660431946.5440801,2022-11-09
460,1668027629297,6.891188379668384e-07,675043133.9512706,2022-11-09
461,1668031245230,6.879611434848972e-07,648968628.5047139,2022-11-09
462,1668034817150,6.735360465591365e-07,646641551.2513326,2022-11-10
463,1668038467165,6.686851856844478e-07,633528316.7053478,2022-11-10
464,1668042135314,6.826133958721745e-07,646201319.4011949,2022-11-10
465,1668045716089,6.907829089876008e-07,654779716.817643,2022-11-10
466,1668049302513,6.905422538450274e-07,653951049.1300014,2022-11-10
467,1668052851453,7.018219406200634e-07,661945163.1671284,2022-11-10
468,1668056421982,7.124805905323618e-07,662413616.6652576,2022-11-10
469,1668060054711,7.214126122933184e-07,681073189.4467385,2022-11-10
470,1668063685175,7.121695661915416e-07,673321800.939972,2022-11-10
471,1668067292714,7.071965335706096e-07,668768043.1378392,2022-11-10
472,1668070892461,7.175780806030578e-07,673846368.0656372,2022-11-10
473,1668074437060,7.256385195390581e-07,674838584.9862435,2022-11-10
474,1668078205325,7.097171700148082e-07,684092534.4172037,2022-11-10
475,1668081658807,7.099417327133642e-07,672289040.0455266,2022-11-10
476,1668085262900,7.166564073453483e-07,676504969.8658003,2022-11-10
477,1668088926829,7.590839776329368e-07,695908945.3489199,2022-11-10
478,1668092496408,7.635718212563297e-07,719617618.7051383,2022-11-10
479,1668096007635,7.466843216270734e-07,710716612.5464176,2022-11-10
480,1668099623364,7.73474879786992e-07,715695593.3162326,2022-11-10
481,1668103316063,7.496486203857328e-07,718072867.1585344,2022-11-10
482,1668106887069,7.510504960999853e-07,710155820.6816599,2022-11-10
483,1668110414812,7.378489107285305e-07,697673207.8230639,2022-11-10
484,1668114092713,7.563220089845292e-07,714837746.6298758,2022-11-10
485,1668117608153,7.631867300876434e-07,718986849.9133904,2022-11-10
486,1668121300237,7.561340830188397e-07,717487732.547656,2022-11-11
487,1668124869056,7.431296266345405e-07,709918282.4127055,2022-11-11
488,1668128489556,7.354987963188199e-07,696432173.4624337,2022-11-11
489,1668132040694,7.334434731923307e-07,693216808.9941509,2022-11-11
490,1668135646292,7.225529905472069e-07,682951945.3372297,2022-11-11
491,1668139309838,7.118407315053958e-07,674736881.4902828,2022-11-11
492,1668142848519,7.147455485266976e-07,674971952.1793832,2022-11-11
493,1668146457235,7.218078642960493e-07,680631490.2147452,2022-11-11
494,1668150049822,7.28301756520463e-07,685648544.2269503,2022-11-11
495,1668153686875,7.292391705461191e-07,689756447.0752034,2022-11-11
496,1668157207044,7.308254791350463e-07,690978954.2066125,2022-11-11
497,1668160963373,7.304265059679707e-07,689545112.2365028,2022-11-11
498,1668164401511,7.343659318990864e-07,696681311.5548115,2022-11-11
499,1668168018466,7.398542243926413e-07,690007078.4549301,2022-11-11
500,1668171650116,7.295981957001522e-07,698368494.8293469,2022-11-11
501,1668175234783,7.437190585465571e-07,695503681.5401471,2022-11-11
502,1668178834674,7.209838136324187e-07,687416520.6350923,2022-11-11
503,1668182526901,7.200234421760268e-07,674414643.019025,2022-11-11
504,1668186031730,7.175023756350326e-07,674158223.5824814,2022-11-11
505,1668189701985,7.185606949738882e-07,676737739.678938,2022-11-11
506,1668193334615,7.203070617758279e-07,679883807.9997519,2022-11-11
507,1668196890904,7.245964680345891e-07,681262463.4622211,2022-11-11
508,1668200429401,7.168125807069286e-07,677441378.8136927,2022-11-11
509,1668204017188,7.209959548842936e-07,681897516.1682285,2022-11-11
510,1668207682988,7.10116313820852e-07,683651529.0984281,2022-11-12
511,1668211294289,7.249620700409756e-07,682475274.8843154,2022-11-12
512,1668214887547,7.232872209978231e-07,685128075.6602917,2022-11-12
513,1668218506868,7.213560013895852e-07,681541856.3329307,2022-11-12
514,1668222043795,7.077001096752543e-07,682895350.5070025,2022-11-12
515,1668225710255,7.200313927599449e-07,680520794.1991841,2022-11-12
516,1668229241870,7.203522240441883e-07,680650713.0671406,2022-11-12
517,1668232832635,7.121036081594375e-07,672747737.9893852,2022-11-12
518,1668236552063,7.105750808476998e-07,672134265.2843481,2022-11-12
519,1668240025793,7.123291426194794e-07,673572385.2946596,2022-11-12
520,1668243611801,7.119829407099638e-07,672852682.8851482,2022-11-12
521,1668247202047,7.049490366847903e-07,665831979.8179077,2022-11-12
522,1668250918511,7.10376369685826e-07,673517041.6049027,2022-11-12
523,1668254505506,7.025405301309692e-07,671617441.1718351,2022-11-12
524,1668258148645,7.130125751037538e-07,674266568.0272623,2022-11-12
525,1668261683003,7.126329921838505e-07,671524616.0106115,2022-11-12
526,1668265276997,7.026083016561081e-07,665700797.3424233,2022-11-12
527,1668268828005,7.042432353178672e-07,673773852.2737727,2022-11-12
528,1668272441380,7.112026426739511e-07,670611443.547185,2022-11-12
529,1668276042904,7.065047492677993e-07,674712057.7995188,2022-11-12
530,1668279637940,7.043192431812222e-07,665918454.5313551,2022-11-12
531,1668283246497,7.076018727938797e-07,669946960.102663,2022-11-12
532,1668286849349,7.067459850128866e-07,669738606.3169792,2022-11-12
533,1668290518621,7.037487287783865e-07,665239256.9551748,2022-11-12
534,1668294075166,7.083733649382359e-07,669340527.3744885,2022-11-13
535,1668297699413,7.065192868464776e-07,668506341.7576034,2022-11-13
536,1668301269400,7.04517575667284e-07,665501474.1873938,2022-11-13
537,1668304888019,7.078279861611479e-07,668723844.9032624,2022-11-13
538,1668308401204,7.08323429487244e-07,664537691.6034364,2022-11-13
539,1668312026770,7.06679846458473e-07,669257998.7268454,2022-11-13
540,1668315677825,7.028354133131227e-07,668569264.6035347,2022-11-13
541,1668319328116,7.036117389958739e-07,670168879.3253295,2022-11-13
542,1668322901310,7.008731813867071e-07,662571293.7763389,2022-11-13
543,1668326463197,6.936422500840204e-07,656666571.286973,2022-11-13
544,1668330064785,6.992716910966027e-07,655139476.5405715,2022-11-13
545,1668333627491,6.848871092674961e-07,647698880.8764071,2022-11-13
546,1668337263656,6.857861731731351e-07,652559464.7259662,2022-11-13
547,1668340883738,6.918649190857708e-07,648917440.7261101,2022-11-13
548,1668344414483,6.900703689615173e-07,646076697.9319339,2022-11-13
549,1668348041472,6.925308030987063e-07,653335286.6588092,2022-11-13
550,1668351639679,6.910935239722573e-07,654118686.0480111,2022-11-13
551,1668355300189,6.870154271258302e-07,649814408.3388867,2022-11-13
552,1668358872942,6.846801972246069e-07,646815269.3143352,2022-11-13
553,1668362470168,6.847222388156275e-07,647941012.0924848,2022-11-13
554,1668366073454,6.850596899004143e-07,647963155.0658761,2022-11-13
555,1668369673449,6.815611054062776e-07,645364918.725699,2022-11-13
556,1668373258784,6.850411732430366e-07,646679627.6519551,2022-11-13
557,1668376906569,6.782778039367029e-07,641633502.2082661,2022-11-13
558,1668380424484,6.809601413489744e-07,639568398.9729587,2022-11-14
559,1668384008989,6.761640939954678e-07,642834847.1284715,2022-11-14
560,1668387686966,6.797835948360647e-07,637987792.0931951,2022-11-14
561,1668391268231,6.638876278612522e-07,627949521.1138998,2022-11-14
562,1668394897198,6.673758864538477e-07,629371931.1755364,2022-11-14
563,1668398475654,6.711244524952749e-07,630759974.2894335,2022-11-14
564,1668402040129,6.65681932500457e-07,629827955.5423615,2022-11-14
565,1668405687248,6.715099519031279e-07,630402050.6298656,2022-11-14
566,1668409383121,6.764039083105976e-07,641225403.587333,2022-11-14
567,1668412897138,6.909786775886202e-07,652113210.0077357,2022-11-14
568,1668416507081,6.9048017236574e-07,652299304.6550751,2022-11-14
569,1668420138532,6.922102750685718e-07,654208862.2759457,2022-11-14
570,1668423655896,6.873883449536795e-07,653782270.4148986,2022-11-14
571,1668427249188,6.919965072575185e-07,649751732.2319494,2022-11-14
572,1668430885014,6.870647774385509e-07,656261303.194867,2022-11-14
573,1668434509222,7.005476285956673e-07,662093782.8100747,2022-11-14
574,1668438105642,6.848650843913169e-07,653133778.7373714,2022-11-14
575,1668441656668,6.827603010612274e-07,647150130.328727,2022-11-14
576,1668445269169,6.841786975672693e-07,639090221.9231579,2022-11-14
577,1668448810552,6.846900522419201e-07,648384536.4799743,2022-11-14
578,1668452460616,6.849836018935395e-07,649032479.28087,2022-11-14
579,1668456057534,6.87923494550053e-07,645645612.9896839,2022-11-14
580,1668459727097,6.809944788605672e-07,639701002.0790225,2022-11-14
581,1668463288672,6.768514188648422e-07,639228248.2699,2022-11-14
582,1668466814783,6.836782964048408e-07,644942637.1415126,2022-11-15
583,1668470469690,6.83189750630743e-07,647328320.8548034,2022-11-15
584,1668474088218,6.765454811744502e-07,646110938.3982159,2022-11-15
585,1668477665903,6.82879155549264e-07,643699316.6230527,2022-11-15
586,1668481259264,6.876339584169711e-07,644832587.2272768,2022-11-15
587,1668484882367,6.859857824088272e-07,650949534.146797,2022-11-15
588,1668488575948,6.842893701592983e-07,650431550.3609219,2022-11-15
589,1668488758073,6.842893701592983e-07,650431550.3609219,2022-11-15
590,1668492059168,6.841937614230247e-07,645211225.831365,2022-11-15
591,1668495656045,6.824769708473535e-07,649849002.8289466,2022-11-15
592,1668499277566,6.854194078706895e-07,646161932.2377235,2022-11-15
593,1668502826921,6.935706524666245e-07,652822968.1768614,2022-11-15
594,1668506450887,6.891388093249673e-07,652776370.9332446,2022-11-15
595,1668510095835,6.858927001959431e-07,652740281.0319253,2022-11-15
596,1668513612386,6.876389085429864e-07,650675571.6483178,2022-11-15
597,1668517285287,6.894070097718513e-07,653648199.5813321,2022-11-15
598,1668520860042,6.953564093753084e-07,655740768.4516618,2022-11-15
599,1668524529088,6.927899113166475e-07,657250639.1367005,2022-11-15
600,1668528083815,6.92049580730498e-07,653258201.7015042,2022-11-15
601,1668531620371,6.976053825566411e-07,657189852.084506,2022-11-15
602,1668535299205,6.925094490861973e-07,657579601.2508856,2022-11-15
603,1668538810899,6.871906118994191e-07,649833459.5372014,2022-11-15
604,1668542445703,6.873687679204386e-07,650721958.5600135,2022-11-15
605,1668546046290,6.884465056132935e-07,651916627.7117151,2022-11-15
606,1668549680156,6.877387128074755e-07,648186986.5469737,2022-11-15
607,1668553310040,6.869645962788043e-07,649706219.4391944,2022-11-16
608,1668556862157,6.895271597312331e-07,647452473.9067619,2022-11-16
609,1668560407960,6.831794428895846e-07,650069394.4323279,2022-11-16
610,1668564117612,6.913457924016211e-07,649004515.128961,2022-11-16
611,1668567681870,6.847861246927592e-07,648886563.5886384,2022-11-16
612,1668571259806,6.910758855396192e-07,654041016.0726218,2022-11-16
613,1668574883753,6.902477804444849e-07,647932030.1471766,2022-11-16
614,1668578432813,6.900426253459256e-07,649512859.6105077,2022-11-16
615,1668582071838,6.840331080993749e-07,646562178.6882817,2022-11-16
616,1668585689299,6.811560012118943e-07,645612469.9311476,2022-11-16
617,1668589344875,6.787337908998349e-07,647072067.1412522,2022-11-16
618,1668592918396,6.841898059586328e-07,646722170.6078881,2022-11-16
619,1668596508549,6.774415142113076e-07,644940238.2039058,2022-11-16
620,1668600117076,6.835094553144481e-07,645257356.1604654,2022-11-16
621,1668603683369,6.823477710941515e-07,639622255.6142237,2022-11-16
622,1668607261772,6.812624914034035e-07,642396955.994782,2022-11-16
623,1668610874670,6.684262556561329e-07,635489781.5024705,2022-11-16
624,1668614410191,6.714383277559255e-07,634683675.1316619,2022-11-16
625,1668618026854,6.744498512221003e-07,635405304.9859877,2022-11-16
626,1668621697378,6.702681235898889e-07,632998134.9728278,2022-11-16
627,1668625240119,6.694231747646744e-07,633073631.4063811,2022-11-16
628,1668628892602,6.678008193064424e-07,636384259.7185417,2022-11-16
629,1668632479210,6.736600098349186e-07,636755872.6119387,2022-11-16
630,1668636091308,6.744142184570669e-07,635142821.1555561,2022-11-16
631,1668639664423,6.738008639616406e-07,633294863.9968281,2022-11-17
632,1668643301868,6.723063197274498e-07,633955891.709474,2022-11-17
633,1668646883221,6.762441462110591e-07,637507590.8022124,2022-11-17
634,1668650431975,6.743666403631547e-07,642539563.433469,2022-11-17
635,1668654106500,6.782215778220745e-07,637837388.2774762,2022-11-17
636,1668657713315,6.771341073599875e-07,636774031.4770976,2022-11-17
637,1668661286899,6.718297810779276e-07,636173612.5139451,2022-11-17
638,1668664857750,6.800590567371048e-07,641658896.7704192,2022-11-17
639,1668668460476,6.699836617828943e-07,632448965.583143,2022-11-17
640,1668672079730,6.778282145665036e-07,640764169.0140119,2022-11-17
641,1668675608693,6.700366232692292e-07,631786541.8941971,2022-11-17
642,1668679281990,6.770629414778227e-07,630547034.3773971,2022-11-17
643,1668682868820,6.760047873226538e-07,639815194.0388855,2022-11-17
644,1668686474436,6.766940502578223e-07,631378725.1812927,2022-11-17
645,1668690026110,6.659283168814781e-07,628930753.445579,2022-11-17
646,1668693658031,6.633940790754016e-07,638759865.0544885,2022-11-17
647,1668697275597,6.758275743014259e-07,638318339.1703712,2022-11-17
648,1668700910539,6.75921197296717e-07,630463444.7061068,2022-11-17
649,1668704420308,6.667231694176125e-07,630306070.7374548,2022-11-17
650,1668708092323,6.777982283377554e-07,640914746.1078992,2022-11-17
651,1668711679436,6.773770971433985e-07,630805835.838352,2022-11-17
652,1668715300104,6.665184077784618e-07,640524797.2899425,2022-11-17
653,1668718908985,6.66233553667467e-07,639252824.5599973,2022-11-17
654,1668722528503,6.670683611819155e-07,640068182.1967425,2022-11-17
655,1668726115564,6.772819512831231e-07,640655621.3800305,2022-11-18
656,1668729671929,6.6729327284081e-07,631680226.083193,2022-11-18
657,1668733284498,6.831600311239836e-07,645342529.7256509,2022-11-18
658,1668736886897,6.728929934174529e-07,636105462.3846661,2022-11-18
659,1668740520865,6.841666519796351e-07,646725469.5168531,2022-11-18
660,1668744106645,6.83485963928598e-07,646479212.248188,2022-11-18
661,1668747681065,6.744047545691802e-07,637800561.4811305,2022-11-18
662,1668751298300,6.75949064101915e-07,639787381.022519,2022-11-18
663,1668754902969,6.790167211220684e-07,641580272.6229631,2022-11-18
664,1668758501571,6.731845278301969e-07,637018087.7770526,2022-11-18
665,1668762060542,6.760584486703027e-07,639773560.0153542,2022-11-18
666,1668765682970,6.760576247415685e-07,638735912.6414143,2022-11-18
667,1668769252692,6.753527290697872e-07,639668322.2155764,2022-11-18
668,1668772850994,6.747726842300041e-07,637683096.1266885,2022-11-18
669,1668776513030,6.769707843583262e-07,639450163.8303827,2022-11-18
670,1668780086893,6.771643279829876e-07,639099250.39646,2022-11-18
671,1668783658449,6.777003419631812e-07,638680052.2384298,2022-11-18
672,1668787300062,6.76761613324503e-07,638070701.7526678,2022-11-18
673,1668790843900,6.726389490385158e-07,638035811.1995333,2022-11-18
674,1668794472576,6.757386641005377e-07,639192871.0928161,2022-11-18
675,1668798030163,6.745752301379041e-07,635072410.8681875,2022-11-18
676,1668801662748,6.746233680292801e-07,636034959.9038543,2022-11-18
677,1668805244718,6.752040345774155e-07,637806776.5019174,2022-11-18
678,1668808841225,6.75299652917144e-07,638521474.0093583,2022-11-18
679,1668812439504,6.717427582191062e-07,635700029.9639477,2022-11-19
680,1668816061850,6.692802764809025e-07,634633294.6379037,2022-11-19
681,1668819675272,6.695621060359545e-07,632527674.5267999,2022-11-19
682,1668823301807,6.697024876735305e-07,633431663.975351,2022-11-19
683,1668826839916,6.691524171953203e-07,633398691.8995639,2022-11-19
684,1668830426693,6.68908863150738e-07,631762701.5284249,2022-11-19
685,1668834098616,6.659323709505491e-07,631451623.9282995,2022-11-19
686,1668837669061,6.656599176551496e-07,631740042.6565049,2022-11-19
687,1668841313986,6.673282204170702e-07,629161967.4118497,2022-11-19
688,1668844877528,6.676013749659521e-07,632438796.0632342,2022-11-19
689,1668848444428,6.692233593166729e-07,632908188.2239476,2022-11-19
690,1668852077155,6.672438670236383e-07,632428656.3013693,2022-11-19
691,1668855674576,6.680916068886684e-07,630161463.0350529,2022-11-19
692,1668859215114,6.675624553493234e-07,632379440.1882514,2022-11-19
693,1668862889059,6.699898127597539e-07,630624669.5953763,2022-11-19
694,1668866428996,6.690374625396852e-07,632462842.9323528,2022-11-19
695,1668870021443,6.706654301270082e-07,634073620.4495974,2022-11-19
696,1668873685611,6.696180884757814e-07,631534351.0052018,2022-11-19
697,1668877289031,6.703996764592645e-07,633786050.0892766,2022-11-19
698,1668880849192,6.68755822469956e-07,628974161.4971753,2022-11-19
699,1668884463862,6.591884372155516e-07,624261890.9267647,2022-11-19
700,1668888076812,6.59591935284622e-07,623494392.5000873,2022-11-19
701,1668891605275,6.586676607110176e-07,622517077.7119889,2022-11-19
702,1668895216023,6.586720431228842e-07,623878263.656468,2022-11-19
703,1668898813851,6.663391239174441e-07,627767160.4353763,2022-11-20
704,1668902423802,6.679917576725546e-07,631403444.4198084,2022-11-20
705,1668906026023,6.64538281928723e-07,631651115.3068373,2022-11-20
706,1668909696991,6.672763049121102e-07,629868122.0675343,2022-11-20
707,1668913269605,6.636209774809434e-07,629525908.2846788,2022-11-20
708,1668916804911,6.65894229861312e-07,629962526.8689167,2022-11-20
709,1668920494665,6.672373614736006e-07,629736160.8641688,2022-11-20
710,1668924104463,6.654574473778923e-07,630947863.9379095,2022-11-20
711,1668927667897,6.662070178114002e-07,629753618.547688,2022-11-20
712,1668931243449,6.633050374450625e-07,629803949.5660112,2022-11-20
713,1668934895351,6.658740991044696e-07,628936488.6340774,2022-11-20
714,1668938451338,6.625590970843844e-07,628633497.4275417,2022-11-20
715,1668942069974,6.655750038275746e-07,627365851.9438947,2022-11-20
716,1668945681937,6.607722264154035e-07,624639818.461107,2022-11-20
717,1668949305921,6.489958793860098e-07,614312174.1648105,2022-11-20
718,1668952892093,6.502839292858261e-07,615303279.8822266,2022-11-20
719,1668956513077,6.499627756020843e-07,616533587.0999757,2022-11-20
720,1668960078877,6.541303688179756e-07,616483516.3023925,2022-11-20
721,1668963644988,6.518583058629987e-07,612888387.2207108,2022-11-20
0,1642723200000,2.1752455005817014e-06,0.0,2022-01-21
1,1642809600000,2.1752455005817014e-06,0.0,2022-01-22
2,1642896000000,2.0138270532377828e-06,0.0,2022-01-23
3,1642982400000,2.162894329487833e-06,0.0,2022-01-24
4,1643068800000,2.088720578896147e-06,0.0,2022-01-25
5,1643155200000,2.067020714774893e-06,0.0,2022-01-26
6,1643241600000,2.0213228602491136e-06,0.0,2022-01-27
7,1643328000000,2.078805132715742e-06,0.0,2022-01-28
8,1643414400000,2.110910624793505e-06,0.0,2022-01-29
9,1643500800000,2.1843054293161823e-06,0.0,2022-01-30
10,1643587200000,2.0940976997660407e-06,0.0,2022-01-31
11,1643673600000,2.144926504770749e-06,0.0,2022-02-01
12,1643760000000,2.1717260535171605e-06,0.0,2022-02-02
13,1643846400000,2.0868864269865206e-06,0.0,2022-02-03
14,1643932800000,2.087976883807635e-06,0.0,2022-02-04
15,1644019200000,2.2563537905508e-06,0.0,2022-02-05
16,1644105600000,2.274282091962452e-06,0.0,2022-02-06
17,1644192000000,2.28242477439659e-06,0.0,2022-02-07
18,1644278400000,2.350078333805486e-06,0.0,2022-02-08
19,1644364800000,2.2602054697661665e-06,0.0,2022-02-09
20,1644451200000,2.330046292520099e-06,2175263417.4629297,2022-02-10
21,1644537600000,2.233167105274576e-06,2089292762.2111287,2022-02-11
22,1644624000000,2.167986414804198e-06,2014813244.4497316,2022-02-12
23,1644710400000,2.176672599357254e-06,2028403840.807566,2022-02-13
24,1644796800000,2.1342983622019697e-06,1991991516.7455497,2022-02-14
25,1644883200000,2.132906097195313e-06,1984415775.5367253,2022-02-15
26,1644969600000,2.2259388826937894e-06,2076681260.128942,2022-02-16
27,1645056000000,2.179032720364403e-06,2040200758.2795208,2022-02-17
28,1645142400000,2.066209970356996e-06,1922757008.320424,2022-02-18
29,1645228800000,2.0518109149353077e-06,1911752629.6428328,2022-02-19
30,1645315200000,2.024610943344329e-06,1888539649.025672,2022-02-20
31,1645401600000,1.9784943821897705e-06,1846179971.1419315,2022-02-21
32,1645488000000,1.942956171484967e-06,1812976430.7261708,2022-02-22
33,1645574400000,1.9444371829628287e-06,1807909330.4302087,2022-02-23
34,1645660800000,1.9094258781590143e-06,1779355334.1316202,2022-02-24
35,1645747200000,1.8236999310455048e-06,1703131177.7199223,2022-02-25
36,1645833600000,1.9115709300543662e-06,1781927077.6258936,2022-02-26
37,1645920000000,1.921921766456997e-06,1793185469.602456,2022-02-27
38,1646006400000,1.8595388699331084e-06,1731145701.3312366,2022-02-28
39,1646092800000,2.002565406861325e-06,1864345956.3361952,2022-03-01
40,1646179200000,1.988880271926754e-06,1871498662.4968,2022-03-02
41,1646265600000,1.9499160783990934e-06,1809369363.037715,2022-03-03
42,1646352000000,1.8971297245253428e-06,1758421845.160535,2022-03-04
43,1646438400000,1.8335412702321892e-06,1694628121.6774905,2022-03-05
44,1646524800000,1.8617276260926647e-06,1717774074.261363,2022-03-06
45,1646611200000,1.7893420920305402e-06,1652362443.418002,2022-03-07
46,1646697600000,1.773221746877215e-06,1631857155.409301,2022-03-08
47,1646784000000,1.8066107382675489e-06,1669168746.831716,2022-03-09
48,1646870400000,1.859184977501936e-06,1718773830.336836,2022-03-10
49,1646956800000,1.802331964883732e-06,1667463281.0458095,2022-03-11
50,1647043200000,1.7787724890496671e-06,1645668862.2503183,2022-03-12
51,1647129600000,1.785498651563181e-06,1646726538.265646,2022-03-13
52,1647216000000,1.7423826603097073e-06,1613029759.215585,2022-03-14
53,1647302400000,1.7549551982944763e-06,1620222486.444371,2022-03-15
54,1647388800000,1.7585442935509465e-06,1625579444.5264034,2022-03-16
55,1647475200000,1.83715302177551e-06,1689026782.925264,2022-03-17
56,1647561600000,1.8249612474401728e-06,1685097563.0937617,2022-03-18
57,1647648000000,1.8575565983901835e-06,1717787391.3979914,2022-03-19
58,1647734400000,1.8598624136135791e-06,1713509430.9424486,2022-03-20
59,1647820800000,1.8159208210815183e-06,1677203581.9556675,2022-03-21
60,1647907200000,1.823847533387448e-06,1684000505.8822083,2022-03-22
61,1647993600000,1.862111037361036e-06,1718515707.478987,2022-03-23
62,1648080000000,1.8810390956552773e-06,1731795948.6741133,2022-03-24
63,1648166400000,1.9791277411065194e-06,1830741939.5845385,2022-03-25
64,1648252800000,1.915503314913405e-06,1770028177.352141,2022-03-26
65,1648339200000,1.934459132904127e-06,1787337283.1122854,2022-03-27
66,1648425600000,2.1390347045769263e-06,1975961354.776424,2022-03-28
67,1648512000000,2.0935753259860246e-06,1933714360.984895,2022-03-29
68,1648598400000,2.111200598243439e-06,1950610404.918142,2022-03-30
69,1648684800000,2.1133421223472643e-06,1955580757.428193,2022-03-31
70,1648771200000,2.144741666329249e-06,1999194013.645695,2022-04-01
71,1648857600000,2.1771044446570192e-06,2005617080.5847297,2022-04-02
72,1648944000000,2.2426649498416623e-06,2077644461.916396,2022-04-03
73,1649030400000,2.227630731106894e-06,2059890566.441304,2022-04-04
74,1649116800000,2.175269889153812e-06,2020741841.888272,2022-04-05
75,1649203200000,2.116535585667356e-06,1966818925.7440045,2022-04-06
76,1649289600000,1.981031830164256e-06,1832019000.915692,2022-04-07
77,1649376000000,2.0195696049072663e-06,1871966260.5765245,2022-04-08
78,1649462400000,1.9576049765734404e-06,1813826306.5083444,2022-04-09
79,1649548800000,1.9876454525616933e-06,1843160881.2854488,2022-04-10
80,1649635200000,1.962899332365378e-06,1823100034.822001,2022-04-11
81,1649721600000,1.8042096248155985e-06,1675332531.4491909,2022-04-12
82,1649808000000,1.8413212769694016e-06,1706023619.9958682,2022-04-13
83,1649894400000,1.9151819272904693e-06,1770795722.243161,2022-04-14
84,1649980800000,1.941887732092257e-06,1810338885.524458,2022-04-15
85,1650067200000,1.9777742573053258e-06,1831530837.22388,2022-04-16
86,1650153600000,1.9707597030169537e-06,1832020978.096108,2022-04-17
87,1650240000000,1.8976853074581608e-06,1756123898.1924412,2022-04-18
88,1650326400000,1.911588100541173e-06,1768642760.4526138,2022-04-19
89,1650412800000,1.9244709608756416e-06,1784428822.376126,2022-04-20
90,1650499200000,1.9004877612370437e-06,1755656145.765011,2022-04-21
91,1650585600000,1.8991458779883983e-06,1760366609.4312794,2022-04-22
92,1650672000000,1.8829725975144936e-06,1745871391.08156,2022-04-23
93,1650758400000,1.846063123708947e-06,1710531594.8766255,2022-04-24
94,1650844800000,1.8364860114194495e-06,1703588540.605285,2022-04-25
95,1650931200000,1.847214672749176e-06,1710841865.0229714,2022-04-26
96,1651017600000,1.7513557313406664e-06,1632729588.9901755,2022-04-27
97,1651104000000,1.7673744193918244e-06,1637022757.8221962,2022-04-28
98,1651190400000,1.7723404487124158e-06,1642286712.6388538,2022-04-29
99,1651276800000,1.7165163311029406e-06,1592426340.6246247,2022-04-30
100,1651363200000,1.667512922321984e-06,1552848699.1017327,2022-05-01
101,1651449600000,1.7272624136014926e-06,1606366288.538403,2022-05-02
102,1651536000000,1.7089702794920018e-06,1588056919.5131338,2022-05-03
103,1651622400000,1.7034368501900836e-06,1583420467.7583644,2022-05-04
104,1651708800000,1.7862798708811872e-06,1653701140.3489878,2022-05-05
105,1651795200000,1.6717637053399594e-06,1554553394.6530514,2022-05-06
106,1651881600000,1.6800201007910073e-06,1561812215.9120164,2022-05-07
107,1651968000000,1.6263738671284392e-06,1515013314.501422,2022-05-08
108,1652054400000,1.6065093680327553e-06,1491530402.338966,2022-05-09
109,1652140800000,1.4415124571395523e-06,1334742021.7809043,2022-05-10
110,1652227200000,1.4595372036688506e-06,1362760685.2700093,2022-05-11
111,1652313600000,1.217191257208962e-06,1133949206.8542783,2022-05-12
112,1652400000000,1.0457027774563477e-06,973768377.7462392,2022-05-13
113,1652486400000,1.132983604683467e-06,1055191989.8353944,2022-05-14
114,1652572800000,1.1196503173461395e-06,1038795178.6890426,2022-05-15
115,1652659200000,1.1488415175252007e-06,1069552502.256776,2022-05-16
116,1652745600000,1.1104275058901225e-06,1029998900.204921,2022-05-17
117,1652832000000,1.1336213939450413e-06,1054577241.1158212,2022-05-18
118,1652918400000,1.0850749362332211e-06,1005887411.7627496,2022-05-19
119,1653004800000,1.1226719375526649e-06,1043271145.1983504,2022-05-20
120,1653091200000,1.0957117012149451e-06,1018383354.391707,2022-05-21
121,1653177600000,1.1051572310425918e-06,1026919282.6674272,2022-05-22
122,1653264000000,1.13246469312643e-06,1052066797.315943,2022-05-23
123,1653350400000,1.105271489808787e-06,1027008099.6154304,2022-05-24
124,1653436800000,1.1255123222552583e-06,1044961486.9831184,2022-05-25
125,1653523200000,1.1354675681915686e-06,1055615041.1003149,2022-05-26
126,1653609600000,1.053738291555834e-06,983503073.1113546,2022-05-27
127,1653696000000,1.0274971961250882e-06,957703949.1790808,2022-05-28
128,1653782400000,1.0354662291907678e-06,962263691.4762846,2022-05-29
129,1653868800000,1.0373494506577904e-06,963260715.7567972,2022-05-30
130,1653955200000,1.1220741054466235e-06,1041663062.1330892,2022-05-31
131,1654041600000,1.1290714059254162e-06,1055993367.3959602,2022-06-01
132,1654128000000,1.085911020118908e-06,1013890415.5335624,2022-06-02
133,1654214400000,1.0870100537028644e-06,1012679573.2438042,2022-06-03
134,1654300800000,1.0639235445718836e-06,991173394.6644008,2022-06-04
135,1654387200000,1.07756203101381e-06,1001770057.1330808,2022-06-05
136,1654473600000,1.0863810570203551e-06,1014792204.5717914,2022-06-06
137,1654560000000,1.0837496628537589e-06,1012101754.0671628,2022-06-07
138,1654646400000,1.081824097109283e-06,1013016021.1486835,2022-06-08
139,1654732800000,1.0562625916570903e-06,982319566.0322028,2022-06-09
140,1654819200000,1.0495569141628055e-06,981582381.1027646,2022-06-10
141,1654905600000,1.0047450693263205e-06,934252000.880348,2022-06-11
142,1654992000000,9.558020172999698e-07,891758864.4587513,2022-06-12
143,1655078400000,9.401041997752538e-07,879705644.9559101,2022-06-13
144,1655164800000,8.2273869125803e-07,764080903.970116,2022-06-14
145,1655251200000,8.034469140012281e-07,748939848.4143956,2022-06-15
146,1655337600000,8.277978316488048e-07,772205851.2915716,2022-06-16
147,1655424000000,7.543444720670574e-07,711593254.7453817,2022-06-17
148,1655510400000,7.71694638360915e-07,719800519.355366,2022-06-18
149,1655596800000,7.342997527206175e-07,683862149.0847914,2022-06-19
150,1655683200000,7.934190232837746e-07,740354310.9453235,2022-06-20
151,1655769600000,8.034229940680736e-07,748714022.1749922,2022-06-21
152,1655856000000,8.184293583682598e-07,764571917.9304857,2022-06-22
153,1655942400000,7.775108338454066e-07,724003921.5201252,2022-06-23
154,1656028800000,8.034718673712684e-07,749960536.6479617,2022-06-24
155,1656115200000,8.932663733811604e-07,825255117.3893645,2022-06-25
156,1656201600000,8.771797198072699e-07,816412802.8684863,2022-06-26
157,1656288000000,8.603103429976761e-07,801577340.534089,2022-06-27
158,1656374400000,8.407213260524473e-07,783741461.8761529,2022-06-28
159,1656460800000,9.376760729437892e-07,871098197.4872041,2022-06-29
160,1656547200000,8.603453979561077e-07,792235941.830769,2022-06-30
161,1656633600000,8.074051520602433e-07,748789976.0667112,2022-07-01
162,1656720000000,8.131336065216908e-07,758991541.8502493,2022-07-02
163,1656806400000,8.064081281461764e-07,755335820.3408972,2022-07-03
164,1656892800000,8.076255379982996e-07,755604635.5973097,2022-07-04
165,1656979200000,8.674734349446055e-07,810126164.258726,2022-07-05
166,1657065600000,8.654733054661047e-07,807495651.518765,2022-07-06
167,1657152000000,8.797136238542231e-07,822730152.2028602,2022-07-07
168,1657238400000,9.464191640049652e-07,881629320.0915731,2022-07-08
169,1657324800000,9.194723852730632e-07,859039662.2792447,2022-07-09
170,1657411200000,9.3082317578711e-07,871273128.7676407,2022-07-10
171,1657497600000,9.012483227073968e-07,843327623.9281856,2022-07-11
172,1657584000000,8.634196030673251e-07,806733883.991487,2022-07-12
173,1657670400000,8.173481467791487e-07,763415996.5525314,2022-07-13
174,1657756800000,8.378523453181731e-07,783519461.9257034,2022-07-14
175,1657843200000,8.579303348238205e-07,795250040.0568986,2022-07-15
176,1657929600000,8.660680247155388e-07,809133386.9972711,2022-07-16
177,1658016000000,9.01683694132898e-07,842535681.0098615,2022-07-17
178,1658102400000,8.959139583472205e-07,837320798.5005924,2022-07-18
179,1658188800000,9.21519289712227e-07,858992576.1335032,2022-07-19
180,1658275200000,9.33749069118079e-07,865850597.178074,2022-07-20
181,1658361600000,9.14416660321931e-07,857432441.3184584,2022-07-21
182,1658448000000,9.270687152321008e-07,869431896.6491196,2022-07-22
183,1658534400000,9.190689110013574e-07,859520060.6277381,2022-07-23
184,1658620800000,9.25586518941245e-07,862891597.7444683,2022-07-24
185,1658707200000,9.333805394148476e-07,875434855.0927559,2022-07-25
186,1658793600000,8.826219954073486e-07,826475286.2098976,2022-07-26
187,1658880000000,8.603157308602723e-07,803162482.9252406,2022-07-27
188,1658966400000,9.252070188098656e-07,862905496.5987234,2022-07-28
189,1659052800000,9.536846557287223e-07,892860859.877931,2022-07-29
190,1659139200000,9.539236538181267e-07,896937161.7110626,2022-07-30
191,1659225600000,9.446223820339032e-07,887289450.7676753,2022-07-31
192,1659312000000,9.81432571844318e-07,912619450.1141732,2022-08-01
193,1659398400000,9.734229391028857e-07,911251419.8767225,2022-08-02
194,1659484800000,9.764233038014137e-07,914732282.0267107,2022-08-03
195,1659571200000,9.776422583722165e-07,918160873.8560888,2022-08-04
196,1659657600000,9.593747775566664e-07,898094707.5676458,2022-08-05
197,1659744000000,9.866614231164937e-07,923120063.4205232,2022-08-06
198,1659830400000,9.662620572058869e-07,915405600.1858068,2022-08-07
199,1659916800000,9.75275653657849e-07,914315988.3580886,2022-08-08
200,1660003200000,9.851618440515949e-07,923272790.967654,2022-08-09
201,1660089600000,9.667061251597698e-07,903173071.860329,2022-08-10
202,1660176000000,1.015583649910077e-06,951608150.2621388,2022-08-11
203,1660262400000,1.005550704651533e-06,943139907.1902884,2022-08-12
204,1660348800000,1.0168767026228813e-06,951507709.229567,2022-08-13
205,1660435200000,1.017095856510766e-06,952324778.9034843,2022-08-14
206,1660521600000,1.0098234586883951e-06,942749191.608974,2022-08-15
207,1660608000000,9.838941719779694e-07,921243922.657068,2022-08-16
208,1660694400000,9.769607977821385e-07,918828077.9232404,2022-08-17
209,1660780800000,9.65582717575423e-07,906676757.6807843,2022-08-18
210,1660867200000,9.591643908117327e-07,906225227.941976,2022-08-19
211,1660953600000,8.929434158046338e-07,833810077.1907642,2022-08-20
212,1661040000000,8.688291601694867e-07,819116429.362424,2022-08-21
213,1661126400000,8.913772808354324e-07,834489848.4587595,2022-08-22
214,1661212800000,8.922159005855811e-07,830547315.2021774,2022-08-23
215,1661299200000,9.072382766992802e-07,850176381.3731931,2022-08-24
216,1661385600000,9.046604322632224e-07,849332123.0916022,2022-08-25
217,1661472000000,9.183909640867264e-07,861715352.0519385,2022-08-26
218,1661558400000,8.682924652855614e-07,815680046.9882668,2022-08-27
219,1661644800000,8.735947510224684e-07,816587714.3234283,2022-08-28
220,1661731200000,8.590749694388786e-07,807457814.9324539,2022-08-29
221,1661817600000,8.900179747686433e-07,828713503.2796831,2022-08-30
222,1661904000000,8.790061864361225e-07,828499895.9689033,2022-08-31
223,1661990400000,8.788964448543444e-07,828005680.8735118,2022-09-01
224,1662076800000,8.89298680025664e-07,833978980.7625973,2022-09-02
225,1662163200000,8.878015047753066e-07,835974832.0122082,2022-09-03
226,1662249600000,8.788459512908922e-07,827573981.3875417,2022-09-04
227,1662336000000,8.833004229421007e-07,830216903.3012297,2022-09-05
228,1662422400000,8.891309222945817e-07,833611853.1053413,2022-09-06
229,1662508800000,8.665040000780312e-07,814277158.8238325,2022-09-07
230,1662595200000,8.842359110290524e-07,834124609.0898805,2022-09-08
231,1662681600000,8.811521769211824e-07,828980670.7433834,2022-09-09
232,1662768000000,9.12443330270597e-07,858211152.2164106,2022-09-10
233,1662854400000,9.229730514166398e-07,867680701.1297024,2022-09-11
234,1662940800000,9.136635667698722e-07,859028848.9292196,2022-09-12
235,1663027200000,9.03422828790319e-07,849830165.6410639,2022-09-13
236,1663113600000,8.617856488254784e-07,811523653.8757844,2022-09-14
237,1663200000000,8.735979873800995e-07,821698343.4057492,2022-09-15
238,1663286400000,8.298317702878455e-07,781118635.9406421,2022-09-16
239,1663372800000,8.233257654875858e-07,775323965.7126786,2022-09-17
240,1663459200000,8.344467596477962e-07,784163518.7449968,2022-09-18
241,1663545600000,7.917637084972518e-07,746318704.252397,2022-09-19
242,1663632000000,8.041264553037051e-07,757078902.1289202,2022-09-20
243,1663718400000,7.825268368623393e-07,736601941.5219427,2022-09-21
244,1663804800000,7.703282979464813e-07,725042056.9696372,2022-09-22
245,1663891200000,7.988123416385895e-07,747927165.5162951,2022-09-23
246,1663977600000,7.949666730355423e-07,748015653.9388615,2022-09-24
247,1664064000000,7.918638758750586e-07,743656958.3976854,2022-09-25
248,1664150400000,7.773144976039976e-07,730814478.4019176,2022-09-26
249,1664236800000,7.863467504358191e-07,739709258.0419965,2022-09-27
250,1664323200000,7.774173024792649e-07,731983344.3981695,2022-09-28
251,1664409600000,7.843440440632094e-07,737540224.6231661,2022-09-29
252,1664496000000,7.842184776442173e-07,736870322.5294845,2022-09-30
253,1664582400000,7.795046069437376e-07,734943086.9018778,2022-10-01
254,1664668800000,7.719345101573756e-07,728103789.7813065,2022-10-02
255,1664755200000,7.693924135215025e-07,725691181.2044358,2022-10-03
256,1664841600000,7.80304075879683e-07,735212435.7454525,2022-10-04
257,1664928000000,7.925807767280584e-07,746568546.472424,2022-10-05
258,1665014400000,7.947003919990767e-07,749754771.9567602,2022-10-06
259,1665100800000,7.929793789767557e-07,747809745.630355,2022-10-07
260,1665187200000,7.81242510025583e-07,735972913.941204,2022-10-08
261,1665273600000,7.767713786179443e-07,732012128.3444042,2022-10-09
262,1665360000000,7.751430063885721e-07,728616935.9381733,2022-10-10
263,1665446400000,7.689657618101373e-07,725136501.2678105,2022-10-11
264,1665532800000,7.636279991655736e-07,719688812.3467366,2022-10-12
265,1665619200000,7.721418262152175e-07,731198054.6274606,2022-10-13
266,1665705600000,7.737491458649165e-07,729397503.1597674,2022-10-14
267,1665792000000,8.060206460310862e-07,761823954.1218262,2022-10-15
268,1665878400000,7.683932923688086e-07,724400421.6849618,2022-10-16
269,1665964800000,7.731185510194836e-07,728623588.250205,2022-10-17
270,1666051200000,7.84759126027119e-07,739579902.7327526,2022-10-18
271,1666137600000,7.684647517069793e-07,726195360.2789507,2022-10-19
272,1666224000000,7.644223647931253e-07,721007615.7849915,2022-10-20
273,1666310400000,7.651436441996816e-07,721148975.4422886,2022-10-21
274,1666396800000,7.871600626098161e-07,719696090.4822034,2022-10-22
275,1666483200000,7.713224534008804e-07,726770635.2887233,2022-10-23
276,1666569600000,7.798851937536888e-07,731940549.2650826,2022-10-24
277,1666656000000,7.755889594822183e-07,731159294.403047,2022-10-25
278,1666742400000,8.006419783344102e-07,754618561.7451714,2022-10-26
279,1666828800000,8.241919002682522e-07,776840552.7713754,2022-10-27
280,1666915200000,8.044859916253827e-07,757845811.27777,2022-10-28
281,1667001600000,8.15266988762162e-07,769359114.8106471,2022-10-29
282,1667088000000,8.369338151003531e-07,790525708.3603156,2022-10-30
283,1667174400000,8.226233138412108e-07,777576616.5110532,2022-10-31
284,1667260800000,8.170627566011773e-07,772042321.1453714,2022-11-01
285,1667347200000,8.150652065392045e-07,770395217.542813,2022-11-02
286,1667433600000,7.880364258420267e-07,744635141.2883711,2022-11-03
287,1667520000000,7.967092571650713e-07,753166254.8174118,2022-11-04
288,1667606400000,8.277421915685293e-07,782073790.3730826,2022-11-05
289,1667692800000,8.237656379507683e-07,781331304.252064,2022-11-06
290,1667779200000,8.045498136575214e-07,761194140.7626685,2022-11-07
291,1667865600000,7.980070731498732e-07,755290617.777375,2022-11-08
292,1667952000000,7.194725061569755e-07,696224044.5316029,2022-11-09
293,1668038400000,6.686851856844478e-07,633528316.7053478,2022-11-10
294,1668124800000,7.431296266345405e-07,709918282.4127055,2022-11-11
295,1668211200000,7.245439286769523e-07,682475274.8843154,2022-11-12
296,1668297600000,7.065192868464776e-07,668506341.7576034,2022-11-13
297,1668384000000,6.761640939954678e-07,642834847.1284715,2022-11-14
298,1668470400000,6.83189750630743e-07,647328320.8548034,2022-11-15
299,1668556800000,6.895271597312331e-07,647452473.9067619,2022-11-16
