,Time,open,mktcap,Date
0,1637280000000,1.0008561066011417,0.0,2021-11-19
1,1637366400000,1.0008561066011417,0.0,2021-11-20
2,1637452800000,4.153345797427914,0.0,2021-11-21
3,1637539200000,5.042381133941028,0.0,2021-11-22
4,1637625600000,4.937110044979408,0.0,2021-11-23
5,1637712000000,5.714386413966033,0.0,2021-11-24
6,1637798400000,7.153535911952273,0.0,2021-11-25
7,1637884800000,7.494457784148527,0.0,2021-11-26
8,1637971200000,5.708740388284478,0.0,2021-11-27
9,1638057600000,5.8730027986702495,0.0,2021-11-28
10,1638144000000,5.968373881740028,0.0,2021-11-29
11,1638230400000,5.41919397766409,0.0,2021-11-30
12,1638316800000,5.380541482185731,0.0,2021-12-01
13,1638403200000,4.998640371840504,0.0,2021-12-02
14,1638489600000,5.483171352816985,0.0,2021-12-03
15,1638576000000,4.575674459011776,0.0,2021-12-04
16,1638662400000,3.9220283130059412,0.0,2021-12-05
17,1638748800000,3.863629997934417,0.0,2021-12-06
18,1638835200000,3.725464387279031,577452415.579181,2021-12-07
19,1638921600000,3.5402166915214703,549267312.1464716,2021-12-08
20,1639008000000,3.446715111765392,534752078.7639429,2021-12-09
21,1639094400000,3.029348430876667,470135588.0802526,2021-12-10
22,1639180800000,2.5835973136568695,404768410.236726,2021-12-11
23,1639267200000,3.1191553248408943,479284054.12049574,2021-12-12
24,1639353600000,3.2782428172164857,507083380.0191034,2021-12-13
25,1639440000000,2.9949116980328094,464313845.86074036,2021-12-14
26,1639526400000,2.9177351260471593,448861242.8175054,2021-12-15
27,1639612800000,3.1266417952639913,480824388.92848897,2021-12-16
28,1639699200000,2.9399621096249913,454504052.66843015,2021-12-17
29,1639785600000,2.7954927042659468,433889227.64104486,2021-12-18
30,1639872000000,2.877011934904854,445839036.1043768,2021-12-19
31,1639958400000,3.0245075436245847,463645844.98422974,2021-12-20
32,1640044800000,3.06286820817547,475097340.2246053,2021-12-21
33,1640131200000,3.581477379598601,555057778.4298463,2021-12-22
34,1640217600000,3.5329538502988975,547689075.1667807,2021-12-23
35,1640304000000,3.971553300613606,626008031.7542255,2021-12-24
36,1640390400000,3.5721501233664004,553537435.256686,2021-12-25
37,1640476800000,3.5504165871565565,550327338.8007277,2021-12-26
38,1640563200000,3.4853066291361223,540757520.2934916,2021-12-27
39,1640649600000,3.662459562163449,569221601.1965098,2021-12-28
40,1640736000000,3.5298641777764734,548031437.1234305,2021-12-29
41,1640822400000,3.6045549191971364,554876662.4281608,2021-12-30
42,1640908800000,3.2119839238507337,498287380.90765846,2021-12-31
43,1640995200000,2.9493411044233233,458645025.7651002,2022-01-01
44,1641081600000,3.1261508942380543,482893570.12325,2022-01-02
45,1641168000000,3.1016882785310673,481145617.94581866,2022-01-03
46,1641254400000,3.0023176964957323,465380896.1858002,2022-01-04
47,1641340800000,2.9460977034260853,463613215.93013155,2022-01-05
48,1641427200000,2.6680889078342083,415798999.9812141,2022-01-06
49,1641513600000,2.7456955619920485,426103868.46735173,2022-01-07
50,1641600000000,2.7703907308306093,429594545.43474555,2022-01-08
51,1641686400000,2.7307634288114455,423898108.21702546,2022-01-09
52,1641772800000,2.652733713236562,411094222.04019177,2022-01-10
53,1641859200000,2.3979278321976656,371138500.79180276,2022-01-11
54,1641945600000,2.7148350546602296,421184643.87348163,2022-01-12
55,1642032000000,2.8049079218650332,434723649.43580717,2022-01-13
56,1642118400000,2.6118067612651688,404935196.1813889,2022-01-14
57,1642204800000,2.8202195815839963,432709696.1092186,2022-01-15
58,1642291200000,2.986953720831549,463770773.45979893,2022-01-16
59,1642377600000,2.9559957444597207,465268261.6857272,2022-01-17
60,1642464000000,2.6819714502853995,424728390.4572822,2022-01-18
61,1642550400000,2.583076234349977,408869920.82309365,2022-01-19
62,1642636800000,2.5794610640332283,407581749.8657095,2022-01-20
63,1642723200000,2.6424518116429416,421754337.0986758,2022-01-21
64,1642809600000,2.199136117209156,347998030.60804135,2022-01-22
65,1642896000000,1.825794807143164,288948345.7819195,2022-01-23
66,1642982400000,1.8706916605538275,294798003.2369498,2022-01-24
67,1643068800000,1.6890215254158982,266865053.60497308,2022-01-25
68,1643155200000,1.7249296225464452,273393472.43112785,2022-01-26
69,1643241600000,1.6503859190010297,260180857.2881864,2022-01-27
70,1643328000000,1.6052665223234743,253540718.79517344,2022-01-28
71,1643414400000,1.6445938496729797,260264965.67165184,2022-01-29
72,1643500800000,1.7051922763755902,269654971.60876536,2022-01-30
73,1643587200000,1.6569960499675727,262422040.0265441,2022-01-31
74,1643673600000,1.5961680507171012,252408794.91209286,2022-02-01
75,1643760000000,1.6496308157518078,261226263.7298685,2022-02-02
76,1643846400000,1.5578886524713025,246740348.17437533,2022-02-03
77,1643932800000,1.528993061527697,241661068.37004027,2022-02-04
78,1644019200000,1.6510866107184448,261390480.81678152,2022-02-05
79,1644105600000,1.717185255455421,272386775.0578094,2022-02-06
80,1644192000000,1.7082711201099492,270512151.19567764,2022-02-07
81,1644278400000,1.881946274025578,297723215.48010784,2022-02-08
82,1644364800000,1.7280679931542253,273447305.4788215,2022-02-09
83,1644451200000,1.7301043040839652,274393479.5391335,2022-02-10
84,1644537600000,1.612951862087057,256725119.00919807,2022-02-11
85,1644624000000,1.5120727124984406,239295066.30595997,2022-02-12
86,1644710400000,1.4985809028397956,237257912.86792034,2022-02-13
87,1644796800000,1.4719103983397128,234088943.39313018,2022-02-14
88,1644883200000,1.4692716251893554,232830916.25783613,2022-02-15
89,1644969600000,1.520004347759718,241929081.1908688,2022-02-16
90,1645056000000,1.7357413912005557,276091026.0611548,2022-02-17
91,1645142400000,1.5206354655968575,241691977.35008937,2022-02-18
92,1645228800000,1.5004311434602047,238699454.59501252,2022-02-19
93,1645315200000,1.4711223236730584,233802083.69401023,2022-02-20
94,1645401600000,1.4353899394576264,228165429.40559325,2022-02-21
95,1645488000000,1.3505094968428237,215636484.02363265,2022-02-22
96,1645574400000,1.3555291593106913,215150975.29857334,2022-02-23
97,1645660800000,1.348735084505119,214544843.94384497,2022-02-24
98,1645747200000,1.266110167169736,201192803.46587017,2022-02-25
99,1645833600000,1.3108861200978694,208336245.1478079,2022-02-26
100,1645920000000,1.3949996410596857,221382001.19067454,2022-02-27
101,1646006400000,1.3367292830201338,212053716.52012673,2022-02-28
102,1646092800000,1.3120447025446895,208625070.84630117,2022-03-01
103,1646179200000,1.3035207919730878,207277950.94281885,2022-03-02
104,1646265600000,1.2667153022635416,201329817.17033002,2022-03-03
105,1646352000000,1.2146098005902688,193418828.02781466,2022-03-04
106,1646438400000,1.2290537588429407,195826891.73394704,2022-03-05
107,1646524800000,1.2191867123774018,193792455.34343582,2022-03-06
108,1646611200000,1.1287415372995768,179360920.39372438,2022-03-07
109,1646697600000,1.0124489060411481,160921924.51833904,2022-03-08
110,1646784000000,1.0688966437255962,170012925.61937645,2022-03-09
111,1646870400000,1.105160018164295,175692967.15421677,2022-03-10
112,1646956800000,1.1061366980597884,175772042.0768024,2022-03-11
113,1647043200000,1.0822447942808633,171796769.2340309,2022-03-12
114,1647129600000,1.0907931160377973,173368605.2984247,2022-03-13
115,1647216000000,1.0257367416155623,163136464.9074174,2022-03-14
116,1647302400000,1.1670840399475475,185572829.51772103,2022-03-15
117,1647388800000,1.1231048120715066,178761060.78115493,2022-03-16
118,1647475200000,1.2145937147266952,193730226.64441076,2022-03-17
119,1647561600000,1.2931246119121236,205786966.43261006,2022-03-18
120,1647648000000,1.2509905671505457,199469626.7167307,2022-03-19
121,1647734400000,1.2589847203757405,199990540.5113647,2022-03-20
122,1647820800000,1.3448880326348414,214464467.58816248,2022-03-21
123,1647907200000,1.2839126182106881,205487876.9707145,2022-03-22
124,1647993600000,1.3041567389974074,207422527.08783108,2022-03-23
125,1648080000000,1.3025372412602751,206841474.5453857,2022-03-24
126,1648166400000,1.2810560015457921,203541211.19768655,2022-03-25
127,1648252800000,1.269009305252518,201828877.0046448,2022-03-26
128,1648339200000,1.2711040172453236,202089763.4162063,2022-03-27
129,1648425600000,1.3051679429745349,206891102.23703742,2022-03-28
130,1648512000000,1.3483418609820836,213987231.49002308,2022-03-29
131,1648598400000,1.3419880290220214,213642606.42618603,2022-03-30
132,1648684800000,1.37612638468559,218848729.36599243,2022-03-31
133,1648771200000,1.4575543062751541,235815587.37317443,2022-04-01
134,1648857600000,1.5041940692556854,238494732.81637493,2022-04-02
135,1648944000000,1.477927674375977,234998151.60605347,2022-04-03
136,1649030400000,1.4809043833598674,235539037.48883623,2022-04-04
137,1649116800000,1.4513349975412584,230629813.39242965,2022-04-05
138,1649203200000,1.6894821374692655,271156817.66892666,2022-04-06
139,1649289600000,1.570644688300418,250445821.80617365,2022-04-07
140,1649376000000,1.6470770307998466,260433579.77193484,2022-04-08
141,1649462400000,1.5734787189502175,249112374.96503818,2022-04-09
142,1649548800000,1.5851762414403752,252107431.19072878,2022-04-10
143,1649635200000,1.580034121411381,251281295.44480312,2022-04-11
144,1649721600000,1.3885022941927572,220658531.70438763,2022-04-12
145,1649808000000,1.3971050623028776,222182066.4871289,2022-04-13
146,1649894400000,1.5171180813209513,241220240.09380373,2022-04-14
147,1649980800000,1.4142985724817505,224624617.999173,2022-04-15
148,1650067200000,1.4334759733710014,227467838.06072912,2022-04-16
149,1650153600000,1.420255801643303,225858127.43231013,2022-04-17
150,1650240000000,1.3783683460602847,218955205.24489057,2022-04-18
151,1650326400000,1.3752057227312122,218678925.82384974,2022-04-19
152,1650412800000,1.3666010197024356,217321909.81680012,2022-04-20
153,1650499200000,1.3897793606083768,220992824.73397198,2022-04-21
154,1650585600000,1.3057057906917033,207538012.10674945,2022-04-22
155,1650672000000,1.2934323358562105,205479293.68358502,2022-04-23
156,1650758400000,1.2409315681793969,198274017.88883922,2022-04-24
157,1650844800000,1.2094753376823573,192863824.08259186,2022-04-25
158,1650931200000,1.160255822089598,184434171.4931557,2022-04-26
159,1651017600000,1.0920175520490067,173140881.34603727,2022-04-27
160,1651104000000,1.124074952286895,178782338.28972915,2022-04-28
161,1651190400000,1.1216799753437476,178274466.6266437,2022-04-29
162,1651276800000,0.9309578269742047,150479402.13616985,2022-04-30
163,1651363200000,0.9823884823862473,156161964.32764798,2022-05-01
164,1651449600000,0.9717090385279674,154601250.69432095,2022-05-02
165,1651536000000,0.9019420520688565,143415301.1504185,2022-05-03
166,1651622400000,0.8312724055330806,131926514.29725201,2022-05-04
167,1651708800000,0.9068015248565932,144416243.53644902,2022-05-05
168,1651795200000,0.7998936514174336,126915043.43453163,2022-05-06
169,1651881600000,0.7609777207292787,121253287.6363741,2022-05-07
170,1651968000000,0.7736410694863838,123069380.76072736,2022-05-08
171,1652054400000,0.7071609873380413,112320686.65411158,2022-05-09
172,1652140800000,0.6328235513846318,101475944.48513861,2022-05-10
173,1652227200000,0.6558514131175914,104454677.05164662,2022-05-11
174,1652313600000,0.4559352633037835,72973550.23412815,2022-05-12
175,1652400000000,0.42440564124896424,67451725.7360223,2022-05-13
176,1652486400000,0.4503865625986572,72060840.05268802,2022-05-14
177,1652572800000,0.4940451228728607,78751900.62474,2022-05-15
178,1652659200000,0.4860597244086999,77202714.62335046,2022-05-16
179,1652745600000,0.44733408204772135,71233666.69756918,2022-05-17
180,1652832000000,0.4765842704091952,75872188.13563685,2022-05-18
181,1652918400000,0.44810129132061505,72183985.19397189,2022-05-19
182,1653004800000,0.464758564118121,74000400.1179782,2022-05-20
183,1653091200000,0.4502364859884898,71837905.07054676,2022-05-21
184,1653177600000,0.47180177968171233,75098662.73266448,2022-05-22
185,1653264000000,0.4932623649171196,78635283.8372343,2022-05-23
186,1653350400000,0.48213276469362587,76854964.06264207,2022-05-24
187,1653436800000,0.4723465694691362,75279785.07110521,2022-05-25
188,1653523200000,0.46817867222974613,74684283.4748539,2022-05-26
189,1653609600000,0.43862686780378396,69906960.1619285,2022-05-27
190,1653696000000,0.426798900695338,68200180.38245574,2022-05-28
191,1653782400000,0.4380731713229165,69759223.38058028,2022-05-29
192,1653868800000,0.45182125041702526,71948130.81529757,2022-05-30
193,1653955200000,0.4846138126903485,77144503.11530732,2022-05-31
194,1654041600000,0.5059043743132677,79215682.97512826,2022-06-01
195,1654128000000,0.4424259824271436,70525594.28165936,2022-06-02
196,1654214400000,0.4501070259962173,71606348.6763222,2022-06-03
197,1654300800000,0.43033838111860306,68514466.5636498,2022-06-04
198,1654387200000,0.4374485840095376,69774424.58753741,2022-06-05
199,1654473600000,0.4376901388971133,69756996.11928946,2022-06-06
200,1654560000000,0.43920468446773064,69912633.01955128,2022-06-07
201,1654646400000,0.42714715294765115,68069829.5647998,2022-06-08
202,1654732800000,0.41649744083773027,66333195.77868535,2022-06-09
203,1654819200000,0.4134315625026833,65723141.18004912,2022-06-10
204,1654905600000,0.3934834416982715,62651738.71668722,2022-06-11
205,1654992000000,0.35886731676370426,57180226.317625724,2022-06-12
206,1655078400000,0.32179127586285766,51422277.92284529,2022-06-13
207,1655164800000,0.28530376851047606,45313015.16871543,2022-06-14
208,1655251200000,0.2888931336584844,45723289.0517441,2022-06-15
209,1655337600000,0.3000672935175303,47856374.884947255,2022-06-16
210,1655424000000,0.29068397673993657,46411158.038578644,2022-06-17
211,1655510400000,0.2953085739248938,46991583.93989922,2022-06-18
212,1655596800000,0.2838510312856002,45379823.801363215,2022-06-19
213,1655683200000,0.31691285713233036,50283949.584913924,2022-06-20
214,1655769600000,0.3194362306320201,50843504.892759025,2022-06-21
215,1655856000000,0.3371130492858058,53698652.90559122,2022-06-22
216,1655942400000,0.34646822835529345,55197373.51066482,2022-06-23
217,1656028800000,0.35499267137338814,56557875.149441786,2022-06-24
218,1656115200000,0.3854389379353618,61458539.73555146,2022-06-25
219,1656201600000,0.36678203947139404,58638254.97797759,2022-06-26
220,1656288000000,0.3678705456076283,58075881.70455832,2022-06-27
221,1656374400000,0.3627676366055385,57791744.1366645,2022-06-28
222,1656460800000,0.4065051338813805,64826611.38081243,2022-06-29
223,1656547200000,0.39181148749437006,67857383.70271188,2022-06-30
224,1656633600000,0.36543073527003134,63162083.37033748,2022-07-01
225,1656720000000,0.3542491965428063,60993589.22513275,2022-07-02
226,1656806400000,0.33265266430937906,57007309.46702055,2022-07-03
227,1656892800000,0.33951805683510655,58202487.65213192,2022-07-04
228,1656979200000,0.3854962376947645,67034266.55328945,2022-07-05
229,1657065600000,0.36447315029316857,62614724.66742428,2022-07-06
230,1657152000000,0.3789027877028162,65014827.393634506,2022-07-07
231,1657238400000,0.39597415322222274,67916708.3498255,2022-07-08
232,1657324800000,0.4280890054194036,73962659.29698026,2022-07-09
233,1657411200000,0.4296301785380106,74057407.55831876,2022-07-10
234,1657497600000,0.4023021823529377,69186314.94174404,2022-07-11
235,1657584000000,0.3769631872972378,64617577.23306375,2022-07-12
236,1657670400000,0.3645251224290469,62591007.397803575,2022-07-13
237,1657756800000,0.37362365881930526,64014195.71848813,2022-07-14
238,1657843200000,0.3889685891967494,66767573.66044763,2022-07-15
239,1657929600000,0.40613569802398114,67637436.48988377,2022-07-16
240,1658016000000,0.4017279558891759,66885989.35680126,2022-07-17
241,1658102400000,0.39305237463888515,65692879.47973702,2022-07-18
242,1658188800000,0.4485338017761433,74778873.6201766,2022-07-19
243,1658275200000,0.46408161877731674,77618377.66004172,2022-07-20
244,1658361600000,0.4473331333357201,74687107.50413099,2022-07-21
245,1658448000000,0.46254654014779184,77475257.72304733,2022-07-22
246,1658534400000,0.4438995373785572,74166682.84495308,2022-07-23
247,1658620800000,0.45019555307668524,75074869.54015158,2022-07-24
248,1658707200000,0.45943020142392355,76657625.62695889,2022-07-25
249,1658793600000,0.42281620729126956,71313907.52791607,2022-07-26
250,1658880000000,0.4212888021713742,70253971.00047947,2022-07-27
251,1658966400000,0.4553635881536062,75840522.80082272,2022-07-28
252,1659052800000,0.4834419173188835,79951871.12855123,2022-07-29
253,1659139200000,0.5243715724878769,89574972.10845295,2022-07-30
254,1659225600000,0.5695784924617329,94708678.18450552,2022-07-31
255,1659312000000,0.568502495737507,94516445.25579013,2022-08-01
256,1659398400000,0.5409417779092517,89235872.71337016,2022-08-02
257,1659484800000,0.5499485390821542,92769623.14237809,2022-08-03
258,1659571200000,0.5411157874508832,89882221.83070281,2022-08-04
259,1659657600000,0.5759801282753427,95598725.08554313,2022-08-05
260,1659744000000,0.5677016640388453,94794243.66608764,2022-08-06
261,1659830400000,0.5657681890614225,94690344.03748354,2022-08-07
262,1659916800000,0.5640880443586309,93837376.63346851,2022-08-08
263,1660003200000,0.5603536288936922,93253476.59847413,2022-08-09
264,1660089600000,0.5175009171840942,86234968.75776303,2022-08-10
265,1660176000000,0.5359101318911367,88748781.52983317,2022-08-11
266,1660262400000,0.5371282440042348,89497045.52211902,2022-08-12
267,1660348800000,0.5527433918020491,92387667.46373855,2022-08-13
268,1660435200000,0.5217352704444039,87066863.18438697,2022-08-14
269,1660521600000,0.5180795669739244,85826461.16398695,2022-08-15
270,1660608000000,0.4994939959182226,83420592.96689086,2022-08-16
271,1660694400000,0.4759624522207901,79254432.41264483,2022-08-17
272,1660780800000,0.438227768543349,73230139.15026286,2022-08-18
273,1660867200000,0.42182103743867694,70127896.72565237,2022-08-19
274,1660953600000,0.3807953817376077,63437080.234726585,2022-08-20
275,1661040000000,0.38432212900128476,62968421.72137411,2022-08-21
276,1661126400000,0.38513412991740736,64055316.621299334,2022-08-22
277,1661212800000,0.3756077634368225,62542127.37052171,2022-08-23
278,1661299200000,0.39116528586445104,65232107.28152979,2022-08-24
279,1661385600000,0.4091214005878397,68302399.90817428,2022-08-25
280,1661472000000,0.3809960286786937,63579097.00367541,2022-08-26
281,1661558400000,0.40176912196200326,67877108.4908965,2022-08-27
282,1661644800000,0.3544010424246665,59117388.27031054,2022-08-28
283,1661731200000,0.32211331194844917,53831928.215487145,2022-08-29
284,1661817600000,0.3387080007760276,56507146.04052552,2022-08-30
285,1661904000000,0.3249846893938222,54192997.422392905,2022-08-31
286,1661990400000,0.3214915631089856,53631687.38116713,2022-09-01
287,1662076800000,0.3173927347541341,53571616.3254882,2022-09-02
288,1662163200000,0.3190789877604172,52912524.72880771,2022-09-03
289,1662249600000,0.31019968483370675,51721691.47010035,2022-09-04
290,1662336000000,0.3121135112097921,94299199.33804421,2022-09-05
291,1662422400000,0.3067720733901005,92739988.81359772,2022-09-06
292,1662508800000,0.301939353759427,91437480.9087572,2022-09-07
293,1662595200000,0.3133179801573162,94465556.30669013,2022-09-08
294,1662681600000,0.3143340055425532,95116513.52983236,2022-09-09
295,1662768000000,0.33241859389435474,100536117.3481451,2022-09-10
296,1662854400000,0.34020720418138006,102799937.54662147,2022-09-11
297,1662940800000,0.33324807580357635,100927043.40337037,2022-09-12
298,1663027200000,0.3334762442447438,101126274.3432293,2022-09-13
299,1663113600000,0.3107108673345219,94222531.07867612,2022-09-14
300,1663200000000,0.3381471057505337,102196419.57336539,2022-09-15
301,1663286400000,0.3192774652819274,96551588.1866481,2022-09-16
302,1663372800000,0.314805671289052,95132813.6443233,2022-09-17
303,1663459200000,0.31707434132273343,96090557.47229584,2022-09-18
304,1663545600000,0.29957921260830694,90580440.445629,2022-09-19
305,1663632000000,0.30283288288064836,91583805.12509559,2022-09-20
306,1663718400000,0.29688878727574664,90123687.5114369,2022-09-21
307,1663804800000,0.28806014640962574,95431794.35910952,2022-09-22
308,1663891200000,0.3057750461338841,101227943.10538715,2022-09-23
309,1663977600000,0.30454705538266985,103799860.14462641,2022-09-24
310,1664064000000,0.29979078398457903,102405155.62123851,2022-09-25
311,1664150400000,0.2947573819440035,100592190.16415456,2022-09-26
312,1664236800000,0.2918806452885042,99784844.32729591,2022-09-27
313,1664323200000,0.2918792734122294,99765968.85796152,2022-09-28
314,1664409600000,0.29254712778373876,99824571.44872761,2022-09-29
315,1664496000000,0.28969341270299737,98315972.66894972,2022-09-30
316,1664582400000,0.2892994533067024,98687445.20015925,2022-10-01
317,1664668800000,0.28605319413185587,97649442.90729319,2022-10-02
318,1664755200000,0.2835749306644892,96867463.92809029,2022-10-03
319,1664841600000,0.28854419864871755,98594263.90928368,2022-10-04
320,1664928000000,0.2893789058167081,98968216.73608473,2022-10-05
321,1665014400000,0.29080866156353474,99643014.49183811,2022-10-06
322,1665100800000,0.28919463528444617,98785297.01571526,2022-10-07
323,1665187200000,0.28450230672899157,97279797.97959742,2022-10-08
324,1665273600000,0.2882840993149646,98641149.51489273,2022-10-09
325,1665360000000,0.2876485765776008,98062656.19676334,2022-10-10
326,1665446400000,0.28392290335010006,97148403.77848026,2022-10-11
327,1665532800000,0.27849592921113664,95151048.38933763,2022-10-12
328,1665619200000,0.27965414880596084,95922089.82649559,2022-10-13
329,1665705600000,0.27748683139642544,94817509.95540923,2022-10-14
330,1665792000000,0.2802383453521935,95846380.9046677,2022-10-15
331,1665878400000,0.2789250163073859,95392964.52939072,2022-10-16
332,1665964800000,0.2836794605130669,97072522.47010204,2022-10-17
333,1666051200000,0.28548505953969383,97930345.23138925,2022-10-18
334,1666137600000,0.2811822887519758,96676967.9978391,2022-10-19
335,1666224000000,0.27615579018664577,94811152.02102986,2022-10-20
336,1666310400000,0.2776605705686862,95164341.67770359,2022-10-21
337,1666396800000,0.2719468047961678,93469408.88477285,2022-10-22
338,1666483200000,0.27513078559920445,94519973.48777923,2022-10-23
339,1666569600000,0.2778268692079922,95653949.76740919,2022-10-24
340,1666656000000,0.27835445344158155,95514811.67086352,2022-10-25
341,1666742400000,0.28518349917392616,98010264.53018914,2022-10-26
342,1666828800000,0.28724039465161894,98678338.3984558,2022-10-27
343,1666915200000,0.28920895096764926,99345525.80651608,2022-10-28
344,1667001600000,0.29623041179634746,101713283.5545998,2022-10-29
345,1667088000000,0.2918371210752493,100234764.17375326,2022-10-30
346,1667174400000,0.2918450186741176,100133508.66029012,2022-10-31
347,1667260800000,0.2983085281313161,102200247.42406546,2022-11-01
348,1667347200000,0.30318447029600987,104213863.56899983,2022-11-02
349,1667433600000,0.291992326301656,100325080.06377526,2022-11-03
350,1667520000000,0.29845092929052836,102460408.86424199,2022-11-04
351,1667606400000,0.32093214436636064,111833627.3975605,2022-11-05
352,1667692800000,0.32141268330894157,112045337.75594792,2022-11-06
353,1667779200000,0.30205485951581984,105064600.16710809,2022-11-07
354,1667865600000,0.29568806894065247,102877873.86000885,2022-11-08
355,1667952000000,0.2658624962742373,92508904.10419835,2022-11-09
356,1668038400000,0.2131434969833059,74259765.0411515,2022-11-10
357,1668124800000,0.24166752121336724,84047293.58327189,2022-11-11
358,1668211200000,0.2229337821884305,77836901.87137328,2022-11-12
359,1668297600000,0.21131360267347632,73473737.73057757,2022-11-13
360,1668384000000,0.19754362198643086,68830314.29722315,2022-11-14
361,1668470400000,0.1897626630717653,66098844.9637566,2022-11-15
362,1668556800000,0.20310449860746704,70703903.83141533,2022-11-16
363,1668643200000,0.19591865553388782,66534037.21457673,2022-11-17
364,1668729600000,0.1880635515746544,65456086.657882966,2022-11-18
365,1668816000000,0.23127336827590425,81121946.45064266,2022-11-19
366,1668902400000,0.21651175828199642,75123361.51139005,2022-11-20
