,Time,open,mktcap,Date
0,1583971200000,1.1379769585472461,0.0,2020-03-12
1,1584057600000,1.2444378021235003,0.0,2020-03-13
2,1584144000000,1.1712918459893384,0.0,2020-03-14
3,1584230400000,1.2648625767575967,0.0,2020-03-15
4,1584316800000,1.204558014980763,0.0,2020-03-16
5,1584403200000,1.0703257584784074,0.0,2020-03-17
6,1584489600000,1.1527051329167275,0.0,2020-03-18
7,1584576000000,1.1623939350061419,0.0,2020-03-19
8,1584662400000,1.0555104430771935,0.0,2020-03-20
9,1584748800000,1.0245531692932504,1928899.2960166275,2020-03-21
10,1584835200000,1.0246517612341264,1973878.9444491789,2020-03-22
11,1584921600000,1.0135884449174126,2154086.688994218,2020-03-23
12,1585008000000,1.0324539917413231,2247780.7679107175,2020-03-24
13,1585094400000,1.012114276534122,2324030.520164404,2020-03-25
14,1585180800000,1.0107676858457972,2435844.0419774232,2020-03-26
15,1585267200000,1.000953261408531,2502340.9851111276,2020-03-27
16,1585353600000,1.0031070096869736,2609422.784212556,2020-03-28
17,1585440000000,1.01014563899101,2728232.340363776,2020-03-29
18,1585526400000,1.0070478978779474,2860931.6951688956,2020-03-30
19,1585612800000,1.019378895652783,2960900.0,2020-03-31
20,1585699200000,1.0222032772422462,3063928.708208778,2020-04-01
21,1585785600000,1.0247409383771982,3203475.499229067,2020-04-02
22,1585872000000,1.0131042852067396,3240994.4683208545,2020-04-03
23,1585958400000,1.002,3302842.394291362,2020-04-04
24,1586044800000,1.0012969852802167,3406498.57330022,2020-04-05
25,1586131200000,1.0099088244557397,3513942.8593016197,2020-04-06
26,1586217600000,1.0320636290616267,3701529.480249011,2020-04-07
27,1586304000000,1.074,4439400.0,2020-04-08
28,1586390400000,1.0565865061537347,4439400.0,2020-04-09
29,1586476800000,1.0110105971530083,4225534.08835328,2020-04-10
30,1586563200000,1.0520924948037287,4418788.4781756615,2020-04-11
31,1586649600000,1.0152619463618218,4258523.280556444,2020-04-12
32,1586736000000,1.029567132922865,4307453.625383135,2020-04-13
33,1586822400000,1.0750285803235955,4579677.673074193,2020-04-14
34,1586908800000,1.080279476362412,4582200.0,2020-04-15
35,1586995200000,1.085,4528622.253152206,2020-04-16
36,1587081600000,1.0910946268839825,4582597.432912729,2020-04-17
37,1587168000000,1.056,4468481.793039323,2020-04-18
38,1587254400000,1.087,4556713.439941656,2020-04-19
39,1587340800000,1.1090991155443004,4649172.868828148,2020-04-20
40,1587427200000,1.054,4440347.992016622,2020-04-21
41,1587513600000,1.0823468635603826,4545856.826953609,2020-04-22
42,1587600000000,1.0835123958951,4550752.06275942,2020-04-23
43,1587686400000,1.078515180518724,4588470.7739162715,2020-04-24
44,1587772800000,1.072,4502400.0,2020-04-25
45,1587859200000,1.1260584553914585,4734598.863713107,2020-04-26
46,1587945600000,1.118,4707047.188719347,2020-04-27
47,1588032000000,1.104,4622775.334618988,2020-04-28
48,1588118400000,1.110238443455998,4661360.740671432,2020-04-29
49,1588204800000,1.0951023015346542,4599429.666445547,2020-04-30
50,1588291200000,1.0895630194319121,4552800.0,2020-05-01
51,1588377600000,1.0979978968814723,4609727.271786299,2020-05-02
52,1588464000000,1.1044790810407794,4664407.0946979495,2020-05-03
53,1588550400000,1.1104317764359615,4663813.461031036,2020-05-04
54,1588636800000,1.0927605137101564,4589594.157582656,2020-05-05
55,1588723200000,1.1169335436084802,4691120.883155616,2020-05-06
56,1588809600000,1.1111507957080544,4686793.420760367,2020-05-07
57,1588896000000,1.1383237621110824,4768391.837864344,2020-05-08
58,1588982400000,1.1408775418198012,4782027.617380373,2020-05-09
59,1589068800000,1.1510140916609095,4794108.914203829,2020-05-10
60,1589155200000,1.1374804938047978,4770474.64159219,2020-05-11
61,1589241600000,1.1337898336093957,4754513.935916308,2020-05-12
62,1589328000000,1.1834554699670001,4987679.86980905,2020-05-13
63,1589414400000,1.1508985165461978,4869116.00206571,2020-05-14
64,1589500800000,1.1783303821184197,4924173.2034594165,2020-05-15
65,1589587200000,1.2912983789279968,5504849.048020127,2020-05-16
66,1589673600000,1.231,5170200.0,2020-05-17
67,1589760000000,1.2645657320075576,5334989.687978811,2020-05-18
68,1589846400000,1.2866513477892125,5380309.226077531,2020-05-19
69,1589932800000,1.3159490426011349,5514687.922559898,2020-05-20
70,1590019200000,1.265,5314139.952314554,2020-05-21
71,1590105600000,1.3032560268090796,5424636.99739608,2020-05-22
72,1590192000000,1.3051387860735075,5488609.435425215,2020-05-23
73,1590278400000,1.3077643247413957,5521035.784472267,2020-05-24
74,1590364800000,1.303,5472600.0,2020-05-25
75,1591142400000,1.353731813947311,5685673.618578706,2020-06-03
76,1591228800000,1.3767563214668688,5795808.375573922,2020-06-04
77,1591315200000,1.351133464216321,6290757.394082778,2020-06-05
78,1591401600000,1.3964722234530567,6549848.910735732,2020-06-06
79,1591488000000,1.4145779584302378,6577787.506700607,2020-06-07
80,1591574400000,1.3858392544251135,6407700.253755387,2020-06-08
81,1591660800000,1.3720585680007706,6375590.25473478,2020-06-09
82,1591747200000,1.4327269976410797,6707230.200086376,2020-06-10
83,1591833600000,1.4246564111889546,6624652.312028641,2020-06-11
84,1591920000000,1.5220717740187188,7050482.352480597,2020-06-12
85,1592006400000,1.4989575295901292,6887762.1530105695,2020-06-13
86,1592092800000,1.4802930930112372,6859993.979409091,2020-06-14
87,1592179200000,1.480545155068377,6884534.971067953,2020-06-15
88,1592265600000,1.3515446272028553,6267248.164566312,2020-06-16
89,1592352000000,1.4974362406468293,7020089.514072659,2020-06-17
90,1592438400000,1.4801153557499704,6821402.959233124,2020-06-18
91,1592524800000,1.4844308653310259,6902603.523789271,2020-06-19
92,1592611200000,1.4389829948941795,6641162.2686728565,2020-06-20
93,1592697600000,1.442429563848021,6699980.248217671,2020-06-21
94,1592784000000,1.6073804456586387,7474319.072312672,2020-06-22
95,1592870400000,1.6117332264643593,7534864.805160912,2020-06-23
96,1592956800000,1.5160969923923304,7074646.284159292,2020-06-24
97,1593043200000,1.543046581577123,7228077.7016689265,2020-06-25
98,1593129600000,1.5882773943814827,7381445.728565146,2020-06-26
99,1593216000000,1.6359863186222692,7602750.0,2020-06-27
100,1593302400000,1.5819829328178008,7361057.137581651,2020-06-28
101,1593388800000,1.5810519086030776,7274555.139373637,2020-06-29
102,1593475200000,1.4370789837276217,6687437.707821354,2020-06-30
103,1593561600000,1.6099574295700743,7453950.0,2020-07-01
104,1593648000000,1.581,7416750.0,2020-07-02
105,1593734400000,1.50502923346033,7032030.990057297,2020-07-03
106,1593820800000,1.519,7188900.0,2020-07-04
107,1593907200000,1.6222743309690546,7546641.032049587,2020-07-05
108,1593993600000,1.6029276899872384,7453613.758440657,2020-07-06
109,1594080000000,1.603999257951221,7412408.19821404,2020-07-07
110,1594166400000,1.629,7342753.338,2020-07-08
111,1594252800000,1.5974083120141975,7195710.846099835,2020-07-09
112,1594339200000,1.6090194555898822,7238481.859769892,2020-07-10
113,1594425600000,1.6294045233864771,7473392.417619104,2020-07-11
114,1594512000000,1.676655135389405,7557559.909180721,2020-07-12
115,1594598400000,1.6637206119439187,7589227.331618208,2020-07-13
116,1594684800000,1.7056538095845224,7598345.470504979,2020-07-14
117,1594771200000,1.6774367739752398,7560730.016643053,2020-07-15
118,1594857600000,1.894932730746473,8541450.972359803,2020-07-16
119,1594944000000,1.7786271864145626,7961109.991165112,2020-07-17
120,1595030400000,1.7580469763215059,7807028.104,2020-07-18
121,1595116800000,1.7749037836310024,8027896.678769018,2020-07-19
122,1595203200000,1.789,8131569.688,2020-07-20
123,1595289600000,1.845983844187728,8275586.639965166,2020-07-21
124,1595376000000,1.969656564256231,8766532.392060712,2020-07-22
125,1595462400000,2.1173465340739974,9534374.37944028,2020-07-23
126,1595548800000,2.124331720620942,9574913.84592866,2020-07-24
127,1595635200000,2.063966134738308,9662832.978743836,2020-07-25
128,1595721600000,1.9654763889401676,8855961.424507363,2020-07-26
129,1595808000000,1.941304480810404,8771692.266371444,2020-07-27
130,1595894400000,1.9185085606830077,8640704.419530315,2020-07-28
131,1595980800000,1.9367900276670138,8711658.318560276,2020-07-29
132,1596067200000,1.94679552321174,8795123.12202568,2020-07-30
133,1596153600000,1.9523016555956803,8797985.389938297,2020-07-31
134,1596240000000,2.1862456878576775,9940059.115685306,2020-08-01
135,1596326400000,2.190616219329281,9982474.70306988,2020-08-02
136,1596412800000,2.183145086906644,9834995.35429807,2020-08-03
137,1596499200000,2.1998092840515033,9936997.651375812,2020-08-04
138,1596585600000,2.149967823235101,9655727.773076778,2020-08-05
139,1596672000000,2.158372535614257,9752848.86796503,2020-08-06
140,1596758400000,1.9467318050006317,8817140.856454853,2020-08-07
141,1596844800000,2.0211974664959014,9084470.144531162,2020-08-08
142,1596931200000,2.0142346832498683,9079207.147911811,2020-08-09
143,1597017600000,2.017927655063673,9109685.691727528,2020-08-10
144,1597104000000,2.097443981561778,9141835.200152878,2020-08-11
145,1597190400000,2.105194093451647,9160723.396074958,2020-08-12
146,1597276800000,2.202289454490967,9602185.57363749,2020-08-13
147,1597363200000,2.205810955297571,9545015.676857611,2020-08-14
148,1597449600000,2.383767599555342,10374147.957567228,2020-08-15
149,1597536000000,2.4394622741563436,10574988.541869318,2020-08-16
150,1597622400000,2.4657271978263697,10748312.85457095,2020-08-17
151,1597708800000,2.4313757126613806,10587938.561059356,2020-08-18
152,1597795200000,2.505825656020918,10880530.822496355,2020-08-19
153,1597881600000,2.638601549433673,11461641.19897275,2020-08-20
154,1597968000000,2.6608796122094285,11513923.553319864,2020-08-21
155,1598054400000,2.788854614143677,12120233.780393004,2020-08-22
156,1598140800000,2.828187065711401,12360029.713182839,2020-08-23
157,1598227200000,2.868096471885321,12490769.461688332,2020-08-24
158,1598313600000,2.909249270751437,12672224.271489896,2020-08-25
159,1598400000000,2.9010680244219254,12607169.955288721,2020-08-26
160,1598486400000,2.9206564303228397,12826321.592132207,2020-08-27
161,1598572800000,2.817949064987041,12295835.876062118,2020-08-28
162,1598659200000,2.6321537011847527,11463741.127599329,2020-08-29
163,1598745600000,2.7182021695241176,11777538.22251307,2020-08-30
164,1598832000000,2.749154879595618,11976844.265440987,2020-08-31
165,1598918400000,2.8122167931839814,12270089.117338391,2020-09-01
166,1599004800000,2.93629974993425,12845641.509559443,2020-09-02
167,1599091200000,2.916685964686649,12671927.495718425,2020-09-03
168,1599177600000,2.5787560027806817,18015187.67407422,2020-09-04
169,1599264000000,2.706463873169632,19099617.064219557,2020-09-05
170,1599350400000,2.6549998554442165,18646291.1531,2020-09-06
171,1599436800000,2.830908988536212,20030286.184754815,2020-09-07
172,1599523200000,3.1838165198204127,22261755.985946212,2020-09-08
173,1599609600000,3.1468974960730707,22066882.03639884,2020-09-09
174,1599696000000,2.9363929584428825,20780403.73588578,2020-09-10
175,1599782400000,2.982658458654214,20734020.389089327,2020-09-11
176,1599868800000,3.085966365531132,21588521.88285468,2020-09-12
177,1599955200000,3.121618477254881,22098279.018170048,2020-09-13
178,1600041600000,2.9685159172058073,20938584.54254015,2020-09-14
179,1600128000000,2.971537748109296,21005720.916308776,2020-09-15
180,1600214400000,2.9238146387731025,20628211.068242908,2020-09-16
181,1600300800000,2.6998702522446125,19109601.89573393,2020-09-17
182,1600387200000,2.6645082524939756,18769258.045195688,2020-09-18
183,1600473600000,2.701187708642777,19028912.886849243,2020-09-19
184,1600560000000,2.671769104273567,18777723.134130746,2020-09-20
185,1600646400000,2.6182895372773762,18458719.847388484,2020-09-21
186,1600732800000,2.609746305459913,18427745.519832797,2020-09-22
187,1600819200000,2.6514112470267337,18625349.91794349,2020-09-23
188,1600905600000,2.5360188380227378,17811267.12536623,2020-09-24
189,1600992000000,2.3647901084775595,16733466.324214544,2020-09-25
190,1601078400000,2.469383289111379,17462354.583043724,2020-09-26
191,1601164800000,2.4566497133391807,17334801.505743116,2020-09-27
192,1601251200000,2.4694019357906503,17538481.44019109,2020-09-28
193,1601337600000,2.4739939916886313,17179248.28979955,2020-09-29
194,1601424000000,2.527052494662666,17976035.291759297,2020-09-30
195,1601510400000,2.5241081671310646,18060067.24817536,2020-10-01
196,1601596800000,2.317326360333677,16330818.37926131,2020-10-02
197,1601683200000,2.4101224058918955,17009408.51369259,2020-10-03
198,1601769600000,2.549382412879031,17797582.59354951,2020-10-04
199,1601856000000,2.568882286977961,18004592.628100213,2020-10-05
200,1601942400000,2.350981278735123,16553257.381007593,2020-10-06
201,1602028800000,2.466430492120113,17525155.48826697,2020-10-07
202,1602115200000,2.3983323133704584,16933632.53464395,2020-10-08
203,1602201600000,2.3099949041964254,16165942.522259712,2020-10-09
204,1602288000000,2.3202390051379007,15915554.90103757,2020-10-10
205,1602374400000,2.3562682631570397,16549811.82143056,2020-10-11
206,1602460800000,2.310819973347987,16259950.489894154,2020-10-12
207,1602547200000,2.3055478064261252,16193569.045075728,2020-10-13
208,1602633600000,2.2562204451726267,15921739.72320633,2020-10-14
209,1602720000000,2.2677055523128535,16001870.510189172,2020-10-15
210,1602806400000,2.2269071694069034,16051035.457264233,2020-10-16
211,1602892800000,2.182633618860117,15918188.67644957,2020-10-17
212,1602979200000,2.2987523590553938,16152465.919885378,2020-10-18
213,1603065600000,2.295161253301341,16281867.760242477,2020-10-19
214,1603152000000,2.2750255501174634,16282214.36399002,2020-10-20
215,1603238400000,2.287035099436934,16179661.665020172,2020-10-21
216,1603324800000,2.2971885285592335,16249265.02415687,2020-10-22
217,1603411200000,2.3089089192807313,16371881.523476647,2020-10-23
218,1603497600000,2.3276949619923504,16539438.291669559,2020-10-24
219,1603584000000,2.331061776454573,16472986.787211377,2020-10-25
220,1603670400000,2.3309668867169147,16372030.028823528,2020-10-26
221,1603756800000,2.291216378329351,15699787.856237603,2020-10-27
222,1603843200000,2.176914421084352,15074008.15256527,2020-10-28
223,1603929600000,2.279554667873915,16073502.759807335,2020-10-29
224,1604016000000,2.1255202146031085,15418825.584278375,2020-10-30
225,1604102400000,2.1767509583111018,15708600.525395507,2020-10-31
226,1604188800000,2.2042798315603,15551721.03453766,2020-11-01
227,1604275200000,2.4038161393196007,16971413.592614733,2020-11-02
228,1604361600000,2.2706876035990162,16136854.732902873,2020-11-03
229,1604448000000,2.3188364367601384,16160511.16689471,2020-11-04
230,1604534400000,2.2569319232026284,15916218.362819577,2020-11-05
231,1604620800000,2.272219365019141,16120705.42541975,2020-11-06
232,1604707200000,2.2926280746754677,16171713.115285346,2020-11-07
233,1604793600000,2.290906520058481,16168539.495135047,2020-11-08
234,1604880000000,2.294393267450838,16187492.861856584,2020-11-09
235,1604966400000,2.2946052595541273,16192692.099854613,2020-11-10
236,1605052800000,2.3083539474271695,16209768.868792765,2020-11-11
237,1605139200000,2.2827637473918982,16112337.817822488,2020-11-12
238,1605225600000,2.275690993316454,16036786.974485613,2020-11-13
239,1605312000000,2.3823465236644092,16777693.219375588,2020-11-14
240,1605398400000,2.30936169130221,16320841.870170455,2020-11-15
241,1605484800000,2.2699271622383845,15971609.148294086,2020-11-16
242,1605571200000,2.2849034118563485,16018752.341953972,2020-11-17
243,1605657600000,2.1859685775800353,15226211.388081124,2020-11-18
244,1605744000000,2.148611575087076,14904103.74422197,2020-11-19
245,1605830400000,2.1536166039288167,15024753.004405843,2020-11-20
246,1605916800000,2.286247067760947,15985099.654782457,2020-11-21
247,1606003200000,2.071427575584517,14709930.531190807,2020-11-22
248,1606089600000,2.1438088135152817,15111161.496810736,2020-11-23
249,1606176000000,2.1960697019182125,15487339.992992861,2020-11-24
250,1606262400000,2.1595163702854574,15408963.827871706,2020-11-25
251,1606348800000,2.1590416390631257,15221929.101378325,2020-11-26
252,1606435200000,2.1682701944573064,15367287.74516665,2020-11-27
253,1606521600000,2.1923456908065084,15475896.537067862,2020-11-28
254,1606608000000,2.167116593870726,15313377.910766654,2020-11-29
255,1606694400000,2.559623977506552,18112886.88555178,2020-11-30
256,1606780800000,2.396360796347829,17065211.964202575,2020-12-01
257,1606867200000,2.392765245517353,16884726.358288232,2020-12-02
258,1606953600000,2.4762773953065627,17696281.618103717,2020-12-03
259,1607040000000,2.9633801673120637,20228309.766323656,2020-12-04
260,1607126400000,2.790362192781651,20108435.711793736,2020-12-05
261,1607212800000,3.3683066779849478,23745871.97228594,2020-12-06
262,1607299200000,3.914109584639432,28202672.517608833,2020-12-07
263,1607385600000,3.5373453228859506,24280957.151865307,2020-12-08
264,1607472000000,2.683374059219678,25681665.5979722,2020-12-09
265,1607558400000,2.7658046913434133,26650027.772826873,2020-12-10
266,1607644800000,2.2613370914944753,21697584.1311274,2020-12-11
267,1607731200000,2.2305796377315557,20718710.79128361,2020-12-12
268,1607817600000,2.0642923128460344,19724806.415106624,2020-12-13
269,1607904000000,1.4882453261164643,14021215.989065899,2020-12-14
270,1607990400000,1.4397100908289864,13757045.648658544,2020-12-15
271,1608076800000,1.2360115745581293,11998576.198544629,2020-12-16
272,1608163200000,1.1835560326343362,11344824.015413575,2020-12-17
273,1608249600000,1.1740842254621213,11232454.349750048,2020-12-18
274,1608336000000,1.1783591664766666,11241237.943425592,2020-12-19
275,1608422400000,1.108873956927863,10601857.045251394,2020-12-20
276,1608508800000,1.1050519968526449,10530967.628130103,2020-12-21
277,1608595200000,1.0835623198242623,10402812.690999577,2020-12-22
278,1608681600000,1.13862734531333,10864653.627583353,2020-12-23
279,1608768000000,1.0560105801542492,9841299.214933792,2020-12-24
280,1608854400000,1.2480449214676799,12049715.550714107,2020-12-25
281,1608940800000,1.3905939065481783,13502725.980207212,2020-12-26
282,1609027200000,1.4552296177100226,13884184.157888133,2020-12-27
283,1609113600000,0.9457210510432416,9054433.73325315,2020-12-28
284,1609200000000,0.77157431024322,7358807.493848587,2020-12-29
285,1609286400000,0.7021290619269698,6709010.995557997,2020-12-30
286,1609372800000,0.723750683317519,6917916.290560985,2020-12-31
287,1609459200000,0.7402022597368709,7070177.029638947,2021-01-01
288,1609545600000,0.6999844306990934,6685498.986813001,2021-01-02
289,1609632000000,0.7384996515206158,6815392.302339763,2021-01-03
290,1609718400000,0.8086331339194932,7553317.176228941,2021-01-04
291,1609804800000,0.8079517841490439,8475496.993,2021-01-05
292,1609891200000,0.9736094190103748,9264468.015543818,2021-01-06
293,1609977600000,1.093131088354428,10396903.689183053,2021-01-07
294,1610064000000,1.1790664772161863,11266261.986688713,2021-01-08
295,1610150400000,1.3292157143252323,12744230.505814826,2021-01-09
296,1610236800000,1.425176742333614,13728515.836402396,2021-01-10
297,1610323200000,1.122724158470668,10595256.39791468,2021-01-11
298,1610409600000,0.9212918775937438,8743018.21918753,2021-01-12
299,1610496000000,1.0229783164134942,10196503.244636301,2021-01-13
300,1610582400000,1.1024760574029921,10497212.729728544,2021-01-14
301,1610668800000,1.0168774425112748,9656305.106013717,2021-01-15
302,1610755200000,1.0558654872471582,9870732.518006507,2021-01-16
303,1610841600000,1.0796606240275783,10383298.620587477,2021-01-17
304,1610928000000,1.147256989050741,11108534.017542856,2021-01-18
305,1611014400000,1.242342286177968,11674964.148774616,2021-01-19
306,1611100800000,1.2213938736576846,11709085.15797471,2021-01-20
307,1611187200000,1.1833758351908887,11310324.664256155,2021-01-21
308,1611273600000,1.0483653488593714,10107471.87317223,2021-01-22
309,1611360000000,1.0541904407864133,10124823.555474315,2021-01-23
310,1611446400000,1.0851603692571632,10362623.342497822,2021-01-24
311,1611532800000,1.3370331487032263,12738715.639418444,2021-01-25
312,1611619200000,1.3163702314126695,12722299.261676377,2021-01-26
313,1611705600000,1.3927055590347381,13216857.105772737,2021-01-27
314,1611792000000,1.2834703419267754,12155780.111955795,2021-01-28
315,1611878400000,1.4603257477685798,14014416.495757308,2021-01-29
316,1611964800000,1.4646892397472537,14032433.125424288,2021-01-30
317,1612051200000,1.6209631050617,15513510.149504663,2021-01-31
318,1612137600000,1.555538930559032,14750560.633504964,2021-02-01
319,1612224000000,1.632434756421017,15596115.869256645,2021-02-02
320,1612310400000,1.7421017855971133,16675793.36428395,2021-02-03
321,1612396800000,1.7329653809613341,16597389.443405578,2021-02-04
322,1612483200000,1.9497096407315615,18659874.160482742,2021-02-05
323,1612569600000,2.010606795057489,19174544.027417287,2021-02-06
324,1612656000000,2.0011834472653467,19003357.12366051,2021-02-07
325,1612742400000,1.7459762906469511,16768068.306634432,2021-02-08
326,1612828800000,1.9167492082698612,18199718.045270246,2021-02-09
327,1612915200000,1.9664405844975215,18874409.70086336,2021-02-10
328,1613001600000,1.6679458235916864,15926991.974710286,2021-02-11
329,1613088000000,1.7166890632367804,16349578.412443757,2021-02-12
330,1613174400000,1.8834024627582995,17895598.319678582,2021-02-13
331,1613260800000,1.9313152666034084,18460321.990585204,2021-02-14
332,1613347200000,1.9260096632102552,18467831.19983539,2021-02-15
333,1613433600000,1.9777287367187972,18876489.09122321,2021-02-16
334,1613520000000,1.8911238217514188,18164768.530465778,2021-02-17
335,1613606400000,1.8976419264554298,18105945.377615977,2021-02-18
336,1613692800000,1.8060946844916836,17247202.14470064,2021-02-19
337,1613779200000,1.7021227908576038,16250543.254618637,2021-02-20
338,1613865600000,1.6730002016833148,15933574.901608286,2021-02-21
339,1613952000000,1.5667477411055157,14930370.224695828,2021-02-22
340,1614038400000,1.407506364576356,13374369.5396492,2021-02-23
341,1614124800000,1.2127386671422187,11553269.498117058,2021-02-24
342,1614211200000,1.3394146894915606,12788780.023469454,2021-02-25
343,1614297600000,1.2861150605186453,12873735.598074414,2021-02-26
344,1614384000000,1.27995002977128,12210010.806811195,2021-02-27
345,1614470400000,1.4393086764410061,13868292.110024026,2021-02-28
346,1614556800000,1.4286454998233424,13593876.076595457,2021-03-01
347,1614643200000,1.5222478956444063,14548371.306066053,2021-03-02
348,1614729600000,1.5256256919539701,14621773.950375754,2021-03-03
349,1614816000000,1.5407444170396507,14722181.142729538,2021-03-04
350,1614902400000,1.5947752903373493,15250969.71250453,2021-03-05
351,1614988800000,1.5192978744597831,14472015.177315727,2021-03-06
352,1615075200000,1.5514863003037642,14812528.63247438,2021-03-07
353,1615161600000,1.6001061504045067,15296007.843309646,2021-03-08
354,1615248000000,1.6408610504272947,15684258.924657274,2021-03-09
355,1615334400000,1.4486059328418655,13824612.81645651,2021-03-10
356,1615420800000,1.3720004367150915,13128506.289069617,2021-03-11
357,1615507200000,1.4208256112905602,13610603.514837174,2021-03-12
358,1615593600000,1.4997338170662664,14318541.267882181,2021-03-13
359,1615680000000,1.606917714813864,15499134.5634781,2021-03-14
360,1615766400000,1.6106281431659846,15142414.713175667,2021-03-15
361,1615852800000,1.580279522610439,14984731.500853544,2021-03-16
362,1615939200000,1.668438572877884,15994811.83288901,2021-03-17
363,1616025600000,1.6904250945239672,16230399.552029291,2021-03-18
364,1616112000000,1.7084892520311674,16378780.710380428,2021-03-19
365,1616198400000,1.7194855286625297,16368569.959282544,2021-03-20
366,1616284800000,1.9781747426387968,18825688.52421626,2021-03-21
367,1616371200000,1.9533792165163697,19197906.800071787,2021-03-22
368,1616457600000,1.7833120562274971,17205468.787909873,2021-03-23
369,1616544000000,1.8951696649353058,17655895.972158123,2021-03-24
370,1616630400000,1.9602279092658734,19353404.750689913,2021-03-25
371,1616716800000,1.973145096662728,18623057.607799668,2021-03-26
372,1616803200000,1.8232617645616838,25307718.778316185,2021-03-27
373,1616889600000,1.879833746016574,25653855.966513414,2021-03-28
374,1616976000000,1.8540233202678547,25408601.80471753,2021-03-29
375,1617062400000,1.895754158058335,23989294.75127261,2021-03-30
376,1617148800000,1.9589374922807299,26817860.737909954,2021-03-31
377,1617235200000,1.959779247063366,26288395.969532374,2021-04-01
378,1617321600000,2.1353453311924278,28905982.42223548,2021-04-02
379,1617408000000,2.2008625839179925,29661740.199317485,2021-04-03
380,1617494400000,2.1546898131849503,29535922.30650975,2021-04-04
381,1617580800000,2.138013882734642,28914175.435184,2021-04-05
382,1617667200000,2.1855978606607276,29495563.533123363,2021-04-06
383,1617753600000,2.192510836739808,29474837.23426518,2021-04-07
384,1617840000000,2.1218123999069056,28792368.12227073,2021-04-08
385,1617926400000,2.106656118022462,28408061.30071551,2021-04-09
386,1618012800000,2.2006965423705562,29814017.73649919,2021-04-10
387,1618099200000,2.211812665040389,29884933.58702774,2021-04-11
388,1618185600000,2.220321300469624,30096985.884656567,2021-04-12
389,1618272000000,2.091804477151368,28555927.97897319,2021-04-13
390,1618358400000,2.1004784593138934,28467052.93249217,2021-04-14
391,1618444800000,2.414224382755018,32856249.260120302,2021-04-15
392,1618531200000,2.216809398982374,30049845.84493248,2021-04-16
393,1618617600000,2.248847934515252,30567366.0422641,2021-04-17
394,1618704000000,2.6671050548452175,36140535.465955615,2021-04-18
395,1618790400000,2.207067077573023,30061271.61527797,2021-04-19
396,1618876800000,2.504533648218742,34134658.25331836,2021-04-20
397,1618963200000,2.431652775716368,32985571.72712772,2021-04-21
398,1619049600000,2.410183138276818,32512401.28656304,2021-04-22
399,1619136000000,2.351469131755823,31386087.75021879,2021-04-23
400,1619222400000,2.6236795907691994,35503763.45130672,2021-04-24
401,1619308800000,2.567490895765728,34802952.72242853,2021-04-25
402,1619395200000,2.293510516675604,30927241.89385627,2021-04-26
403,1619481600000,2.4974600190850866,33826186.42405666,2021-04-27
404,1619568000000,2.5495423027027244,34637641.910509825,2021-04-28
405,1619654400000,2.568610687558784,34775608.569412276,2021-04-29
406,1619740800000,2.7480346559946995,37258014.884300835,2021-04-30
407,1619827200000,2.531913099003548,34289031.27772889,2021-05-01
408,1619913600000,2.4936289716959195,34029586.88092687,2021-05-02
409,1620000000000,2.276756113696796,30946824.04266831,2021-05-03
410,1620086400000,2.6051661486769526,35515826.15530239,2021-05-04
411,1620172800000,2.4708954885607217,33823648.366140045,2021-05-05
412,1620259200000,2.5025099401503947,33952104.97348567,2021-05-06
413,1620345600000,2.544741777122574,34431754.022832446,2021-05-07
414,1620432000000,2.545573001231432,34359018.6055735,2021-05-08
415,1620518400000,2.552806201482957,34380113.30973163,2021-05-09
416,1620604800000,2.430351333038529,32719961.502184186,2021-05-10
417,1620691200000,2.518950660433233,34612969.12153855,2021-05-11
418,1620777600000,2.894654539258041,39483116.96532553,2021-05-12
419,1620864000000,3.1124668373404565,42669995.304413885,2021-05-13
420,1620950400000,3.13218762595767,42337571.44635719,2021-05-14
421,1621036800000,3.212346259266413,43434214.947524965,2021-05-15
422,1621123200000,3.131578347256399,42463903.285892785,2021-05-16
423,1621209600000,3.224341500286031,43951076.393366754,2021-05-17
424,1621296000000,3.110179474702378,42395041.35080856,2021-05-18
425,1621382400000,3.1528123409442106,42959355.89523136,2021-05-19
426,1621468800000,2.995694777436381,41184723.22358239,2021-05-20
427,1621555200000,3.3245734653356735,44680842.35379803,2021-05-21
428,1621641600000,3.4415039991508256,46422135.34559384,2021-05-22
429,1621728000000,3.344120661268514,45326034.97472982,2021-05-23
430,1621814400000,3.3282566979759896,45565484.75819849,2021-05-24
431,1621900800000,3.5020451053342954,47091893.52517059,2021-05-25
432,1621987200000,3.387604250486521,45902464.521638475,2021-05-26
433,1622073600000,3.420623576823603,46660417.74672753,2021-05-27
434,1622160000000,3.3640242230393653,45340481.052657485,2021-05-28
435,1622246400000,3.191729198962974,43680345.037482746,2021-05-29
436,1622332800000,3.6516968498241327,49556150.31203248,2021-05-30
437,1622419200000,3.8925682325990225,52761411.42726196,2021-05-31
438,1622505600000,3.919693695600923,52917859.95733199,2021-06-01
439,1622592000000,3.782474461943791,51357705.69383235,2021-06-02
440,1622678400000,3.736043188735365,50824877.67227109,2021-06-03
441,1622764800000,3.7366997118981304,50903835.83093512,2021-06-04
442,1622851200000,3.826317641884304,52414218.16017795,2021-06-05
443,1622937600000,3.8058770878094803,51305400.92645969,2021-06-06
444,1623024000000,4.162855069691992,56332659.30655807,2021-06-07
445,1623110400000,4.014748057339351,54683743.638186514,2021-06-08
446,1623196800000,3.742092137384026,50799320.78057963,2021-06-09
447,1623283200000,4.001909120475159,54319965.59824443,2021-06-10
448,1623369600000,4.024991533807533,54630188.035214916,2021-06-11
449,1623456000000,3.770782920814324,51050798.7558974,2021-06-12
450,1623542400000,4.118729880293204,55827094.71023561,2021-06-13
451,1623628800000,4.105288498710867,55908081.4318371,2021-06-14
452,1623715200000,4.137994549528159,56088339.85622362,2021-06-15
453,1623801600000,3.996746560630807,54134901.384792045,2021-06-16
454,1623888000000,3.7133905931752507,50050983.84483082,2021-06-17
455,1623974400000,4.118326955060112,55694191.17783369,2021-06-18
456,1624060800000,4.099204815288802,55738933.36271355,2021-06-19
457,1624147200000,4.125438654841159,55909556.03070327,2021-06-20
458,1624233600000,4.182382169003443,56693189.89018006,2021-06-21
459,1624320000000,4.361883317431655,58546580.99157207,2021-06-22
460,1624406400000,4.2882257157210875,58203967.217702895,2021-06-23
461,1624492800000,4.431236090865193,60306650.97100273,2021-06-24
462,1624579200000,4.586853090366001,61905443.58876395,2021-06-25
463,1624665600000,5.142179835499059,69716239.74829297,2021-06-26
464,1624752000000,5.145902808641821,70179138.35993885,2021-06-27
465,1624838400000,5.378701584463534,72773746.52089687,2021-06-28
466,1624924800000,5.756707781397197,78054273.87380293,2021-06-29
467,1625011200000,5.7274071842179595,77908290.46297538,2021-06-30
468,1625097600000,5.845728491651136,79273906.64178917,2021-07-01
469,1625184000000,5.768883541097837,78546112.65492691,2021-07-02
470,1625270400000,5.822527601419613,78758711.077148,2021-07-03
471,1625356800000,5.8672359561924345,79478277.52590191,2021-07-04
472,1625443200000,5.625867470604617,76324259.29882024,2021-07-05
473,1625529600000,5.7356110066560095,77842498.07538119,2021-07-06
474,1625616000000,5.7662370488635055,78233255.03318214,2021-07-07
475,1625702400000,5.732621477062256,77739111.85388373,2021-07-08
476,1625788800000,5.725201478535317,77606474.36469959,2021-07-09
477,1625875200000,5.753533451332226,78059106.4226441,2021-07-10
478,1625961600000,5.723300376798304,77637088.12887676,2021-07-11
479,1626048000000,5.775747083518437,78249926.08449416,2021-07-12
480,1626134400000,5.793170443985476,78298829.60586251,2021-07-13
481,1626220800000,5.722559921336538,77707849.64000508,2021-07-14
482,1626307200000,5.81089050057391,78776261.1454177,2021-07-15
483,1626393600000,5.77203699137675,78088780.80535701,2021-07-16
484,1626480000000,5.743,77834182.338,2021-07-17
485,1626566400000,5.834364114748128,79086199.9884343,2021-07-18
486,1626652800000,5.724318549201581,77485653.33570528,2021-07-19
487,1626739200000,5.775568319388664,78557129.31545494,2021-07-20
488,1626825600000,6.165921527805502,83698361.4008588,2021-07-21
489,1626912000000,6.0778242002090215,82476443.74808489,2021-07-22
490,1626998400000,6.078000850846238,82379596.56378113,2021-07-23
491,1627084800000,6.032012851777486,81756965.15630163,2021-07-24
492,1627171200000,6.06901275156153,82175330.80398479,2021-07-25
493,1627257600000,5.83636915509387,77714514.81521806,2021-07-26
494,1627344000000,5.959836900118441,80999221.81538102,2021-07-27
495,1627430400000,6.0441616189298495,81538564.26756412,2021-07-28
496,1627516800000,6.106073274666673,82712103.1376898,2021-07-29
497,1627603200000,6.014622798394555,81791811.05858068,2021-07-30
498,1627689600000,5.751822069798801,77810123.93852252,2021-07-31
499,1627776000000,5.673374062429639,76244412.76328038,2021-08-01
500,1627862400000,5.843417515255684,79493381.54688843,2021-08-02
501,1627948800000,5.857340421264334,79513375.97648022,2021-08-03
502,1628035200000,5.894293871441563,79805786.90478228,2021-08-04
503,1628121600000,5.861894619003387,79438264.903131,2021-08-05
504,1628208000000,5.9088510850236196,80136177.65414056,2021-08-06
505,1628294400000,5.8498634828646265,79296297.62760243,2021-08-07
506,1628380800000,5.789585339394838,78453416.08217178,2021-08-08
507,1628467200000,5.783634115215124,77444999.45900258,2021-08-09
508,1628553600000,5.949970630705695,80675369.44092506,2021-08-10
509,1628640000000,5.759632702576285,77755411.4141777,2021-08-11
510,1628726400000,5.725431240743964,77611584.54359913,2021-08-12
511,1628812800000,5.76716975585326,78171082.43100774,2021-08-13
512,1628899200000,5.7856500129386745,78323124.02324212,2021-08-14
513,1628985600000,5.825615798533494,78949701.25567181,2021-08-15
514,1629072000000,5.758200988499859,78051086.50607832,2021-08-16
515,1629158400000,5.762124365584388,77699440.55952266,2021-08-17
516,1629244800000,5.687996072574546,77527723.9597448,2021-08-18
517,1629331200000,5.744007028256895,77861388.08570197,2021-08-19
518,1629417600000,5.751055615598517,78005170.11401689,2021-08-20
519,1629504000000,5.748454763499569,77892575.04337007,2021-08-21
520,1629590400000,5.785764707817043,78490571.49266942,2021-08-22
521,1629676800000,5.691008675193535,77251117.51782097,2021-08-23
522,1629763200000,5.6197682578075705,76412891.55365984,2021-08-24
523,1629849600000,5.582042164377436,75487853.7599435,2021-08-25
524,1629936000000,5.605615643160343,75856882.49482845,2021-08-26
525,1630022400000,5.505237948828944,74794865.43065278,2021-08-27
526,1630108800000,5.730276380653337,77754926.36047274,2021-08-28
527,1630195200000,5.683701874041379,76591138.0554556,2021-08-29
528,1630281600000,5.653513509113242,76573069.36586829,2021-08-30
529,1630368000000,5.664509821664967,76894827.31022191,2021-08-31
530,1630454400000,5.725103445307448,77597259.50530988,2021-09-01
531,1630540800000,5.695509642194676,77047397.88988146,2021-09-02
532,1630627200000,5.721832964230935,77603565.01979265,2021-09-03
533,1630713600000,5.67095657340297,76923535.0973577,2021-09-04
534,1630800000000,5.553932931072695,75362317.53686884,2021-09-05
535,1630886400000,5.561763216896698,75303021.95503968,2021-09-06
536,1630972800000,5.6592348152656475,76946607.74760352,2021-09-07
537,1631059200000,5.520202138608246,75205215.38412742,2021-09-08
538,1631145600000,5.5100600178127115,74624101.85392335,2021-09-09
539,1631232000000,5.604949492358317,75956607.84197424,2021-09-10
540,1631318400000,5.614854386928767,76078500.67801009,2021-09-11
541,1631404800000,5.46197555700295,74104460.75503354,2021-09-12
542,1631491200000,5.577621675731358,75787770.5874767,2021-09-13
543,1631577600000,5.649326302493144,76643471.39771104,2021-09-14
544,1631664000000,5.663396525825741,76549845.23616621,2021-09-15
545,1631750400000,5.6057563715608545,76013066.60320301,2021-09-16
546,1631836800000,5.583073675328472,75654754.21098273,2021-09-17
547,1631923200000,5.584097206733426,75804842.96845114,2021-09-18
548,1632009600000,5.569016609525224,75249274.26002367,2021-09-19
549,1632096000000,5.621938957217634,76323033.65402284,2021-09-20
550,1632182400000,5.574431318213646,75561118.44345821,2021-09-21
551,1632268800000,5.41504106814983,73387002.29481342,2021-09-22
552,1632355200000,5.603184032467714,75931084.96289285,2021-09-23
553,1632441600000,5.525100894311162,74894063.12150154,2021-09-24
554,1632528000000,5.532898383308052,75135138.53941287,2021-09-25
555,1632614400000,5.463731908438637,74241961.10157323,2021-09-26
556,1632700800000,5.529925718353717,75395822.20599136,2021-09-27
557,1632787200000,5.5919069512185,75645629.8675463,2021-09-28
558,1632873600000,5.467939345648566,74127366.3890314,2021-09-29
559,1632960000000,5.52990538503099,74857020.5085311,2021-09-30
560,1633046400000,5.507076239551943,74732485.53138858,2021-10-01
561,1633132800000,5.40138713555026,73311704.03153001,2021-10-02
562,1633219200000,6.295031482644131,85189694.72747631,2021-10-03
563,1633305600000,6.07834476824958,83008835.28209609,2021-10-04
564,1633392000000,6.021733032330888,81880612.88220006,2021-10-05
565,1633478400000,5.920790427846719,80358290.70511639,2021-10-06
566,1633564800000,6.002971518945494,81395546.6473378,2021-10-07
567,1633651200000,5.899301160265169,79198501.44907948,2021-10-08
568,1633737600000,5.8673726188922695,79506867.1567426,2021-10-09
569,1633824000000,5.827886651893357,78836223.0600698,2021-10-10
570,1633910400000,5.972444051588717,80947018.5707882,2021-10-11
571,1633996800000,6.148762425226572,83145237.19382668,2021-10-12
572,1634083200000,6.101048573478356,82746946.55437241,2021-10-13
573,1634169600000,6.119251881040966,82958039.7899704,2021-10-14
574,1634256000000,6.025806083739984,81713671.37040326,2021-10-15
575,1634342400000,6.069914295008755,82068979.14134568,2021-10-16
576,1634428800000,6.007556506056444,81331121.74749851,2021-10-17
577,1634515200000,5.854077359857762,79299274.92803493,2021-10-18
578,1634601600000,5.820218103491572,79199243.73900704,2021-10-19
579,1634688000000,5.862863043346692,79337777.74234948,2021-10-20
580,1634774400000,5.946561494105084,80629965.25302641,2021-10-21
581,1634860800000,6.7403076730877896,91504928.90918401,2021-10-22
582,1634947200000,6.376177320197402,86466281.38349646,2021-10-23
583,1635033600000,6.474095755270866,88081137.87184696,2021-10-24
584,1635120000000,6.516881964335119,88264366.45917518,2021-10-25
585,1635206400000,6.529102281644549,88496160.31223144,2021-10-26
586,1635292800000,6.511903077310565,88380130.64215736,2021-10-27
587,1635379200000,6.462767227761072,86960359.63585268,2021-10-28
588,1635465600000,6.518598192401932,87712309.99554005,2021-10-29
589,1635552000000,6.41484876488617,86498439.00578374,2021-10-30
590,1635638400000,6.338400007399618,86166325.05297221,2021-10-31
591,1635724800000,6.290533166723698,85359721.23903096,2021-11-01
592,1635811200000,6.394401246126607,86661823.12959373,2021-11-02
593,1635897600000,6.470538180389395,87709691.49380337,2021-11-03
594,1635984000000,6.56840483911383,89331286.5751078,2021-11-04
595,1636070400000,6.530987471096915,88378039.60878097,2021-11-05
596,1636156800000,6.541788555316791,88669734.0179974,2021-11-06
597,1636243200000,6.427585463150415,86828933.93219593,2021-11-07
598,1636329600000,6.525775325484363,88351735.354588,2021-11-08
599,1636416000000,6.356706248292971,86307502.24409062,2021-11-09
600,1636502400000,6.390369147235492,86816015.40403022,2021-11-10
601,1636588800000,6.363341412160607,85947863.25065078,2021-11-11
602,1636675200000,6.362633024695848,86324782.49818614,2021-11-12
603,1636761600000,6.362653556822438,85904615.01405254,2021-11-13
604,1636848000000,6.583498368550444,88950179.74537815,2021-11-14
605,1636934400000,6.404600658102762,86176117.00116196,2021-11-15
606,1637020800000,6.244622642968036,83617459.96392094,2021-11-16
607,1637107200000,6.758907224525166,91643618.40078482,2021-11-17
608,1637193600000,6.635482988210645,134075991.66821805,2021-11-18
609,1637280000000,6.394037029452184,130416840.98795989,2021-11-19
610,1637366400000,6.468843661519473,131338547.51185624,2021-11-20
611,1637452800000,6.416602400800846,130798736.5421968,2021-11-21
612,1637539200000,6.461391519510604,131814944.9647569,2021-11-22
613,1637625600000,6.960334644043938,141438345.60997772,2021-11-23
614,1637712000000,6.7019917587694415,134756610.77034158,2021-11-24
615,1637798400000,6.523480177045883,132842308.31106563,2021-11-25
616,1637884800000,6.6161194884746,134199228.40802136,2021-11-26
617,1637971200000,6.405617142658549,130374850.84076022,2021-11-27
618,1638057600000,6.473996098752849,131297233.39993162,2021-11-28
619,1638144000000,6.517397025883496,132810918.92560843,2021-11-29
620,1638230400000,6.814242340128722,138962032.91167998,2021-11-30
621,1638316800000,6.786020918154575,138394321.1014984,2021-12-01
622,1638403200000,6.745577942643897,137440977.63787618,2021-12-02
623,1638489600000,6.7064919385301005,136687593.35707793,2021-12-03
624,1638576000000,6.608844779806865,135886236.7097984,2021-12-04
625,1638662400000,6.500850690007469,132717482.00831583,2021-12-05
626,1638748800000,6.416502329217521,130711026.85702132,2021-12-06
627,1638835200000,6.492887054208965,131625279.84394328,2021-12-07
628,1638921600000,6.542756794848714,133185997.0521743,2021-12-08
629,1639008000000,6.581570249275254,134090113.43703224,2021-12-09
630,1639094400000,6.453272655997192,131851038.24695218,2021-12-10
631,1639180800000,6.31733747613934,126598980.96649182,2021-12-11
632,1639267200000,6.2471625088158715,127121999.09605786,2021-12-12
633,1639353600000,6.359151928233005,129522820.90474038,2021-12-13
634,1639440000000,6.725771651097039,137026990.84920838,2021-12-14
635,1639526400000,6.705109711449069,135197287.74569252,2021-12-15
636,1639612800000,6.764276939632019,137794097.78358948,2021-12-16
637,1639699200000,6.7866804327775725,137990121.57648948,2021-12-17
638,1639785600000,6.463274181063966,131472765.61152864,2021-12-18
639,1639872000000,6.786501187439619,138203897.46277034,2021-12-19
640,1639958400000,6.76320085138443,138020956.3825137,2021-12-20
641,1640044800000,6.767488517676002,138575841.92962912,2021-12-21
642,1640131200000,6.81440080303348,138585072.48699594,2021-12-22
643,1640217600000,6.819266194109537,139110430.33315092,2021-12-23
644,1640304000000,6.85277626584435,139412207.57743824,2021-12-24
645,1640390400000,6.470502012778447,131815920.34411402,2021-12-25
646,1640476800000,6.515665069145526,133509656.90134753,2021-12-26
647,1640563200000,6.442813511813984,131307240.38941118,2021-12-27
648,1640649600000,6.333864790299382,129082523.17911938,2021-12-28
649,1640736000000,6.163130274377922,125564060.08400747,2021-12-29
650,1640822400000,6.0178714915674005,122096629.00377776,2021-12-30
651,1640908800000,6.123679420677835,124552923.0951576,2021-12-31
652,1640995200000,5.8412034104427875,119082949.67352799,2022-01-01
653,1641081600000,6.408323778060202,130065087.2323616,2022-01-02
654,1641168000000,6.997780661584812,142660075.96222234,2022-01-03
655,1641254400000,6.594896947133116,129886054.91796078,2022-01-04
656,1641340800000,6.58964928745551,135452680.02447012,2022-01-05
657,1641427200000,6.378921979204623,129876029.1577048,2022-01-06
658,1641513600000,6.811117691259665,138962315.14408424,2022-01-07
659,1641600000000,6.127780055733079,126585827.33958042,2022-01-08
660,1641686400000,6.641197440229068,135575205.1941869,2022-01-09
661,1641772800000,6.673394910249109,135959897.35255215,2022-01-10
662,1641859200000,6.867986603122747,139985614.18249497,2022-01-11
663,1641945600000,6.700157846648602,136823861.28646517,2022-01-12
664,1642032000000,6.6975025947102225,136559353.536409,2022-01-13
665,1642118400000,7.071566379330499,144571411.1234833,2022-01-14
666,1642204800000,7.078849999542877,143558570.22230166,2022-01-15
667,1642291200000,6.760368951199449,137662912.5734952,2022-01-16
668,1642377600000,6.917680247914397,140978206.26306555,2022-01-17
669,1642464000000,6.556092261031865,133627544.41687958,2022-01-18
670,1642550400000,6.873301739213724,140053255.5473195,2022-01-19
671,1642636800000,7.991031059084805,163313978.82849285,2022-01-20
672,1642723200000,7.761448844546968,158263078.61958113,2022-01-21
673,1642809600000,7.311627674773777,150628541.01960966,2022-01-22
674,1642896000000,6.776424978355521,141352731.2246616,2022-01-23
675,1642982400000,7.786131272021578,158335186.53704768,2022-01-24
676,1643068800000,7.830352476586163,159531083.24458748,2022-01-25
677,1643155200000,7.631409305216652,155781444.18323085,2022-01-26
678,1643241600000,7.684150542553779,157694738.19022167,2022-01-27
679,1643328000000,7.6964912282876385,156561309.858231,2022-01-28
680,1643414400000,7.5866122729592576,154527663.16586128,2022-01-29
681,1643500800000,7.791497882251061,158582818.70858204,2022-01-30
682,1643587200000,7.6225001412322335,155405944.38755938,2022-01-31
683,1643673600000,7.952395749883055,161883132.63553965,2022-02-01
684,1643760000000,8.04967124222267,164057344.8938413,2022-02-02
685,1643846400000,7.657224830637332,156057809.0076407,2022-02-03
686,1643932800000,7.645904518958582,155962871.45828232,2022-02-04
687,1644019200000,7.910337919503331,159922589.74369386,2022-02-05
688,1644105600000,7.812561331354505,159463314.25205624,2022-02-06
689,1644192000000,7.862073046745077,159721594.27917555,2022-02-07
690,1644278400000,7.893771043672958,161099268.10151854,2022-02-08
691,1644364800000,7.694988191026461,156674495.39190018,2022-02-09
692,1644451200000,7.760773296428396,158169256.8960897,2022-02-10
693,1644537600000,7.715706372011584,157151337.53241137,2022-02-11
694,1644624000000,7.643211739156414,155648582.26303288,2022-02-12
695,1644710400000,7.796052440025771,158798563.13693425,2022-02-13
696,1644796800000,7.734814596039498,157636335.10040498,2022-02-14
697,1644883200000,7.723005667884889,157373321.34086192,2022-02-15
698,1644969600000,7.700118748006447,157357876.57028174,2022-02-16
699,1645056000000,7.5629180595900065,153981551.97459653,2022-02-17
700,1645142400000,6.763468946346311,137803046.81196558,2022-02-18
701,1645228800000,6.765777349072194,137955438.5418506,2022-02-19
702,1645315200000,6.613652243952483,134611281.21322715,2022-02-20
703,1645401600000,5.923491971916589,120747956.3577504,2022-02-21
704,1645488000000,5.947785898359617,121203664.4563062,2022-02-22
705,1645574400000,6.2546419282142605,127522270.69404216,2022-02-23
706,1645660800000,6.370627039253747,129772229.7654015,2022-02-24
707,1645747200000,6.4968111950871,132352667.76165123,2022-02-25
708,1645833600000,6.8844733191636704,140324160.47528067,2022-02-26
709,1645920000000,7.434629947476235,150699408.03834954,2022-02-27
710,1646006400000,6.593566278501376,134356764.33038956,2022-02-28
711,1646092800000,6.628875333951584,134986754.30047002,2022-03-01
712,1646179200000,6.392497762024389,129635175.04352835,2022-03-02
713,1646265600000,6.708223405624065,136445511.0832956,2022-03-03
714,1646352000000,7.132432914010171,145421038.07423368,2022-03-04
715,1646438400000,7.257991563194815,147909688.42761806,2022-03-05
716,1646524800000,7.252065298791322,147769640.82720035,2022-03-06
717,1646611200000,7.199566240701967,146762762.45416683,2022-03-07
718,1646697600000,7.194532063053094,146752962.49179888,2022-03-08
719,1646784000000,7.4717025050775705,152191819.09444824,2022-03-09
720,1646870400000,7.786114847376751,158612218.36748618,2022-03-10
721,1646956800000,7.494708167425899,152634613.6301502,2022-03-11
722,1647043200000,8.34682660666587,172290452.08228785,2022-03-12
723,1647129600000,8.399947004923694,169923007.6828793,2022-03-13
724,1647216000000,8.404777924859921,173336241.51983792,2022-03-14
725,1647302400000,8.136004608487102,165795735.1515943,2022-03-15
726,1647388800000,8.26809830293301,168603339.26324144,2022-03-16
727,1647475200000,8.427586514910148,174050151.36270612,2022-03-17
728,1647561600000,8.590336414288132,175014557.48059535,2022-03-18
729,1647648000000,8.41781341843265,172856908.3666184,2022-03-19
730,1647734400000,8.420518250300715,170651547.28932247,2022-03-20
731,1647820800000,8.340394523805209,169923094.66754842,2022-03-21
732,1647907200000,8.105778660853181,164870093.47746456,2022-03-22
733,1647993600000,7.732164317679205,157402032.0021267,2022-03-23
734,1648080000000,8.522122639383632,174085918.1694491,2022-03-24
735,1648166400000,8.51502335884798,173338400.34029254,2022-03-25
736,1648252800000,8.131199605730218,164454400.16654918,2022-03-26
737,1648339200000,7.68689445247309,156632403.94867423,2022-03-27
738,1648425600000,7.772540363762303,158299819.59511873,2022-03-28
739,1648512000000,7.687492392463178,157663149.0104713,2022-03-29
740,1648598400000,8.001821224536963,162862732.06878287,2022-03-30
741,1648684800000,8.031343492918529,163720610.91669458,2022-03-31
742,1648771200000,7.766589732723184,158315023.1496857,2022-04-01
743,1648857600000,8.08716395662241,164692566.36723304,2022-04-02
744,1648944000000,8.062412331674556,164532236.24545678,2022-04-03
745,1649030400000,8.12030200351944,166116502.543492,2022-04-04
746,1649116800000,7.544212451837259,153701861.6048917,2022-04-05
747,1649203200000,7.52260752573843,153497068.2843394,2022-04-06
748,1649289600000,7.518922914864859,152254756.003212,2022-04-07
749,1649376000000,7.698586569995505,155991585.5153874,2022-04-08
750,1649462400000,8.162287862732892,165898372.04634017,2022-04-09
751,1649548800000,8.285384092131945,168529472.21696284,2022-04-10
752,1649635200000,8.219753071724334,167859785.87367707,2022-04-11
753,1649721600000,7.499146857214279,152753075.23821968,2022-04-12
754,1649808000000,7.627161953132258,155243426.54533106,2022-04-13
755,1649894400000,7.7104583200150225,157059663.70795,2022-04-14
756,1649980800000,7.618955169926502,155360065.37780648,2022-04-15
757,1650067200000,7.723813116179482,157270969.67579022,2022-04-16
758,1650153600000,8.063803046666623,165056704.4778196,2022-04-17
759,1650240000000,7.994259332364455,163817771.95246702,2022-04-18
760,1650326400000,7.818280273694458,159858719.9422318,2022-04-19
761,1650412800000,7.501949347271373,152790673.5373145,2022-04-20
762,1650499200000,7.497759353409885,152755022.85922608,2022-04-21
763,1650585600000,7.5021851556481565,152587335.3233674,2022-04-22
764,1650672000000,7.560032237373301,153885091.66545743,2022-04-23
765,1650758400000,7.504473468387092,152965432.6490332,2022-04-24
766,1650844800000,7.516141470403719,153173407.81291956,2022-04-25
767,1650931200000,7.492917760128518,152656383.03131083,2022-04-26
768,1651017600000,7.227617814469359,146789299.91150403,2022-04-27
769,1651104000000,7.471010434733234,151793995.5098225,2022-04-28
770,1651190400000,7.422072547892816,151169814.3879664,2022-04-29
771,1651276800000,7.305805935275999,148772024.69892812,2022-04-30
772,1651363200000,7.1088124373584405,145026470.20237917,2022-05-01
773,1651449600000,6.9753183578255245,141762350.54470876,2022-05-02
774,1651536000000,7.083298413545621,144669927.4241616,2022-05-03
775,1651622400000,6.767114164347072,137903941.6248776,2022-05-04
776,1651708800000,6.773901651218537,138204904.24017745,2022-05-05
777,1651795200000,6.686912222902451,136338551.5138059,2022-05-06
778,1651881600000,6.563393057256958,133733433.7986699,2022-05-07
779,1651968000000,6.693522927600815,135340547.38133615,2022-05-08
780,1652054400000,6.424900089126741,131481740.5757555,2022-05-09
781,1652140800000,6.1850339685574545,126227585.49238849,2022-05-10
782,1652227200000,6.308590594610675,128484560.35684977,2022-05-11
783,1652313600000,6.166624694308201,120995976.89380902,2022-05-12
784,1652400000000,4.032999724396639,82244360.18994409,2022-05-13
785,1652486400000,4.979232318364359,101581036.24986777,2022-05-14
786,1652572800000,6.278177856278053,127908042.13463406,2022-05-15
787,1652659200000,6.349106842013141,129219979.35985087,2022-05-16
788,1652745600000,6.335351817100448,128591720.14886917,2022-05-17
789,1652832000000,6.408525674247432,130735683.20794596,2022-05-18
790,1652918400000,6.271553144844867,127847920.69234566,2022-05-19
791,1653004800000,6.63820919232241,135180044.1837188,2022-05-20
792,1653091200000,6.61156948326762,134751517.64010298,2022-05-21
793,1653177600000,6.613189246859276,134449649.7423232,2022-05-22
794,1653264000000,6.648137642927203,135386355.42642364,2022-05-23
795,1653350400000,6.869199270167026,140009415.56495503,2022-05-24
796,1653436800000,6.759840955586195,137666889.30466005,2022-05-25
797,1653523200000,6.733396463352383,137240131.0204114,2022-05-26
798,1653609600000,6.809389605606618,138756975.765912,2022-05-27
799,1653696000000,6.562867917903073,133190328.8076774,2022-05-28
800,1653782400000,6.5479321581728325,133476507.06235541,2022-05-29
801,1653868800000,6.493104638599015,132284033.27722456,2022-05-30
802,1653955200000,6.663650877402387,135695969.60962224,2022-05-31
803,1654041600000,6.696469490038989,136512897.9305417,2022-06-01
804,1654128000000,6.529894280563949,133598539.30857678,2022-06-02
805,1654214400000,6.486984365641074,132128549.59917277,2022-06-03
806,1654300800000,6.470167716292044,131795131.85229385,2022-06-04
807,1654387200000,6.479076765913203,132021613.93779966,2022-06-05
808,1654473600000,6.210323800621583,126565528.75144918,2022-06-06
809,1654560000000,6.187732042802575,126148789.40137541,2022-06-07
810,1654646400000,6.281145528645719,128118237.09492132,2022-06-08
811,1654732800000,6.140056936455294,124961200.5195476,2022-06-09
812,1654819200000,6.0355570290941145,122993744.05896923,2022-06-10
813,1654905600000,5.987910840845178,122022791.42956363,2022-06-11
814,1654992000000,5.335400672944248,108740665.54463229,2022-06-12
815,1655078400000,5.1014432840385355,104194392.85914227,2022-06-13
816,1655164800000,4.610506023522374,94180413.12758322,2022-06-14
817,1655251200000,4.566566898114018,93088795.72948223,2022-06-15
818,1655337600000,4.415107758714635,90017925.6789341,2022-06-16
819,1655424000000,4.49085469923919,91533793.85647815,2022-06-17
820,1655510400000,4.4893723035130275,91366600.57811655,2022-06-18
821,1655596800000,4.097173436146011,83526222.73816548,2022-06-19
822,1655683200000,4.103496878574712,83518655.74104416,2022-06-20
823,1655769600000,4.380442148025052,89273097.48993364,2022-06-21
824,1655856000000,4.400464434392647,90051387.37224194,2022-06-22
825,1655942400000,4.09166575665616,83661733.4469323,2022-06-23
826,1656028800000,4.443759726693056,90952314.31714182,2022-06-24
827,1656115200000,4.52271707496023,92047777.1516799,2022-06-25
828,1656201600000,4.471157842513473,91508405.58749007,2022-06-26
829,1656288000000,4.412700988881101,89167416.93317537,2022-06-27
830,1656374400000,4.826898290172778,94684525.9067161,2022-06-28
831,1656460800000,4.893083987880426,99636070.326567,2022-06-29
832,1656547200000,4.5042052669104935,91626265.00478165,2022-06-30
833,1656633600000,4.454920471637562,87015074.07052572,2022-07-01
834,1656720000000,4.47442777656119,91280573.66493002,2022-07-02
835,1656806400000,4.545093048233712,92546956.23238124,2022-07-03
836,1656892800000,4.51771435195653,92755000.74142137,2022-07-04
837,1656979200000,4.520817602304382,91652994.50723884,2022-07-05
838,1657065600000,4.57536656797176,91044546.99992418,2022-07-06
839,1657152000000,4.568798023821836,93094583.96900038,2022-07-07
840,1657238400000,4.512748111445466,90628844.98573375,2022-07-08
841,1657324800000,4.368317288273413,88963092.98079966,2022-07-09
842,1657411200000,4.322643173575371,87952388.546808,2022-07-10
843,1657497600000,4.258698356552293,86676584.74161509,2022-07-11
844,1657584000000,4.144112944997495,84558580.4362082,2022-07-12
845,1657670400000,3.9234963190920142,79955474.31338654,2022-07-13
846,1657756800000,4.201841831922561,85909262.38168353,2022-07-14
847,1657843200000,4.349768254797437,89438575.91505748,2022-07-15
848,1657929600000,4.22001455653739,86309122.25244948,2022-07-16
849,1658016000000,4.283926817049504,86853315.49721725,2022-07-17
850,1658102400000,4.302115462751116,87559462.42482078,2022-07-18
851,1658188800000,4.345911738968501,88445483.55649081,2022-07-19
852,1658275200000,4.476350346689035,91241076.52953501,2022-07-20
853,1658361600000,4.477106802982087,92254426.76996759,2022-07-21
854,1658448000000,4.865199909550973,99088576.9806687,2022-07-22
855,1658534400000,4.97707882411539,101394501.93842797,2022-07-23
856,1658620800000,4.797974493266276,97735484.2306842,2022-07-24
857,1658707200000,4.783755193433575,97747386.21931632,2022-07-25
858,1658793600000,4.5430295459337025,91576728.9577862,2022-07-26
859,1658880000000,4.599167903066922,93155327.17383856,2022-07-27
860,1658966400000,4.574456384201047,92975144.42562726,2022-07-28
861,1659052800000,4.827455025405406,98443301.40968627,2022-07-29
862,1659139200000,4.773109004683443,97993154.19735467,2022-07-30
863,1659225600000,4.597505218029437,93759490.44508955,2022-07-31
864,1659312000000,4.512006819563062,91872227.10789852,2022-08-01
865,1659398400000,4.436026986668591,90005085.17176837,2022-08-02
866,1659484800000,4.6861536357113645,95735505.06669213,2022-08-03
867,1659571200000,4.52143312538544,92178548.19731183,2022-08-04
868,1659657600000,4.63329539581512,94315160.59486328,2022-08-05
869,1659744000000,4.63370439832401,93995186.73153786,2022-08-06
870,1659830400000,4.792796782809649,97568218.52105513,2022-08-07
871,1659916800000,4.6306505582213235,95005289.41355498,2022-08-08
872,1660003200000,4.561245651537942,97366381.71466017,2022-08-09
873,1660089600000,4.510352782139322,97366381.71466017,2022-08-10
874,1660176000000,4.1301227101636035,97366381.71466017,2022-08-11
875,1660262400000,4.540190639018921,97366381.71466017,2022-08-12
876,1660348800000,4.496873432901729,97366381.71466017,2022-08-13
877,1660435200000,4.664430488418372,97366381.71466017,2022-08-14
878,1660521600000,4.6988697155465555,97366381.71466017,2022-08-15
879,1660608000000,4.638449833909788,97366381.71466017,2022-08-16
880,1660694400000,4.522055330550965,97366381.71466017,2022-08-17
881,1660780800000,4.471021785984226,97366381.71466017,2022-08-18
882,1660867200000,4.3325249295057375,97366381.71466017,2022-08-19
883,1660953600000,4.163472582550547,97366381.71466017,2022-08-20
884,1661040000000,4.06780230437911,97366381.71466017,2022-08-21
885,1661126400000,4.241656877098279,97366381.71466017,2022-08-22
886,1661212800000,4.078672818788911,97366381.71466017,2022-08-23
887,1661299200000,4.201499015005371,97366381.71466017,2022-08-24
888,1661385600000,4.224420646054414,97366381.71466017,2022-08-25
889,1661472000000,4.171914326683149,97366381.71466017,2022-08-26
890,1661558400000,4.112480687350274,97366381.71466017,2022-08-27
891,1661644800000,4.083331489299738,97366381.71466017,2022-08-28
892,1661731200000,4.042601170695578,97366381.71466017,2022-08-29
893,1661817600000,4.081918827690257,97366381.71466017,2022-08-30
894,1661904000000,4.064397172749999,97366381.71466017,2022-08-31
895,1661990400000,4.193132885011339,97366381.71466017,2022-09-01
896,1662076800000,4.0801160055040135,97366381.71466017,2022-09-02
897,1662163200000,4.20516106185009,97366381.71466017,2022-09-03
898,1662249600000,4.267883901751013,97366381.71466017,2022-09-04
899,1662336000000,4.220943640905849,97366381.71466017,2022-09-05
900,1662422400000,4.223777472901357,97366381.71466017,2022-09-06
901,1662508800000,4.194432134233914,97366381.71466017,2022-09-07
902,1662595200000,4.334137561951839,97366381.71466017,2022-09-08
903,1662681600000,4.285921337793798,97366381.71466017,2022-09-09
904,1662768000000,4.374999875679546,97366381.71466017,2022-09-10
905,1662854400000,4.555147860081356,97366381.71466017,2022-09-11
906,1662940800000,4.499052330922526,97366381.71466017,2022-09-12
907,1663027200000,4.47695228704626,97366381.71466017,2022-09-13
908,1663113600000,4.460252116151286,97366381.71466017,2022-09-14
909,1663200000000,4.451651209679072,97366381.71466017,2022-09-15
910,1663286400000,4.499762413075803,97366381.71466017,2022-09-16
911,1663372800000,4.334732245751113,97366381.71466017,2022-09-17
912,1663459200000,4.409794145460047,97366381.71466017,2022-09-18
913,1663545600000,4.311122961281392,97366381.71466017,2022-09-19
914,1663632000000,4.456234524798665,97366381.71466017,2022-09-20
915,1663718400000,4.1523691312081805,97366381.71466017,2022-09-21
916,1663804800000,3.9682835630403983,97366381.71466017,2022-09-22
917,1663891200000,4.127404132180943,97366381.71466017,2022-09-23
918,1663977600000,4.010031699442196,97366381.71466017,2022-09-24
919,1664064000000,4.077599297353348,97366381.71466017,2022-09-25
920,1664150400000,4.042840599807816,97366381.71466017,2022-09-26
921,1664236800000,4.002411237589888,97366381.71466017,2022-09-27
922,1664323200000,4.082205128833947,97366381.71466017,2022-09-28
923,1664409600000,3.9851527080797378,97366381.71466017,2022-09-29
924,1664496000000,4.000893563091659,97366381.71466017,2022-09-30
925,1664582400000,4.012448914862027,97366381.71466017,2022-10-01
926,1664668800000,4.0031373430728205,97366381.71466017,2022-10-02
927,1664755200000,3.986576453773264,97366381.71466017,2022-10-03
928,1664841600000,3.995763426227157,97366381.71466017,2022-10-04
929,1664928000000,3.983105018970265,97366381.71466017,2022-10-05
930,1665014400000,3.9112955531885603,97366381.71466017,2022-10-06
931,1665100800000,3.9048822185403385,97366381.71466017,2022-10-07
932,1665187200000,3.9437739081677843,97366381.71466017,2022-10-08
933,1665273600000,3.8662285345440512,97366381.71466017,2022-10-09
934,1665360000000,3.8315500159796367,97366381.71466017,2022-10-10
935,1665446400000,3.794715255071834,97366381.71466017,2022-10-11
936,1665532800000,3.694208174141935,97366381.71466017,2022-10-12
937,1665619200000,3.7060942098434646,97366381.71466017,2022-10-13
938,1665705600000,3.6746517310239137,97366381.71466017,2022-10-14
939,1665792000000,3.70776483043786,97366381.71466017,2022-10-15
940,1665878400000,3.683,97366381.71466017,2022-10-16
941,1665964800000,3.6900101827410956,97366381.71466017,2022-10-17
942,1666051200000,3.6907673195347144,97366381.71466017,2022-10-18
943,1666137600000,3.691,97366381.71466017,2022-10-19
944,1666224000000,3.690908709290971,97366381.71466017,2022-10-20
945,1666310400000,3.6542293993319084,97366381.71466017,2022-10-21
946,1666396800000,3.646,97366381.71466017,2022-10-22
947,1666483200000,3.6009684289353943,583608266.7884616,2022-10-23
948,1666569600000,3.631273888735742,588419525.0818545,2022-10-24
949,1666656000000,3.56852799069102,578314964.0462272,2022-10-25
950,1666742400000,3.45151515760484,559347325.6691128,2022-10-26
951,1666828800000,3.460819757210548,560775690.3386664,2022-10-27
952,1666915200000,3.4568409535013753,560383603.3104951,2022-10-28
953,1667001600000,3.3845506094758715,562779873.3052689,2022-10-29
954,1667088000000,3.2962124746849275,534480579.69326234,2022-10-30
955,1667174400000,3.411855543925797,552495204.1521705,2022-10-31
956,1667260800000,3.494495947322539,566392386.4623032,2022-11-01
957,1667347200000,3.6874887493962287,597557668.3832577,2022-11-02
958,1667433600000,3.680946733960025,587009689.168158,2022-11-03
959,1667520000000,3.610826078150818,584862551.1400249,2022-11-04
960,1667606400000,3.8595447730153127,625515116.0791042,2022-11-05
961,1667692800000,3.8529879407232643,624405712.3022137,2022-11-06
962,1667779200000,3.9313542695050305,637161809.1783704,2022-11-07
963,1667865600000,3.8817662427577604,629038497.2525718,2022-11-08
964,1667952000000,3.633018188687549,590178803.1224468,2022-11-09
965,1668038400000,3.38414607975502,566196623.8167186,2022-11-10
966,1668124800000,3.4282198923548433,555920795.9605541,2022-11-11
967,1668211200000,3.91717213850285,633889460.2968518,2022-11-12
968,1668297600000,3.7637313938043753,608812890.6488168,2022-11-13
969,1668384000000,3.7132328546263125,600993419.4909797,2022-11-14
970,1668470400000,3.626787860879232,587759875.4612758,2022-11-15
971,1668556800000,3.629428199506289,587623752.7323742,2022-11-16
972,1668643200000,3.4000365234577417,551054039.1838131,2022-11-17
973,1668729600000,3.193267319795355,517605529.9852808,2022-11-18
974,1668816000000,3.0059609133712915,487156872.006,2022-11-19
975,1668902400000,3.032328495133424,491741277.20717525,2022-11-20
