,Time,open,mktcap,Date
0,1583366400000,0.2638621741989412,0.0,2020-03-05
1,1583452800000,0.005509989542764929,0.0,2020-03-06
2,1583539200000,0.005683070656467397,0.0,2020-03-07
3,1583625600000,0.00530235951873539,0.0,2020-03-08
4,1583712000000,0.004529224650548065,0.0,2020-03-09
5,1583798400000,0.004429086506298324,0.0,2020-03-10
6,1583884800000,0.004833362305273885,0.0,2020-03-11
7,1583971200000,0.004555422018931409,0.0,2020-03-12
8,1584057600000,0.0031166060137980457,0.0,2020-03-13
9,1584144000000,0.0033710043386037795,0.0,2020-03-14
10,1584230400000,0.00317282381822639,0.0,2020-03-15
11,1584316800000,0.003174309623661309,0.0,2020-03-16
12,1584403200000,0.0027875721955600745,0.0,2020-03-17
13,1584489600000,0.0029105549198451776,0.0,2020-03-18
14,1584576000000,0.0029029378825312637,0.0,2020-03-19
15,1584662400000,0.00327552990840709,0.0,2020-03-20
16,1584748800000,0.003028902139239842,0.0,2020-03-21
17,1584835200000,0.00308159447197696,0.0,2020-03-22
18,1584921600000,0.0028126838317010685,0.0,2020-03-23
19,1585008000000,0.003022000838623547,0.0,2020-03-24
20,1585094400000,0.0030746135159988234,0.0,2020-03-25
21,1585180800000,0.0031268926322868752,0.0,2020-03-26
22,1585267200000,0.0032051134703842896,0.0,2020-03-27
23,1585353600000,0.0030101921207983636,0.0,2020-03-28
24,1585440000000,0.0029823917877105266,0.0,2020-03-29
25,1585526400000,0.002918850406005894,0.0,2020-03-30
26,1585612800000,0.003022092839791538,0.0,2020-03-31
27,1585699200000,0.0030730852936430844,0.0,2020-04-01
28,1585785600000,0.003051437704795944,614433.4599827582,2020-04-02
29,1585872000000,0.0030945405819890557,625833.2124940931,2020-04-03
30,1585958400000,0.0031241214930910555,631466.6401583822,2020-04-04
31,1586044800000,0.0031191752933208607,634010.5508347047,2020-04-05
32,1586131200000,0.0030861799308988334,627916.9847148963,2020-04-06
33,1586217600000,0.003375247939565888,681076.3572997979,2020-04-07
34,1586304000000,0.0033947590009011574,694414.6245615917,2020-04-08
35,1586390400000,0.0035525404528054267,728854.4295822037,2020-04-09
36,1586476800000,0.0038276126221614215,783051.5012920167,2020-04-10
37,1586563200000,0.0033826371331513315,688027.8656513556,2020-04-11
38,1586649600000,0.0034486568141665146,707028.8115080589,2020-04-12
39,1586736000000,0.0034376393376023885,696922.1351076651,2020-04-13
40,1586822400000,0.003358324256072794,683729.9033879293,2020-04-14
41,1586908800000,0.0034256124797975916,699304.8959784168,2020-04-15
42,1586995200000,0.0033023413669250384,674900.2514876189,2020-04-16
43,1587081600000,0.0034724886121470415,710912.5711580953,2020-04-17
44,1587168000000,0.0034612302138369052,715525.0643692382,2020-04-18
45,1587254400000,0.0035843957482431534,736905.5835406175,2020-04-19
46,1587340800000,0.0034400177842884567,707040.2901188239,2020-04-20
47,1587427200000,0.003359361215421672,689526.4216133493,2020-04-21
48,1587513600000,0.0033815862296043935,689658.3246422096,2020-04-22
49,1587600000000,0.003421352959198012,696229.015345189,2020-04-23
50,1587686400000,0.0035013064675406334,708687.8394710433,2020-04-24
51,1587772800000,0.0037270048629310885,757885.9836640898,2020-04-25
52,1587859200000,0.003701579624286736,758256.5595183073,2020-04-26
53,1587945600000,0.003990871100340126,811789.1417366633,2020-04-27
54,1588032000000,0.004124366722296153,833365.5669434994,2020-04-28
55,1588118400000,0.004100958380964894,828823.9918580023,2020-04-29
56,1588204800000,0.004275493932531843,855053.2686473336,2020-04-30
57,1588291200000,0.004024653548118124,803493.2949940108,2020-05-01
58,1588377600000,0.0042891292176513935,861901.186887647,2020-05-02
59,1588464000000,0.004304532740589512,863351.9058179711,2020-05-03
60,1588550400000,0.004131854179917272,836419.6808362907,2020-05-04
61,1588636800000,0.004089349341883317,820495.8323269975,2020-05-05
62,1588723200000,0.004121130178656813,824123.3608217544,2020-05-06
63,1588809600000,0.004264305537200306,859267.5527494298,2020-05-07
64,1588896000000,0.005933004631375652,1243640.545936419,2020-05-08
65,1588982400000,0.00792601488001773,1236728.2592035716,2020-05-09
66,1589068800000,0.008571200956123008,1423949.8002363327,2020-05-10
67,1589155200000,0.007967877025822434,932883.4162634497,2020-05-11
68,1589241600000,0.0069604646382574326,1446508.5395136778,2020-05-12
69,1589328000000,0.007175614384599726,1480694.9610516895,2020-05-13
70,1589414400000,0.007054206461209245,1452666.211415843,2020-05-14
71,1589500800000,0.0068608203992907265,1417535.5099491351,2020-05-15
72,1589587200000,0.007664778280867377,1602518.826380989,2020-05-16
73,1589673600000,0.007720104839933429,1708133.5205517306,2020-05-17
74,1589760000000,0.007531975995753297,1658226.4883422188,2020-05-18
75,1589846400000,0.007449112477824565,1692166.3433333193,2020-05-19
76,1589932800000,0.007191386536536158,1627619.7828670675,2020-05-20
77,1590019200000,0.007229983362395244,1622749.6669507674,2020-05-21
78,1590105600000,0.006502168974661387,1475700.2950239673,2020-05-22
79,1590192000000,0.0065220211335065914,1497267.7628672868,2020-05-23
80,1590278400000,0.006562291609063313,1489924.6192498659,2020-05-24
81,1590364800000,0.006077311231350613,1381512.4108911138,2020-05-25
82,1590451200000,0.006432896082715868,1448669.0442658472,2020-05-26
83,1590537600000,0.006961533582368366,1561141.269110292,2020-05-27
84,1590624000000,0.00673765176628405,1517376.4846892725,2020-05-28
85,1590710400000,0.006666997969400347,1509034.7707060757,2020-05-29
86,1590796800000,0.006664430952438305,1470254.760000477,2020-05-30
87,1590883200000,0.006770912524050421,1496511.1106309386,2020-05-31
88,1590969600000,0.006346987045156577,1397472.3914510692,2020-06-01
89,1591056000000,0.006680469055890749,1480237.2943276027,2020-06-02
90,1591142400000,0.006521458936173052,1428151.6851635193,2020-06-03
91,1591228800000,0.0066240859891806185,1447594.6042707616,2020-06-04
92,1591315200000,0.006575965371626733,1436419.2668289419,2020-06-05
93,1591401600000,0.006463202653090057,1384933.2081638763,2020-06-06
94,1591488000000,0.006503736214596927,1398553.1824015456,2020-06-07
95,1591574400000,0.006468112665648906,1392630.8860108715,2020-06-08
96,1591660800000,0.006405023015587739,1378394.2637919593,2020-06-09
97,1591747200000,0.006948651837763699,1473803.0142462468,2020-06-10
98,1591833600000,0.007746466006447133,1661196.8907707785,2020-06-11
99,1591920000000,0.006746640390047022,1432582.6808899476,2020-06-12
100,1592006400000,0.00717316982293544,1585937.7002207937,2020-06-13
101,1592092800000,0.007298597297837194,1570568.2144306805,2020-06-14
102,1592179200000,0.00717376721307173,5162016.915841763,2020-06-15
103,1592265600000,0.00697109472256403,5059713.251254594,2020-06-16
104,1592352000000,0.006905049882347104,5422013.0159165505,2020-06-17
105,1592438400000,0.0068715795702843025,5438841.318220667,2020-06-18
106,1592524800000,0.006657887214123479,5606879.203651343,2020-06-19
107,1592611200000,0.006661712645742727,5596261.88136505,2020-06-20
108,1592697600000,0.007020705221083329,20570182.05608448,2020-06-21
109,1592784000000,0.006972208260141933,54948156.875193566,2020-06-22
110,1592870400000,0.007140277918494325,54223196.288108826,2020-06-23
111,1592956800000,0.007321474267693153,58989876.279443055,2020-06-24
112,1593043200000,0.006925735177892269,42469084.27809192,2020-06-25
113,1593129600000,0.006748489524081241,34716760.389969006,2020-06-26
114,1593216000000,0.007079847433126179,30261865.97831474,2020-06-27
115,1593302400000,0.006695952449947056,26565020.910854854,2020-06-28
116,1593388800000,0.0066889724642818435,26161236.228718642,2020-06-29
117,1593475200000,0.006985527330375086,26770947.69842924,2020-06-30
118,1593561600000,0.006759802874438681,23620668.517043464,2020-07-01
119,1593648000000,0.006783369936855904,23806767.76105572,2020-07-02
120,1593734400000,0.006935325975772373,36644879.347532205,2020-07-03
121,1593820800000,0.007637316509434823,39451445.35105182,2020-07-04
122,1593907200000,0.0077753012387725305,41241027.02405679,2020-07-05
123,1593993600000,0.0082898422584224,44111049.81226128,2020-07-06
124,1594080000000,0.008053862264014272,45202400.15071484,2020-07-07
125,1594166400000,0.0082258226870012,47150554.662057936,2020-07-08
126,1594252800000,0.009044414520905696,52041282.13381734,2020-07-09
127,1594339200000,0.008578237327853207,49856489.14799123,2020-07-10
128,1594425600000,0.008280177080771126,48087833.02742434,2020-07-11
129,1594512000000,0.00878966558803679,51288552.230919786,2020-07-12
130,1594598400000,0.008598839939073653,50057937.51302334,2020-07-13
131,1594684800000,0.00811592484936825,47558911.881976284,2020-07-14
132,1594771200000,0.007951865414873183,47188565.28386434,2020-07-15
133,1594857600000,0.007853509623736809,46570676.11140306,2020-07-16
134,1594944000000,0.008053177731080828,47716881.44548219,2020-07-17
135,1595030400000,0.007982309442906567,47365205.237772144,2020-07-18
136,1595116800000,0.008439101744263891,50153153.87031448,2020-07-19
137,1595203200000,0.008461535619565008,51279014.49176205,2020-07-20
138,1595289600000,0.007977699544445356,48187484.69358266,2020-07-21
139,1595376000000,0.008076738265892386,47567716.26777586,2020-07-22
140,1595462400000,0.008041933339072488,47323309.681106575,2020-07-23
141,1595548800000,0.007937000390045332,45737940.460756816,2020-07-24
142,1595635200000,0.007816990853814557,44692500.8621895,2020-07-25
143,1595721600000,0.007875411720294474,45137410.25382663,2020-07-26
144,1595808000000,0.007787366200912195,44541483.48541969,2020-07-27
145,1595894400000,0.007373966390185022,42418736.23446633,2020-07-28
146,1595980800000,0.0076924108008179564,44388224.52875155,2020-07-29
147,1596067200000,0.007733626294919989,44451472.39737098,2020-07-30
148,1596153600000,0.007812731604338829,45975987.35421065,2020-07-31
149,1596240000000,0.00766742829208596,48761443.980990425,2020-08-01
150,1596326400000,0.008054572085266637,51361734.23844137,2020-08-02
151,1596412800000,0.007612527772108886,48498493.58575985,2020-08-03
152,1596499200000,0.007714482047573876,48801544.63434856,2020-08-04
153,1596585600000,0.007984804522358942,50856301.97466885,2020-08-05
154,1596672000000,0.008009119521062745,50878845.128468454,2020-08-06
155,1596758400000,0.008391816280038865,53345831.09607184,2020-08-07
156,1596844800000,0.007930133828913045,50383643.24118712,2020-08-08
157,1596931200000,0.008427611745274533,53870106.985344,2020-08-09
158,1597017600000,0.008835671971295358,55391499.415439285,2020-08-10
159,1597104000000,0.00966726991664015,60708550.01705458,2020-08-11
160,1597190400000,0.008931582914139742,55549992.07260905,2020-08-12
161,1597276800000,0.009347524417346893,58031968.96090277,2020-08-13
162,1597363200000,0.009143096742501189,57246009.58351462,2020-08-14
163,1597449600000,0.010834103469903057,67179950.60441309,2020-08-15
164,1597536000000,0.010081371334288361,62936667.8737636,2020-08-16
165,1597622400000,0.012261741597305954,78391449.42527947,2020-08-17
166,1597708800000,0.011313100609242318,70918506.09376116,2020-08-18
167,1597795200000,0.01150869158819962,72265127.81963529,2020-08-19
168,1597881600000,0.01046438338094893,65665133.38151003,2020-08-20
169,1597968000000,0.012449007748244824,77975347.50305109,2020-08-21
170,1598054400000,0.013644176650396106,87469314.51997454,2020-08-22
171,1598140800000,0.015039188564953773,92996154.44505192,2020-08-23
172,1598227200000,0.014606388100666147,90586673.79613028,2020-08-24
173,1598313600000,0.014744489384209258,91954540.34177539,2020-08-25
174,1598400000000,0.013175921290165708,81819078.2740238,2020-08-26
175,1598486400000,0.013337087223431706,82391267.35510646,2020-08-27
176,1598572800000,0.012244250267477176,76302334.47154315,2020-08-28
177,1598659200000,0.012768260767142084,79067832.33782722,2020-08-29
178,1598745600000,0.01305105436831695,81709867.90699485,2020-08-30
179,1598832000000,0.012878710922422444,80329169.68999363,2020-08-31
180,1598918400000,0.012395581832023932,78099655.30943345,2020-09-01
181,1599004800000,0.012133417973081515,76606199.06496234,2020-09-02
182,1599091200000,0.011298891896867124,70985809.39353956,2020-09-03
183,1599177600000,0.009064784844907574,57237008.483258486,2020-09-04
184,1599264000000,0.01022206031592578,64206542.66621074,2020-09-05
185,1599350400000,0.008629415789354737,54370624.00382645,2020-09-06
186,1599436800000,0.00934576723721627,58925357.9999298,2020-09-07
187,1599523200000,0.009288419609189465,58428121.50215833,2020-09-08
188,1599609600000,0.008771362775877346,55086157.88402752,2020-09-09
189,1599696000000,0.009304730354605821,58436405.19448458,2020-09-10
190,1599782400000,0.009525269310867515,60134305.561853915,2020-09-11
191,1599868800000,0.010709111254989363,67494374.157753,2020-09-12
192,1599955200000,0.010408627735716415,65743977.6507942,2020-09-13
193,1600041600000,0.009860571465150545,62402855.84090832,2020-09-14
194,1600128000000,0.009568840096519635,60248903.03334012,2020-09-15
195,1600214400000,0.009116337626486183,57398827.00396409,2020-09-16
196,1600300800000,0.008691566434984928,54578285.09534672,2020-09-17
197,1600387200000,0.008899568051421454,56438548.3479862,2020-09-18
198,1600473600000,0.008396192027555325,60353563.163856484,2020-09-19
199,1600560000000,0.008657799968880216,61822692.635590024,2020-09-20
200,1600646400000,0.008116143197745122,57870788.5646853,2020-09-21
201,1600732800000,0.007455110477541282,53512185.775287904,2020-09-22
202,1600819200000,0.007731240928950906,54637322.63644793,2020-09-23
203,1600905600000,0.006900949168292827,48902216.24592153,2020-09-24
204,1600992000000,0.00774703706908171,54861135.43482829,2020-09-25
205,1601078400000,0.008209199114253532,56694118.324165925,2020-09-26
206,1601164800000,0.007913970380952564,54694087.136069804,2020-09-27
207,1601251200000,0.00801920611164395,55497881.324093,2020-09-28
208,1601337600000,0.008382557969794669,58098743.36670646,2020-09-29
209,1601424000000,0.008244994349487346,57259598.63796894,2020-09-30
210,1601510400000,0.008320189444367182,58785853.63822184,2020-10-01
211,1601596800000,0.008068444084086825,57094237.54808562,2020-10-02
212,1601683200000,0.007902507317991503,55711286.10937947,2020-10-03
213,1601769600000,0.007632858107657262,54741318.03891014,2020-10-04
214,1601856000000,0.007640964173944954,54531610.297090344,2020-10-05
215,1601942400000,0.007632704552297952,54542951.51801066,2020-10-06
216,1602028800000,0.007118171390552145,50805408.38496437,2020-10-07
217,1602115200000,0.007228940220394071,50795866.454405,2020-10-08
218,1602201600000,0.007426373274783646,52020512.73402451,2020-10-09
219,1602288000000,0.007898863055871378,55525364.91356364,2020-10-10
220,1602374400000,0.007998862013176098,56281366.424816474,2020-10-11
221,1602460800000,0.007909515435887828,55625776.15652831,2020-10-12
222,1602547200000,0.008007224878972279,56326366.38666599,2020-10-13
223,1602633600000,0.008443118638669568,59478469.09139903,2020-10-14
224,1602720000000,0.007724547441413695,54221837.986921236,2020-10-15
225,1602806400000,0.008060451047040975,56461047.5512387,2020-10-16
226,1602892800000,0.00788595283281995,55689273.82630183,2020-10-17
227,1602979200000,0.007761718811716386,55515081.98329555,2020-10-18
228,1603065600000,0.007841975930208429,55112619.498903066,2020-10-19
229,1603152000000,0.007877992881999427,55901799.71333375,2020-10-20
230,1603238400000,0.0073468585374612495,51358913.328896455,2020-10-21
231,1603324800000,0.007604319160600665,53956503.578867346,2020-10-22
232,1603411200000,0.007704781788316065,54685189.8481984,2020-10-23
233,1603497600000,0.007630877164355083,54130880.71593713,2020-10-24
234,1603584000000,0.007682954027347035,54556259.5239432,2020-10-25
235,1603670400000,0.007487668429824788,53187084.693241715,2020-10-26
236,1603756800000,0.007253327301785792,51683019.05341726,2020-10-27
237,1603843200000,0.007280716293378981,51717889.16343907,2020-10-28
238,1603929600000,0.006821157226205983,47705729.9777183,2020-10-29
239,1604016000000,0.006817994064052892,47780338.28521559,2020-10-30
240,1604102400000,0.006590318137939612,46264849.58759878,2020-10-31
241,1604188800000,0.006535580103474885,45684587.100594945,2020-11-01
242,1604275200000,0.006845066390783736,47862784.56378193,2020-11-02
243,1604361600000,0.006669508443829523,46747545.47490646,2020-11-03
244,1604448000000,0.006599073020282101,46281347.142378755,2020-11-04
245,1604534400000,0.006445580520629494,45047514.18473552,2020-11-05
246,1604620800000,0.007071727054952434,49106252.23615519,2020-11-06
247,1604707200000,0.007625013194097383,53292281.38564042,2020-11-07
248,1604793600000,0.007124353132478426,49775138.65893803,2020-11-08
249,1604880000000,0.007432153660255996,51948297.49773407,2020-11-09
250,1604966400000,0.007164393192539036,50033949.689456776,2020-11-10
251,1605052800000,0.007849322727086785,54880716.35692592,2020-11-11
252,1605139200000,0.0074070892975627465,52096122.07480338,2020-11-12
253,1605225600000,0.007295169289458107,51116028.35926895,2020-11-13
254,1605312000000,0.007852908862566855,54786082.52475363,2020-11-14
255,1605398400000,0.007594606009261425,52975054.11329858,2020-11-15
256,1605484800000,0.007292492109624874,51088974.33306232,2020-11-16
257,1605571200000,0.007531372007142504,52703826.797141895,2020-11-17
258,1605657600000,0.007708962779035805,53893165.89656812,2020-11-18
259,1605744000000,0.007426736820178139,51848935.91388274,2020-11-19
260,1605830400000,0.0073857098591872524,51638356.81219256,2020-11-20
261,1605916800000,0.0075818598122043696,52758673.25491946,2020-11-21
262,1606003200000,0.008428551528908989,58739278.508409046,2020-11-22
263,1606089600000,0.008043179798600189,56357598.68772037,2020-11-23
264,1606176000000,0.008877279308189268,61472044.66736989,2020-11-24
265,1606262400000,0.009359926555351998,65313192.594682485,2020-11-25
266,1606348800000,0.009040606664445875,62610084.85271883,2020-11-26
267,1606435200000,0.008273781756403933,57336319.935221106,2020-11-27
268,1606521600000,0.00818904787384122,56383012.13402559,2020-11-28
269,1606608000000,0.008452554199218011,58578343.37531331,2020-11-29
270,1606694400000,0.008431289998776747,58283950.99569001,2020-11-30
271,1606780800000,0.008658382765552218,59584737.82476568,2020-12-01
272,1606867200000,0.008143313083899834,56046452.3069792,2020-12-02
273,1606953600000,0.008680719924547704,59782987.81672835,2020-12-03
274,1607040000000,0.008744064346067252,60503744.90104079,2020-12-04
275,1607126400000,0.008032111680287146,55399536.13131716,2020-12-05
276,1607212800000,0.00827716533224626,57110878.563447535,2020-12-06
277,1607299200000,0.008122011234377847,56317483.1835836,2020-12-07
278,1607385600000,0.008221018601320448,57056195.83456538,2020-12-08
279,1607472000000,0.007728827828533193,53498878.49463615,2020-12-09
280,1607558400000,0.007786748759222405,53848677.877292745,2020-12-10
281,1607644800000,0.007545745931646021,51989192.645133644,2020-12-11
282,1607731200000,0.0074602529288604405,50153804.352768384,2020-12-12
283,1607817600000,0.007976702879539896,55008706.09646599,2020-12-13
284,1607904000000,0.008022916192189075,55335482.1127625,2020-12-14
285,1607990400000,0.007861786637337824,54339922.95189002,2020-12-15
286,1608076800000,0.007962675457247251,57168768.798926845,2020-12-16
287,1608163200000,0.008405139049165119,58256454.74808916,2020-12-17
288,1608249600000,0.008264641378839997,57092788.74053128,2020-12-18
289,1608336000000,0.008372165580012907,57998547.2728735,2020-12-19
290,1608422400000,0.008639839478455364,60018419.40909862,2020-12-20
291,1608508800000,0.008069399183122782,55738903.14458298,2020-12-21
292,1608595200000,0.007755583638959113,53861721.37423021,2020-12-22
293,1608681600000,0.007638857235330147,52777629.1508695,2020-12-23
294,1608768000000,0.006774959094791321,47192813.567513384,2020-12-24
295,1608854400000,0.007428050638646631,51298418.67643535,2020-12-25
296,1608940800000,0.007301006021053578,50302336.64687225,2020-12-26
297,1609027200000,0.007197685972696074,49613957.49250681,2020-12-27
298,1609113600000,0.007589335750519294,52808419.02313576,2020-12-28
299,1609200000000,0.007655476811648401,52511182.13495731,2020-12-29
300,1609286400000,0.0074938174527461624,51090335.9075589,2020-12-30
301,1609372800000,0.007224821881748172,49538743.67707818,2020-12-31
302,1609459200000,0.00720974282122057,49440088.04878329,2021-01-01
303,1609545600000,0.007618783410225781,51434718.56970029,2021-01-02
304,1609632000000,0.007329509718666284,50473283.07005706,2021-01-03
305,1609718400000,0.007828758810555121,52959147.664121784,2021-01-04
306,1609804800000,0.007888276714832223,54178903.52058968,2021-01-05
307,1609891200000,0.009087634134051073,62543845.95740197,2021-01-06
308,1609977600000,0.009397723747708184,66347854.12253707,2021-01-07
309,1610064000000,0.00891132184301984,62623198.85214356,2021-01-08
310,1610150400000,0.00894947561005472,61223149.597728096,2021-01-09
311,1610236800000,0.011157764667736629,77630408.97127521,2021-01-10
312,1610323200000,0.010807121899637662,74179983.26915719,2021-01-11
313,1610409600000,0.008847680801406972,60324847.13115425,2021-01-12
314,1610496000000,0.008658136560127068,59453173.86014579,2021-01-13
315,1610582400000,0.010291644102301798,71012918.84518678,2021-01-14
316,1610668800000,0.009546676466447333,65198539.87297109,2021-01-15
317,1610755200000,0.010508933209314062,71713014.24925071,2021-01-16
318,1610841600000,0.010757916500123543,73633907.81508859,2021-01-17
319,1610928000000,0.012322047122096858,85156076.01783672,2021-01-18
320,1611014400000,0.011937097012545457,82332270.48029634,2021-01-19
321,1611100800000,0.01110384887394387,77776786.84457651,2021-01-20
322,1611187200000,0.011433901061806325,78418798.81297307,2021-01-21
323,1611273600000,0.009508948499994395,67316068.16769712,2021-01-22
324,1611360000000,0.010458080799736983,71560923.42000732,2021-01-23
325,1611446400000,0.011505108716605449,79997578.26598333,2021-01-24
326,1611532800000,0.011177121662879637,77024806.41459376,2021-01-25
327,1611619200000,0.010657066766674826,73789589.19630402,2021-01-26
328,1611705600000,0.01118132037161774,77686414.88486262,2021-01-27
329,1611792000000,0.01170080219501259,82046024.6215518,2021-01-28
330,1611878400000,0.01250185734910865,86369914.96763851,2021-01-29
331,1611964800000,0.012256428120242899,83518550.66297707,2021-01-30
332,1612051200000,0.0132864367542874,91129902.62216802,2021-01-31
333,1612137600000,0.014202904395803519,97455580.72082192,2021-02-01
334,1612224000000,0.013934066435671442,95722491.54557289,2021-02-02
335,1612310400000,0.013846691229544635,72726268.05441226,2021-02-03
336,1612396800000,0.01563527000232903,82400814.01734358,2021-02-04
337,1612483200000,0.020727358390435727,112111617.05120751,2021-02-05
338,1612569600000,0.03261824165428141,165263207.5749444,2021-02-06
339,1612656000000,0.029659440342356836,154107756.7861101,2021-02-07
340,1612742400000,0.028931622589833436,149033688.2887386,2021-02-08
341,1612828800000,0.03012077723315123,166452040.30764696,2021-02-09
342,1612915200000,0.031068601310976947,176241010.40687844,2021-02-10
343,1613001600000,0.03064684260087404,173429894.12084693,2021-02-11
344,1613088000000,0.035725337672226805,199023148.50296408,2021-02-12
345,1613174400000,0.03684437266785723,208203593.96932912,2021-02-13
346,1613260800000,0.03806072081890285,215432521.22378087,2021-02-14
347,1613347200000,0.03691243861337725,208496268.97904074,2021-02-15
348,1613433600000,0.03277628966312615,184901101.54183227,2021-02-16
349,1613520000000,0.03221880718154916,182083424.6043784,2021-02-17
350,1613606400000,0.03184623227579551,180967641.3757341,2021-02-18
351,1613692800000,0.03291005795189193,177630214.53384143,2021-02-19
352,1613779200000,0.03176749012524637,177297739.83761838,2021-02-20
353,1613865600000,0.03138111773959026,174192924.50107163,2021-02-21
354,1613952000000,0.034473164151189985,190411569.67771026,2021-02-22
355,1614038400000,0.03161226708978821,174191191.59582368,2021-02-23
356,1614124800000,0.03233938880526557,178292478.037465,2021-02-24
357,1614211200000,0.031139476724810784,168705429.05862024,2021-02-25
358,1614297600000,0.028520688678146937,156954847.5489863,2021-02-26
359,1614384000000,0.026815915584155463,146697272.0819802,2021-02-27
360,1614470400000,0.02737724063930299,151656964.05793852,2021-02-28
361,1614556800000,0.024990331559488006,137805241.98136556,2021-03-01
362,1614643200000,0.027698433382188255,151508644.49974754,2021-03-02
363,1614729600000,0.027886253621602942,152001299.94873118,2021-03-03
364,1614816000000,0.03007896937519641,165017155.0001615,2021-03-04
365,1614902400000,0.028202711858158355,154807219.2128768,2021-03-05
366,1614988800000,0.027539062092495088,150859101.4260162,2021-03-06
367,1615075200000,0.028145574517191272,154806241.6262741,2021-03-07
368,1615161600000,0.028527596135519254,156977738.68176925,2021-03-08
369,1615248000000,0.029068347157137832,161076186.474785,2021-03-09
370,1615334400000,0.029873827047336786,168890727.6725721,2021-03-10
371,1615420800000,0.028404674211998632,161217100.4599483,2021-03-11
372,1615507200000,0.02806609675002704,159270904.51228186,2021-03-12
373,1615593600000,0.02721817639302337,157684200.0102575,2021-03-13
374,1615680000000,0.028464583286733815,161559758.88883457,2021-03-14
375,1615766400000,0.02766569512639155,158896380.92945528,2021-03-15
376,1615852800000,0.027570994347626242,156273545.70227194,2021-03-16
377,1615939200000,0.029089073325954472,163952557.2152407,2021-03-17
378,1616025600000,0.02957453875490831,168294524.82301554,2021-03-18
379,1616112000000,0.030973799142607457,177015675.68050358,2021-03-19
380,1616198400000,0.033416851565482845,190534480.1339631,2021-03-20
381,1616284800000,0.03091525653533178,175738022.3747322,2021-03-21
382,1616371200000,0.029952483517271738,171688024.87687445,2021-03-22
383,1616457600000,0.029232637620636038,166581955.6417186,2021-03-23
384,1616544000000,0.030775383790820714,173903533.42579827,2021-03-24
385,1616630400000,0.028246446495919918,161932371.59247765,2021-03-25
386,1616716800000,0.026909744295030524,153321819.08788943,2021-03-26
387,1616803200000,0.028228669039361647,160693568.65296924,2021-03-27
388,1616889600000,0.028992748738415727,161799152.9223649,2021-03-28
389,1616976000000,0.029576624810535412,168420506.20464063,2021-03-29
390,1617062400000,0.032660994032143224,182444057.27930632,2021-03-30
391,1617148800000,0.037713610273143315,214069474.5670592,2021-03-31
392,1617235200000,0.0385819453836339,215029975.86116952,2021-04-01
393,1617321600000,0.040603679288981225,223676169.99590528,2021-04-02
394,1617408000000,0.04039429024656236,227590022.9460549,2021-04-03
395,1617494400000,0.035235077734066186,200622805.7030445,2021-04-04
396,1617580800000,0.03756085357394925,210343587.67110646,2021-04-05
397,1617667200000,0.03667673187708445,205175816.3496222,2021-04-06
398,1617753600000,0.03918426624841564,219222689.91743514,2021-04-07
399,1617840000000,0.03533845373487412,198092655.29231298,2021-04-08
400,1617926400000,0.037883958699892854,211451362.9434496,2021-04-09
401,1618012800000,0.04412492106975201,243463221.4828472,2021-04-10
402,1618099200000,0.044387054487423805,246224932.16725814,2021-04-11
403,1618185600000,0.04346691496279918,241943492.8129235,2021-04-12
404,1618272000000,0.04366216819596663,245090701.7497706,2021-04-13
405,1618358400000,0.04711998458904339,263910054.67703515,2021-04-14
406,1618444800000,0.04391954421998025,246985533.70074236,2021-04-15
407,1618531200000,0.04495790274009289,252273723.46287248,2021-04-16
408,1618617600000,0.04275007200305539,238092483.09526905,2021-04-17
409,1618704000000,0.041816747020443815,233603720.33355442,2021-04-18
410,1618790400000,0.03603114250603646,202238101.96189174,2021-04-19
411,1618876800000,0.03259146707822801,183806090.25669572,2021-04-20
412,1618963200000,0.034880130523245345,198220657.4953568,2021-04-21
413,1619049600000,0.03396700929791342,190957814.56033057,2021-04-22
414,1619136000000,0.030832779457226327,175472480.3540032,2021-04-23
415,1619222400000,0.029979942343986862,168792719.1968065,2021-04-24
416,1619308800000,0.0270638411718052,155707383.90403336,2021-04-25
417,1619395200000,0.02729724037760669,158238002.36331624,2021-04-26
418,1619481600000,0.031053677858462567,179644160.39311698,2021-04-27
419,1619568000000,0.03728174911476415,216598720.88268194,2021-04-28
420,1619654400000,0.03495602444164816,201439016.20147628,2021-04-29
421,1619740800000,0.03392256844873822,191550831.0619917,2021-04-30
422,1619827200000,0.03675672993835047,211327699.56175318,2021-05-01
423,1619913600000,0.03959462228584781,228393684.38683128,2021-05-02
424,1620000000000,0.038186922653021656,219689726.16281536,2021-05-03
425,1620086400000,0.038859449166912974,223771366.27067918,2021-05-04
426,1620172800000,0.03458780404385476,201577047.72839892,2021-05-05
427,1620259200000,0.038563093066214874,221451168.14139694,2021-05-06
428,1620345600000,0.04221002069211555,243683219.67760828,2021-05-07
429,1620432000000,0.041243937053884384,236639427.31229982,2021-05-08
430,1620518400000,0.03986483877566936,230735620.00698262,2021-05-09
431,1620604800000,0.039960633416124304,229216870.72397557,2021-05-10
432,1620691200000,0.03567415271435709,205642829.88411123,2021-05-11
433,1620777600000,0.03791944808922491,219263663.90450284,2021-05-12
434,1620864000000,0.035400159427570875,211992445.38581744,2021-05-13
435,1620950400000,0.03193288853881957,192673221.9083907,2021-05-14
436,1621036800000,0.03478774789434238,208308315.854509,2021-05-15
437,1621123200000,0.03244727407510784,195938545.77194297,2021-05-16
438,1621209600000,0.03139417660916645,197895997.6472576,2021-05-17
439,1621296000000,0.030046810974072004,181536976.31569,2021-05-18
440,1621382400000,0.03279230083201086,197242286.2083678,2021-05-19
441,1621468800000,0.02221647429033998,134589245.59541696,2021-05-20
442,1621555200000,0.023695389897795648,137811052.2211564,2021-05-21
443,1621641600000,0.020909643889688773,124032509.83097203,2021-05-22
444,1621728000000,0.01967079949111319,118322420.1043116,2021-05-23
445,1621814400000,0.016324564341058907,97886997.47207786,2021-05-24
446,1621900800000,0.01973184352797673,116955811.68934563,2021-05-25
447,1621987200000,0.019736063366074773,111302399.02820025,2021-05-26
448,1622073600000,0.02321328693606658,138191608.2491132,2021-05-27
449,1622160000000,0.022616592269532464,135847849.5848636,2021-05-28
450,1622246400000,0.019674532220196866,116171144.94976889,2021-05-29
451,1622332800000,0.018393386454884007,109138545.21227738,2021-05-30
452,1622419200000,0.019233421034879745,115455629.3203842,2021-05-31
453,1622505600000,0.02064345873792795,125165286.12337008,2021-06-01
454,1622592000000,0.020913991329813683,124381736.88392414,2021-06-02
455,1622678400000,0.023731395203793658,141309842.38107437,2021-06-03
456,1622764800000,0.02446177518374481,145668496.40086696,2021-06-04
457,1622851200000,0.022031109645907654,131239711.14141613,2021-06-05
458,1622937600000,0.021133793760425183,125979124.24892755,2021-06-06
459,1623024000000,0.021534061834792048,128394172.37243308,2021-06-07
460,1623110400000,0.01969221388963337,118319782.86249067,2021-06-08
461,1623196800000,0.019295849713758455,114750622.55837828,2021-06-09
462,1623283200000,0.019685673096503355,119185415.71656038,2021-06-10
463,1623369600000,0.01925431571063417,116568157.37668318,2021-06-11
464,1623456000000,0.017546993509802215,110778976.08626251,2021-06-12
465,1623542400000,0.017666475233818025,106850633.79201081,2021-06-13
466,1623628800000,0.01822129948372647,108930793.07241255,2021-06-14
467,1623715200000,0.01895317789279356,114346607.6083579,2021-06-15
468,1623801600000,0.018373444624430246,111453191.74474283,2021-06-16
469,1623888000000,0.017704722262782347,107463420.36174582,2021-06-17
470,1623974400000,0.017957636776231314,109819939.74948607,2021-06-18
471,1624060800000,0.01661471567597052,100507375.6435724,2021-06-19
472,1624147200000,0.016158135016657624,99227688.49095897,2021-06-20
473,1624233600000,0.016340102117555468,98871954.85255702,2021-06-21
474,1624320000000,0.012658249400071464,76679624.80766322,2021-06-22
475,1624406400000,0.011700525302572313,71230461.61552826,2021-06-23
476,1624492800000,0.0127892305884378,76907964.59170318,2021-06-24
477,1624579200000,0.013566800449642046,81609221.98501125,2021-06-25
478,1624665600000,0.012399805451791708,74440388.80005197,2021-06-26
479,1624752000000,0.012241324033049046,73317778.85889599,2021-06-27
480,1624838400000,0.013031991297395717,77142027.58172973,2021-06-28
481,1624924800000,0.014364459947543855,86212306.34417583,2021-06-29
482,1625011200000,0.01480792176343919,88066737.72209786,2021-06-30
483,1625097600000,0.015180782281526155,90324514.52127601,2021-07-01
484,1625184000000,0.01415216894659612,84635215.37042896,2021-07-02
485,1625270400000,0.014206002332889043,84435466.97598763,2021-07-03
486,1625356800000,0.014447499260460654,86197408.90280798,2021-07-04
487,1625443200000,0.014840366048132837,90793335.15096292,2021-07-05
488,1625529600000,0.014327072574508172,87624048.5127557,2021-07-06
489,1625616000000,0.014542456123069345,89802973.3490515,2021-07-07
490,1625702400000,0.016020413328080525,98715408.98736972,2021-07-08
491,1625788800000,0.015830015415626245,95487885.05478446,2021-07-09
492,1625875200000,0.0172916472640724,106533274.53442523,2021-07-10
493,1625961600000,0.01627229344726796,98880357.24025202,2021-07-11
494,1626048000000,0.01631052415823229,98757069.30085923,2021-07-12
495,1626134400000,0.015336290943221536,93464343.88440885,2021-07-13
496,1626220800000,0.014591134883018839,88989082.40230596,2021-07-14
497,1626307200000,0.014671815840714163,89873328.4966653,2021-07-15
498,1626393600000,0.013156516110155546,82670598.31673808,2021-07-16
499,1626480000000,0.012668676960256732,77497938.88102925,2021-07-17
500,1626566400000,0.012828523889621551,78739347.20620343,2021-07-18
501,1626652800000,0.01342229604641117,82138547.87148376,2021-07-19
502,1626739200000,0.012068202533411539,74523767.19748268,2021-07-20
503,1626825600000,0.011289640902014248,69380402.2573883,2021-07-21
504,1626912000000,0.012930429516735726,79914338.87206309,2021-07-22
505,1626998400000,0.013113448508578618,79896581.65131953,2021-07-23
506,1627084800000,0.012931766586677813,79201138.07291888,2021-07-24
507,1627171200000,0.013373904963501262,82101106.61687829,2021-07-25
508,1627257600000,0.013489163034157611,82444856.54916497,2021-07-26
509,1627344000000,0.013803059404189221,85251879.38230738,2021-07-27
510,1627430400000,0.014525663990905902,88551796.66249584,2021-07-28
511,1627516800000,0.014402884770952725,88481585.35147233,2021-07-29
512,1627603200000,0.015463826466444147,95803131.64991386,2021-07-30
513,1627689600000,0.015913504534396807,97364379.04157785,2021-07-31
514,1627776000000,0.016547458125710148,104562609.88866529,2021-08-01
515,1627862400000,0.017126730618035647,104730748.66105638,2021-08-02
516,1627948800000,0.01677361053106661,103596971.22348097,2021-08-03
517,1628035200000,0.017436132521654536,107593096.36907125,2021-08-04
518,1628121600000,0.01776353178370308,109501119.86530848,2021-08-05
519,1628208000000,0.018122003797268884,111981954.96935627,2021-08-06
520,1628294400000,0.018236388882358314,112538293.96719906,2021-08-07
521,1628380800000,0.01861484058447463,114882143.85830063,2021-08-08
522,1628467200000,0.01922313239274285,119016436.56715667,2021-08-09
523,1628553600000,0.01947783752256981,120201154.73747462,2021-08-10
524,1628640000000,0.019751193691748253,121051999.5364494,2021-08-11
525,1628726400000,0.020402502948252976,125702518.09908769,2021-08-12
526,1628812800000,0.0195372155307515,120382281.339603,2021-08-13
527,1628899200000,0.021566431962849915,131120519.10623345,2021-08-14
528,1628985600000,0.02182708301630401,134307502.9420557,2021-08-15
529,1629072000000,0.02122624185293676,132560830.25674187,2021-08-16
530,1629158400000,0.02214262053489121,137040728.56951073,2021-08-17
531,1629244800000,0.020245394176873363,125891023.65301552,2021-08-18
532,1629331200000,0.019856580180596172,120584064.41058439,2021-08-19
533,1629417600000,0.02057589569949139,124004945.64927939,2021-08-20
534,1629504000000,0.021485469053484772,132190805.77086143,2021-08-21
535,1629590400000,0.023858235844561215,135045539.8319321,2021-08-22
536,1629676800000,0.023082068805807182,142324233.64952245,2021-08-23
537,1629763200000,0.023549929929046993,144413850.73424914,2021-08-24
538,1629849600000,0.022518723407416674,136051570.61283264,2021-08-25
539,1629936000000,0.022871167825849487,140807973.50780883,2021-08-26
540,1630022400000,0.021764291787449774,134938674.93885046,2021-08-27
541,1630108800000,0.022630764865820985,139058721.4758684,2021-08-28
542,1630195200000,0.02216491925095603,135850615.05750296,2021-08-29
543,1630281600000,0.02234499004119205,137132421.39179614,2021-08-30
544,1630368000000,0.021523815949466632,133406586.70997165,2021-08-31
545,1630454400000,0.021853656816917453,133479640.91803701,2021-09-01
546,1630540800000,0.022960007756638375,140866606.3794274,2021-09-02
547,1630627200000,0.022595022954617332,139979819.39663482,2021-09-03
548,1630713600000,0.025541681940905375,148063018.2406933,2021-09-04
549,1630800000000,0.025541681940905375,148063018.2406933,2021-09-05
550,1630886400000,0.026651606102811205,162938136.04396302,2021-09-06
551,1630972800000,0.0264172915567108,160666507.91078886,2021-09-07
552,1631059200000,0.024147980699973235,148694692.2127023,2021-09-08
553,1631145600000,0.02068184897557379,129067343.29919802,2021-09-09
554,1631232000000,0.02098543785650032,131161068.38456911,2021-09-10
555,1631318400000,0.020517715702968047,127209906.96356432,2021-09-11
556,1631404800000,0.020665284387735173,128176871.28496416,2021-09-12
557,1631491200000,0.02184410991686418,135605428.37283543,2021-09-13
558,1631577600000,0.020481422581739836,126964659.19828707,2021-09-14
559,1631664000000,0.0208187319081765,129079661.60584302,2021-09-15
560,1631750400000,0.022140502027898846,136174633.22790974,2021-09-16
561,1631836800000,0.023488788365236695,145540563.16254136,2021-09-17
562,1631923200000,0.022537578971898398,138598177.74426967,2021-09-18
563,1632009600000,0.022350669487812783,137636548.0120508,2021-09-19
564,1632096000000,0.021786367404099585,133832848.90490615,2021-09-20
565,1632182400000,0.018679740647528552,115268233.1279416,2021-09-21
566,1632268800000,0.01891882289109413,117037259.88415271,2021-09-22
567,1632355200000,0.01812381527549803,110328809.83388703,2021-09-23
568,1632441600000,0.020054868803250577,140216892.7780764,2021-09-24
569,1632528000000,0.01864564114685106,115646038.35432762,2021-09-25
570,1632614400000,0.01862899109858838,113950926.12694776,2021-09-26
571,1632700800000,0.01825866840457764,114707872.90651286,2021-09-27
572,1632787200000,0.018113830899698816,111978310.02922033,2021-09-28
573,1632873600000,0.016990412143354536,106795617.01849762,2021-09-29
574,1632960000000,0.017102933255144587,107168795.48053049,2021-09-30
575,1633046400000,0.018542282004465033,113468015.11858152,2021-10-01
576,1633132800000,0.020165501892792096,125824531.53444454,2021-10-02
577,1633219200000,0.020044420519768097,129117669.99837486,2021-10-03
578,1633305600000,0.020483728982525817,128811195.96727902,2021-10-04
579,1633392000000,0.02026497772941313,126853464.2448151,2021-10-05
580,1633478400000,0.020190190773705805,125876220.98993054,2021-10-06
581,1633564800000,0.021385381761560174,133341888.19893232,2021-10-07
582,1633651200000,0.020938160626021697,131287078.261848,2021-10-08
583,1633737600000,0.022275947968502165,131480464.25497799,2021-10-09
584,1633824000000,0.023003934997324896,143970569.56387752,2021-10-10
585,1633910400000,0.021385114058479034,134700991.2075376,2021-10-11
586,1633996800000,0.02112310445997038,133909213.07383995,2021-10-12
587,1634083200000,0.020582501621493048,128841904.05137408,2021-10-13
588,1634169600000,0.020835809763453964,130417510.814142,2021-10-14
589,1634256000000,0.021277192764107774,132137218.40758759,2021-10-15
590,1634342400000,0.020485589318517107,128129905.22713791,2021-10-16
591,1634428800000,0.02068251292156808,134930903.978557,2021-10-17
592,1634515200000,0.02014413346667686,130953834.86608388,2021-10-18
593,1634601600000,0.019702645914600553,130033408.07197186,2021-10-19
594,1634688000000,0.019850664110432018,129699526.08123058,2021-10-20
595,1634774400000,0.020642330035595766,134689910.68534595,2021-10-21
596,1634860800000,0.019863650265191015,144738135.47375137,2021-10-22
597,1634947200000,0.020574715776431964,134513642.02560252,2021-10-23
598,1635033600000,0.020891745666235074,137530427.4240563,2021-10-24
599,1635120000000,0.01982453140740617,131567421.98401284,2021-10-25
600,1635206400000,0.021118358726628445,137417043.23825333,2021-10-26
601,1635292800000,0.021776614684234162,144032508.84658256,2021-10-27
602,1635379200000,0.01997419087129014,131586195.2294862,2021-10-28
603,1635465600000,0.019889811998591585,131569457.13480343,2021-10-29
604,1635552000000,0.021409544759526836,146857666.84304038,2021-10-30
605,1635638400000,0.023678145664421193,165401359.42665437,2021-10-31
606,1635724800000,0.02397687267825214,198406231.37291947,2021-11-01
607,1635811200000,0.025087815979246062,176622373.23571888,2021-11-02
608,1635897600000,0.026922589884004908,188991109.7991148,2021-11-03
609,1635984000000,0.025484130666722168,178010440.47914848,2021-11-04
610,1636070400000,0.02432677480994668,169898703.70037344,2021-11-05
611,1636156800000,0.02450845348466926,167091198.51675177,2021-11-06
612,1636243200000,0.02538065701353128,173709998.0510544,2021-11-07
613,1636329600000,0.02495158404283385,170748545.31759068,2021-11-08
614,1636416000000,0.025833532255785267,175981389.7428132,2021-11-09
615,1636502400000,0.02708003455219472,184022025.46498072,2021-11-10
616,1636588800000,0.026203185321797724,178134564.1320674,2021-11-11
617,1636675200000,0.02730782881352983,185378805.08001396,2021-11-12
618,1636761600000,0.027631484780226215,186516080.75829196,2021-11-13
619,1636848000000,0.023271534252437328,157737036.02557018,2021-11-14
620,1636934400000,0.026294738999641475,176892764.7281289,2021-11-15
621,1637020800000,0.025347927715097637,172142526.09703562,2021-11-16
622,1637107200000,0.02315727906146596,143827110.40759218,2021-11-17
623,1637193600000,0.023204047805931063,144117585.5258456,2021-11-18
624,1637280000000,0.021669647668958944,135381583.47317803,2021-11-19
625,1637366400000,0.023567971791139987,147489461.03644717,2021-11-20
626,1637452800000,0.02382934513600229,150614519.4290612,2021-11-21
627,1637539200000,0.02325419949109243,147354306.86308888,2021-11-22
628,1637625600000,0.02268950319144021,143027652.10906395,2021-11-23
629,1637712000000,0.022572709477232628,141933261.93174875,2021-11-24
630,1637798400000,0.02202194904885661,139255216.08428484,2021-11-25
631,1637884800000,0.02390432690505579,151773032.31167126,2021-11-26
632,1637971200000,0.02305803690411965,145336507.85657874,2021-11-27
633,1638057600000,0.025341914154990007,158409738.56644318,2021-11-28
634,1638144000000,0.024213141998910132,151280269.94348517,2021-11-29
635,1638230400000,0.023744555391452225,148733164.5535743,2021-11-30
636,1638316800000,0.023990622306296158,150274084.2299257,2021-12-01
637,1638403200000,0.023990622306296158,150274084.2299257,2021-12-02
638,1638489600000,0.022943737268450212,143082722.41197056,2021-12-03
639,1638576000000,0.021571695521565733,134890910.35086572,2021-12-04
640,1638662400000,0.018165183954926733,113633022.6010595,2021-12-05
641,1638748800000,0.017111157742594585,107276138.33355655,2021-12-06
642,1638835200000,0.017697480512660773,110794484.56644934,2021-12-07
643,1638921600000,0.01840469261340302,115993639.43184982,2021-12-08
644,1639008000000,0.018766210250510285,117971497.0223175,2021-12-09
645,1639094400000,0.017868827570248918,112585453.78879124,2021-12-10
646,1639180800000,0.0164806586899581,104724844.46126,2021-12-11
647,1639267200000,0.017433900119194393,108839352.20020528,2021-12-12
648,1639353600000,0.017253583213881242,108020629.88348648,2021-12-13
649,1639440000000,0.015487282311142866,96979395.11203453,2021-12-14
650,1639526400000,0.015865536602988995,98955511.51361758,2021-12-15
651,1639612800000,0.01623171157371607,101195348.67658556,2021-12-16
652,1639699200000,0.016351231438157806,102149436.2563267,2021-12-17
653,1639785600000,0.015922936616602035,99603437.87011422,2021-12-18
654,1639872000000,0.016162654705004702,100738892.7976564,2021-12-19
655,1639958400000,0.01597285782513978,99794500.63487035,2021-12-20
656,1640044800000,0.015588552408126104,94766842.17714778,2021-12-21
657,1640131200000,0.01608661761861163,97514840.91299485,2021-12-22
658,1640217600000,0.017014388599255737,103376301.17415942,2021-12-23
659,1640304000000,0.018221486751155033,109305682.23205245,2021-12-24
660,1640390400000,0.01745395590506131,105430550.10335942,2021-12-25
661,1640476800000,0.019491151135003635,117664792.65283692,2021-12-26
662,1640563200000,0.017917130900127833,107957171.79904874,2021-12-27
663,1640649600000,0.018076493434668103,108892668.17613225,2021-12-28
664,1640736000000,0.01654114227756737,100094348.19453423,2021-12-29
665,1640822400000,0.016675039045692553,100381907.62136585,2021-12-30
666,1640995200000,0.017229591964179607,103702078.06025697,2022-01-01
667,1641081600000,0.017229591964179607,103702078.06025697,2022-01-02
668,1641168000000,0.01831896038909403,110285190.42342825,2022-01-03
669,1641254400000,0.01936408542722433,116575632.92450735,2022-01-04
670,1641340800000,0.019234851677594356,115797620.13299486,2022-01-05
671,1641513600000,0.014996738455108207,90871062.41916782,2022-01-07
672,1641600000000,0.014996738455108207,90871062.41916782,2022-01-08
673,1641686400000,0.014679229474292881,88521192.45525692,2022-01-09
674,1641772800000,0.015163465218363368,91334771.0206893,2022-01-10
675,1641859200000,0.014187166230899117,84156582.3034536,2022-01-11
676,1641945600000,0.014775971739845942,87496268.95956823,2022-01-12
677,1642032000000,0.014775971739845942,87922527.75006627,2022-01-13
678,1642118400000,0.015167018206343797,90713078.49607871,2022-01-14
679,1642204800000,0.015210073719874059,90459012.04155256,2022-01-15
680,1642291200000,0.015583248725505374,92518095.29772258,2022-01-16
681,1642377600000,0.01574589917892152,93482582.58743821,2022-01-17
682,1642464000000,0.014738108737602795,87523992.5531773,2022-01-18
683,1642550400000,0.014830826236171879,87817569.33618444,2022-01-19
684,1642723200000,0.011403497470083903,68101620.25624616,2022-01-21
685,1642809600000,0.011403497470083903,68101620.25624616,2022-01-22
686,1642896000000,0.010693797917103762,62887032.69829249,2022-01-23
687,1642982400000,0.011199781316143638,66256748.74345693,2022-01-24
688,1643068800000,0.01039141444563011,57767938.71114476,2022-01-25
689,1643155200000,0.010766900853830214,59747947.020133585,2022-01-26
690,1643241600000,0.010947593165071053,61209287.124955565,2022-01-27
691,1643328000000,0.010795836640688413,60033577.965724096,2022-01-28
692,1643414400000,0.011211876823068862,62285282.83362477,2022-01-29
693,1643500800000,0.011597153133372076,63757518.418519706,2022-01-30
694,1643587200000,0.011407231773759683,63046656.39070586,2022-01-31
695,1643673600000,0.011549580770938036,63761888.47344266,2022-02-01
696,1643760000000,0.01189790975403966,66388562.36480956,2022-02-02
697,1643846400000,0.012146509662350253,67413302.85346895,2022-02-03
698,1643932800000,0.012270030663964752,67841453.04350728,2022-02-04
699,1644019200000,0.012532680122271222,69353869.59578414,2022-02-05
700,1644105600000,0.013491435316544667,74639156.4683076,2022-02-06
701,1644192000000,0.013394023725345936,74325447.2651804,2022-02-07
702,1644278400000,0.013945006756400655,77289282.53107014,2022-02-08
703,1644364800000,0.014154266134684556,77929939.3282859,2022-02-09
704,1644451200000,0.014368072586074329,79494771.07125427,2022-02-10
705,1644537600000,0.013980973684166759,77543147.07410203,2022-02-11
706,1644624000000,0.01267150602609422,70026313.57804145,2022-02-12
707,1644710400000,0.012711212608052578,70167708.48242065,2022-02-13
708,1644796800000,0.012574322086832707,69698730.13908465,2022-02-14
709,1644883200000,0.012223376278712474,67718150.11126806,2022-02-15
710,1644969600000,0.013206275472806847,73161884.3557122,2022-02-16
711,1645056000000,0.013931646579479349,77494982.15602607,2022-02-17
712,1645142400000,0.012772033522312173,70994170.26089947,2022-02-18
713,1645228800000,0.01252835297285766,69288209.46084262,2022-02-19
714,1645315200000,0.012111844752745111,67299661.17520864,2022-02-20
715,1645401600000,0.011807631633834942,65627504.54827032,2022-02-21
716,1645488000000,0.010662971379563985,59334923.28977826,2022-02-22
717,1645574400000,0.011181120706886948,61852324.35330383,2022-02-23
718,1645660800000,0.011633746702866129,64317047.625984125,2022-02-24
719,1645747200000,0.010496351106570705,57563656.37046684,2022-02-25
720,1645833600000,0.011168571051151219,61578837.36907844,2022-02-26
721,1645920000000,0.01119091734086774,61724806.450240664,2022-02-27
722,1646006400000,0.010839241376114233,59785096.75563498,2022-02-28
723,1646092800000,0.011760262497387583,64849702.96510686,2022-03-01
724,1646179200000,0.01175256151378354,64806323.247367,2022-03-02
725,1646265600000,0.011871702275925974,65392140.462784916,2022-03-03
726,1646352000000,0.011016296057884362,60763448.59712989,2022-03-04
727,1646438400000,0.010195542993723317,56156110.29831692,2022-03-05
728,1646524800000,0.010345088033791468,56938604.54668694,2022-03-06
729,1646611200000,0.0100867404712389,55514392.96398391,2022-03-07
730,1646697600000,0.009760027960179642,53715353.774543755,2022-03-08
731,1646784000000,0.0100162174792198,54277824.07121655,2022-03-09
732,1646870400000,0.010687061127577935,57911823.26595322,2022-03-10
733,1646956800000,0.010412524768185941,56423824.26703002,2022-03-11
734,1647043200000,0.010163500736629794,54842403.81607831,2022-03-12
735,1647129600000,0.010338311136700029,56021867.226842046,2022-03-13
736,1647216000000,0.009909326854452718,53692432.903964005,2022-03-14
737,1647302400000,0.010059990879208966,55357529.64522415,2022-03-15
738,1647388800000,0.010129298749935973,55843019.7690856,2022-03-16
739,1647475200000,0.010424861243902054,57850463.240947105,2022-03-17
740,1647561600000,0.010698967323954827,58988918.03164492,2022-03-18
741,1647648000000,0.011007355086245443,60928907.282067575,2022-03-19
742,1647734400000,0.011219168924490826,61331230.99515991,2022-03-20
743,1647820800000,0.011409920837703764,62372993.2996115,2022-03-21
744,1647907200000,0.011427154539744114,62467595.30887203,2022-03-22
745,1647993600000,0.011676967612508093,63827328.971861854,2022-03-23
746,1648080000000,0.01209055918407512,66088556.172431916,2022-03-24
747,1648166400000,0.012089567104064515,66054788.8191294,2022-03-25
748,1648252800000,0.011968807051085842,65568446.48684643,2022-03-26
749,1648339200000,0.012723598459257175,69701963.30983473,2022-03-27
750,1648425600000,0.014832677677326812,80540650.1798828,2022-03-28
751,1648512000000,0.014630930138043941,74767892.36540012,2022-03-29
752,1648598400000,0.0145528612266096,74359996.32859625,2022-03-30
753,1648684800000,0.017215517386623254,87959983.19551164,2022-03-31
754,1648771200000,0.01599285127709845,81712962.67139496,2022-04-01
755,1648857600000,0.016657823166033568,85113379.33234555,2022-04-02
756,1648944000000,0.017790320298186633,90720771.01973188,2022-04-03
757,1649030400000,0.01859296661704452,95002564.86795579,2022-04-04
758,1649116800000,0.01823500393297999,93704374.30520174,2022-04-05
759,1649203200000,0.01689940326300199,86834370.88026735,2022-04-06
760,1649289600000,0.014614743092405904,75094870.59538318,2022-04-07
761,1649376000000,0.015438871966980409,79279533.33516756,2022-04-08
762,1649462400000,0.015923184218503496,83356242.9876742,2022-04-09
763,1649548800000,0.016432027867937866,85137764.47661613,2022-04-10
764,1649635200000,0.015497256892664468,79874646.78831227,2022-04-11
765,1649721600000,0.014294698114382873,73673996.42215757,2022-04-12
766,1649808000000,0.014460778700489625,75935477.52741428,2022-04-13
767,1649894400000,0.016036536979102182,84231237.64121205,2022-04-14
768,1649980800000,0.015451774634044586,81756459.01353545,2022-04-15
769,1650067200000,0.01516994400041564,80265272.71340154,2022-04-16
770,1650153600000,0.015066150533265146,79704863.52967775,2022-04-17
771,1650240000000,0.014441785670248333,76401769.21307686,2022-04-18
772,1650326400000,0.014628895223861365,77391639.94368567,2022-04-19
773,1650412800000,0.014946022588388974,79069817.78993924,2022-04-20
774,1650499200000,0.01932968771084018,79601187.88278885,2022-04-21
775,1650585600000,0.019549152635204056,101139874.52589433,2022-04-22
776,1650672000000,0.01765501285895179,90487953.22521792,2022-04-23
777,1650758400000,0.017659918606131007,90299820.07418908,2022-04-24
778,1650844800000,0.016837871946854276,86096554.28608708,2022-04-25
779,1650931200000,0.015930303826249395,82230058.53819785,2022-04-26
780,1651017600000,0.017511725788905953,90396269.93096939,2022-04-27
781,1651104000000,0.01817158584544221,93809822.55636315,2022-04-28
782,1651190400000,0.016751847549734054,86480500.9038855,2022-04-29
783,1651276800000,0.015413528442887927,79574426.97182333,2022-04-30
784,1651363200000,0.016373695852142673,84531550.14165762,2022-05-01
785,1651449600000,0.01460351101640109,75390413.74466641,2022-05-02
786,1651536000000,0.014790425247729702,77284728.0633616,2022-05-03
787,1651622400000,0.014520001733545033,74944606.39488591,2022-05-04
788,1651708800000,0.016217617076396136,83706803.26060444,2022-05-05
789,1651795200000,0.014684728016901172,76248749.68819806,2022-05-06
790,1651881600000,0.01464832778531945,75607631.28945924,2022-05-07
791,1651968000000,0.013742159087166686,70581970.76305944,2022-05-08
792,1652054400000,0.013107072771253434,67988159.3638831,2022-05-09
793,1652140800000,0.010999721264519664,56718096.24137164,2022-05-10
794,1652227200000,0.010447309517260712,53355928.35625889,2022-05-11
795,1652313600000,0.007946287267446804,40589498.74974615,2022-05-12
796,1652400000000,0.006846654293347969,36177781.50350843,2022-05-13
797,1652486400000,0.007897401784452246,41730676.60155108,2022-05-14
798,1652572800000,0.008677495789101979,45850833.181135654,2022-05-15
799,1652659200000,0.00903017726844419,47721801.67021468,2022-05-16
800,1652745600000,0.0082760965813195,43720809.7968027,2022-05-17
801,1652832000000,0.008797038071186784,46497158.753745556,2022-05-18
802,1652918400000,0.007873682476890336,41272516.02228093,2022-05-19
803,1653004800000,0.00801373547950496,42354992.5095195,2022-05-20
804,1653091200000,0.00931120177940086,49215485.80625966,2022-05-21
805,1653177600000,0.009028718033052203,47731621.3796573,2022-05-22
806,1653264000000,0.00929131484226702,49111323.13283829,2022-05-23
807,1653350400000,0.008735798680188938,46200735.79702545,2022-05-24
808,1653436800000,0.008839436889049547,46754034.635676734,2022-05-25
809,1653523200000,0.008656945031855615,45790848.62477533,2022-05-26
810,1653609600000,0.008079249720676807,42735213.48220168,2022-05-27
811,1653696000000,0.007682020792918221,40640580.38273079,2022-05-28
812,1653782400000,0.007817581500328357,41354921.86979522,2022-05-29
813,1653868800000,0.007997276365360621,42305103.858192995,2022-05-30
814,1653955200000,0.008786935741461992,45829728.138974294,2022-05-31
815,1654041600000,0.00868537107483306,45988925.58566539,2022-06-01
816,1654128000000,0.008283739824058807,43862293.39625259,2022-06-02
817,1654214400000,0.008510843471219156,45064171.17577595,2022-06-03
818,1654300800000,0.008141872890757943,43110504.25033701,2022-06-04
819,1654387200000,0.008131636834195847,43055798.701265045,2022-06-05
820,1654473600000,0.008467383904908402,44833402.994577505,2022-06-06
821,1654560000000,0.008750645285562984,46333156.89800918,2022-06-07
822,1654646400000,0.008444882268983581,44714178.638022274,2022-06-08
823,1654732800000,0.008231381982431157,43583731.85987759,2022-06-09
824,1654819200000,0.00808933514352897,42831618.62408117,2022-06-10
825,1654905600000,0.00755044569555668,39972504.974793084,2022-06-11
826,1654992000000,0.006984844631628822,36978968.50514795,2022-06-12
827,1655078400000,0.006306474533287991,33510446.567978814,2022-06-13
828,1655164800000,0.005041366934996359,22952087.24782089,2022-06-14
829,1655251200000,0.005072635858164621,22939310.129230954,2022-06-15
830,1655337600000,0.0054784930664419995,24882963.471140247,2022-06-16
831,1655424000000,0.005468552438309455,25015908.91347442,2022-06-17
832,1655510400000,0.005543774533892584,25176726.253855694,2022-06-18
833,1655596800000,0.0051255805370453485,23127701.830474656,2022-06-19
834,1655683200000,0.005422561886257941,24617810.975703925,2022-06-20
835,1655769600000,0.005638485351036477,25591440.473593563,2022-06-21
836,1655856000000,0.00585940534789084,26591838.856154677,2022-06-22
837,1655942400000,0.005672330057452272,25695937.49983545,2022-06-23
838,1656028800000,0.005984734013585575,27026064.705167998,2022-06-24
839,1656115200000,0.006232692951750182,28287694.37801035,2022-06-25
840,1656201600000,0.006359312376665059,28781858.65357471,2022-06-26
841,1656288000000,0.006531630128238203,29483811.50176414,2022-06-27
842,1656374400000,0.0068351162427248814,30976019.98317162,2022-06-28
843,1656460800000,0.006569929861518175,29817969.32379902,2022-06-29
844,1656547200000,0.00759985725791835,34376803.41210173,2022-06-30
845,1656633600000,0.006653957605188669,30065006.592838813,2022-07-01
846,1656720000000,0.006355840424686882,28803719.481451727,2022-07-02
847,1656806400000,0.006267329244362781,28442491.416017745,2022-07-03
848,1656892800000,0.006125407992278981,27833581.119116116,2022-07-04
849,1656979200000,0.006210138542426343,28087017.702734906,2022-07-05
850,1657065600000,0.006281843894868362,28521258.435796805,2022-07-06
851,1657152000000,0.006364315548905738,28744654.469397094,2022-07-07
852,1657238400000,0.006461083783572493,29643705.63896472,2022-07-08
853,1657324800000,0.00660576539068725,30368899.384588357,2022-07-09
854,1657411200000,0.006800261721358473,31237711.610780936,2022-07-10
855,1657497600000,0.006526196198910936,29971578.31641549,2022-07-11
856,1657584000000,0.005843743405725518,27050930.442323785,2022-07-12
857,1657670400000,0.005727054907944807,26350710.53141831,2022-07-13
858,1657756800000,0.005713223634238121,26237903.13459507,2022-07-14
859,1657843200000,0.005916158191244985,27888296.114477385,2022-07-15
860,1657929600000,0.006048777076972833,28573746.42298397,2022-07-16
861,1658016000000,0.006303350036821192,29712862.37295591,2022-07-17
862,1658102400000,0.00619244988061647,29199255.297004748,2022-07-18
863,1658188800000,0.00652668980036106,30765645.990631565,2022-07-19
864,1658275200000,0.006921749404747053,32606139.56464964,2022-07-20
865,1658361600000,0.006456312486994253,30324065.75834219,2022-07-21
866,1658448000000,0.00660492443273112,30899860.869266544,2022-07-22
867,1658534400000,0.0065016437970118034,30321742.63363287,2022-07-23
868,1658620800000,0.006388273252940768,29879459.26495459,2022-07-24
869,1658707200000,0.006423651023863669,30044563.384006526,2022-07-25
870,1658793600000,0.00604701272542744,28346845.981490977,2022-07-26
871,1658880000000,0.005892877094103312,27561607.329890244,2022-07-27
872,1658966400000,0.006297338684269349,29447298.49980501,2022-07-28
873,1659052800000,0.006837005530000893,31970989.088399045,2022-07-29
874,1659139200000,0.006952173674668622,32590162.77396993,2022-07-30
875,1659225600000,0.007272871350376798,33903163.476876475,2022-07-31
876,1659312000000,0.007939944124725323,37487618.07614537,2022-08-01
877,1659398400000,0.007503373042307996,34629390.62603893,2022-08-02
878,1659484800000,0.007125819550001299,32974051.4808236,2022-08-03
879,1659571200000,0.0070205553839499885,32510586.09902145,2022-08-04
880,1659657600000,0.0070262832914418085,32515512.36521236,2022-08-05
881,1659744000000,0.007376298823325341,34134383.024531394,2022-08-06
882,1659830400000,0.007371620152280216,34115041.742012985,2022-08-07
883,1659916800000,0.007412238560595639,34302700.16229881,2022-08-08
884,1660003200000,0.007476153445841506,34574504.76461838,2022-08-09
885,1660089600000,0.0071517717345237555,33097265.310237836,2022-08-10
886,1660176000000,0.0075793899509410245,35076214.59517503,2022-08-11
887,1660262400000,0.007859737161548107,36373617.02237047,2022-08-12
888,1660348800000,0.007965326001970894,36861812.97343062,2022-08-13
889,1660435200000,0.008025705083893846,37096988.94859618,2022-08-14
890,1660521600000,0.007769142015079599,35953536.718948,2022-08-15
891,1660608000000,0.007713570951692927,35696404.833569564,2022-08-16
892,1660694400000,0.00745926536579866,34519471.75704814,2022-08-17
893,1660780800000,0.007190512448829461,33341096.699844267,2022-08-18
894,1660867200000,0.007203509091991525,33354428.458243288,2022-08-19
895,1660953600000,0.006256385566666998,28924037.60047149,2022-08-20
896,1661040000000,0.006232967539470473,28922157.81304172,2022-08-21
897,1661126400000,0.006393697596770886,29665594.1852659,2022-08-22
898,1661212800000,0.006228852544458417,28919794.40063184,2022-08-23
899,1661299200000,0.006379878448624348,29601100.233539615,2022-08-24
900,1661385600000,0.006426976777315891,29481373.811724138,2022-08-25
901,1661472000000,0.0066449276152863584,30482388.080903444,2022-08-26
902,1661558400000,0.0061057941562224095,28008315.137774702,2022-08-27
903,1661644800000,0.006144533920798313,28185722.993782666,2022-08-28
904,1661731200000,0.006120427947360641,28145144.355423577,2022-08-29
905,1661817600000,0.006234340256366128,28615098.273669716,2022-08-30
906,1661904000000,0.006214270394822707,28505320.880005058,2022-08-31
907,1661990400000,0.0061827862079138415,28360900.57096082,2022-09-01
908,1662076800000,0.00612228679552095,28083385.262784794,2022-09-02
909,1662163200000,0.0060270720915840004,27646628.328142922,2022-09-03
910,1662249600000,0.006054367953436972,27786707.122302845,2022-09-04
911,1662336000000,0.006141851266100366,28188163.496409662,2022-09-05
912,1662422400000,0.006136524866291266,28163717.865506444,2022-09-06
913,1662508800000,0.005688196754171129,26106105.986429848,2022-09-07
914,1662595200000,0.005879149454943759,19718964.61749619,2022-09-08
915,1662681600000,0.006233475988139803,20771311.99511087,2022-09-09
916,1662768000000,0.006449059677416861,21623577.91331206,2022-09-10
917,1662854400000,0.006447889678175471,21635928.409700524,2022-09-11
918,1662940800000,0.006420305300357065,21572457.624447685,2022-09-12
919,1663027200000,0.006582253262526307,21363098.020799875,2022-09-13
920,1663113600000,0.006042514707710552,19634313.572466224,2022-09-14
921,1663200000000,0.006071658947187574,19683535.64885295,2022-09-15
922,1663286400000,0.005812740742505544,18875449.674150255,2022-09-16
923,1663372800000,0.0058406222237208615,18977088.90465571,2022-09-17
924,1663459200000,0.005997449595026463,19475007.222228806,2022-09-18
925,1663545600000,0.005536184555447329,18111816.453170147,2022-09-19
926,1663632000000,0.005624331439029285,18263657.304122433,2022-09-20
927,1663718400000,0.00556635910035143,18061596.54480548,2022-09-21
928,1663804800000,0.005344189957689308,17314995.05616669,2022-09-22
929,1663891200000,0.005694766097185828,18414337.53016863,2022-09-23
930,1663977600000,0.0057447231337550515,18611276.609031577,2022-09-24
931,1664064000000,0.005625526785573396,18225087.495936982,2022-09-25
932,1664150400000,0.005542139649370874,17992455.628191438,2022-09-26
933,1664236800000,0.005488275079035714,17781219.312685557,2022-09-27
934,1664323200000,0.00551606121757906,17872591.01588151,2022-09-28
935,1664409600000,0.005545254109197743,17863611.554877374,2022-09-29
936,1664496000000,0.00554242982104925,17788025.942495506,2022-09-30
937,1664582400000,0.00549953526998918,17725176.733234968,2022-10-01
938,1664668800000,0.005539161376326314,17852825.968821116,2022-10-02
939,1664755200000,0.005434509300364441,17482013.849421635,2022-10-03
940,1664841600000,0.005470181619757573,17571890.913828507,2022-10-04
941,1664928000000,0.005601783838585995,18000451.581316296,2022-10-05
942,1665014400000,0.005556688614861054,17879257.76115586,2022-10-06
943,1665100800000,0.005489748981036803,17660503.848909453,2022-10-07
944,1665187200000,0.005447820278693089,17506313.968491033,2022-10-08
945,1665273600000,0.0055373987756809125,17802194.937952682,2022-10-09
946,1665360000000,0.005611938790543822,18040567.849522527,2022-10-10
947,1665446400000,0.005389229469374029,17325149.74517651,2022-10-11
948,1665532800000,0.005213868639134192,16760207.724965172,2022-10-12
949,1665619200000,0.0052284553037290765,16802540.272520863,2022-10-13
950,1665705600000,0.005136280842416731,16533528.428064933,2022-10-14
951,1665792000000,0.005030633558155187,16103315.846222922,2022-10-15
952,1665878400000,0.005057646870859508,16257297.19605639,2022-10-16
953,1665964800000,0.0051992725825280445,16720642.89564175,2022-10-17
954,1666051200000,0.005238841520759643,2836301.0912859314,2022-10-18
955,1666137600000,0.005205977643220944,2821550.064626589,2022-10-19
956,1666224000000,0.005054843124062783,2736021.1902486198,2022-10-20
957,1666310400000,0.005006871616764121,2707948.322110639,2022-10-21
958,1666396800000,0.004963227846604206,2686146.8095854037,2022-10-22
959,1666483200000,0.00498564209065429,2702706.5616283678,2022-10-23
960,1666569600000,0.0050964439624163055,2759860.835857352,2022-10-24
961,1666656000000,0.005017818027688857,2717282.787385523,2022-10-25
962,1666742400000,0.005191084846625244,2809480.704947227,2022-10-26
963,1666828800000,0.0053206631745348855,2880999.040283861,2022-10-27
964,1666915200000,0.005261580676144656,2854771.2026553773,2022-10-28
965,1667001600000,0.005326836068275166,2873129.0525749316,2022-10-29
966,1667088000000,0.005367536265140289,2910822.202846699,2022-10-30
967,1667174400000,0.005188270357428924,2808740.863941181,2022-10-31
968,1667260800000,0.005236927007114132,2836766.7631400754,2022-11-01
969,1667347200000,0.005221784476944242,2824304.151690558,2022-11-02
970,1667433600000,0.005105402119883775,2763796.015996865,2022-11-03
971,1667520000000,0.0053834488326075835,2952024.9716981403,2022-11-04
972,1667606400000,0.005805613052577966,3142736.5346638537,2022-11-05
973,1667692800000,0.005706656675707075,3089119.13663538,2022-11-06
974,1667779200000,0.005421961167507083,2935008.175909042,2022-11-07
975,1667865600000,0.005281762353829194,2855908.573512211,2022-11-08
976,1667952000000,0.0043146640799506504,2322295.699132998,2022-11-09
977,1668038400000,0.0033755156101045888,1776306.6400744177,2022-11-10
978,1668124800000,0.004064939403722022,2126657.262151447,2022-11-11
979,1668211200000,0.003804865963705544,1971580.9846262913,2022-11-12
980,1668297600000,0.003669579352498651,1919146.731304121,2022-11-13
981,1668384000000,0.0035861398662568977,1860084.1416802744,2022-11-14
982,1668470400000,0.003635572500565922,1813187.1285091282,2022-11-15
983,1668556800000,0.0038355688216731823,1911930.314234666,2022-11-16
