,Time,open,mktcap,Date
0,1587686400000,0.05674741596370564,0.0,2020-04-24
1,1587772800000,0.052221335366872436,0.0,2020-04-25
2,1587859200000,0.051742058037248094,0.0,2020-04-26
3,1587945600000,0.046389837336160616,0.0,2020-04-27
4,1588032000000,0.041802742967025075,0.0,2020-04-28
5,1588118400000,0.04118200230584693,7940050.505946402,2020-04-29
6,1588204800000,0.041534369331785635,8044376.74401321,2020-04-30
7,1588291200000,0.03978072156528026,7626205.084611031,2020-05-01
8,1588377600000,0.0386737074438667,7255917.773462795,2020-05-02
9,1588464000000,0.0372866838383068,7213968.60763038,2020-05-03
10,1588550400000,0.03735220694526214,7168420.638958324,2020-05-04
11,1588636800000,0.03797854000789393,7517082.453299509,2020-05-05
12,1588723200000,0.03733595106050625,7427181.954968165,2020-05-06
13,1588809600000,0.034828356175777786,6991648.4438143745,2020-05-07
14,1588896000000,0.0322323753392259,6458932.064229894,2020-05-08
15,1588982400000,0.03191491202640602,6327085.745090647,2020-05-09
16,1589068800000,0.03212364453657709,6470558.275595361,2020-05-10
17,1589155200000,0.028839005062519334,5773103.662446079,2020-05-11
18,1589241600000,0.027373091799460982,5586343.8013011115,2020-05-12
19,1589328000000,0.028707157643064744,5754547.258771551,2020-05-13
20,1589414400000,0.029782513568065435,5945770.257562231,2020-05-14
21,1589500800000,0.028493126648654953,5751651.192605446,2020-05-15
22,1589587200000,0.02783104170215662,5564736.754777045,2020-05-16
23,1589673600000,0.029003643857994543,5770751.948353756,2020-05-17
24,1589760000000,0.03721093732075559,7521815.855252801,2020-05-18
25,1589846400000,0.03589521729574897,7205202.098160457,2020-05-19
26,1589932800000,0.03771764304823608,7511129.074460552,2020-05-20
27,1590019200000,0.03874003230371826,7735523.463540757,2020-05-21
28,1590105600000,0.032813927117842354,6486561.590685037,2020-05-22
29,1590192000000,0.03299217446657259,6578914.545416579,2020-05-23
30,1590278400000,0.03273432048032805,6517391.96219417,2020-05-24
31,1590364800000,0.03040339783341348,6159723.445064531,2020-05-25
32,1590451200000,0.03368711406994922,6729508.226400851,2020-05-26
33,1590537600000,0.032731254423107904,6474920.897686069,2020-05-27
34,1590624000000,0.03119240241574168,6205810.605069398,2020-05-28
35,1590710400000,0.03115531369519152,6235997.160183498,2020-05-29
36,1590796800000,0.03608332524058814,7152525.195912083,2020-05-30
37,1590883200000,0.03460733396704965,6867877.401175056,2020-05-31
38,1590969600000,0.031974601380282706,6365666.150448997,2020-06-01
39,1591056000000,0.03274641179574602,6453695.781832461,2020-06-02
40,1591142400000,0.03191699872317163,6346886.115927876,2020-06-03
41,1591228800000,0.031689723259206645,6326894.290342985,2020-06-04
42,1591315200000,0.032480082491837634,6475138.50728773,2020-06-05
43,1591401600000,0.03357356699941533,6694849.0617907895,2020-06-06
44,1591488000000,0.035033671669093734,6994629.847876276,2020-06-07
45,1591574400000,0.033245043312452774,6655062.24868197,2020-06-08
46,1591660800000,0.032735209708238504,6534068.132368832,2020-06-09
47,1591747200000,0.03236088713451702,6453891.464361297,2020-06-10
48,1591833600000,0.03355226990445882,6686692.457773021,2020-06-11
49,1591920000000,0.03591897807871586,7158604.337684766,2020-06-12
50,1592006400000,0.03969437442656928,7843291.820397341,2020-06-13
51,1592092800000,0.0397147370743338,7951433.646332709,2020-06-14
52,1592179200000,0.04031671909050805,8155270.181626486,2020-06-15
53,1592265600000,0.03708961669680852,7398569.271832455,2020-06-16
54,1592352000000,0.037502587265223625,7502305.268461774,2020-06-17
55,1592438400000,0.03553488384157425,7207266.26199392,2020-06-18
56,1592524800000,0.03799892472079779,7575132.054055603,2020-06-19
57,1592611200000,0.03748534532915261,7466353.721660025,2020-06-20
58,1592697600000,0.03643787913008712,7210955.3175720135,2020-06-21
59,1592784000000,0.035341004729176534,7043226.7558857305,2020-06-22
60,1592870400000,0.03901106605759628,7755784.181572335,2020-06-23
61,1592956800000,0.0383559693791907,7650498.927666119,2020-06-24
62,1593043200000,0.03639192734268734,7228407.68587003,2020-06-25
63,1593129600000,0.03917969116529324,7819681.812559661,2020-06-26
64,1593216000000,0.03755802631190341,7486107.1551353745,2020-06-27
65,1593302400000,0.033063800600926306,6594574.996902595,2020-06-28
66,1593388800000,0.03388573582525666,6746518.473847715,2020-06-29
67,1593475200000,0.03399991940705253,6766692.287142862,2020-06-30
68,1593561600000,0.035679658547562124,7114991.48176265,2020-07-01
69,1593648000000,0.035693083787048524,7116466.597465223,2020-07-02
70,1593734400000,0.035768589094307794,7131544.431694013,2020-07-03
71,1593820800000,0.035714840299425114,7114736.039316488,2020-07-04
72,1593907200000,0.03586930696377853,7151013.876936116,2020-07-05
73,1593993600000,0.0347608107183042,6926353.730969234,2020-07-06
74,1594080000000,0.037968470719562206,7555427.221065935,2020-07-07
75,1594166400000,0.03989035760045073,8084950.800127478,2020-07-08
76,1594252800000,0.04121683817493891,8205036.2202141965,2020-07-09
77,1594339200000,0.0426495725011166,8501565.947798168,2020-07-10
78,1594425600000,0.04940917699757716,9791614.86158028,2020-07-11
79,1594512000000,0.0526793924742005,10504739.837014612,2020-07-12
80,1594598400000,0.04667230689288543,9298546.03999901,2020-07-13
81,1594684800000,0.04380095014929949,8705668.532310061,2020-07-14
82,1594771200000,0.047635286952952965,9508079.773045946,2020-07-15
83,1594857600000,0.04481229374457943,8922625.779349865,2020-07-16
84,1594944000000,0.04332940821823949,8600648.575362084,2020-07-17
85,1595030400000,0.04494739284894722,8969664.024516458,2020-07-18
86,1595116800000,0.04740411750475055,9222650.938607072,2020-07-19
87,1595203200000,0.04639099053896332,9272521.637566013,2020-07-20
88,1595289600000,0.050207461668060845,9988732.245014314,2020-07-21
89,1595376000000,0.059144394256079126,11739520.553915545,2020-07-22
90,1595462400000,0.05349809102337792,10621165.645637944,2020-07-23
91,1595548800000,0.05148566528164848,10285428.151671842,2020-07-24
92,1595635200000,0.055563441464978505,11078951.588466391,2020-07-25
93,1595721600000,0.05347490473801856,10677324.196979946,2020-07-26
94,1595808000000,0.05171568064491966,10325119.438769208,2020-07-27
95,1595894400000,0.04956060859960495,9922840.232623642,2020-07-28
96,1595980800000,0.05261708428905155,10469206.205182804,2020-07-29
97,1596067200000,0.05131259681148945,10204569.03056989,2020-07-30
98,1596153600000,0.054015798842509614,10735176.194370363,2020-07-31
99,1596240000000,0.052481617603701555,10476493.103294903,2020-08-01
100,1596326400000,0.05453212694714848,10902630.767254535,2020-08-02
101,1596412800000,0.05600114707372167,11227837.944498481,2020-08-03
102,1596499200000,0.058447899020268625,11640386.96568039,2020-08-04
103,1596585600000,0.05974064543482946,11918122.448650545,2020-08-05
104,1596672000000,0.0672305060810573,13383089.413077652,2020-08-06
105,1596758400000,0.07160539857711047,11185596.451124663,2020-08-07
106,1596844800000,0.0787431977595769,12552878.800751776,2020-08-08
107,1596931200000,0.08307003176049006,12969743.324479328,2020-08-09
108,1597017600000,0.08711742793169289,13611289.069277376,2020-08-10
109,1597104000000,0.10555179207057527,16495558.076987796,2020-08-11
110,1597190400000,0.093353478517573,14596917.73380854,2020-08-12
111,1597276800000,0.10261386662820189,16039402.537952436,2020-08-13
112,1597363200000,0.09147002175329322,14328968.037678765,2020-08-14
113,1597449600000,0.09345351437271791,14642517.033373456,2020-08-15
114,1597536000000,0.10174450096584176,15854063.990115698,2020-08-16
115,1597622400000,0.09991148168430082,15567729.199644504,2020-08-17
116,1597708800000,0.10481437362276937,16411685.361987209,2020-08-18
117,1597795200000,0.10180312818594377,15913356.866669042,2020-08-19
118,1597881600000,0.09064862565429593,14232814.208356049,2020-08-20
119,1597968000000,0.09713947489920503,15183709.487129556,2020-08-21
120,1598054400000,0.08587463612322614,13514380.860212265,2020-08-22
121,1598140800000,0.08437714104292497,14212593.900272122,2020-08-23
122,1598227200000,0.08105214443091055,13698007.400723487,2020-08-24
123,1598313600000,0.08886878458881806,14990791.812022142,2020-08-25
124,1598400000000,0.07858000093915102,13247442.11891324,2020-08-26
125,1598486400000,0.08308922326299739,14025893.58710634,2020-08-27
126,1598572800000,0.077784997682366,15435251.735946842,2020-08-28
127,1598659200000,0.08275902688173611,16431148.094784502,2020-08-29
128,1598745600000,0.08171207651883039,16223171.69088214,2020-08-30
129,1598832000000,0.08906279725907465,17606878.896212216,2020-08-31
130,1598918400000,0.08438990903378552,16756730.767493844,2020-09-01
131,1599004800000,0.08115101360527552,16208372.844741106,2020-09-02
132,1599091200000,0.0730029206458007,14486071.953591565,2020-09-03
133,1599177600000,0.05256070814016031,10386294.0313788,2020-09-04
134,1599264000000,0.056219160142817956,11153240.252814498,2020-09-05
135,1599350400000,0.043161795339239035,8541236.401454203,2020-09-06
136,1599436800000,0.04784751339675346,9493794.36310445,2020-09-07
137,1599523200000,0.04663817478203356,9244625.720057473,2020-09-08
138,1599609600000,0.04800657525612271,9473649.97574821,2020-09-09
139,1599696000000,0.052706592675351355,10436912.83349337,2020-09-10
140,1599782400000,0.05358739541940599,10559909.797031589,2020-09-11
141,1599868800000,0.05619855120865437,11117679.684825337,2020-09-12
142,1599955200000,0.055892192073513064,11082774.629575124,2020-09-13
143,1600041600000,0.05113445996537939,10135172.79396798,2020-09-14
144,1600128000000,0.05188445390177644,10316481.045800686,2020-09-15
145,1600214400000,0.04636360326310044,9291155.681229012,2020-09-16
146,1600300800000,0.046721713851485075,9271548.131396072,2020-09-17
147,1600387200000,0.051932952856460206,10335892.635808919,2020-09-18
148,1600473600000,0.04754362136928406,9408561.885356784,2020-09-19
149,1600560000000,0.04908014225408014,9741124.4411873,2020-09-20
150,1600646400000,0.04557832772793403,9024417.478683703,2020-09-21
151,1600732800000,0.040999019764386316,8163133.085296516,2020-09-22
152,1600819200000,0.04249214138563517,8395584.373192364,2020-09-23
153,1600905600000,0.04008943957137392,7963548.346018081,2020-09-24
154,1600992000000,0.043456775079751056,8620456.421413396,2020-09-25
155,1601078400000,0.044222244565596903,8773304.791734766,2020-09-26
156,1601164800000,0.050890870658115074,10098523.510727243,2020-09-27
157,1601251200000,0.050744382627261594,10081289.51319542,2020-09-28
158,1601337600000,0.05102036755157687,10135066.992150512,2020-09-29
159,1601424000000,0.051982022722157795,10337799.530812211,2020-09-30
160,1601510400000,0.04820826792974769,9568929.162437003,2020-10-01
161,1601596800000,0.044242933733395044,8770535.917238422,2020-10-02
162,1601683200000,0.04051400736178365,7996509.8678367,2020-10-03
163,1601769600000,0.039943960928694615,7982488.500040616,2020-10-04
164,1601856000000,0.03960261619923722,7842807.390712944,2020-10-05
165,1601942400000,0.039710030974866,7882716.271306702,2020-10-06
166,1602028800000,0.03339114553574732,6611375.13074887,2020-10-07
167,1602115200000,0.03340450184150872,6647467.36158371,2020-10-08
168,1602201600000,0.034913897107820634,6976958.707642456,2020-10-09
169,1602288000000,0.037027125430166064,7352417.782148161,2020-10-10
170,1602374400000,0.03687232153614264,7296704.205882598,2020-10-11
171,1602460800000,0.03862962406453249,7663515.238606475,2020-10-12
172,1602547200000,0.0412631768326035,8183545.531421993,2020-10-13
173,1602633600000,0.039548099579249936,7808576.447411573,2020-10-14
174,1602720000000,0.03716985022732238,7373199.522055904,2020-10-15
175,1602806400000,0.03604253337255803,7126588.238050635,2020-10-16
176,1602892800000,0.033308032741180806,6615740.85210642,2020-10-17
177,1602979200000,0.034139932688503606,6770996.805675913,2020-10-18
178,1603065600000,0.03497613928606019,6914426.872471634,2020-10-19
179,1603152000000,0.03397397878010978,6744388.841235309,2020-10-20
180,1603238400000,0.03135881955339464,6243895.404285027,2020-10-21
181,1603324800000,0.032015729864217427,6348041.476459132,2020-10-22
182,1603411200000,0.035437923518338556,7041584.829392615,2020-10-23
183,1603497600000,0.035793481630568356,5954949.437720173,2020-10-24
184,1603584000000,0.036353160959824375,7221859.1376358485,2020-10-25
185,1603670400000,0.03535049487479355,7012369.4522744715,2020-10-26
186,1603756800000,0.03404980288950878,6749959.9895537775,2020-10-27
187,1603843200000,0.03294629920959797,6525160.976621244,2020-10-28
188,1603929600000,0.030560313760123685,6060381.5865138285,2020-10-29
189,1604016000000,0.028875276309221824,5722801.0280283345,2020-10-30
190,1604102400000,0.0292571085402377,5799943.706404795,2020-10-31
191,1604188800000,0.029707832894774883,5895137.592693294,2020-11-01
192,1604275200000,0.03044905729813502,6050059.25741863,2020-11-02
193,1604361600000,0.029278352805995535,5811894.1540424405,2020-11-03
194,1604448000000,0.028918880349905925,5729202.772982703,2020-11-04
195,1604534400000,0.0297137600258954,5884104.128331631,2020-11-05
196,1604620800000,0.02997643293899495,5943332.604522658,2020-11-06
197,1604707200000,0.03379191153518228,6701533.402630059,2020-11-07
198,1604793600000,0.03275452861180959,6498577.093595443,2020-11-08
199,1604880000000,0.034172258940615256,6780089.598145999,2020-11-09
200,1604966400000,0.03394503849462654,6726623.893791463,2020-11-10
201,1605052800000,0.03728648278844129,7424663.616840544,2020-11-11
202,1605139200000,0.03905604353591009,7740248.4238707675,2020-11-12
203,1605225600000,0.03719782499665407,7376136.942571188,2020-11-13
204,1605312000000,0.04017928225344531,7970272.295459139,2020-11-14
205,1605398400000,0.0386903482393273,7698677.880865424,2020-11-15
206,1605484800000,0.03706389122363704,7348780.956778995,2020-11-16
207,1605571200000,0.03827003897093556,7607232.414729372,2020-11-17
208,1605657600000,0.041619479914119635,8259692.3945413595,2020-11-18
209,1605744000000,0.039375218494575336,7812505.920014608,2020-11-19
210,1605830400000,0.038190161930800444,7559165.801301966,2020-11-20
211,1605916800000,0.0403026819914802,8004181.652004966,2020-11-21
212,1606003200000,0.04198775296553428,8323982.070754269,2020-11-22
213,1606089600000,0.040678665311295145,8085360.663205443,2020-11-23
214,1606176000000,0.044590142547186386,8786345.25801702,2020-11-24
215,1606262400000,0.04682303730464336,9280928.661877075,2020-11-25
216,1606348800000,0.05015110204047875,9885462.304812565,2020-11-26
217,1606435200000,0.041988627945181704,8319639.339722433,2020-11-27
218,1606521600000,0.04199253502301556,8329344.695148097,2020-11-28
219,1606608000000,0.04329273367790065,8600220.026151123,2020-11-29
220,1606694400000,0.04125578916093751,8177834.907089566,2020-11-30
221,1606780800000,0.04385816851070692,8681843.72594536,2020-12-01
222,1606867200000,0.0411236582589875,8164363.50335999,2020-12-02
223,1606953600000,0.04255837478155833,8446608.82657902,2020-12-03
224,1607040000000,0.042325092316109314,8402964.223208018,2020-12-04
225,1607126400000,0.03983045712109116,7867228.809224849,2020-12-05
226,1607212800000,0.040880757656280464,8108632.42420852,2020-12-06
227,1607299200000,0.03982151782984046,7903321.151343931,2020-12-07
228,1607385600000,0.04123012553056025,8183119.199715319,2020-12-08
229,1607472000000,0.04495891793896604,8959052.85064187,2020-12-09
230,1607558400000,0.05692182657373014,11239822.361189686,2020-12-10
231,1607644800000,0.05054686780581585,10094554.855986513,2020-12-11
232,1607731200000,0.0449129715818043,8898932.57951301,2020-12-12
233,1607817600000,0.05052591989685658,10015293.104717588,2020-12-13
234,1607904000000,0.04942937212813058,9761156.380804183,2020-12-14
235,1607990400000,0.050782051493231284,10042335.890637776,2020-12-15
236,1608076800000,0.048531060395553875,9511335.264254931,2020-12-16
237,1608163200000,0.05242582277286928,10384018.323095974,2020-12-17
238,1608249600000,0.051175822257399924,10163808.249121528,2020-12-18
239,1608336000000,0.051377370132781416,10176930.394439608,2020-12-19
240,1608422400000,0.05700253597680872,11299219.093016174,2020-12-20
241,1608508800000,0.05825028077981624,11613286.968338538,2020-12-21
242,1608595200000,0.05197593671610351,10309493.913988512,2020-12-22
243,1608681600000,0.05213149991890783,10325194.628950521,2020-12-23
244,1608768000000,0.04454852413758917,8972510.935100667,2020-12-24
245,1608854400000,0.047346495216152855,9399017.394505613,2020-12-25
246,1608940800000,0.045388685207790644,8967646.045556115,2020-12-26
247,1609027200000,0.043869636773831926,8723839.823582739,2020-12-27
248,1609113600000,0.04349154664883824,8636546.133702805,2020-12-28
249,1609200000000,0.04595577406659242,9335820.92738492,2020-12-29
250,1609286400000,0.04697616521621296,9518667.860803815,2020-12-30
251,1609372800000,0.043614832146496176,8829029.3887873,2020-12-31
252,1609459200000,0.04053118178027014,8198836.2097816765,2021-01-01
253,1609545600000,0.041839166579180444,8499669.84886436,2021-01-02
254,1609632000000,0.04224594943835612,8619548.864047304,2021-01-03
255,1609718400000,0.04550778936590419,9360986.970750805,2021-01-04
256,1609804800000,0.043653697290739805,9016503.593152987,2021-01-05
257,1609891200000,0.04461827347648512,9164104.231689474,2021-01-06
258,1609977600000,0.04615340395559577,9580809.982822916,2021-01-07
259,1610064000000,0.047546237643564096,9834681.221661005,2021-01-08
260,1610150400000,0.047072731404944716,9719113.474640358,2021-01-09
261,1610236800000,0.05240835065630086,10794495.797911111,2021-01-10
262,1610323200000,0.054211006335709855,11227094.37663036,2021-01-11
263,1610409600000,0.04762195205854974,9888303.576670637,2021-01-12
264,1610496000000,0.044750728789814474,9277234.000703197,2021-01-13
265,1610582400000,0.05012216030392055,10411260.401307162,2021-01-14
266,1610668800000,0.048420512035536455,10069742.665250858,2021-01-15
267,1610755200000,0.048275932521043785,10046944.83831245,2021-01-16
268,1610841600000,0.05248494421109244,10917323.974885562,2021-01-17
269,1610928000000,0.054684796573031276,11339078.326712795,2021-01-18
270,1611014400000,0.05598569789323321,11675150.475999594,2021-01-19
271,1611100800000,0.053108873561250845,11084257.136523865,2021-01-20
272,1611187200000,0.05319675961853992,11196147.271852694,2021-01-21
273,1611273600000,0.050722678909237005,10802775.927198099,2021-01-22
274,1611360000000,0.052884845996999955,11007635.844600124,2021-01-23
275,1611446400000,0.058543742982374435,12042891.278278757,2021-01-24
276,1611532800000,0.059495421550391794,12410359.17003629,2021-01-25
277,1611619200000,0.058769987983288946,12269072.302701866,2021-01-26
278,1611705600000,0.057330753239970125,11963428.839414353,2021-01-27
279,1611792000000,0.06305860941349663,12940244.947636006,2021-01-28
280,1611878400000,0.06059903325045061,12758672.426807754,2021-01-29
281,1611964800000,0.06065158632525728,12593449.955838114,2021-01-30
282,1612051200000,0.06693634433278606,13955596.658701036,2021-01-31
283,1612137600000,0.07039995055519206,14651572.39797763,2021-02-01
284,1612224000000,0.06854747783955054,14287600.617159214,2021-02-02
285,1612310400000,0.069023756024348,18016599.505635183,2021-02-03
286,1612396800000,0.07717371893636478,20161036.284498416,2021-02-04
287,1612483200000,0.07546096616391991,20270704.09201819,2021-02-05
288,1612569600000,0.08607713882996738,22871611.235261925,2021-02-06
289,1612656000000,0.08199302387633939,21941633.699778657,2021-02-07
290,1612742400000,0.07882089056464035,21091266.3466006,2021-02-08
291,1612828800000,0.08565347480914622,22737703.52064347,2021-02-09
292,1612915200000,0.09907984010260884,26451678.515464712,2021-02-10
293,1613001600000,0.2555075215089576,64283724.77995159,2021-02-11
294,1613088000000,0.32131686176036617,89306486.77056669,2021-02-12
295,1613174400000,0.285806140056096,78629348.63982816,2021-02-13
296,1613260800000,0.24947291534461924,69497230.38663559,2021-02-14
297,1613347200000,0.21527665203359775,58650514.20999664,2021-02-15
298,1613433600000,0.219580054160598,62781549.010428175,2021-02-16
299,1613520000000,0.22526574827558424,62023896.222915396,2021-02-17
300,1613606400000,0.2283842281928634,63391288.5834851,2021-02-18
301,1613692800000,0.2207182737955117,61317024.44748638,2021-02-19
302,1613779200000,0.21241287763869196,59050716.74727224,2021-02-20
303,1613865600000,0.20096325542088042,55573828.206179865,2021-02-21
304,1613952000000,0.23045048577070804,64052708.7603669,2021-02-22
305,1614038400000,0.1957340188962909,54225669.96151379,2021-02-23
306,1614124800000,0.15504117078971152,42689639.23383541,2021-02-24
307,1614211200000,0.16982686332244448,47089993.7672301,2021-02-25
308,1614297600000,0.20883269171172406,59208114.15606706,2021-02-26
309,1614384000000,0.20061456183484452,55931473.41513866,2021-02-27
310,1614470400000,0.19277661677793226,53924275.66458888,2021-02-28
311,1614556800000,0.1709687330812052,47957997.32018944,2021-03-01
312,1614643200000,0.19658920609503375,54784714.12633743,2021-03-02
313,1614729600000,0.1951208428065137,54376450.161008954,2021-03-03
314,1614816000000,0.2092117186136987,58541259.8211248,2021-03-04
315,1614902400000,0.22592903595432837,63148598.93974629,2021-03-05
316,1614988800000,0.2369230915240144,66743314.02822484,2021-03-06
317,1615075200000,0.2334094110696601,65245808.89523125,2021-03-07
318,1615161600000,0.2587819438762247,72383017.39235589,2021-03-08
319,1615248000000,0.28159259489153826,78712419.81436011,2021-03-09
320,1615334400000,0.2794912343773164,82073942.62874459,2021-03-10
321,1615420800000,0.2572096523354793,75196597.29314874,2021-03-11
322,1615507200000,0.25882786258857043,74819320.74673082,2021-03-12
323,1615593600000,0.22973577341596993,67316763.68936002,2021-03-13
324,1615680000000,0.2728132286289677,81632403.4901939,2021-03-14
325,1615766400000,0.284957136592642,84794379.74352565,2021-03-15
326,1615852800000,0.27615723563096806,82542438.3068882,2021-03-16
327,1615939200000,0.34275855669111094,103065212.31577753,2021-03-17
328,1616025600000,0.3273840100971815,97771172.5334467,2021-03-18
329,1616112000000,0.31828110266027626,95618129.19755346,2021-03-19
330,1616198400000,0.3135986623703973,93744691.13673791,2021-03-20
331,1616284800000,0.32355134630635146,97039765.0176416,2021-03-21
332,1616371200000,0.30939255511210717,92805521.89469194,2021-03-22
333,1616457600000,0.2958803167975064,89651442.88711171,2021-03-23
334,1616544000000,0.35234434363645656,104777241.79962923,2021-03-24
335,1616630400000,0.3187458983301915,98813101.59912324,2021-03-25
336,1616716800000,0.3348831550700778,102979427.68799913,2021-03-26
337,1616803200000,0.3446230547202986,105923373.3300023,2021-03-27
338,1616889600000,0.3799377309437184,117946094.23706552,2021-03-28
339,1616976000000,0.4390888817564177,135192218.60623142,2021-03-29
340,1617062400000,0.4182197684556847,127592064.73047529,2021-03-30
341,1617148800000,0.40041948282039863,123430882.15272033,2021-03-31
342,1617235200000,0.3862304427349817,119298285.10649058,2021-04-01
343,1617321600000,0.40397080137868163,124572783.66827418,2021-04-02
344,1617408000000,0.3831709745467092,118816199.63601193,2021-04-03
345,1617494400000,0.37384538135686524,115205705.6340471,2021-04-04
346,1617580800000,0.6467251129042323,205923913.14339653,2021-04-05
347,1617667200000,0.5850726701807896,180078093.51717442,2021-04-06
348,1617753600000,0.5235489789247358,162022108.77541792,2021-04-07
349,1617840000000,0.5561682185678977,175064861.61915,2021-04-08
350,1617926400000,0.5722255453397427,177470031.24473733,2021-04-09
351,1618012800000,0.5941853080498085,185925277.04140368,2021-04-10
352,1618099200000,0.6827335345004316,209919629.86125588,2021-04-11
353,1618185600000,0.6741903839290428,205756272.04778057,2021-04-12
354,1618272000000,0.5987733398338693,185182832.9055071,2021-04-13
355,1618358400000,0.5653926858818367,174166466.25119975,2021-04-14
356,1618444800000,0.6398744640220093,198334141.66970703,2021-04-15
357,1618531200000,0.6605456669427104,204749743.43958378,2021-04-16
358,1618617600000,0.6087398712628068,188978324.75032717,2021-04-17
359,1618704000000,0.6098041409393954,190254340.82805374,2021-04-18
360,1618790400000,0.5338938991816341,165166047.86874473,2021-04-19
361,1618876800000,0.6705017542547121,206897667.92081866,2021-04-20
362,1618963200000,0.6169062805737775,193330992.632098,2021-04-21
363,1619049600000,0.5852852450121329,182372558.26654464,2021-04-22
364,1619136000000,0.5256288757067539,163417109.72488895,2021-04-23
365,1619222400000,0.4849483048080404,149751511.33480462,2021-04-24
366,1619308800000,0.4416107063046572,138734262.27498007,2021-04-25
367,1619395200000,0.41621276815557007,129006727.83969918,2021-04-26
368,1619481600000,0.6466309450847378,201217767.56489074,2021-04-27
369,1619568000000,0.6367600417129939,196557958.9162681,2021-04-28
370,1619654400000,0.6023990725132919,187090978.7890288,2021-04-29
371,1619740800000,0.6027311336583582,187171689.47015896,2021-04-30
372,1619827200000,0.6339084492467872,197950588.47818935,2021-05-01
373,1619913600000,0.6585877102460925,203680937.51750863,2021-05-02
374,1620000000000,0.7339694707163351,229773710.16353267,2021-05-03
375,1620086400000,0.7377648530442402,228553769.642886,2021-05-04
376,1620172800000,0.9880856778375043,306467288.54551154,2021-05-05
377,1620259200000,0.9341750025025749,290701388.15148807,2021-05-06
378,1620345600000,0.8162220418565161,254420035.28836957,2021-05-07
379,1620432000000,0.9765632962443399,304232950.6385962,2021-05-08
380,1620518400000,1.7222880889707812,535502078.6639473,2021-05-09
381,1620604800000,1.4409775697526805,440004898.19435877,2021-05-10
382,1620691200000,1.1479693467102692,358346319.54433346,2021-05-11
383,1620777600000,1.1405997153397982,358127506.65904444,2021-05-12
384,1620864000000,0.931600528882096,292904962.1932491,2021-05-13
385,1620950400000,0.8840667136503535,271405725.5082614,2021-05-14
386,1621036800000,1.1271785585302012,350658479.34069383,2021-05-15
387,1621123200000,1.017534316490842,318898482.74186355,2021-05-16
388,1621209600000,1.14922153819074,366476558.84900886,2021-05-17
389,1621296000000,1.1072775662147367,348275087.08126205,2021-05-18
390,1621382400000,1.0950343959782682,338660567.2581557,2021-05-19
391,1621468800000,0.7257481430895801,228907960.57825813,2021-05-20
392,1621555200000,0.928855328594596,285906733.0825323,2021-05-21
393,1621641600000,0.7829553294452016,242994046.85854647,2021-05-22
394,1621728000000,0.6966155467325758,216790346.64886343,2021-05-23
395,1621814400000,0.5633378716397354,174210795.6896947,2021-05-24
396,1621900800000,0.7342205234786177,229114131.97398612,2021-05-25
397,1621987200000,0.6943973780784408,216184606.18602464,2021-05-26
398,1622073600000,0.8671883021561164,269298632.4102212,2021-05-27
399,1622160000000,0.7809797166585773,244982456.11448467,2021-05-28
400,1622246400000,0.6877802211573456,214022670.82359502,2021-05-29
401,1622332800000,0.6150085622179534,192437824.98437706,2021-05-30
402,1622419200000,0.6419246252621562,199253148.79773873,2021-05-31
403,1622505600000,0.7174130132526618,261140144.82618308,2021-06-01
404,1622592000000,0.6847928162135987,250088536.65739572,2021-06-02
405,1622678400000,0.7122134992764938,259897350.4345086,2021-06-03
406,1622764800000,0.8281780260480056,305688745.7887484,2021-06-04
407,1622851200000,0.7084816891691094,259615143.34705275,2021-06-05
408,1622937600000,0.6695948316893822,244175591.40765956,2021-06-06
409,1623024000000,0.6934269408610451,254581421.18057588,2021-06-07
410,1623110400000,0.649115504835605,232806951.46746066,2021-06-08
411,1623196800000,0.6066569156098082,223254502.85606062,2021-06-09
412,1623283200000,0.6252123687631088,229904323.2585519,2021-06-10
413,1623369600000,0.6392089739383359,233606845.93943083,2021-06-11
414,1623456000000,0.5755246094323403,210462577.57616305,2021-06-12
415,1623542400000,0.5517175971608048,202268935.11106,2021-06-13
416,1623628800000,0.5935001370733357,212724823.46928087,2021-06-14
417,1623715200000,0.5960085401396459,217281620.00953043,2021-06-15
418,1623801600000,0.5921114760115991,217864280.82381946,2021-06-16
419,1623888000000,0.5664970400646183,208328537.69521284,2021-06-17
420,1623974400000,0.5611119622639498,204111345.45033386,2021-06-18
421,1624060800000,0.5390006528465732,198569200.5646816,2021-06-19
422,1624147200000,0.5134256799044019,188688322.28354594,2021-06-20
423,1624233600000,0.5091970401516627,186968934.4360731,2021-06-21
424,1624320000000,0.39927470256337727,148190219.54947424,2021-06-22
425,1624406400000,0.35383094027951423,130030616.47465879,2021-06-23
426,1624492800000,0.377987594301059,138932311.88903332,2021-06-24
427,1624579200000,0.38753345206501333,142698395.76001778,2021-06-25
428,1624665600000,0.3563784432554873,131318318.37400278,2021-06-26
429,1624752000000,0.4159169639778421,155857823.5485743,2021-06-27
430,1624838400000,0.4920796435850863,181612053.4891962,2021-06-28
431,1624924800000,0.4732645677117374,176762545.06938902,2021-06-29
432,1625011200000,0.47692858272193933,178329524.45350954,2021-06-30
433,1625097600000,0.45005100125064174,168110618.22742918,2021-07-01
434,1625184000000,0.41850188806539795,156475023.97265068,2021-07-02
435,1625270400000,0.4505746878080741,168004027.97250462,2021-07-03
436,1625356800000,0.4430914696594168,165540917.5516753,2021-07-04
437,1625443200000,0.4446234610741966,166986272.6973884,2021-07-05
438,1625529600000,0.41886728424178005,157289229.8897723,2021-07-06
439,1625616000000,0.4333025500138065,161742631.11249322,2021-07-07
440,1625702400000,0.4452630332834416,169082322.16904894,2021-07-08
441,1625788800000,0.4058575552995671,154159336.06915656,2021-07-09
442,1625875200000,0.41597453438251547,157648685.6904239,2021-07-10
443,1625961600000,0.4641501328643658,176588293.5345647,2021-07-11
444,1626048000000,0.45711901879234684,173514331.5947812,2021-07-12
445,1626134400000,0.4370701024193393,165878655.34205097,2021-07-13
446,1626220800000,0.41961910857927076,159862025.8262303,2021-07-14
447,1626307200000,0.4393648437305242,166817512.48081475,2021-07-15
448,1626393600000,0.4188842259719228,159150069.13635382,2021-07-16
449,1626480000000,0.40511185591481347,154088779.44539523,2021-07-17
450,1626566400000,0.3914272649853343,149073338.44973192,2021-07-18
451,1626652800000,0.3908600332783038,148598617.13858104,2021-07-19
452,1626739200000,0.35683385524606814,136845067.93999958,2021-07-20
453,1626825600000,0.323988466896352,123434744.32902946,2021-07-21
454,1626912000000,0.35155682845017705,133284621.95091605,2021-07-22
455,1626998400000,0.3603614415109005,137072305.49264488,2021-07-23
456,1627084800000,0.37094640462509687,140817745.9298628,2021-07-24
457,1627171200000,0.37149741448098117,141293313.71124196,2021-07-25
458,1627257600000,0.3728001367344295,141801308.44282854,2021-07-26
459,1627344000000,0.3918049148219514,149359778.09538847,2021-07-27
460,1627430400000,0.4036926336149318,152780424.44572395,2021-07-28
461,1627516800000,0.40216914985890007,152788166.41494194,2021-07-29
462,1627603200000,0.4109639783493253,156853329.8771246,2021-07-30
463,1627689600000,0.42286050227303185,160534245.87662804,2021-07-31
464,1627776000000,0.43520249491826984,165987368.7675082,2021-08-01
465,1627862400000,0.4143726544664419,157280515.35669065,2021-08-02
466,1627948800000,0.4313584436105938,164818065.0817508,2021-08-03
467,1628035200000,0.4318089549029873,164311866.38937852,2021-08-04
468,1628121600000,0.44240272129210867,167988028.31936684,2021-08-05
469,1628208000000,0.443284271760434,169905489.43913034,2021-08-06
470,1628294400000,0.4597791511018198,175565013.70384315,2021-08-07
471,1628380800000,0.47371536583134355,180148544.54545885,2021-08-08
472,1628467200000,0.4860340303742832,183404908.3390348,2021-08-09
473,1628553600000,0.8331385201839044,330125677.14647675,2021-08-10
474,1628640000000,0.7482532042804833,286076927.5573275,2021-08-11
475,1628726400000,0.7077380383990018,267863962.67163992,2021-08-12
476,1628812800000,0.6954864543673955,264558971.20121914,2021-08-13
477,1628899200000,0.72571125649561,275909688.9559859,2021-08-14
478,1628985600000,0.7063277975965977,268990008.0264047,2021-08-15
479,1629072000000,0.7504522514880343,282390985.8120752,2021-08-16
480,1629158400000,0.7601203847278447,290093834.9630981,2021-08-17
481,1629244800000,0.7089831456535931,271267273.2228185,2021-08-18
482,1629331200000,0.7424846242850794,284312209.77722037,2021-08-19
483,1629417600000,0.7590767299721314,289292331.3932661,2021-08-20
484,1629504000000,0.7888452923498959,312657824.083914,2021-08-21
485,1629590400000,0.7756685870382418,308190859.5273371,2021-08-22
486,1629676800000,0.7654378267409448,304615361.7240413,2021-08-23
487,1629763200000,0.7678470752360861,305392694.7266027,2021-08-24
488,1629849600000,0.7621171116506316,302678824.0915553,2021-08-25
489,1629936000000,0.8177350756078452,325730336.38136315,2021-08-26
490,1630022400000,0.73971982950028,295186190.4218992,2021-08-27
491,1630108800000,0.7730737502240392,307732771.66218215,2021-08-28
492,1630195200000,0.796230355532348,319410356.97103167,2021-08-29
493,1630281600000,0.7930973814177873,315018450.79203665,2021-08-30
494,1630368000000,0.7735736899387545,307444948.9512324,2021-08-31
495,1630454400000,0.7846576926470945,319323126.0263964,2021-09-01
496,1630540800000,0.8169439141134728,333353098.3420512,2021-09-02
497,1630627200000,0.813042091142743,331655391.1358306,2021-09-03
498,1630713600000,0.8205826497634018,334972624.1516375,2021-09-04
499,1630800000000,0.8453437598349277,345751734.37699014,2021-09-05
500,1630886400000,0.8779256637581667,358670264.3243797,2021-09-06
501,1630972800000,0.8819594772315802,361552243.5172535,2021-09-07
502,1631059200000,0.6991176029503737,287638504.1701699,2021-09-08
503,1631145600000,0.664171003994215,272961181.1454911,2021-09-09
504,1631232000000,0.6736669989616375,276512449.859441,2021-09-10
505,1631318400000,0.6364369424123355,259850821.60900247,2021-09-11
506,1631404800000,0.6504763570641181,266588492.39655003,2021-09-12
507,1631491200000,0.673524738833632,276405709.99228853,2021-09-13
508,1631577600000,0.6222166058990837,255219066.16300827,2021-09-14
509,1631664000000,0.648663967020187,265135434.8264468,2021-09-15
510,1631750400000,0.688734037699939,281030529.2100856,2021-09-16
511,1631836800000,0.6679170210848837,273263639.06099254,2021-09-17
512,1631923200000,0.6336804903789598,260131698.67566437,2021-09-18
513,1632009600000,0.6671420112722367,273405342.4993679,2021-09-19
514,1632096000000,0.6519267004315494,267424608.11384633,2021-09-20
515,1632182400000,0.552172070369989,230780274.44875422,2021-09-21
516,1632268800000,0.4969347318875536,207981128.86162436,2021-09-22
517,1632355200000,0.6079841764664523,255633192.81417087,2021-09-23
518,1632441600000,0.6396834473167616,269082456.892136,2021-09-24
519,1632528000000,0.5755763918918205,242443940.28992563,2021-09-25
520,1632614400000,0.5889196109388772,247708557.98162133,2021-09-26
521,1632700800000,0.5718974953423349,240513287.034982,2021-09-27
522,1632787200000,0.5725171544003465,241999111.61094332,2021-09-28
523,1632873600000,0.540088251827091,227748954.26522607,2021-09-29
524,1632960000000,0.5600406281752672,235535220.37239447,2021-09-30
525,1633046400000,0.5843637735571267,251565669.07424566,2021-10-01
526,1633132800000,0.6302645190917614,271358767.957106,2021-10-02
527,1633219200000,0.6534560889366052,281567077.30646807,2021-10-03
528,1633305600000,0.7099533750160203,305068668.71705234,2021-10-04
529,1633392000000,0.67932651537664,292937213.19714934,2021-10-05
530,1633478400000,0.6648416226667277,286307896.1228995,2021-10-06
531,1633564800000,0.6503179708641553,280106825.92248785,2021-10-07
532,1633651200000,0.6335774303173557,273550837.62115145,2021-10-08
533,1633737600000,0.616971130589751,266214230.2947982,2021-10-09
534,1633824000000,0.6256485526429646,269409181.6610935,2021-10-10
535,1633910400000,0.6104351578105229,262260613.5190869,2021-10-11
536,1633996800000,0.6104412816598902,262092248.44542837,2021-10-12
537,1634083200000,0.6003743988442644,259077237.34563524,2021-10-13
538,1634169600000,0.6246962328831086,269675160.0814077,2021-10-14
539,1634256000000,0.6745862435475054,290851905.2947281,2021-10-15
540,1634342400000,0.6723611871223599,288929597.0917878,2021-10-16
541,1634428800000,0.6918443489686475,298415623.6764185,2021-10-17
542,1634515200000,0.6989651899974163,302797954.993101,2021-10-18
543,1634601600000,0.729288176074926,315758505.7789358,2021-10-19
544,1634688000000,0.7464795043257398,329350491.743102,2021-10-20
545,1634774400000,0.8726078642400071,391338683.1653242,2021-10-21
546,1634860800000,0.8185045775431339,364546352.3142181,2021-10-22
547,1634947200000,0.8015495444294617,356985771.8447285,2021-10-23
548,1635033600000,0.7663037476447978,341462729.9825684,2021-10-24
549,1635120000000,0.7276057878893185,366418365.47643507,2021-10-25
550,1635206400000,0.8109760428348551,391219326.53553563,2021-10-26
551,1635292800000,0.804302099818309,388643491.17309016,2021-10-27
552,1635379200000,0.7112779205508358,342885981.12643796,2021-10-28
553,1635465600000,0.7296437396039469,349925624.0699929,2021-10-29
554,1635552000000,0.7465264207314494,359975596.46933377,2021-10-30
555,1635638400000,0.7392369697725598,356294225.18833524,2021-10-31
556,1635724800000,0.7785974757030103,375889529.73902535,2021-11-01
557,1635811200000,0.7685033139348606,371079176.3686347,2021-11-02
558,1635897600000,0.7817839702527414,369673237.72702086,2021-11-03
559,1635984000000,0.8028452993683616,379983824.4613632,2021-11-04
560,1636070400000,0.8371008409517492,398060844.2144842,2021-11-05
561,1636156800000,0.7981969607911079,379511697.0635242,2021-11-06
562,1636243200000,0.8258555302410611,390203188.09789807,2021-11-07
563,1636329600000,0.8398643084943164,397991955.13237524,2021-11-08
564,1636416000000,0.8312196130378162,394862764.077482,2021-11-09
565,1636502400000,0.8615140130199461,410301935.989196,2021-11-10
566,1636588800000,0.9905331680759777,457251531.72349113,2021-11-11
567,1636675200000,1.4352646901313006,686132582.6197199,2021-11-12
568,1636761600000,1.2359386478061007,584620405.3550507,2021-11-13
569,1636848000000,1.1568128693751323,549489803.4447066,2021-11-14
570,1636934400000,1.1316263503534565,536592741.32961017,2021-11-15
571,1637020800000,1.078825232048765,512561382.9608863,2021-11-16
572,1637107200000,0.9823657798040766,468494199.40594053,2021-11-17
573,1637193600000,1.0452045256345621,494212067.2239327,2021-11-18
574,1637280000000,0.9234059333341954,437098153.0560393,2021-11-19
575,1637366400000,0.9734946922728742,462898650.07029617,2021-11-20
576,1637452800000,1.0719830753579322,509864735.42964655,2021-11-21
577,1637539200000,0.9964344250222472,474087288.3346298,2021-11-22
578,1637625600000,0.9328203119547643,444646376.46144724,2021-11-23
579,1637712000000,0.984182285567585,468455650.10026664,2021-11-24
580,1637798400000,0.945929608342241,460031178.99820733,2021-11-25
581,1637884800000,1.0487982849265405,511235238.9781371,2021-11-26
582,1637971200000,0.9742612108939445,474767118.16788393,2021-11-27
583,1638057600000,1.0009218466382934,484442409.279369,2021-11-28
584,1638144000000,0.9838390934325195,479550515.38190883,2021-11-29
585,1638230400000,1.0233681656352205,498419847.4006128,2021-11-30
586,1638316800000,0.997149244378133,486553437.5048333,2021-12-01
587,1638403200000,1.0728152964057416,520150906.9827036,2021-12-02
588,1638489600000,1.0282040126541048,500979934.1490367,2021-12-03
589,1638576000000,1.05314025601973,511862283.88140815,2021-12-04
590,1638662400000,0.8478834787882663,412381256.9251568,2021-12-05
591,1638748800000,0.7786511138745474,377127752.53725845,2021-12-06
592,1638835200000,0.785744996327872,381530513.46083474,2021-12-07
593,1638921600000,0.7550543412172949,366765385.8778804,2021-12-08
594,1639008000000,0.8011444490747411,392916334.1707873,2021-12-09
595,1639094400000,0.7223333969499893,353307031.41627836,2021-12-10
596,1639180800000,0.683035841736007,336614656.02442044,2021-12-11
597,1639267200000,0.7162222530188271,349015939.3268887,2021-12-12
598,1639353600000,0.7177798281578593,348851982.50297725,2021-12-13
599,1639440000000,0.6159999561088267,300158280.72689956,2021-12-14
600,1639526400000,0.6301071347868191,306611104.2854469,2021-12-15
601,1639612800000,0.6626476951035463,322413832.64705706,2021-12-16
602,1639699200000,0.6543251541988518,319143201.79847807,2021-12-17
603,1639785600000,0.652078260844842,318304804.42556655,2021-12-18
604,1639872000000,0.6613496494430039,323496525.2841485,2021-12-19
605,1639958400000,0.6479857301599922,316944088.41905075,2021-12-20
606,1640044800000,0.630407499575041,308790819.7128914,2021-12-21
607,1640131200000,0.6731922968596721,329786554.4032284,2021-12-22
608,1640217600000,0.6905266234011561,338243212.02065647,2021-12-23
609,1640304000000,0.785999807033305,384018635.2729476,2021-12-24
610,1640390400000,0.7614242907279938,371210347.7204598,2021-12-25
611,1640476800000,0.7898147635021093,387744356.85632193,2021-12-26
612,1640563200000,0.809879391327789,395222947.6387169,2021-12-27
613,1640649600000,0.8116266728276895,398047361.8905386,2021-12-28
614,1640736000000,0.714778894072304,351359418.26165974,2021-12-29
615,1640822400000,0.6807828242234492,330729438.7375927,2021-12-30
616,1640908800000,0.6969009232685838,340211270.11007375,2021-12-31
617,1640995200000,0.6878075472572854,338225357.77448785,2022-01-01
618,1641081600000,0.717486149681798,349746465.7729698,2022-01-02
619,1641168000000,0.7138037002630316,349747910.57609886,2022-01-03
620,1641254400000,0.6955217258254874,340935702.2614929,2022-01-04
621,1641340800000,0.7152824113579324,354097696.39213216,2022-01-05
622,1641427200000,0.6481011566359471,318262915.4639367,2022-01-06
623,1641513600000,0.64777823424017,318866215.1783572,2022-01-07
624,1641600000000,0.601431750132218,294588327.8692833,2022-01-08
625,1641686400000,0.5761197275448612,284031326.7089482,2022-01-09
626,1641772800000,0.587005875331401,286967535.953625,2022-01-10
627,1641859200000,0.5498895618652757,269231410.33271706,2022-01-11
628,1641945600000,0.5787788538126607,284209116.0998664,2022-01-12
629,1642032000000,0.688242026549775,335919131.3074946,2022-01-13
630,1642118400000,0.7055291014939228,347863774.8235168,2022-01-14
631,1642204800000,0.7154049267717894,350515364.05042446,2022-01-15
632,1642291200000,0.6776240828053257,332425816.58182293,2022-01-16
633,1642377600000,0.6605020132809826,324321944.4943018,2022-01-17
634,1642464000000,0.6198875847795461,305149833.37010014,2022-01-18
635,1642550400000,0.6067703194047022,298611846.13918304,2022-01-19
636,1642636800000,0.5794294165275271,285814952.8019593,2022-01-20
637,1642723200000,0.560437476730639,276867777.11791915,2022-01-21
638,1642809600000,0.47959800183804413,236151843.8232486,2022-01-22
639,1642896000000,0.4386401111847038,214448263.83741662,2022-01-23
640,1642982400000,0.45539895079692483,209960903.27848792,2022-01-24
641,1643068800000,0.4259209930243679,213345897.513708,2022-01-25
642,1643155200000,0.4391077318705016,219511503.81755665,2022-01-26
643,1643241600000,0.4515486672799134,227072518.30906042,2022-01-27
644,1643328000000,0.44764610162298546,222854716.92604893,2022-01-28
645,1643414400000,0.45510174929332503,235471787.13051152,2022-01-29
646,1643500800000,0.46468728262416764,239727688.50925183,2022-01-30
647,1643587200000,0.4525843450971424,234364511.3302923,2022-01-31
648,1643673600000,0.4659073098566354,241076324.98760659,2022-02-01
649,1643760000000,0.47667575468852974,247525261.03166804,2022-02-02
650,1643846400000,0.42579677575456926,220349585.41699708,2022-02-03
651,1643932800000,0.44209981081076816,228925278.72711018,2022-02-04
652,1644019200000,0.4867094055977646,250232564.88737214,2022-02-05
653,1644105600000,0.49435370029818576,256167263.38575315,2022-02-06
654,1644192000000,0.5067372218633426,261953666.9000087,2022-02-07
655,1644278400000,0.5368319678822701,279291212.7763495,2022-02-08
656,1644364800000,0.5308018334534783,275133343.02643174,2022-02-09
657,1644451200000,0.5394611954395496,279498579.5642923,2022-02-10
658,1644537600000,0.5138020842805706,266194663.066573,2022-02-11
659,1644624000000,0.4577795951388947,237180520.9433485,2022-02-12
660,1644710400000,0.45963422338618526,238388334.13151452,2022-02-13
661,1644796800000,0.4451585233112262,231563642.70326126,2022-02-14
662,1644883200000,0.4491532536287473,233374363.60142162,2022-02-15
663,1644969600000,0.48723746013897606,253275664.48845005,2022-02-16
664,1645056000000,0.4752130296475617,248781577.70728368,2022-02-17
665,1645142400000,0.43346337998600526,225490489.332675,2022-02-18
666,1645228800000,0.4231585277813068,219986060.31049487,2022-02-19
667,1645315200000,0.4227253349632913,218921727.12397167,2022-02-20
668,1645401600000,0.39809668414338184,208320448.80571678,2022-02-21
669,1645488000000,0.36795090716354634,191402037.1427204,2022-02-22
670,1645574400000,0.38739834403131257,201367408.28099096,2022-02-23
671,1645660800000,0.36745607167043215,191560947.03316903,2022-02-24
672,1645747200000,0.34461657947180124,179006958.26282474,2022-02-25
673,1645833600000,0.37322151042484597,193963016.53399098,2022-02-26
674,1645920000000,0.3660875999600896,189414798.8004817,2022-02-27
675,1646006400000,0.34187613091284286,177678755.2740208,2022-02-28
676,1646092800000,0.39223579137206294,202878838.38068438,2022-03-01
677,1646179200000,0.39961065922177286,208024337.57490474,2022-03-02
678,1646265600000,0.3979597497287162,206910023.52914912,2022-03-03
679,1646352000000,0.3841575903923829,200153184.32684562,2022-03-04
680,1646438400000,0.35062229820027757,182664689.396609,2022-03-05
681,1646524800000,0.3622286949519431,188343208.07460186,2022-03-06
682,1646611200000,0.3222472084545581,167860383.50107923,2022-03-07
683,1646697600000,0.32026154683814817,166487904.19944638,2022-03-08
684,1646784000000,0.305663419337954,158873512.08806214,2022-03-09
685,1646870400000,0.32181979234632285,167325316.79618272,2022-03-10
686,1646956800000,0.2989633438018164,155370270.58100662,2022-03-11
687,1647043200000,0.2930849188088713,153151714.51055437,2022-03-12
688,1647129600000,0.2883013506741869,150814145.74392003,2022-03-13
689,1647216000000,0.2919272612654526,152777994.18172288,2022-03-14
690,1647302400000,0.32196688352711283,167378602.04427788,2022-03-15
691,1647388800000,0.3114334450884132,162992095.4010348,2022-03-16
692,1647475200000,0.318067218493063,163605453.9804528,2022-03-17
693,1647561600000,0.3184278312151577,166230919.6325655,2022-03-18
694,1647648000000,0.3295183560717982,171976951.2606996,2022-03-19
695,1647734400000,0.3563738409959274,184917482.8715387,2022-03-20
696,1647820800000,0.3424277866501843,178028040.82682484,2022-03-21
697,1647907200000,0.34197805443681367,178283809.00797394,2022-03-22
698,1647993600000,0.3627255170496506,189060867.28984812,2022-03-23
699,1648080000000,0.3823810417817219,199393209.537301,2022-03-24
700,1648166400000,0.3874260184164094,201980923.7061434,2022-03-25
701,1648252800000,0.3636162401104865,189559865.11252537,2022-03-26
702,1648339200000,0.38693378897698755,202580387.50736436,2022-03-27
703,1648425600000,0.42482597132977834,218805653.89713508,2022-03-28
704,1648512000000,0.401926695242855,212560368.87386057,2022-03-29
705,1648598400000,0.422675026742358,219587466.38990492,2022-03-30
706,1648684800000,0.44662023159688025,233680866.08679226,2022-03-31
707,1648771200000,0.46504615878244193,240034648.66946295,2022-04-01
708,1648857600000,0.5000072635847119,260300220.96285298,2022-04-02
709,1648944000000,0.4955986310604981,258775627.93939972,2022-04-03
710,1649030400000,0.5005237600733686,260549753.741377,2022-04-04
711,1649116800000,0.4746390581570305,247358736.4821817,2022-04-05
712,1649203200000,0.4525713015912754,237001658.87225595,2022-04-06
713,1649289600000,0.38530851025449186,202026254.976943,2022-04-07
714,1649376000000,0.3992931245198929,209415980.3265712,2022-04-08
715,1649462400000,0.3628589334351761,186949694.28221887,2022-04-09
716,1649548800000,0.38719401078628785,202346978.275103,2022-04-10
717,1649635200000,0.371595739948912,194474453.1765491,2022-04-11
718,1649721600000,0.3365021647117719,175772192.49723956,2022-04-12
719,1649808000000,0.35929185601855274,187313441.8161944,2022-04-13
720,1649894400000,0.37098848747790936,193234339.31671396,2022-04-14
721,1649980800000,0.3576364626818707,186527624.32623574,2022-04-15
722,1650067200000,0.35933673715861436,187439202.75695294,2022-04-16
723,1650153600000,0.35628419020375,186498135.99005884,2022-04-17
724,1650240000000,0.3358926052231844,175333771.81624603,2022-04-18
725,1650326400000,0.3494271037567682,182032170.7429968,2022-04-19
726,1650412800000,0.36286044255068056,189429102.6243645,2022-04-20
727,1650499200000,0.3528604484993783,183535052.5577848,2022-04-21
728,1650585600000,0.35030927360438496,182551616.7742595,2022-04-22
729,1650672000000,0.3504334782987526,183162511.25255147,2022-04-23
730,1650758400000,0.33530575814048097,175732021.49404788,2022-04-24
731,1650844800000,0.33497854141605676,175256576.87914404,2022-04-25
732,1650931200000,0.3283600931957448,184900805.05304578,2022-04-26
733,1651017600000,0.2947779202945982,165737830.77366048,2022-04-27
734,1651104000000,0.30595347545175783,172368359.09941193,2022-04-28
735,1651190400000,0.30710979244480674,172755750.6116219,2022-04-29
736,1651276800000,0.28860569374220685,162903905.77915362,2022-04-30
737,1651363200000,0.26618503646472946,149203199.72442335,2022-05-01
738,1651449600000,0.28655394907057297,161254757.98714674,2022-05-02
739,1651536000000,0.27504487981464565,154447810.46799892,2022-05-03
740,1651622400000,0.27169730055381813,153223380.9820715,2022-05-04
741,1651708800000,0.2977996338668748,168249788.8868094,2022-05-05
742,1651795200000,0.269945965238129,151668012.45339587,2022-05-06
743,1651881600000,0.2687069669198144,151886949.24867785,2022-05-07
744,1651968000000,0.2566725502871121,145353020.5470731,2022-05-08
745,1652054400000,0.24799619556658992,140495582.28110585,2022-05-09
746,1652140800000,0.1986119011944969,112847218.17335218,2022-05-10
747,1652227200000,0.20586459657249273,115778745.48554249,2022-05-11
748,1652313600000,0.17194031052543995,99421142.97254473,2022-05-12
749,1652400000000,0.1704197725293456,97062387.23766828,2022-05-13
750,1652486400000,0.18195476931127205,102645584.22080445,2022-05-14
751,1652572800000,0.20093844022190963,113379415.79147714,2022-05-15
752,1652659200000,0.20048054310342522,112489776.6997389,2022-05-16
753,1652745600000,0.1869806003859677,105913495.2610343,2022-05-17
754,1652832000000,0.20346280512787474,115047833.78311735,2022-05-18
755,1652918400000,0.1829431275634238,103788513.63620214,2022-05-19
756,1653004800000,0.1964705666565393,111172905.95415689,2022-05-20
757,1653091200000,0.18462959635164836,104748680.19917576,2022-05-21
758,1653177600000,0.1864146226040166,105971492.01207198,2022-05-22
759,1653264000000,0.19440502065234383,110125558.33794788,2022-05-23
760,1653350400000,0.17245065997368084,97738564.45352666,2022-05-24
761,1653436800000,0.1892845511875264,106929420.92856412,2022-05-25
762,1653523200000,0.18714818818294154,105879108.26813081,2022-05-26
763,1653609600000,0.18295289209123786,103380607.21871223,2022-05-27
764,1653696000000,0.17482798994446785,99134736.00658076,2022-05-28
765,1653782400000,0.18222885417217158,103613617.18322097,2022-05-29
766,1653868800000,0.19880393633135263,112947039.65884611,2022-05-30
767,1653955200000,0.20022058633197895,113617951.04194425,2022-05-31
768,1654041600000,0.21054951518458329,120133895.65504073,2022-06-01
769,1654128000000,0.1911594552615359,108809592.875965,2022-06-02
770,1654214400000,0.19848976928426426,112615572.19986023,2022-06-03
771,1654300800000,0.20925497411807026,119803599.30839127,2022-06-04
772,1654387200000,0.20091221900519413,114111033.1607772,2022-06-05
773,1654473600000,0.2196203045857198,125036481.35774674,2022-06-06
774,1654560000000,0.21433622389173104,122407934.84571816,2022-06-07
775,1654646400000,0.2356812595576029,135309745.5544058,2022-06-08
776,1654732800000,0.23468296161014376,134095810.62732567,2022-06-09
777,1654819200000,0.22652827347726376,128747151.64694998,2022-06-10
778,1654905600000,0.23099368330045958,132677236.60843393,2022-06-11
779,1654992000000,0.21984146457639517,125633769.63228512,2022-06-12
780,1655078400000,0.19288700721983956,109991560.33902338,2022-06-13
781,1655164800000,0.15954316838984356,90604142.73038228,2022-06-14
782,1655251200000,0.16068310343660086,91230549.8268449,2022-06-15
783,1655337600000,0.16493879508966272,93864752.21782063,2022-06-16
784,1655424000000,0.14406250934556863,82220070.36294885,2022-06-17
785,1655510400000,0.14953579504565745,86034661.16115057,2022-06-18
786,1655596800000,0.1411378182186067,80188283.1093236,2022-06-19
787,1655683200000,0.15120120433205278,86358961.19887303,2022-06-20
788,1655769600000,0.15672839413076856,89587681.89346799,2022-06-21
789,1655856000000,0.15695366895200466,89639773.95542502,2022-06-22
790,1655942400000,0.14929343366318193,85233568.59869112,2022-06-23
791,1656028800000,0.16206594591408213,93097435.96881866,2022-06-24
792,1656115200000,0.16958432488065805,97281673.40064679,2022-06-25
793,1656201600000,0.1674150418901432,95711085.13262694,2022-06-26
794,1656288000000,0.1565937175021442,89702521.61387584,2022-06-27
795,1656374400000,0.15666828258261148,89439806.05515184,2022-06-28
796,1656460800000,0.15041498570680611,85820592.41943337,2022-06-29
797,1656547200000,0.16430438899484584,93980656.32356164,2022-06-30
798,1656633600000,0.15618013653965843,89338280.0158848,2022-07-01
799,1656720000000,0.14878608504344656,86588768.0256476,2022-07-02
800,1656806400000,0.1491360449117115,88497657.21282043,2022-07-03
801,1656892800000,0.14820015553279128,87925472.29422835,2022-07-04
802,1656979200000,0.15167744757771945,89920089.03542179,2022-07-05
803,1657065600000,0.14813102453114788,87895971.70113915,2022-07-06
804,1657152000000,0.1534548805364181,91054526.33840181,2022-07-07
805,1657238400000,0.15769649509548314,93753302.58638111,2022-07-08
806,1657324800000,0.15711836147611097,93343200.0797574,2022-07-09
807,1657411200000,0.16071785306283984,95307533.99734387,2022-07-10
808,1657497600000,0.15363790359588322,91156666.94755559,2022-07-11
809,1657584000000,0.13940804141682367,82790348.71671785,2022-07-12
810,1657670400000,0.13682055993650236,81894128.25213587,2022-07-13
811,1657756800000,0.14583064792677794,86551357.746943,2022-07-14
812,1657843200000,0.15175954067162203,90350539.63849537,2022-07-15
813,1657929600000,0.15550523162784405,92366725.35740134,2022-07-16
814,1658016000000,0.15906730517769835,94668318.18972312,2022-07-17
815,1658102400000,0.16621703121381134,99078714.43159546,2022-07-18
816,1658188800000,0.17252441340634575,101777805.94341083,2022-07-19
817,1658275200000,0.1742256450706062,103385284.71909225,2022-07-20
818,1658361600000,0.16377260157078388,97607751.19593479,2022-07-21
819,1658448000000,0.16610943767312047,98965114.79544437,2022-07-22
820,1658534400000,0.16076953611545067,95314645.21644565,2022-07-23
821,1658620800000,0.1614476521222416,91194596.42299293,2022-07-24
822,1658707200000,0.16005087258219478,90582538.27381958,2022-07-25
823,1658793600000,0.14775254433936214,84495564.05057365,2022-07-26
824,1658880000000,0.14891137605505128,89731370.03549398,2022-07-27
825,1658966400000,0.15753384909442197,94756803.27732,2022-07-28
826,1659052800000,0.16413762190246972,99057514.53287534,2022-07-29
827,1659139200000,0.16500385417234376,100652488.29599887,2022-07-30
828,1659225600000,0.16837231983713236,101336587.50221942,2022-07-31
829,1659312000000,0.16797566939133707,101413160.8660535,2022-08-01
830,1659398400000,0.17176003998781597,103507156.20025352,2022-08-02
831,1659484800000,0.1603491201520284,97529115.30949222,2022-08-03
832,1659571200000,0.1589574342633472,95602522.6274186,2022-08-04
833,1659657600000,0.16465302226927886,99556166.07258834,2022-08-05
834,1659744000000,0.17879197907306715,107679931.12039721,2022-08-06
835,1659830400000,0.1745344635877742,105175823.6594277,2022-08-07
836,1659916800000,0.1761469495986336,106357921.88402249,2022-08-08
837,1660003200000,0.17584900075383092,106320132.32493734,2022-08-09
838,1660089600000,0.17056075594343065,103152177.26657677,2022-08-10
839,1660176000000,0.18482393583495632,111525718.63084112,2022-08-11
840,1660262400000,0.1945768868821565,117737811.94313928,2022-08-12
841,1660348800000,0.19593931321445252,118808066.37150142,2022-08-13
842,1660435200000,0.19049300302715602,115567190.70931597,2022-08-14
843,1660521600000,0.18398407457943516,111818837.24938883,2022-08-15
844,1660608000000,0.18028557832411218,109846299.91955559,2022-08-16
845,1660694400000,0.18044159925760694,109285020.77478525,2022-08-17
846,1660780800000,0.16963935607585806,102814017.83438386,2022-08-18
847,1660867200000,0.15702612721850986,95254397.5400894,2022-08-19
848,1660953600000,0.15200067279670235,92448053.3784111,2022-08-20
849,1661040000000,0.1494782369075278,90337529.26392077,2022-08-21
850,1661126400000,0.15634366667397584,94951018.15040714,2022-08-22
851,1661212800000,0.1497028425087303,90784226.72430062,2022-08-23
852,1661299200000,0.15682840948467613,94996191.74924168,2022-08-24
853,1661385600000,0.15130230809221362,91872875.97192883,2022-08-25
854,1661472000000,0.15549209431884128,94198933.54708922,2022-08-26
855,1661558400000,0.13949618968133123,84392283.08723718,2022-08-27
856,1661644800000,0.14069306882289517,85368523.30537972,2022-08-28
857,1661731200000,0.13603517830657977,82449454.75950554,2022-08-29
858,1661817600000,0.14514056902879977,88288426.7605892,2022-08-30
859,1661904000000,0.1392982484989975,84738759.80566613,2022-08-31
860,1661990400000,0.13936773043652645,84877033.0182668,2022-09-01
861,1662076800000,0.1408855505245358,85499984.2150086,2022-09-02
862,1662163200000,0.13857016913298364,84269578.49475434,2022-09-03
863,1662249600000,0.13742185662754128,83652367.22346728,2022-09-04
864,1662336000000,0.14646275055811125,89126851.42196384,2022-09-05
865,1662422400000,0.14026884380766125,85188184.85998107,2022-09-06
866,1662508800000,0.1311184823566719,79797328.11321294,2022-09-07
867,1662595200000,0.14200166456464172,86427419.75265881,2022-09-08
868,1662681600000,0.14926150874482763,90843127.2652731,2022-09-09
869,1662768000000,0.1542113266703177,93746683.28668618,2022-09-10
870,1662854400000,0.15351407540302797,93855262.6059481,2022-09-11
871,1662940800000,0.15392176722126036,93740569.49657792,2022-09-12
872,1663027200000,0.15408272280089103,93864707.8367603,2022-09-13
873,1663113600000,0.14457125580863012,87938088.95607246,2022-09-14
874,1663200000000,0.14865716737905377,90565886.75920905,2022-09-15
875,1663286400000,0.14949031009546615,91485095.4849888,2022-09-16
876,1663372800000,0.15548331463061724,94619952.69263245,2022-09-17
877,1663459200000,0.1596473491258285,97062422.80135907,2022-09-18
878,1663545600000,0.13811992809637488,84030273.89089428,2022-09-19
879,1663632000000,0.13894694229214408,84901428.53997207,2022-09-20
880,1663718400000,0.13514254294388658,82452119.14406823,2022-09-21
881,1663804800000,0.13246421821229276,80832458.22306883,2022-09-22
882,1663891200000,0.13992050425172603,85205306.54282176,2022-09-23
883,1663977600000,0.14017002286425834,85539649.22621796,2022-09-24
884,1664064000000,0.1389431286112964,84691101.07933876,2022-09-25
885,1664150400000,0.138266388306844,84007080.05232733,2022-09-26
886,1664236800000,0.13905844242723825,84699835.93311821,2022-09-27
887,1664323200000,0.13929714101813728,85273313.76343066,2022-09-28
888,1664409600000,0.1400602406460456,85590199.43098418,2022-09-29
889,1664496000000,0.14236958844272468,87104831.56524777,2022-09-30
890,1664582400000,0.14189957862658123,86711724.98064123,2022-10-01
891,1664668800000,0.14044665138562357,85205717.47926378,2022-10-02
892,1664755200000,0.13613370953545603,83384187.95233768,2022-10-03
893,1664841600000,0.14152322315852292,86690572.59609175,2022-10-04
894,1664928000000,0.14617180131745622,89368658.53563532,2022-10-05
895,1665014400000,0.14459627937053715,88408781.14216256,2022-10-06
896,1665100800000,0.1420110756925338,86863689.07188967,2022-10-07
897,1665187200000,0.14153442991915147,86594968.34952877,2022-10-08
898,1665273600000,0.14377663420895415,88126114.18542679,2022-10-09
899,1665360000000,0.1454359315227507,88916255.2102583,2022-10-10
900,1665446400000,0.13890572374917112,85253357.50907576,2022-10-11
901,1665532800000,0.13553426118664844,82747786.2069986,2022-10-12
902,1665619200000,0.13476709225272382,82497024.51589262,2022-10-13
903,1665705600000,0.1345297926726772,82291033.88757819,2022-10-14
904,1665792000000,0.13180083516826477,80549768.79217912,2022-10-15
905,1665878400000,0.13223417819493807,80921537.41894194,2022-10-16
906,1665964800000,0.1364277134327275,83393509.03026079,2022-10-17
907,1666051200000,0.13731492348586818,84299634.97277638,2022-10-18
908,1666137600000,0.13501966822770461,82750030.58827096,2022-10-19
909,1666224000000,0.12994340881621233,79382355.04859117,2022-10-20
910,1666310400000,0.1299769156553977,79712497.57882197,2022-10-21
911,1666396800000,0.130664191046284,80283382.28247584,2022-10-22
912,1666483200000,0.13110977512604696,80381300.55115448,2022-10-23
913,1666569600000,0.1341938309497554,82325717.76653886,2022-10-24
914,1666656000000,0.13052407637334754,79904668.38608506,2022-10-25
915,1666742400000,0.13142186428666472,82559873.85958691,2022-10-26
916,1666828800000,0.13551832422245452,84989214.44944969,2022-10-27
917,1666915200000,0.1330306531902079,85863319.63130152,2022-10-28
918,1667001600000,0.1360470816762483,87773192.68255,2022-10-29
919,1667088000000,0.14165335382023614,91146166.371505,2022-10-30
920,1667174400000,0.14090791938875488,90580372.23526931,2022-10-31
921,1667260800000,0.14055020900177898,90712150.63632344,2022-11-01
922,1667347200000,0.13758034361854815,88769166.99119197,2022-11-02
923,1667433600000,0.13107819052261285,84590034.35272297,2022-11-03
924,1667520000000,0.14711340249845412,93870277.76027563,2022-11-04
925,1667606400000,0.15448826416592726,99651637.57262017,2022-11-05
926,1667692800000,0.1513963149989048,97812839.17346624,2022-11-06
927,1667779200000,0.14376224163293422,93176722.51635969,2022-11-07
928,1667865600000,0.1524008374519912,98759647.97997853,2022-11-08
929,1667952000000,0.12177196251629369,78946385.17597705,2022-11-09
930,1668038400000,0.09525472786047452,61749027.356214285,2022-11-10
931,1668124800000,0.11620232334907406,75068532.07249378,2022-11-11
932,1668211200000,0.11111346398946396,72053086.75736113,2022-11-12
933,1668297600000,0.10436435011386558,67488237.96864551,2022-11-13
934,1668384000000,0.10226340828191625,66083011.6233953,2022-11-14
935,1668470400000,0.10306204568731747,66681206.88209327,2022-11-15
936,1668556800000,0.1049723967235396,68036814.06844844,2022-11-16
937,1668643200000,0.10666624311833123,68868628.6654081,2022-11-17
938,1668729600000,0.10442376982293622,67650914.6150177,2022-11-18
939,1668816000000,0.10258295904109146,66392973.499184474,2022-11-19
940,1668902400000,0.1042632521017468,67501857.73631184,2022-11-20
