,Time,open,mktcap,Date
0,1565827200000,0.02055919342623075,0.0,2019-08-15
1,1565913600000,0.020718646190706,0.0,2019-08-16
2,1566000000000,0.020679287107738007,0.0,2019-08-17
3,1566086400000,0.020747978890338484,0.0,2019-08-18
4,1566172800000,0.020621948348300646,0.0,2019-08-19
5,1566259200000,0.02085243987201696,0.0,2019-08-20
6,1566345600000,0.02092896232130586,35661473.896830864,2019-08-21
7,1566432000000,0.021030355007005164,35784792.60872379,2019-08-22
8,1566518400000,0.020616234380040475,35661940.356769346,2019-08-23
9,1566604800000,0.02092385157923059,36389205.74004018,2019-08-24
10,1566691200000,0.020999611241159184,37221228.26974115,2019-08-25
11,1566777600000,0.021145776278897955,37546922.48451036,2019-08-26
12,1566864000000,0.020966492714166063,36254890.736192994,2019-08-27
13,1566950400000,0.021075655885708887,36512879.48450749,2019-08-28
14,1567036800000,0.02085899623860571,36159249.90932455,2019-08-29
15,1567123200000,0.0208703139554551,35291343.18255213,2019-08-30
16,1567209600000,0.02098986920256831,36198292.58916779,2019-08-31
17,1567296000000,0.02086329986969119,36196848.68371061,2019-09-01
18,1567382400000,0.020840783274317404,36687869.89270096,2019-09-02
19,1567468800000,0.020804192365692312,37036941.36941659,2019-09-03
20,1567555200000,0.020668423897280522,36697925.14975195,2019-09-04
21,1567641600000,0.020853177024871824,37372780.90721623,2019-09-05
22,1567728000000,0.02095484576921614,37525404.297720596,2019-09-06
23,1567814400000,0.02096787772077015,37629719.482010275,2019-09-07
24,1567900800000,0.020838413123900765,37136145.69712723,2019-09-08
25,1567987200000,0.02095967241740575,37160807.98798341,2019-09-09
26,1568073600000,0.020998073867030186,37436334.79428313,2019-09-10
27,1568160000000,0.021057194973883333,37684910.91964014,2019-09-11
28,1568246400000,0.021196110760083844,38332860.87365557,2019-09-12
29,1568332800000,0.021035701099315206,38795326.658086255,2019-09-13
30,1568419200000,0.02115596926000283,38969775.11458696,2019-09-14
31,1568505600000,0.021120276613831805,39118830.50862926,2019-09-15
32,1568592000000,0.021101825607603025,38777914.67074266,2019-09-16
33,1568678400000,0.021361643931235838,39071564.6691422,2019-09-17
34,1568764800000,0.02062998916016273,35843889.50058931,2019-09-18
35,1568851200000,0.020877492187460135,36440823.10837332,2019-09-19
36,1568937600000,0.02092331260846764,36583016.97126756,2019-09-20
37,1569024000000,0.020912064031483265,36763909.51584145,2019-09-21
38,1569110400000,0.020889533667309158,36648690.88702061,2019-09-22
39,1569196800000,0.020960214418341453,36569291.90294864,2019-09-23
40,1569283200000,0.02091690161007369,36509430.388078004,2019-09-24
41,1569369600000,0.020475003685338933,35123998.98261737,2019-09-25
42,1569456000000,0.020927182316327998,33242717.192041352,2019-09-26
43,1569542400000,0.02113631715555034,33403710.825324707,2019-09-27
44,1569628800000,0.0209947949839983,34334246.577781595,2019-09-28
45,1569715200000,0.02102355436905255,35010251.59536442,2019-09-29
46,1569801600000,0.02104019165382561,35100051.106975175,2019-09-30
47,1569888000000,0.021258214469450077,35331943.20134865,2019-10-01
48,1569974400000,0.02094426808904824,35021790.7288984,2019-10-02
49,1570060800000,0.02094426808904824,35021790.7288984,2019-10-03
50,1570147200000,0.020990979779807628,34951574.29685324,2019-10-04
51,1570233600000,0.02099353880205407,35068787.597103685,2019-10-05
52,1570320000000,0.02113241644351994,35279298.71945725,2019-10-06
53,1570406400000,0.020997942426679045,35112325.27742479,2019-10-07
54,1570492800000,0.021150310362614905,35594299.07577717,2019-10-08
55,1570579200000,0.021169180652526414,36401100.48114456,2019-10-09
56,1570665600000,0.021045007716095215,36407036.38526653,2019-10-10
57,1570752000000,0.02092830880898917,37411304.90027634,2019-10-11
58,1570838400000,0.021031589139517002,37598080.35420702,2019-10-12
59,1570924800000,0.021080614658370554,37645415.09161314,2019-10-13
60,1571011200000,0.021105283433044797,37597741.45833792,2019-10-14
61,1571097600000,0.0209834621743198,37232422.903513506,2019-10-15
62,1571184000000,0.021181670210302962,37958017.91216068,2019-10-16
63,1571270400000,0.021027987305878813,37521095.07837089,2019-10-17
64,1571356800000,0.0211064905737362,37637265.75570668,2019-10-18
65,1571443200000,0.020984630237023152,37539596.9144696,2019-10-19
66,1571529600000,0.02110380796651044,37824489.98347041,2019-10-20
67,1571616000000,0.02102105185776601,37489095.77268275,2019-10-21
68,1571702400000,0.02102817654164357,37676811.55746461,2019-10-22
69,1571788800000,0.021096194118937806,37781913.156042375,2019-10-23
70,1571875200000,0.021293891553337593,37051921.473083474,2019-10-24
71,1571961600000,0.02104491219716661,37093917.32871094,2019-10-25
72,1572048000000,0.021265054010251454,37360811.246215045,2019-10-26
73,1572134400000,0.021201214856466373,38639496.73125628,2019-10-27
74,1572220800000,0.02100022562386352,38006590.22317117,2019-10-28
75,1572307200000,0.020964844382491066,38423519.133844115,2019-10-29
76,1572393600000,0.021043657620975827,38746434.056924164,2019-10-30
77,1572480000000,0.02109793394366728,39514492.7477251,2019-10-31
78,1572566400000,0.02126566213783184,39125892.06767486,2019-11-01
79,1572652800000,0.021046152977158252,38091373.00739193,2019-11-02
80,1572739200000,0.021065950860076628,38168540.73907582,2019-11-03
81,1572825600000,0.02118986819283121,38846477.50538111,2019-11-04
82,1572912000000,0.021019408372866515,38786273.45207686,2019-11-05
83,1572998400000,0.02104508824283177,38470270.17597328,2019-11-06
84,1573084800000,0.02119580512600648,37454841.1420896,2019-11-07
85,1573171200000,0.021168411346997578,36566548.71928095,2019-11-08
86,1573257600000,0.021069980884500968,35993022.86528192,2019-11-09
87,1573344000000,0.020947377960514015,34692093.37176886,2019-11-10
88,1573430400000,0.020933163256487156,34329288.162876174,2019-11-11
89,1573516800000,0.02103279274234007,34035997.65970628,2019-11-12
90,1573603200000,0.021134511811961954,33669937.314962916,2019-11-13
91,1573689600000,0.021120588519610125,26575236.13404471,2019-11-14
92,1573776000000,0.021214852408695875,26616683.17350747,2019-11-15
93,1573862400000,0.02114369386064533,25764264.899548378,2019-11-16
94,1573948800000,0.021148456071848103,25104559.565853514,2019-11-17
95,1574035200000,0.02113712199645912,25116623.619978946,2019-11-18
96,1574121600000,0.021175978092657997,23998150.12458413,2019-11-19
97,1574208000000,0.0210665255853845,25016819.8486902,2019-11-20
98,1574294400000,0.021121211338770037,25176294.34133017,2019-11-21
99,1574380800000,0.02115043625304944,25214893.199194677,2019-11-22
100,1574467200000,0.021359350155517303,22676228.79005678,2019-11-23
101,1574553600000,0.021231147299207803,23954531.653217338,2019-11-24
102,1574640000000,0.021320566220970363,23670428.734072175,2019-11-25
103,1574726400000,0.02106567270368487,23185659.9800226,2019-11-26
104,1574812800000,0.021155570671831315,23089200.662149467,2019-11-27
105,1574899200000,0.020930480558257573,22823128.783593018,2019-11-28
106,1574985600000,0.021124528078273128,23033059.542576034,2019-11-29
107,1575072000000,0.021167813115262592,24101615.480506267,2019-11-30
108,1575158400000,0.021058023377939928,24073734.767335754,2019-12-01
109,1575244800000,0.021031804468596232,22483968.78001946,2019-12-02
110,1575331200000,0.02110102274913439,20905402.137552653,2019-12-03
111,1575417600000,0.02008590280351269,20413924.366937127,2019-12-04
112,1575504000000,0.020501209322549233,18519045.678577024,2019-12-05
113,1575590400000,0.019689168215148906,17356997.940075528,2019-12-06
114,1575676800000,0.020391112495077524,16251544.921761764,2019-12-07
115,1575763200000,0.01990759999518519,15597746.537144687,2019-12-08
116,1575849600000,0.020288302863519684,14449188.939985603,2019-12-09
117,1575936000000,0.01989267898991232,13546424.303447027,2019-12-10
118,1576022400000,0.02006086205908611,12141287.822652325,2019-12-11
119,1576108800000,0.019980584414621902,11668222.108356971,2019-12-12
120,1576195200000,0.020167561824049773,11733987.164635777,2019-12-13
121,1576281600000,0.020052923605015458,11303545.236170076,2019-12-14
122,1576368000000,0.019922040153113853,10830010.320652748,2019-12-15
123,1576454400000,0.019991338283567077,10636459.304177282,2019-12-16
124,1576540800000,0.02012570785881386,14220232.21391585,2019-12-17
125,1576627200000,0.01999609306162669,13693480.375312928,2019-12-18
126,1576713600000,0.0200566975078673,13796704.148111874,2019-12-19
127,1576800000000,0.02005535122076352,13901113.7609956,2019-12-20
128,1576886400000,0.019901553020371356,15911521.552480534,2019-12-21
129,1576972800000,0.020164819142041573,16024607.357632592,2019-12-22
130,1577059200000,0.019998610955309755,15994622.913271898,2019-12-23
131,1577145600000,0.020149923849848123,16085846.330350485,2019-12-24
132,1577232000000,0.01996862918243282,16224312.431944316,2019-12-25
133,1577318400000,0.01985553184961023,16271952.511820689,2019-12-26
134,1577404800000,0.020106438947530263,16908959.858942773,2019-12-27
135,1577491200000,0.020022023765613725,17772005.995911326,2019-12-28
136,1577577600000,0.01999211288295152,17860698.264070366,2019-12-29
137,1577664000000,0.019830808018376982,18003249.622661114,2019-12-30
138,1577750400000,0.01988812530925612,18463373.732090767,2019-12-31
139,1577836800000,0.019938606970579423,18643103.674358428,2020-01-01
140,1577923200000,0.01992770370201282,19262653.481437184,2020-01-02
141,1578009600000,0.019871072218681632,19414465.11099045,2020-01-03
142,1578096000000,0.01997831799901617,19428286.17159822,2020-01-04
143,1578182400000,0.020192410381946725,19913757.60234234,2020-01-05
144,1578268800000,0.019822906511324644,20192603.585691743,2020-01-06
145,1578355200000,0.019958204232400037,20885615.17516926,2020-01-07
146,1578441600000,0.019870887670763105,21146789.89893722,2020-01-08
147,1578528000000,0.020355367693405624,19734223.977008685,2020-01-09
148,1578614400000,0.020112639279567617,19363521.278948735,2020-01-10
149,1578700800000,0.02000613167365307,19351058.583636798,2020-01-11
150,1578787200000,0.019845100787662193,19719672.95122921,2020-01-12
151,1578873600000,0.020157254491717833,20154264.63199268,2020-01-13
152,1578960000000,0.02003988792174427,20503631.896479443,2020-01-14
153,1579046400000,0.020435766533189896,22348780.754591543,2020-01-15
154,1579132800000,0.020045793066732265,22227083.427276786,2020-01-16
155,1579219200000,0.020243364895780935,22790118.517936684,2020-01-17
156,1579305600000,0.019949663177130345,22932982.355261948,2020-01-18
157,1579392000000,0.020031800461979655,23044866.140547514,2020-01-19
158,1579478400000,0.020177649680631567,23637277.08759535,2020-01-20
159,1579564800000,0.020050025591049778,17993911.54680815,2020-01-21
160,1579651200000,0.01996153065902253,18265554.93917228,2020-01-22
161,1579737600000,0.020043030652889794,18667666.031822417,2020-01-23
162,1579824000000,0.020111482537173857,19095950.033862147,2020-01-24
163,1579910400000,0.020113385056270472,19962354.2311711,2020-01-25
164,1579996800000,0.020070199879056918,19799137.335691374,2020-01-26
165,1580083200000,0.020283158134358152,21054577.111406565,2020-01-27
166,1580169600000,0.01997821418427574,23032899.276371635,2020-01-28
167,1580256000000,0.02073939624760671,25116047.764686283,2020-01-29
168,1580342400000,0.020072771405716713,24806859.87135746,2020-01-30
169,1580428800000,0.02012361022183754,25747991.243947107,2020-01-31
170,1580515200000,0.020019863048285493,26421707.018206436,2020-02-01
171,1580601600000,0.02007127714848109,26169680.032082282,2020-02-02
172,1580688000000,0.020119741324706023,26749045.212445986,2020-02-03
173,1580774400000,0.02013382820161406,27230218.41978422,2020-02-04
174,1580860800000,0.02029904077270887,28114034.8829165,2020-02-05
175,1580947200000,0.02009112487005268,29084554.02090477,2020-02-06
176,1581033600000,0.020249705505338313,29710851.55480832,2020-02-07
177,1581120000000,0.020480420201883346,31342760.33734571,2020-02-08
178,1581206400000,0.020254576640359612,30306282.34008354,2020-02-09
179,1581292800000,0.020183162858784347,31188078.26482304,2020-02-10
180,1581379200000,0.02023954265894403,30492028.85921607,2020-02-11
181,1581465600000,0.020019014909422175,30839142.50741816,2020-02-12
182,1581552000000,0.019822863010032114,30615674.00093379,2020-02-13
183,1581638400000,0.020366712053179078,31284342.747635186,2020-02-14
184,1581724800000,0.02018891150145138,31329124.945861164,2020-02-15
185,1581811200000,0.020091430469617484,32496629.05891832,2020-02-16
186,1581897600000,0.020676498845781873,33155296.42734894,2020-02-17
187,1581984000000,0.021503479743221192,34385270.56570394,2020-02-18
188,1582070400000,0.02015220191482805,34015615.47926744,2020-02-19
189,1582156800000,0.018940310827294814,32323664.9459846,2020-02-20
190,1582243200000,0.020330021318287136,34726973.818175115,2020-02-21
191,1582329600000,0.02039486717278057,34885269.63752599,2020-02-22
192,1582416000000,0.020138376583393316,33755178.47411096,2020-02-23
193,1582502400000,0.02047845548512278,34769794.88915344,2020-02-24
194,1582588800000,0.020481463944232153,35013611.89659639,2020-02-25
195,1582675200000,0.020191607361349357,35092091.9110519,2020-02-26
196,1582761600000,0.020209630726796,33518992.84797149,2020-02-27
197,1582848000000,0.020121184084297795,31629756.86156899,2020-02-28
198,1582934400000,0.02042615848984697,32667323.737737726,2020-02-29
199,1583020800000,0.020244531807033676,32395866.76316865,2020-03-01
200,1583107200000,0.020615241953295876,32269628.787355687,2020-03-02
201,1583193600000,0.02012963823439097,32318808.097276516,2020-03-03
202,1583280000000,0.02044840394330507,33520877.686656713,2020-03-04
203,1583366400000,0.020394587117124288,33053116.641617935,2020-03-05
204,1583452800000,0.020372340732252976,33716623.56080265,2020-03-06
205,1583539200000,0.020158191197004318,33764543.10366757,2020-03-07
206,1583625600000,0.020184216316717192,33767680.35085211,2020-03-08
207,1583712000000,0.02041965816287674,32445463.147799816,2020-03-09
208,1583798400000,0.020576304566782562,28128180.755260076,2020-03-10
209,1583884800000,0.020172078242833253,28427348.73096068,2020-03-11
210,1583971200000,0.021360418770313,26845370.162818916,2020-03-12
211,1584057600000,0.023343574017595382,23060847.482875384,2020-03-13
212,1584144000000,0.020597917853225244,23004513.81032602,2020-03-14
213,1584230400000,0.021361177439732742,21492570.40788612,2020-03-15
214,1584316800000,0.02129376630446717,19576431.92548186,2020-03-16
215,1584403200000,0.02118079289240433,18571206.57696532,2020-03-17
216,1584489600000,0.020556391606099345,18707818.03446382,2020-03-18
217,1584576000000,0.020892728164246446,19272549.200680926,2020-03-19
218,1584662400000,0.02083414971203845,19700481.86325846,2020-03-20
219,1584748800000,0.02085107296184904,19931602.11319459,2020-03-21
220,1584835200000,0.02067803003889351,21285674.37801785,2020-03-22
221,1584921600000,0.020664491952786974,20264323.454738785,2020-03-23
222,1585008000000,0.021036368718548134,20710438.496587925,2020-03-24
223,1585094400000,0.02102116713801364,20660376.728922103,2020-03-25
224,1585180800000,0.02081301382443127,20882631.45911975,2020-03-26
225,1585267200000,0.020630436926555702,28459893.673933703,2020-03-27
226,1585353600000,0.020880556655195094,28434395.401234005,2020-03-28
227,1585440000000,0.021005428219798263,28821046.615096945,2020-03-29
228,1585526400000,0.020910698728609213,29041293.39629611,2020-03-30
229,1585612800000,0.02072430200007122,28426909.63880531,2020-03-31
230,1585699200000,0.02076164591428205,28836646.191909987,2020-04-01
231,1585785600000,0.02085104721007665,28944851.99830319,2020-04-02
232,1585872000000,0.0207029219204725,29973943.47782216,2020-04-03
233,1585958400000,0.020704159358964233,29823070.862701144,2020-04-04
234,1586044800000,0.02060371426393759,30121597.571890187,2020-04-05
235,1586131200000,0.020714182462659658,30245914.201136243,2020-04-06
236,1586217600000,0.02072276866096577,29455641.729593597,2020-04-07
237,1586304000000,0.02123988198380194,28608305.57444761,2020-04-08
238,1586390400000,0.020775143990562638,27523139.45561479,2020-04-09
239,1586476800000,0.02080766329796663,27329189.19531158,2020-04-10
240,1586563200000,0.020779045471633062,25975939.155415278,2020-04-11
241,1586649600000,0.02084056303685065,25836609.863422096,2020-04-12
242,1586736000000,0.020816145925816234,25442282.67791618,2020-04-13
243,1586822400000,0.02082071440213282,25075544.13328834,2020-04-14
244,1586908800000,0.02070782254273396,24769247.546301574,2020-04-15
245,1586995200000,0.020802115612633114,24638525.464101713,2020-04-16
246,1587081600000,0.02084670397385728,25082544.110373452,2020-04-17
247,1587168000000,0.020816830885530182,25181996.76732515,2020-04-18
248,1587254400000,0.02079460070666655,24937974.639748268,2020-04-19
249,1587340800000,0.020633314256027265,24147584.353302266,2020-04-20
250,1587427200000,0.0207075979646956,20804988.93307824,2020-04-21
251,1587513600000,0.02060570785798495,21905069.339814838,2020-04-22
252,1587600000000,0.020721895541546735,22161414.362739824,2020-04-23
253,1587686400000,0.020798357525331566,21171126.700960863,2020-04-24
254,1587772800000,0.020672422001576488,21321560.437485885,2020-04-25
255,1587859200000,0.02067558219593511,21407691.06313088,2020-04-26
256,1587945600000,0.0206024656485129,21598981.41288763,2020-04-27
257,1588032000000,0.020683000664001062,21470586.712195743,2020-04-28
258,1588118400000,0.020663621167710297,21584344.316587206,2020-04-29
259,1588204800000,0.020670951952756454,21222213.895464495,2020-04-30
260,1588291200000,0.020755185354423514,21369978.333339345,2020-05-01
261,1588377600000,0.02076918378217244,21714691.501786456,2020-05-02
262,1588464000000,0.02064983012978723,22891749.087352406,2020-05-03
263,1588550400000,0.02062006292264958,22928918.609484203,2020-05-04
264,1588636800000,0.020570027045853128,20464941.72597138,2020-05-05
265,1588723200000,0.02055795803212418,20480925.333469216,2020-05-06
266,1588809600000,0.020487742220718662,20134905.72193834,2020-05-07
267,1588896000000,0.02043205279480793,19798189.084707823,2020-05-08
268,1588982400000,0.02049627267945766,18769028.30702175,2020-05-09
269,1589068800000,0.020430045538384154,18732145.436360393,2020-05-10
270,1589155200000,0.020545344105678334,18336913.799831584,2020-05-11
271,1589241600000,0.0205465105802305,18917264.040563043,2020-05-12
272,1589328000000,0.020566959010191736,17785447.515861135,2020-05-13
273,1589414400000,0.020564833889711535,17767945.46852725,2020-05-14
274,1589500800000,0.020526551164841977,17772728.97948116,2020-05-15
275,1589587200000,0.020598386056987387,17955453.385392036,2020-05-16
276,1589673600000,0.02059448143743589,18014318.573089957,2020-05-17
277,1589760000000,0.020613956674814703,17887111.160814285,2020-05-18
278,1589846400000,0.020501093873239236,17748378.947732646,2020-05-19
279,1589932800000,0.02045436222723874,18872578.978992317,2020-05-20
280,1590019200000,0.020517766718052333,18968778.157469984,2020-05-21
281,1590105600000,0.020491729292620966,18919068.318734642,2020-05-22
282,1590192000000,0.020515374919222982,19119468.425485667,2020-05-23
283,1590278400000,0.020495582740521538,16301626.326543368,2020-05-24
284,1590364800000,0.02048530580459794,16113716.618604887,2020-05-25
285,1590451200000,0.020234411011478867,16102126.710996322,2020-05-26
286,1590537600000,0.02056914767003355,16145817.774328753,2020-05-27
287,1590624000000,0.0205081509849068,16005744.187500495,2020-05-28
288,1590710400000,0.020501613300354354,16038854.549904369,2020-05-29
289,1590796800000,0.02049969403214221,16006848.235748963,2020-05-30
290,1590883200000,0.020490535250503417,16007092.981752444,2020-05-31
291,1590969600000,0.02048885132444192,16040019.870903678,2020-06-01
292,1591056000000,0.0205421556309267,16316019.205849018,2020-06-02
293,1591142400000,0.020476592876769256,15769849.78359899,2020-06-03
294,1591228800000,0.02048927907939422,25734160.04306322,2020-06-04
295,1591315200000,0.020512988366864007,25925558.053392325,2020-06-05
296,1591401600000,0.020545137880951928,25973901.43426808,2020-06-06
297,1591488000000,0.020531998937314347,25817281.02568395,2020-06-07
298,1591574400000,0.0205009813138413,25676124.82699481,2020-06-08
299,1591660800000,0.02101213052227336,25647437.111923505,2020-06-09
300,1591747200000,0.020529126798372144,15843704.353704523,2020-06-10
301,1591833600000,0.020527956222045816,16134827.638893869,2020-06-11
302,1591920000000,0.020597505510066925,16381659.130870199,2020-06-12
303,1592006400000,0.0205075988113204,17015505.49579781,2020-06-13
304,1592092800000,0.020481603608288497,17129060.763800476,2020-06-14
305,1592179200000,0.020740599477101742,19226108.310581613,2020-06-15
306,1592265600000,0.020630672843892195,17341266.61773608,2020-06-16
307,1592352000000,0.020579802627226453,20828256.451056167,2020-06-17
308,1592438400000,0.02067818450684184,24496151.129866064,2020-06-18
309,1592524800000,0.020679048324122012,27985049.184375208,2020-06-19
310,1592611200000,0.0206507180251677,29395782.246286515,2020-06-20
311,1592697600000,0.02063802113042716,31108783.890533615,2020-06-21
312,1592784000000,0.02063179003022397,34123106.00507436,2020-06-22
313,1592870400000,0.020582315595664043,34848188.58349146,2020-06-23
314,1592956800000,0.02061169498690206,36420459.58048625,2020-06-24
315,1593043200000,0.020632716973314567,36248965.034514,2020-06-25
316,1593129600000,0.020563493885990356,42638062.476645626,2020-06-26
317,1593216000000,0.020570368617867874,42917486.12196476,2020-06-27
318,1593302400000,0.020624811972032014,42457327.88251038,2020-06-28
319,1593388800000,0.02058939207204911,41775577.98041078,2020-06-29
320,1593475200000,0.0205731924665051,41666148.6085134,2020-06-30
321,1593561600000,0.02067499623791356,38602747.62399931,2020-07-01
322,1593648000000,0.020760598454644535,59982466.56329465,2020-07-02
323,1593734400000,0.020692747319383746,415888218.19247675,2020-07-03
324,1593820800000,0.02082130878954452,526914436.0604564,2020-07-04
325,1593907200000,0.020777860094232724,570570220.7944776,2020-07-05
326,1593993600000,0.020716924272521094,577562935.3825349,2020-07-06
327,1594080000000,0.020783471981391518,630275466.4909946,2020-07-07
328,1594166400000,0.020765270056065113,731838136.646376,2020-07-08
329,1594252800000,0.02080163241828104,708340701.3573833,2020-07-09
330,1594339200000,0.020888933658834326,779680485.3029915,2020-07-10
331,1594425600000,0.02088400705393801,807986686.2573377,2020-07-11
332,1594512000000,0.02089108566694277,848988410.9944253,2020-07-12
333,1594598400000,0.020899715561424052,857262753.3943254,2020-07-13
334,1594684800000,0.020829529739707222,868112945.6547844,2020-07-14
335,1594771200000,0.02082461283165924,878994424.3339101,2020-07-15
336,1594857600000,0.020797529817141162,882941648.0370132,2020-07-16
337,1594944000000,0.020817497131399455,889786242.0134162,2020-07-17
338,1595030400000,0.020755470847209575,925923741.490617,2020-07-18
339,1595116800000,0.020727503939922825,873041266.6673244,2020-07-19
340,1595203200000,0.020686318809026032,754982225.9955376,2020-07-20
341,1595289600000,0.02073985355633681,628402377.182616,2020-07-21
342,1595376000000,0.02071102208126848,614614817.0890484,2020-07-22
343,1595462400000,0.021010938400105837,593315206.2908595,2020-07-23
344,1595548800000,0.02119028475598057,570184570.1432863,2020-07-24
345,1595635200000,0.02124481582409576,660956574.1751386,2020-07-25
346,1595721600000,0.020606613013526093,706529276.8236046,2020-07-26
347,1595808000000,0.020714352291737532,1008560582.4994284,2020-07-27
348,1595894400000,0.02064777061258483,1123421039.4835525,2020-07-28
349,1595980800000,0.020938625936850128,1218868415.582865,2020-07-29
350,1596067200000,0.02121491062052095,1135427610.6077957,2020-07-30
351,1596153600000,0.021170348782554547,965493950.3038342,2020-07-31
352,1596240000000,0.020968375767919125,930056803.6673708,2020-08-01
353,1596326400000,0.02098828368013599,951100077.6587958,2020-08-02
354,1596412800000,0.020949358326742974,1004427102.8031825,2020-08-03
355,1596499200000,0.02084102468752656,1100325044.7931948,2020-08-04
356,1596585600000,0.020847127459635986,1105684018.5673275,2020-08-05
357,1596672000000,0.019735979744995368,1126101862.5092819,2020-08-06
358,1596758400000,0.020903097479308737,1127891615.529395,2020-08-07
359,1596844800000,0.020941089766337257,1100953525.4774487,2020-08-08
360,1596931200000,0.020961051673347993,1137517270.863426,2020-08-09
361,1597017600000,0.020933627015515138,1130614844.3442519,2020-08-10
362,1597104000000,0.02090708969170976,1246797136.3486757,2020-08-11
363,1597190400000,0.020960820023192744,1317254107.179132,2020-08-12
364,1597276800000,0.020920946273814793,1355476684.0283833,2020-08-13
365,1597363200000,0.020902041134562833,1395999118.3470423,2020-08-14
366,1597449600000,0.020725819983362793,922642650.2918718,2020-08-15
367,1597536000000,0.02078644420665431,930147836.6218656,2020-08-16
368,1597622400000,0.020747768419634036,964436946.9568083,2020-08-17
369,1597708800000,0.020695024255912492,968706873.1420034,2020-08-18
370,1597795200000,0.02066742371193677,957636288.5327841,2020-08-19
371,1597881600000,0.020734568124270724,970262128.6823286,2020-08-20
372,1597968000000,0.020710855839482876,1003767707.637227,2020-08-21
373,1598054400000,0.02073641796829212,1013145608.5503662,2020-08-22
374,1598140800000,0.020684700448795713,1023125083.8810159,2020-08-23
375,1598227200000,0.020722035222710277,1018757277.6993246,2020-08-24
376,1598313600000,0.020929472406886005,1022309214.5778517,2020-08-25
377,1598400000000,0.020859451280500298,1023295283.7776625,2020-08-26
378,1598486400000,0.020878758309175093,1028409689.4694074,2020-08-27
379,1598572800000,0.020875877330983637,1020346796.266764,2020-08-28
380,1598659200000,0.02087492883711392,1031291680.3750732,2020-08-29
381,1598745600000,0.02086643436078328,979369170.2848743,2020-08-30
382,1598832000000,0.020924305125448395,928813248.0242771,2020-08-31
383,1598918400000,0.020934525225873475,922093929.1717445,2020-09-01
384,1599004800000,0.020904733294163577,914261316.4578134,2020-09-02
385,1599091200000,0.02077096822315328,858235298.672042,2020-09-03
386,1599177600000,0.02080817879943736,756837377.4595846,2020-09-04
387,1599264000000,0.021103203831259763,726372285.2414448,2020-09-05
388,1599350400000,0.020982527732867844,701206620.8699405,2020-09-06
389,1599436800000,0.02103933781696219,675740254.0053743,2020-09-07
390,1599523200000,0.02117017761986846,698143109.497555,2020-09-08
391,1599609600000,0.021142956752422788,669469903.2953142,2020-09-09
392,1599696000000,0.02125711752598809,698130018.8692155,2020-09-10
393,1599782400000,0.021355869756070272,712716308.1876879,2020-09-11
394,1599868800000,0.021400790388829326,708996575.538972,2020-09-12
395,1599955200000,0.021271540025703785,708873997.1738995,2020-09-13
396,1600041600000,0.021136319170886084,709786248.2850769,2020-09-14
397,1600128000000,0.02138967573376226,717868238.451844,2020-09-15
398,1600214400000,0.02109205089149055,717686172.6168032,2020-09-16
399,1600300800000,0.020984126366248062,720661942.4791876,2020-09-17
400,1600387200000,0.021061824147855467,737406158.1580651,2020-09-18
401,1600473600000,0.021080695835934155,804920155.627934,2020-09-19
402,1600560000000,0.020905657125526278,875938347.7147852,2020-09-20
403,1600646400000,0.023471086919437483,1073259849.1510628,2020-09-21
404,1600732800000,0.020875236612745936,1030820420.2146945,2020-09-22
405,1600819200000,0.02090901544042719,1078143661.8149297,2020-09-23
406,1600905600000,0.02089983124815357,1148024803.7414787,2020-09-24
407,1600992000000,0.020894447175716077,1209809514.5036483,2020-09-25
408,1601078400000,0.020885132033056863,1221148082.2912095,2020-09-26
409,1601164800000,0.021281924093902952,1236107424.0277495,2020-09-27
410,1601251200000,0.020926484380453473,1217322449.7705941,2020-09-28
411,1601337600000,0.02095344593542301,1211760370.6327693,2020-09-29
412,1601424000000,0.020913768662164524,1231921974.341194,2020-09-30
413,1601510400000,0.02088739786996405,1229124205.0737247,2020-10-01
414,1601596800000,0.020937611193555722,1164031927.699907,2020-10-02
415,1601683200000,0.02093028955060126,1152452934.9242256,2020-10-03
416,1601769600000,0.020875455697951878,1153634931.538633,2020-10-04
417,1601856000000,0.02090701077900995,1163172689.702916,2020-10-05
418,1601942400000,0.020939797415660766,1165978123.9676661,2020-10-06
419,1602028800000,0.020913705785138126,1213162664.8795338,2020-10-07
420,1602115200000,0.02091089560502604,1211570034.4312937,2020-10-08
421,1602201600000,0.020894294841051986,1215668021.9763298,2020-10-09
422,1602288000000,0.020936913413232665,1217846173.9654377,2020-10-10
423,1602374400000,0.02027902919657651,1180801739.0364814,2020-10-11
424,1602460800000,0.020909313371198533,1241247192.4080255,2020-10-12
425,1602547200000,0.020910543425110603,1251222436.5241735,2020-10-13
426,1602633600000,0.020926228010730862,1255218957.0585861,2020-10-14
427,1602720000000,0.020890807930300452,1258755274.410113,2020-10-15
428,1602806400000,0.020894816160659146,1263436228.3361673,2020-10-16
429,1602892800000,0.020902943924279088,1254486471.6414597,2020-10-17
430,1602979200000,0.02125410831878078,1270778442.3197358,2020-10-18
431,1603065600000,0.02090352725261146,1255182011.5613432,2020-10-19
432,1603152000000,0.020889557486660163,1246318052.6156533,2020-10-20
433,1603238400000,0.02088075474101848,1251522901.2717955,2020-10-21
434,1603324800000,0.020792263482786528,1273862725.1052487,2020-10-22
435,1603411200000,0.02081530390206365,1369506978.1373014,2020-10-23
436,1603497600000,0.020867607510644818,1441744569.0623155,2020-10-24
437,1603584000000,0.0208264283616804,1473181871.8375146,2020-10-25
438,1603670400000,0.02079220465459648,1474975763.7828045,2020-10-26
439,1603756800000,0.02085581487714598,1477110086.8911023,2020-10-27
440,1603843200000,0.020897938438602204,1468474479.0296943,2020-10-28
441,1603929600000,0.020933525623316324,1462437268.8364124,2020-10-29
442,1604016000000,0.020886424767418203,1387937521.8914645,2020-10-30
443,1604102400000,0.020925293360382693,1350838044.3500311,2020-10-31
444,1604188800000,0.020902484832388084,1359348888.7175798,2020-11-01
445,1604275200000,0.02091082882279072,1368578844.1466436,2020-11-02
446,1604361600000,0.020933947129688508,1400433073.1052883,2020-11-03
447,1604448000000,0.020915152884380245,1392954792.644804,2020-11-04
448,1604534400000,0.020923997138044714,1368035063.6133645,2020-11-05
449,1604620800000,0.020902325872513984,1378777197.4841285,2020-11-06
450,1604707200000,0.02094124156683709,1392618370.7244294,2020-11-07
451,1604793600000,0.02096741351820327,1409697932.604451,2020-11-08
452,1604880000000,0.020917727390750627,1418558856.176624,2020-11-09
453,1604966400000,0.020887616834362892,1512553774.4980946,2020-11-10
454,1605052800000,0.02086806797943663,1552894779.0949752,2020-11-11
455,1605139200000,0.02093782531793153,1641189201.5710938,2020-11-12
456,1605225600000,0.020878376793138673,1633494291.885295,2020-11-13
457,1605312000000,0.0209102295243822,1643468142.8406303,2020-11-14
458,1605398400000,0.02089734381916797,1608313296.3751564,2020-11-15
459,1605484800000,0.020910913525629467,1634776169.3567636,2020-11-16
460,1605571200000,0.02087213016431828,1639801197.8688962,2020-11-17
461,1605657600000,0.020844106765548036,1645039491.482277,2020-11-18
462,1605744000000,0.020864586361113845,1671902571.0458841,2020-11-19
463,1605830400000,0.020781138109769587,1674090151.5567057,2020-11-20
464,1605916800000,0.020866841537276408,1694647935.7800658,2020-11-21
465,1606003200000,0.02078288548439556,1698858236.4574404,2020-11-22
466,1606089600000,0.02081165919759322,1694225951.2819505,2020-11-23
467,1606176000000,0.020780286169916905,1707377545.8130498,2020-11-24
468,1606262400000,0.0207944278131124,1723792232.1632245,2020-11-25
469,1606348800000,0.02085318146219284,1728038504.7845483,2020-11-26
470,1606435200000,0.02090942447948463,1521409123.1535165,2020-11-27
471,1606521600000,0.020855306139809914,1532088944.9625282,2020-11-28
472,1606608000000,0.020878729383669605,1537924801.1199718,2020-11-29
473,1606694400000,0.02088125289101623,1531959258.7212436,2020-11-30
474,1606780800000,0.020917199338258936,1608582777.6313403,2020-12-01
475,1606867200000,0.020890756052357646,1569287957.4971051,2020-12-02
476,1606953600000,0.020866025909610404,1575198509.908728,2020-12-03
477,1607040000000,0.020868199784299338,1590548123.8389084,2020-12-04
478,1607126400000,0.02085934677871041,1518563233.12551,2020-12-05
479,1607212800000,0.02090810770022426,1536057383.256709,2020-12-06
480,1607299200000,0.020909867504405398,1548233428.4582536,2020-12-07
481,1607385600000,0.02093645131802927,1570141958.7084913,2020-12-08
482,1607472000000,0.020978066986923085,1580323461.764888,2020-12-09
483,1607558400000,0.02089654493718546,1532281875.7204292,2020-12-10
484,1607644800000,0.020907171753950505,1511911161.7313294,2020-12-11
485,1607731200000,0.020909886810525597,1429206655.3150766,2020-12-12
486,1607817600000,0.020877537035550425,1447840923.0161698,2020-12-13
487,1607904000000,0.02087634172712879,1426934933.220192,2020-12-14
488,1607990400000,0.020843147467191903,1424189531.7844813,2020-12-15
489,1608076800000,0.020856832187723696,1431236063.1177197,2020-12-16
490,1608163200000,0.02080303756936034,1424227008.194263,2020-12-17
491,1608249600000,0.020835072511571667,1367898520.6595345,2020-12-18
492,1608336000000,0.020845355284445477,1368887380.0030944,2020-12-19
493,1608422400000,0.020878581762184857,1358507696.9968028,2020-12-20
494,1608508800000,0.020861213912736588,1294648857.7167969,2020-12-21
495,1608595200000,0.020838293633466818,1307620095.4630854,2020-12-22
496,1608681600000,0.020897825583766537,1316839314.9836843,2020-12-23
497,1608768000000,0.020948777430698513,1313617885.1971285,2020-12-24
498,1608854400000,0.020954739929612345,1300381415.4480746,2020-12-25
499,1608940800000,0.020885089713458385,1303102299.9102063,2020-12-26
500,1609027200000,0.020930508543669724,1307989115.3440251,2020-12-27
501,1609113600000,0.020874905306680572,1182682481.6810079,2020-12-28
502,1609200000000,0.021018111274295953,1209025494.5181565,2020-12-29
503,1609286400000,0.0210130063622664,1199792382.3953063,2020-12-30
504,1609372800000,0.020951718917549246,1181892605.0822022,2020-12-31
505,1609459200000,0.020960550667876228,1180278406.3916633,2021-01-01
506,1609545600000,0.020964238888579685,1157244246.3683763,2021-01-02
507,1609632000000,0.02088378385898758,614814349.5435618,2021-01-03
508,1609718400000,0.020992793388120518,629054339.0311817,2021-01-04
509,1609804800000,0.0205451916058387,950001662.0797538,2021-01-05
510,1609891200000,0.02096395446607987,1007961938.5812621,2021-01-06
511,1609977600000,0.020915708685890905,1034203616.7718852,2021-01-07
512,1610064000000,0.02092293485712535,1052326854.1308242,2021-01-08
513,1610150400000,0.02090075832211907,1155503198.5873914,2021-01-09
514,1610236800000,0.020941041317984667,1174443947.5259657,2021-01-10
515,1610323200000,0.02094204002463386,1133747909.8662932,2021-01-11
516,1610409600000,0.020953439851097926,938120775.8063886,2021-01-12
517,1610496000000,0.021125557531248586,946313182.7696018,2021-01-13
518,1610582400000,0.020939343154967736,1083984031.7525043,2021-01-14
519,1610668800000,0.021067695855144095,1024594140.0729244,2021-01-15
520,1610755200000,0.02102712849253584,642283943.2093433,2021-01-16
521,1610841600000,0.020942504936163866,798684113.9668027,2021-01-17
522,1610928000000,0.020805329873469978,813948371.5603316,2021-01-18
523,1611014400000,0.020947098281083727,832885139.605926,2021-01-19
524,1611100800000,0.020961969573935525,843928384.7025552,2021-01-20
525,1611187200000,0.021032794951406586,853649715.0576148,2021-01-21
526,1611273600000,0.02099049072973673,867753000.7974966,2021-01-22
527,1611360000000,0.02103399002045565,1020143434.0086434,2021-01-23
528,1611446400000,0.02103001901348229,1296822249.4225578,2021-01-24
529,1611532800000,0.02099437744944527,1277385912.5421011,2021-01-25
530,1611619200000,0.02103091475266389,1296847334.6582344,2021-01-26
531,1611705600000,0.020981351329269825,1295388866.0961695,2021-01-27
532,1611792000000,0.021075858052451824,1240912618.9671845,2021-01-28
533,1611878400000,0.021001038942548275,1255928384.9249718,2021-01-29
534,1611964800000,0.02095597140005579,1249577378.841376,2021-01-30
535,1612051200000,0.020939011037011433,1246140334.1091487,2021-01-31
536,1612137600000,0.02095680538132596,1246837749.1933997,2021-02-01
537,1612224000000,0.020964408238962767,1348159090.3455079,2021-02-02
538,1612310400000,0.021009220803070647,1316699756.2290463,2021-02-03
539,1612396800000,0.021017368757167903,1357097443.7795296,2021-02-04
540,1612483200000,0.021011258643400515,1391706593.773815,2021-02-05
541,1612569600000,0.02107630787342002,1407172293.3949313,2021-02-06
542,1612656000000,0.021024550504904635,1406096594.6535683,2021-02-07
543,1612742400000,0.021002547522972544,1418017349.8013446,2021-02-08
544,1612828800000,0.02108993558464943,1705193121.80387,2021-02-09
545,1612915200000,0.021088849457427575,1720650472.8355393,2021-02-10
546,1613001600000,0.021045768794012053,1725469496.439663,2021-02-11
547,1613088000000,0.021013882602786523,1791635262.1163318,2021-02-12
548,1613174400000,0.021106669994665248,1794325178.5606058,2021-02-13
549,1613260800000,0.02104372471845992,1810803779.778191,2021-02-14
550,1613347200000,0.021072132803495906,1843060477.1989763,2021-02-15
551,1613433600000,0.021157786644948502,1963645232.0963736,2021-02-16
552,1613520000000,0.021143884908226798,2268844102.088989,2021-02-17
553,1613606400000,0.021110012172541028,2288664010.6336274,2021-02-18
554,1613692800000,0.021182413072043244,2303985480.163302,2021-02-19
555,1613779200000,0.02122303981789146,2305138898.1156387,2021-02-20
556,1613865600000,0.02134792387028391,2357797678.6894474,2021-02-21
557,1613952000000,0.021182044879257397,2370194822.6626577,2021-02-22
558,1614038400000,0.021221039052757334,2353354453.513249,2021-02-23
559,1614124800000,0.021279306165237738,2211531434.611359,2021-02-24
560,1614211200000,0.021304235160731853,2214948440.063025,2021-02-25
561,1614297600000,0.020998311489471486,2280793882.090809,2021-02-26
562,1614384000000,0.02130255364324767,2277964971.7018137,2021-02-27
563,1614470400000,0.02129805379122045,2332238551.371243,2021-02-28
564,1614556800000,0.021326570821647333,2444936888.9158583,2021-03-01
565,1614643200000,0.021210620784748797,2520398445.150115,2021-03-02
566,1614729600000,0.021285097970047014,2654340911.639942,2021-03-03
567,1614816000000,0.021101187752207495,2613402222.3890333,2021-03-04
568,1614902400000,0.021451174356101894,2586858908.912554,2021-03-05
569,1614988800000,0.021258625080775348,2506264548.166563,2021-03-06
570,1615075200000,0.021280170891847656,2482825723.8064346,2021-03-07
571,1615161600000,0.021222969717202143,2592421867.5823183,2021-03-08
572,1615248000000,0.02125837372023784,2601474632.8157835,2021-03-09
573,1615334400000,0.021229927914693674,2559962620.840722,2021-03-10
574,1615420800000,0.0211677014538505,2557280765.034423,2021-03-11
575,1615507200000,0.0212160279451089,2614433162.4751534,2021-03-12
576,1615593600000,0.021270907808312214,2654382188.0007124,2021-03-13
577,1615680000000,0.021212913731187902,2665192799.1669984,2021-03-14
578,1615766400000,0.021245211074406623,2681569235.446597,2021-03-15
579,1615852800000,0.02125803713379488,2638334932.7335205,2021-03-16
580,1615939200000,0.02127859297439002,2800441756.6873007,2021-03-17
581,1616025600000,0.021333401664379043,2629219070.644196,2021-03-18
582,1616112000000,0.021308095142620293,2640987133.788815,2021-03-19
583,1616198400000,0.02131714988376104,2629110610.9242063,2021-03-20
584,1616284800000,0.021281343084669377,2623954626.094287,2021-03-21
585,1616371200000,0.02136731517809833,2631663953.7606907,2021-03-22
586,1616457600000,0.02131125896851415,2631831084.3785925,2021-03-23
587,1616544000000,0.021276982903752788,2630826403.127534,2021-03-24
588,1616630400000,0.02135767779933875,2669517133.6957564,2021-03-25
589,1616716800000,0.021386494075044494,2647233103.102427,2021-03-26
590,1616803200000,0.021320366154081057,2653521336.2007513,2021-03-27
591,1616889600000,0.021341086341840548,2625694996.673589,2021-03-28
592,1616976000000,0.021313463745746174,2610196190.464343,2021-03-29
593,1617062400000,0.021393818603312378,2650408288.940399,2021-03-30
594,1617148800000,0.02132339638255597,2647646499.71268,2021-03-31
595,1617235200000,0.02129566135481204,2636800937.4647164,2021-04-01
596,1617321600000,0.02126930500273128,2667772965.201027,2021-04-02
597,1617408000000,0.021306399284023985,2992600651.266451,2021-04-03
598,1617494400000,0.02131809074965715,2995406074.759221,2021-04-04
599,1617580800000,0.021328503779535588,3124547470.230239,2021-04-05
600,1617667200000,0.02131797807391855,3366006774.425875,2021-04-06
601,1617753600000,0.02131895213893768,3430319184.902532,2021-04-07
602,1617840000000,0.021368995357509447,3405847886.042818,2021-04-08
603,1617926400000,0.021315293166018406,3398148239.9948254,2021-04-09
604,1618012800000,0.02133336645428429,3436376321.8790445,2021-04-10
605,1618099200000,0.021351392963424868,3410377285.0702705,2021-04-11
606,1618185600000,0.02136899288904871,3443028712.0661097,2021-04-12
607,1618272000000,0.021324662761101468,3426932847.676629,2021-04-13
608,1618358400000,0.021328614631005296,3312974923.8376517,2021-04-14
609,1618444800000,0.021343349241209418,3439520082.600834,2021-04-15
610,1618531200000,0.02139168915914033,3516154149.1514425,2021-04-16
611,1618617600000,0.021345312358891408,3559215191.814977,2021-04-17
612,1618704000000,0.021382433052095234,3592062838.68287,2021-04-18
613,1618790400000,0.02144558275571586,3616571495.9509716,2021-04-19
614,1618876800000,0.02146821237301346,2841929471.899558,2021-04-20
615,1618963200000,0.021323962586562904,2830830980.6169763,2021-04-21
616,1619049600000,0.021329869477661644,3005255686.3605194,2021-04-22
617,1619136000000,0.021472074650995234,3072759919.885309,2021-04-23
618,1619222400000,0.02146502047760209,3278287484.465508,2021-04-24
619,1619308800000,0.02129787878469186,3301834998.626119,2021-04-25
620,1619395200000,0.02139721933171647,3345316926.599564,2021-04-26
621,1619481600000,0.021379899334494464,3405145247.3696065,2021-04-27
622,1619568000000,0.021338660887618734,3404445847.012379,2021-04-28
623,1619654400000,0.02142041178215026,3419461979.6767616,2021-04-29
624,1619740800000,0.021398477570924748,3528331630.7127447,2021-04-30
625,1619827200000,0.021466078674843406,3545062495.8082995,2021-05-01
626,1619913600000,0.021403269957087714,3574826633.479076,2021-05-02
627,1620000000000,0.0214390711954729,3596652590.7188306,2021-05-03
628,1620086400000,0.021404685425574832,3652542187.161369,2021-05-04
629,1620172800000,0.021240621309354273,3658191740.7593975,2021-05-05
630,1620259200000,0.02145336885604746,4031164218.1286693,2021-05-06
631,1620345600000,0.021452704070373325,4276298073.057538,2021-05-07
632,1620432000000,0.02150685412780683,4589773753.488203,2021-05-08
633,1620518400000,0.021415210600287792,4624230690.943487,2021-05-09
634,1620604800000,0.021378528432584695,4740544414.809138,2021-05-10
635,1620691200000,0.02139948928392571,4832117638.250746,2021-05-11
636,1620777600000,0.021506325433289758,4854020771.242839,2021-05-12
637,1620864000000,0.021629712470333417,5037150881.976029,2021-05-13
638,1620950400000,0.021450685534451615,4725246911.325484,2021-05-14
639,1621036800000,0.02147352921956282,4240092594.8951125,2021-05-15
640,1621123200000,0.021484692914219963,4242798848.428027,2021-05-16
641,1621209600000,0.021587017190941405,4045346600.7504983,2021-05-17
642,1621296000000,0.02164811654280106,4231111605.7086716,2021-05-18
643,1621382400000,0.021540889657836983,4238695259.9732895,2021-05-19
644,1621468800000,0.021546758314275355,3675336183.2688546,2021-05-20
645,1621555200000,0.021511895248855557,3212653847.478841,2021-05-21
646,1621641600000,0.021427446423885894,3206261675.7126374,2021-05-22
647,1621728000000,0.021441333495094035,3160661452.8790655,2021-05-23
648,1621814400000,0.02202711549966575,2804126591.655376,2021-05-24
649,1621900800000,0.021438519756295724,2809933100.8201494,2021-05-25
650,1621987200000,0.02143394138061448,2900800463.8332086,2021-05-26
651,1622073600000,0.021465281478315685,3096669349.0445166,2021-05-27
652,1622160000000,0.021468609514289697,3133905035.47612,2021-05-28
653,1622246400000,0.021599879061145428,3113176921.688519,2021-05-29
654,1622332800000,0.021300273143663333,3164201208.1256843,2021-05-30
655,1622419200000,0.021485689879179266,3159037651.9190125,2021-05-31
656,1622505600000,0.021483177426391244,3223855095.900318,2021-06-01
657,1622592000000,0.021439474994686847,3285055991.767577,2021-06-02
658,1622678400000,0.02151288483226174,3351600428.3073626,2021-06-03
659,1622764800000,0.021525520528312785,3373014734.254509,2021-06-04
660,1622851200000,0.021674345878852582,3418739980.8933806,2021-06-05
661,1622937600000,0.021534789661649935,3340972002.3393755,2021-06-06
662,1623024000000,0.021570980934082298,3358513260.4902005,2021-06-07
663,1623110400000,0.021433805247736384,3467033034.410606,2021-06-08
664,1623196800000,0.021435716186232863,3383052729.219651,2021-06-09
665,1623283200000,0.021542370208504757,3974187325.646174,2021-06-10
666,1623369600000,0.02149349355442228,3903171356.8195877,2021-06-11
667,1623456000000,0.021479153031355502,3907206405.9581423,2021-06-12
668,1623542400000,0.021567290436713085,3719141879.937036,2021-06-13
669,1623628800000,0.021510450826535302,3752612431.5316296,2021-06-14
670,1623715200000,0.02156208044790573,3866210387.4903073,2021-06-15
671,1623801600000,0.02158138951321764,4022464678.9961634,2021-06-16
672,1623888000000,0.021472087590412293,4009524316.162717,2021-06-17
673,1623974400000,0.02172553995091385,3740802961.425586,2021-06-18
674,1624060800000,0.021488345070111887,3447692492.0978503,2021-06-19
675,1624147200000,0.021576209493305323,3189936302.967939,2021-06-20
676,1624233600000,0.021520290978668047,3166896168.343253,2021-06-21
677,1624320000000,0.021564386983828836,2504943115.4142995,2021-06-22
678,1624406400000,0.02156452239279741,2641708907.248906,2021-06-23
679,1624492800000,0.021752984499953713,2875907813.973144,2021-06-24
680,1624579200000,0.021470611012278668,2836771987.782314,2021-06-25
681,1624665600000,0.0215628273307781,2843874353.443864,2021-06-26
682,1624752000000,0.021601745270801956,2773770129.697,2021-06-27
683,1624838400000,0.021621164676868275,2751247922.679922,2021-06-28
684,1624924800000,0.021566201127838473,2789616598.4859676,2021-06-29
685,1625011200000,0.021423656443116723,1964856543.7781353,2021-06-30
686,1625097600000,0.021579783507500484,2446861867.624553,2021-07-01
687,1625184000000,0.021636449809162846,2444294887.502933,2021-07-02
688,1625270400000,0.021609960158560183,2517878264.1707883,2021-07-03
689,1625356800000,0.02159995198898287,2519493635.826935,2021-07-04
690,1625443200000,0.02158011450261267,2558169063.63172,2021-07-05
691,1625529600000,0.021579817671451347,2963637592.0580134,2021-07-06
692,1625616000000,0.021588632427464467,2970774436.917526,2021-07-07
693,1625702400000,0.021608778568717943,3001032211.6724443,2021-07-08
694,1625788800000,0.021571469287613106,2996596804.9567122,2021-07-09
695,1625875200000,0.021574049705213927,2995022127.8546977,2021-07-10
696,1625961600000,0.021569449205180814,3148278998.9049916,2021-07-11
697,1626048000000,0.021543876509044088,3212919595.873558,2021-07-12
698,1626134400000,0.021598121954567277,3360138864.399619,2021-07-13
699,1626220800000,0.021622969312595556,3362345541.645407,2021-07-14
700,1626307200000,0.02157740561486404,3490614338.5530434,2021-07-15
701,1626393600000,0.021642697115568873,3819040880.413324,2021-07-16
702,1626480000000,0.021551674868732835,3912102705.2960725,2021-07-17
703,1626566400000,0.02157831509985403,3926137349.7063327,2021-07-18
704,1626652800000,0.02165621001434296,3975837199.755431,2021-07-19
705,1626739200000,0.021563696376645614,4031873228.847622,2021-07-20
706,1626825600000,0.021596350737222096,4014074590.302956,2021-07-21
707,1626912000000,0.021710328925481668,4028428132.2652063,2021-07-22
708,1626998400000,0.021601426366395834,4080183999.4841285,2021-07-23
709,1627084800000,0.021512910496373997,4075789582.2878,2021-07-24
710,1627171200000,0.021502947277643195,4323252996.453514,2021-07-25
711,1627257600000,0.021602479202146568,4311844953.1154,2021-07-26
712,1627344000000,0.02136786607787517,4382227131.98582,2021-07-27
713,1627430400000,0.02154887270887092,4432535680.5544195,2021-07-28
714,1627516800000,0.02155825954965198,3413618880.9477324,2021-07-29
715,1627603200000,0.021515266956064805,4701800436.409635,2021-07-30
716,1627689600000,0.02164390471820054,4728667279.555075,2021-07-31
717,1627776000000,0.021573979417746043,4574675503.803996,2021-08-01
718,1627862400000,0.02158087944017452,4575774141.314793,2021-08-02
719,1627948800000,0.02163893218803982,4595015170.792697,2021-08-03
720,1628035200000,0.02160929376725628,4160691721.59864,2021-08-04
721,1628121600000,0.021518757582104277,4177324788.576239,2021-08-05
722,1628208000000,0.021582058669685517,4153496385.8718805,2021-08-06
723,1628294400000,0.02157668749225681,4258394987.988497,2021-08-07
724,1628380800000,0.021580100929920548,4310296508.215391,2021-08-08
725,1628467200000,0.021679432031206355,4403523089.089626,2021-08-09
726,1628553600000,0.02152764510472379,4456149063.842959,2021-08-10
727,1628640000000,0.02150884256248278,4477658706.638683,2021-08-11
728,1628726400000,0.021577644286701586,4459080670.669748,2021-08-12
729,1628812800000,0.021592514593898514,4447551073.358569,2021-08-13
730,1628899200000,0.02162160002617361,4452728982.832497,2021-08-14
731,1628985600000,0.02162307590308888,4501078649.017202,2021-08-15
732,1629072000000,0.02156042163881337,4482064009.647906,2021-08-16
733,1629158400000,0.021539614103137608,4519093373.753972,2021-08-17
734,1629244800000,0.021597971102708894,4504953971.240273,2021-08-18
735,1629331200000,0.021541900757182732,4507640599.55363,2021-08-19
736,1629417600000,0.0215930627018478,4487194935.336307,2021-08-20
737,1629504000000,0.021634467803916826,4473112972.248736,2021-08-21
738,1629590400000,0.021567841284118445,4468170427.460643,2021-08-22
739,1629676800000,0.021550570793310086,4443550355.791175,2021-08-23
740,1629763200000,0.021633829869214204,4399449654.907631,2021-08-24
741,1629849600000,0.021753121315216808,4421812896.038399,2021-08-25
742,1629936000000,0.02161031078784413,4416681991.50815,2021-08-26
743,1630022400000,0.02158546913497266,4395742084.906403,2021-08-27
744,1630108800000,0.021596149569267278,4393502959.945744,2021-08-28
745,1630195200000,0.021653416584884046,4417509006.311079,2021-08-29
746,1630281600000,0.021663935631206426,4418854728.276093,2021-08-30
747,1630368000000,0.021633921519508555,4389830020.823049,2021-08-31
748,1630454400000,0.021689516016637173,4406221521.326615,2021-09-01
749,1630540800000,0.02153518826087276,4386936501.214344,2021-09-02
750,1630627200000,0.021572877931320598,4529955761.117725,2021-09-03
751,1630713600000,0.02156941411907872,4553668953.922551,2021-09-04
752,1630800000000,0.021594051606338635,4589581894.555565,2021-09-05
753,1630886400000,0.021587365933702793,4590749282.102468,2021-09-06
754,1630972800000,0.02160412673748735,4716054265.1499405,2021-09-07
755,1631059200000,0.02167971795564726,4710883506.620671,2021-09-08
756,1631145600000,0.021592655451183804,4727945495.894409,2021-09-09
757,1631232000000,0.021720691654631915,4737758229.181154,2021-09-10
758,1631318400000,0.02158073931146967,4722898576.571327,2021-09-11
759,1631404800000,0.021640514829728747,4608165297.147433,2021-09-12
760,1631491200000,0.021594106775875872,4586773507.046804,2021-09-13
761,1631577600000,0.021658869798164868,4605308546.283342,2021-09-14
762,1631664000000,0.021633020195557483,4582095819.310118,2021-09-15
763,1631750400000,0.02166146537407875,4546339490.855908,2021-09-16
764,1631836800000,0.0216453893878853,4573512023.580377,2021-09-17
765,1631923200000,0.021708381620820283,4595479404.349342,2021-09-18
766,1632009600000,0.021704350959451287,4634875535.9200945,2021-09-19
767,1632096000000,0.021688527592944547,4654843094.450989,2021-09-20
768,1632182400000,0.02157314094242204,4267243658.007625,2021-09-21
769,1632268800000,0.0215391227825969,4263180748.682481,2021-09-22
770,1632355200000,0.021616028507257624,4044999296.028666,2021-09-23
771,1632441600000,0.021688331398991376,4057556677.9732122,2021-09-24
772,1632528000000,0.02170578263043422,4094454255.709544,2021-09-25
773,1632614400000,0.021691980358750394,4072108158.661993,2021-09-26
774,1632700800000,0.021674788589743147,4072116333.8387556,2021-09-27
775,1632787200000,0.02151415036586878,4334660333.425565,2021-09-28
776,1632873600000,0.021733048439942133,4385523096.52427,2021-09-29
777,1632960000000,0.02170509537593393,4445198580.883198,2021-09-30
778,1633046400000,0.021785054110539697,2622298657.424611,2021-10-01
779,1633132800000,0.021670004124530177,2627197928.9670777,2021-10-02
780,1633219200000,0.021668976025621237,2615155015.204787,2021-10-03
781,1633305600000,0.02168916779569835,2613631947.2323217,2021-10-04
782,1633392000000,0.021826539096904633,2604012383.9674344,2021-10-05
783,1633478400000,0.021666535202897047,2498153466.2429376,2021-10-06
784,1633564800000,0.02170921897931209,2684607987.341518,2021-10-07
785,1633651200000,0.021693980478699165,2673439662.2880845,2021-10-08
786,1633737600000,0.02170216755592117,2634508459.405986,2021-10-09
787,1633824000000,0.021708230112779867,2662528236.3033786,2021-10-10
788,1633910400000,0.02168903779184488,2693516856.7072954,2021-10-11
789,1633996800000,0.021821265845447864,2718767700.4835386,2021-10-12
790,1634083200000,0.021702697545909908,2910281725.172805,2021-10-13
791,1634169600000,0.021740912088982538,4165017491.9859214,2021-10-14
792,1634256000000,0.021713575391392542,4139985733.88455,2021-10-15
793,1634342400000,0.02169117544337288,4159785336.009145,2021-10-16
794,1634428800000,0.02169754481483503,4091284208.0572705,2021-10-17
795,1634515200000,0.021745492364569737,4079437095.101634,2021-10-18
796,1634601600000,0.02165829019532973,4113411197.0746284,2021-10-19
797,1634688000000,0.021609555654511232,4039525015.9662023,2021-10-20
798,1634774400000,0.0217108548577064,4049438885.230359,2021-10-21
799,1634860800000,0.021738594482378797,3954293724.1330395,2021-10-22
800,1634947200000,0.021775889548161453,3953224779.59471,2021-10-23
801,1635033600000,0.02179971075071877,3955890678.944932,2021-10-24
802,1635120000000,0.02179334910510013,3949738125.144409,2021-10-25
803,1635206400000,0.021767645998926808,3942625655.732515,2021-10-26
804,1635292800000,0.021767424044479056,3922965392.6621842,2021-10-27
805,1635379200000,0.021684193874950332,3831173949.946994,2021-10-28
806,1635465600000,0.02174535500941742,3855663725.779162,2021-10-29
807,1635552000000,0.021725153610155062,3849272834.8847795,2021-10-30
808,1635638400000,0.02172623362810467,3905893387.8942647,2021-10-31
809,1635724800000,0.02166529566914596,3901520440.774413,2021-11-01
810,1635811200000,0.02170775198652168,3910695643.0080447,2021-11-02
811,1635897600000,0.021782903305218426,3976703051.448887,2021-11-03
812,1635984000000,0.02169418486259306,3978527214.4300714,2021-11-04
813,1636070400000,0.021854489987524588,3995562305.8415747,2021-11-05
814,1636156800000,0.021743188563596437,4155749671.767804,2021-11-06
815,1636243200000,0.02178717038130937,4149500387.7013664,2021-11-07
816,1636329600000,0.021689095599602755,4338237917.4148855,2021-11-08
817,1636416000000,0.021705580919620666,4345339433.043638,2021-11-09
818,1636502400000,0.021751539323441402,4395573151.969801,2021-11-10
819,1636588800000,0.02179560558741234,4417689914.897764,2021-11-11
820,1636675200000,0.021758921747174767,4454377844.498284,2021-11-12
821,1636761600000,0.021805865633665693,4491444941.5407505,2021-11-13
822,1636848000000,0.021772470932408795,4484711906.946996,2021-11-14
823,1636934400000,0.021862869711199957,4475498604.268169,2021-11-15
824,1637020800000,0.021790995220982136,4505427744.554761,2021-11-16
825,1637107200000,0.021797680748834168,4512550855.292318,2021-11-17
826,1637193600000,0.021807245812950796,4464869080.589844,2021-11-18
827,1637280000000,0.021727664238433718,4614058254.808575,2021-11-19
828,1637366400000,0.021818157863972856,4599328100.843797,2021-11-20
829,1637452800000,0.02178480576090693,4507157454.902834,2021-11-21
830,1637539200000,0.02179442540950171,4487682231.707964,2021-11-22
831,1637625600000,0.02174435086195994,4461334234.198359,2021-11-23
832,1637712000000,0.021722069488555113,4455755424.23557,2021-11-24
833,1637798400000,0.021726244148093998,4458162623.483898,2021-11-25
834,1637884800000,0.02165836223104932,4438985627.381713,2021-11-26
835,1637971200000,0.021752027839850207,4433057461.764581,2021-11-27
836,1638057600000,0.021703733704300433,4433016304.164425,2021-11-28
837,1638144000000,0.021744525188546266,4780022655.356452,2021-11-29
838,1638230400000,0.02169039102074593,4762383449.487435,2021-11-30
839,1638316800000,0.02168566407725854,4772174837.7366705,2021-12-01
840,1638403200000,0.02176673508030102,4773752109.207912,2021-12-02
841,1638489600000,0.021740024774167806,4768863938.647274,2021-12-03
842,1638576000000,0.021804195067985397,4775070036.3525915,2021-12-04
843,1638662400000,0.02169268306957259,4673269028.096762,2021-12-05
844,1638748800000,0.021765230456691757,4699232025.756616,2021-12-06
845,1638835200000,0.021775186619594444,4689891052.366061,2021-12-07
846,1638921600000,0.02174875970554496,4659612369.034535,2021-12-08
847,1639008000000,0.021733501909837364,4632449157.548125,2021-12-09
848,1639094400000,0.02171204844299422,4637823036.823469,2021-12-10
849,1639180800000,0.02174076656446667,4596770013.392235,2021-12-11
850,1639267200000,0.021660800644121576,4586718044.708207,2021-12-12
851,1639353600000,0.02174655509607337,4597423393.299085,2021-12-13
852,1639440000000,0.021738520568098364,4603485039.236807,2021-12-14
853,1639526400000,0.021799501896199305,4359802722.356606,2021-12-15
854,1639612800000,0.021731021887439243,4355560362.03708,2021-12-16
855,1639699200000,0.021798955826739273,4267898006.626608,2021-12-17
856,1639785600000,0.021747531079542765,4262186978.245082,2021-12-18
857,1639872000000,0.021794355564695875,4326416450.430899,2021-12-19
858,1639958400000,0.021746592204201217,4318442993.785242,2021-12-20
859,1640044800000,0.021867941631553936,4279079098.289664,2021-12-21
860,1640131200000,0.021777893793004738,4273127815.09844,2021-12-22
861,1640217600000,0.021904975737705935,4333106202.082795,2021-12-23
862,1640304000000,0.021869839916367765,4326781198.293739,2021-12-24
863,1640390400000,0.021799712376243716,4238184126.703212,2021-12-25
864,1640476800000,0.02176394718568103,4241336442.122215,2021-12-26
865,1640563200000,0.021798116945938348,4053010275.519896,2021-12-27
866,1640649600000,0.021790163019416626,4021053839.4381394,2021-12-28
867,1640736000000,0.02178902390839995,4000184606.8302965,2021-12-29
868,1640822400000,0.021883256406365254,3768657891.1967893,2021-12-30
869,1640908800000,0.021887831958050222,3626363397.3605237,2021-12-31
870,1640995200000,0.02180356451590543,3551030671.919729,2022-01-01
871,1641081600000,0.0217995447000775,3553331513.192849,2022-01-02
872,1641168000000,0.021801616133485073,3516414282.3297396,2022-01-03
873,1641254400000,0.021824336815512248,3505622323.6785183,2022-01-04
874,1641340800000,0.021834343890480532,3481801849.8028765,2022-01-05
875,1641427200000,0.021830464335353097,3456689271.6851254,2022-01-06
876,1641513600000,0.021792142568363714,3425595170.2472486,2022-01-07
877,1641600000000,0.021903134527415352,3411587720.9885006,2022-01-08
878,1641686400000,0.021818312816775116,3340503798.8739676,2022-01-09
879,1641772800000,0.02179065250161391,3328470880.7529964,2022-01-10
880,1641859200000,0.021812080105242156,3291476578.9982977,2022-01-11
881,1641945600000,0.021813662773117973,3176557084.686463,2022-01-12
882,1642032000000,0.021873594149875303,3200776787.6676807,2022-01-13
883,1642118400000,0.02181124096270045,3192902607.9004064,2022-01-14
884,1642204800000,0.021793602540635608,3215413139.488518,2022-01-15
885,1642291200000,0.0218379597575921,3228843300.853833,2022-01-16
886,1642377600000,0.021793872134217383,3190386865.423441,2022-01-17
887,1642464000000,0.021865437419028484,3211050586.968003,2022-01-18
888,1642550400000,0.021814290469874296,3203674590.5512075,2022-01-19
889,1642636800000,0.02180550213098965,3225002656.235828,2022-01-20
890,1642723200000,0.021879726814551335,3159957440.8439703,2022-01-21
891,1642809600000,0.0219200471095861,3022989258.628778,2022-01-22
892,1642896000000,0.0219725863435109,2838089217.6835294,2022-01-23
893,1642982400000,0.02191912681093134,2846267620.7371697,2022-01-24
894,1643068800000,0.0203170618158203,2819708387.87809,2022-01-25
895,1643155200000,0.021952018374086387,2621841645.4830384,2022-01-26
896,1643241600000,0.021891865230431504,2550317497.370769,2022-01-27
897,1643328000000,0.021954079351542966,2602986991.2128615,2022-01-28
898,1643414400000,0.02189776805401227,2600146264.950552,2022-01-29
899,1643500800000,0.02189605877146877,2623128829.9902396,2022-01-30
900,1643587200000,0.02188342029396005,2623855193.6887846,2022-01-31
901,1643673600000,0.021922014722257313,2440948239.190929,2022-02-01
902,1643760000000,0.021871747197443617,2538669304.3084726,2022-02-02
903,1643846400000,0.021880150469744633,2563688906.226014,2022-02-03
904,1643932800000,0.02183621408869111,2610760418.6006217,2022-02-04
905,1644019200000,0.021835971313029636,2657178678.968898,2022-02-05
906,1644105600000,0.021805510957272446,2672956038.1268344,2022-02-06
907,1644192000000,0.021842718419351172,2668238672.2810593,2022-02-07
908,1644278400000,0.02183006769502844,2667907220.321061,2022-02-08
909,1644364800000,0.021864953443713638,2678904680.668315,2022-02-09
910,1644451200000,0.021880003295654562,2667736011.216763,2022-02-10
911,1644537600000,0.02192083747925113,2928196456.2511635,2022-02-11
912,1644624000000,0.021854084249536655,2920867937.711524,2022-02-12
913,1644710400000,0.021890561964457912,2929084719.1145935,2022-02-13
914,1644796800000,0.02187311746226844,2929643073.897561,2022-02-14
915,1644883200000,0.02186390690189536,2941952313.7296534,2022-02-15
916,1644969600000,0.021842631919574803,2957039207.0968637,2022-02-16
917,1645056000000,0.02181194676996991,2950236166.0129137,2022-02-17
918,1645142400000,0.02186353682942965,2955501506.725249,2022-02-18
919,1645228800000,0.02189550495246827,2907136374.1090775,2022-02-19
920,1645315200000,0.021939264861385276,2851384181.282979,2022-02-20
921,1645401600000,0.021896740013118376,2923614204.6050253,2022-02-21
922,1645488000000,0.021871356416179592,2926157761.6981797,2022-02-22
923,1645574400000,0.02185444025560765,2906620534.071575,2022-02-23
924,1645660800000,0.021877478351850114,2910109030.714492,2022-02-24
925,1645747200000,0.021907596419437604,2055693338.0202212,2022-02-25
926,1645833600000,0.02194369869156631,2022777589.7359555,2022-02-26
927,1645920000000,0.02185967285507322,1996552317.3303251,2022-02-27
928,1646006400000,0.02185608647411802,1993521241.974861,2022-02-28
929,1646092800000,0.021987590618028633,2001705577.2012277,2022-03-01
930,1646179200000,0.021889146877799956,1950947155.8139753,2022-03-02
931,1646265600000,0.02191621976698243,1951010369.0861378,2022-03-03
932,1646352000000,0.021897123216979397,1921535405.6568363,2022-03-04
933,1646438400000,0.02192226729054757,1933767179.7113535,2022-03-05
934,1646524800000,0.02190398538621421,1936024793.7338758,2022-03-06
935,1646611200000,0.021838064945013502,1989973831.2018273,2022-03-07
936,1646697600000,0.021864434445759064,2036492176.4225876,2022-03-08
937,1646784000000,0.02190055800819372,2033351185.482231,2022-03-09
938,1646870400000,0.021908254123212127,2039184275.866115,2022-03-10
939,1646956800000,0.02192714605094927,2038934197.5154831,2022-03-11
940,1647043200000,0.02190342894866759,2011809869.7358122,2022-03-12
941,1647129600000,0.021918386354856004,2003725166.6868584,2022-03-13
942,1647216000000,0.022106524183615327,2021555546.0810804,2022-03-14
943,1647302400000,0.02196503675282216,1973241643.165853,2022-03-15
944,1647388800000,0.02189606394253338,1958579487.8987718,2022-03-16
945,1647475200000,0.021890257699143722,1944947780.5273833,2022-03-17
946,1647561600000,0.02191179182589735,1926364334.8142848,2022-03-18
947,1647648000000,0.02190401591679368,1915309218.2375379,2022-03-19
948,1647734400000,0.021910239953010634,2045725858.3359025,2022-03-20
949,1647820800000,0.02191928077856118,2112092426.1283247,2022-03-21
950,1647907200000,0.02189531365785345,2099966789.8726127,2022-03-22
951,1647993600000,0.02188496622157974,2086608774.4790325,2022-03-23
952,1648080000000,0.02189525643676455,2060464676.1782446,2022-03-24
953,1648166400000,0.021893183676429225,2029335449.0861158,2022-03-25
954,1648252800000,0.021910032703840152,2051382491.901248,2022-03-26
955,1648339200000,0.021901756180789073,2054152776.1141047,2022-03-27
956,1648425600000,0.021868630931949483,2051441063.346259,2022-03-28
957,1648512000000,0.021897778531569267,2061892297.4235623,2022-03-29
958,1648598400000,0.021912512463121633,1937199170.3729298,2022-03-30
959,1648684800000,0.021962493590129032,1915936765.9462678,2022-03-31
960,1648771200000,0.02192082442588953,1909473007.089016,2022-04-01
961,1648857600000,0.021926950731468917,1910256296.9480321,2022-04-02
962,1648944000000,0.021906739853777744,1897332354.1019778,2022-04-03
963,1649030400000,0.02187931855449039,1897467333.92025,2022-04-04
964,1649116800000,0.021914793906683116,1892302468.1453373,2022-04-05
965,1649203200000,0.021936144565173697,1896228872.4496536,2022-04-06
966,1649289600000,0.021874821528251015,1908115369.3785174,2022-04-07
967,1649376000000,0.021964802992290654,1648133503.5684016,2022-04-08
968,1649462400000,0.021957667645593277,1650930161.547575,2022-04-09
969,1649548800000,0.021951162947526356,1644985743.0985532,2022-04-10
970,1649635200000,0.021942061776598264,1638240383.1519475,2022-04-11
971,1649721600000,0.021961038809153715,1630808996.7325613,2022-04-12
972,1649808000000,0.021943489341624437,1631484868.814162,2022-04-13
973,1649894400000,0.021990547558475897,1628074640.6536956,2022-04-14
974,1649980800000,0.02197139251158768,1636676272.3485801,2022-04-15
975,1650067200000,0.021994877926606305,1634212877.9731476,2022-04-16
976,1650153600000,0.021984801178806815,1635279652.9793541,2022-04-17
977,1650240000000,0.021955579190556993,1633088819.9296439,2022-04-18
978,1650326400000,0.021946970511523646,1599548599.0103385,2022-04-19
979,1650412800000,0.021962124260870276,1596789077.8027341,2022-04-20
980,1650499200000,0.02197505598961972,1554487247.322571,2022-04-21
981,1650585600000,0.021976366175354374,1547326660.914392,2022-04-22
982,1650672000000,0.021974931993204844,1548885135.1135218,2022-04-23
983,1650758400000,0.021995056579138122,1552739531.7800996,2022-04-24
984,1650844800000,0.021988874464792217,1606901094.009441,2022-04-25
985,1650931200000,0.021950336902182004,1623851261.1540592,2022-04-26
986,1651017600000,0.021942356057052435,1591130067.8864079,2022-04-27
987,1651104000000,0.02198919236535639,1595413173.4357338,2022-04-28
988,1651190400000,0.0220133222015499,1344011620.9893584,2022-04-29
989,1651276800000,0.022004346526357882,1345292816.2589493,2022-04-30
990,1651363200000,0.0220184853347285,1347323045.1124306,2022-05-01
991,1651449600000,0.022005524632669856,1347044349.4308805,2022-05-02
992,1651536000000,0.021989090924343164,1351217728.3336499,2022-05-03
993,1651622400000,0.022011551720498432,1365282915.9943504,2022-05-04
994,1651708800000,0.022005756791746454,1095981497.7666574,2022-05-05
995,1651795200000,0.022029923103641973,957352243.3759166,2022-05-06
996,1651881600000,0.02201789767257213,1023615800.9131149,2022-05-07
997,1651968000000,0.022046495290964457,1026993435.7082301,2022-05-08
998,1652054400000,0.02200328541893521,1026584284.6821625,2022-05-09
999,1652140800000,0.0219883400534269,1006328038.9788783,2022-05-10
1000,1652227200000,0.022183368796600735,1001278909.4681218,2022-05-11
1001,1652313600000,0.02207492048748403,992798437.4500781,2022-05-12
1002,1652400000000,0.022068083510027783,839464882.5196905,2022-05-13
1003,1652486400000,0.022005155125436014,838872522.8155658,2022-05-14
1004,1652572800000,0.02208903106952755,837061143.6775552,2022-05-15
1005,1652659200000,0.022047548768633112,826681971.9323359,2022-05-16
1006,1652745600000,0.022018435830197514,814184813.4089063,2022-05-17
1007,1652832000000,0.022120966874366377,844663786.8910915,2022-05-18
1008,1652918400000,0.02205811614284104,837247207.5197792,2022-05-19
1009,1653004800000,0.022046539569691413,789442934.2097496,2022-05-20
1010,1653091200000,0.022052293576456956,780388434.1833508,2022-05-21
1011,1653177600000,0.02205620031855838,781614101.6272172,2022-05-22
1012,1653264000000,0.022085952661950025,780530793.3133328,2022-05-23
1013,1653350400000,0.022009160380972777,782679188.0901506,2022-05-24
1014,1653436800000,0.02204243717352301,780392283.9466078,2022-05-25
1015,1653523200000,0.022008816919255,780139587.7707049,2022-05-26
1016,1653609600000,0.02204831371801415,765180977.7947835,2022-05-27
1017,1653696000000,0.022030010439341517,777076008.2271955,2022-05-28
1018,1653782400000,0.022063017934047826,720948764.8184206,2022-05-29
1019,1653868800000,0.022050935999659408,724018699.517167,2022-05-30
1020,1653955200000,0.022015347334133118,726978320.5960063,2022-05-31
1021,1654041600000,0.022007016635334706,726728012.2076259,2022-06-01
1022,1654128000000,0.02212178543390456,729956538.9055482,2022-06-02
1023,1654214400000,0.022064254125018647,730240614.7388853,2022-06-03
1024,1654300800000,0.02203455442212289,730936712.1041945,2022-06-04
1025,1654387200000,0.02203304403717678,734619769.5917437,2022-06-05
1026,1654473600000,0.02205171191663051,736747356.9065264,2022-06-06
1027,1654560000000,0.022048121970531645,740984967.4487624,2022-06-07
1028,1654646400000,0.022175244684031373,665273838.6166881,2022-06-08
1029,1654732800000,0.02203245321844141,687468134.7789028,2022-06-09
1030,1654819200000,0.022025446512157074,698073761.9420834,2022-06-10
1031,1654905600000,0.02204920430951708,696109015.5035261,2022-06-11
1032,1654992000000,0.022050284127464074,676945011.2225319,2022-06-12
1033,1655078400000,0.0220486273544225,677936735.362431,2022-06-13
1034,1655164800000,0.022045419389989614,648274063.8070273,2022-06-14
1035,1655251200000,0.022054939367862562,621891136.1482563,2022-06-15
1036,1655337600000,0.02205957725028705,605318893.5080128,2022-06-16
1037,1655424000000,0.02204301676621388,621150633.9803543,2022-06-17
1038,1655510400000,0.02208632746100671,587517857.3107579,2022-06-18
1039,1655596800000,0.02205601954105283,620085079.2246805,2022-06-19
1040,1655683200000,0.022021039707457175,614193371.9248788,2022-06-20
1041,1655769600000,0.02205232121543765,609907878.3381767,2022-06-21
1042,1655856000000,0.0220256103053708,609558885.8520052,2022-06-22
1043,1655942400000,0.022027294897198253,611070929.2813032,2022-06-23
1044,1656028800000,0.022064484103001696,612591967.9988068,2022-06-24
1045,1656115200000,0.022035823607457903,612785814.7549003,2022-06-25
1046,1656201600000,0.02204655846629858,613987108.4962772,2022-06-26
1047,1656288000000,0.022075410758641206,624797231.8460257,2022-06-27
1048,1656374400000,0.022048310388022834,583431504.8004816,2022-06-28
1049,1656460800000,0.022064306587452766,582388040.2760421,2022-06-29
1050,1656547200000,0.02206791295879862,552205525.3060142,2022-06-30
1051,1656633600000,0.022096418528929036,564305907.7000846,2022-07-01
1052,1656720000000,0.022090385219008746,575494694.2575303,2022-07-02
1053,1656806400000,0.022073694467726616,577135843.3601874,2022-07-03
1054,1656892800000,0.022064738076849857,574306984.9970646,2022-07-04
1055,1656979200000,0.02205690718062683,579048624.906268,2022-07-05
1056,1657065600000,0.022050248556635534,591628096.5985559,2022-07-06
1057,1657152000000,0.02212361094728174,583383348.0907131,2022-07-07
1058,1657238400000,0.02207512465956321,581054065.0874827,2022-07-08
1059,1657324800000,0.022048838635802922,578510861.7528316,2022-07-09
1060,1657411200000,0.022032491397222884,576743970.9269264,2022-07-10
1061,1657497600000,0.022078454889965772,587513109.4734399,2022-07-11
1062,1657584000000,0.022106393529104075,587971573.8251876,2022-07-12
1063,1657670400000,0.022053743465876276,671377414.3828906,2022-07-13
1064,1657756800000,0.022085454639247264,678074599.6727802,2022-07-14
1065,1657843200000,0.022060034782041223,679067270.7142609,2022-07-15
1066,1657929600000,0.02203642624144281,700094362.1414547,2022-07-16
1067,1658016000000,0.021995510315366035,710819645.8336189,2022-07-17
1068,1658102400000,0.02203463597300402,714718777.6700274,2022-07-18
1069,1658188800000,0.02208302793422343,711113895.8655325,2022-07-19
1070,1658275200000,0.0220783003894242,728758254.6132596,2022-07-20
1071,1658361600000,0.022056858696689753,730596881.067616,2022-07-21
1072,1658448000000,0.022050711661954568,736972422.278176,2022-07-22
1073,1658534400000,0.02206621746740558,744664692.1835318,2022-07-23
1074,1658620800000,0.022099386932097637,745099237.7834765,2022-07-24
1075,1658707200000,0.02221521684947491,753798071.9245539,2022-07-25
1076,1658793600000,0.022044155058042313,750576388.5563718,2022-07-26
1077,1658880000000,0.02201914292983028,755710124.5101027,2022-07-27
1078,1658966400000,0.02201267415242196,759521015.6478446,2022-07-28
1079,1659052800000,0.022020979552517733,760880423.0940832,2022-07-29
1080,1659139200000,0.022062253494550443,765817809.3724245,2022-07-30
1081,1659225600000,0.02206897967276696,765363851.689005,2022-07-31
1082,1659312000000,0.021989204814891816,785224612.1138914,2022-08-01
1083,1659398400000,0.022067199985874596,782695390.3112887,2022-08-02
1084,1659484800000,0.02205914758649161,782568560.0245845,2022-08-03
1085,1659571200000,0.022074476288426327,782576269.2087982,2022-08-04
1086,1659657600000,0.022077826367437815,776584574.8287547,2022-08-05
1087,1659744000000,0.022023178548588512,773560311.9291645,2022-08-06
1088,1659830400000,0.022035762367746965,772484606.5269094,2022-08-07
1089,1659916800000,0.022045239904567537,781528616.4932002,2022-08-08
1090,1660003200000,0.022051772872234542,805204150.3030419,2022-08-09
1091,1660089600000,0.022077355291683566,807897884.0414454,2022-08-10
1092,1660176000000,0.022090383304335038,800704634.9855235,2022-08-11
1093,1660262400000,0.022161663646338984,805162031.7555941,2022-08-12
1094,1660348800000,0.022057891892986233,806111818.9124466,2022-08-13
1095,1660435200000,0.022073311640067813,831694989.3147644,2022-08-14
1096,1660521600000,0.022051437330343173,827401966.0796007,2022-08-15
1097,1660608000000,0.02203358218568907,830811361.3337457,2022-08-16
1098,1660694400000,0.022076774118081885,826540167.9987205,2022-08-17
1099,1660780800000,0.022056595690865478,826638029.4000672,2022-08-18
1100,1660867200000,0.022055793396645994,826302120.7601024,2022-08-19
1101,1660953600000,0.022065874716441346,824595486.5635846,2022-08-20
1102,1661040000000,0.022055640933979038,826014931.0832912,2022-08-21
1103,1661126400000,0.022111973637680606,826972839.8124751,2022-08-22
1104,1661212800000,0.022065673652459716,825110388.0164735,2022-08-23
1105,1661299200000,0.022043341909444944,824254744.2161819,2022-08-24
1106,1661385600000,0.022055167345634712,818011585.9703315,2022-08-25
1107,1661472000000,0.02206589188172856,818258794.274841,2022-08-26
1108,1661558400000,0.022099788413911647,747788524.4266363,2022-08-27
1109,1661644800000,0.022078487609711137,745677460.5484484,2022-08-28
1110,1661731200000,0.02208085619777305,782849940.3338976,2022-08-29
1111,1661817600000,0.02204905980754682,713350387.8049725,2022-08-30
1112,1661904000000,0.022088396870963128,722247432.6868298,2022-08-31
1113,1661990400000,0.02207288544751067,687728836.4083414,2022-09-01
1114,1662076800000,0.02206493047507596,687844066.1593533,2022-09-02
1115,1662163200000,0.022005965926971058,685230066.465275,2022-09-03
1116,1662249600000,0.022041937580886194,687516839.4584324,2022-09-04
1117,1662336000000,0.02219036064040272,690607753.9710277,2022-09-05
1118,1662422400000,0.02204093423705266,686786546.0897255,2022-09-06
1119,1662508800000,0.022069680387869772,686992435.8129853,2022-09-07
1120,1662595200000,0.022070963683805147,693435936.8852147,2022-09-08
1121,1662681600000,0.022072066856564085,653443386.6549135,2022-09-09
1122,1662768000000,0.02205506873981814,651676230.2310205,2022-09-10
1123,1662854400000,0.022030993671525775,675595505.3018695,2022-09-11
1124,1662940800000,0.022060959236622674,671137920.8799789,2022-09-12
1125,1663027200000,0.022065891886896484,672841553.7174323,2022-09-13
1126,1663113600000,0.022044999940870686,628001923.3384892,2022-09-14
1127,1663200000000,0.02202540845566911,553392480.0094584,2022-09-15
1128,1663286400000,0.02211254141341478,575587467.3696611,2022-09-16
1129,1663372800000,0.02206679366292574,583609471.0252631,2022-09-17
1130,1663459200000,0.02207909177166407,579225653.205812,2022-09-18
1131,1663545600000,0.022048555531091717,636101253.8680992,2022-09-19
1132,1663632000000,0.02204643762463105,439266948.3321384,2022-09-20
1133,1663718400000,0.02206444407465453,564875649.4223666,2022-09-21
1134,1663804800000,0.022123321806014593,585224314.1028277,2022-09-22
1135,1663891200000,0.02207001592169188,594925501.2192857,2022-09-23
1136,1663977600000,0.0221006603214018,632857214.1692599,2022-09-24
1137,1664064000000,0.022075832300984984,629301303.6058811,2022-09-25
1138,1664150400000,0.02211118835586444,656662961.4022728,2022-09-26
1139,1664236800000,0.022032909207666998,728532866.887945,2022-09-27
1140,1664323200000,0.022066034682378433,739951175.7709365,2022-09-28
1141,1664409600000,0.022104078975118235,732769525.3357387,2022-09-29
1142,1664496000000,0.022061246887676314,742696033.1807543,2022-09-30
1143,1664582400000,0.022082733922859425,735498049.6589912,2022-10-01
1144,1664668800000,0.02205598756272861,739441359.7151481,2022-10-02
1145,1664755200000,0.022099486492590806,673060645.0561712,2022-10-03
1146,1664841600000,0.022093217536207115,673474997.9395671,2022-10-04
1147,1664928000000,0.02206876123062806,596701914.6618316,2022-10-05
1148,1665014400000,0.022091950434562066,639828151.0693647,2022-10-06
1149,1665100800000,0.022063340144845612,639908123.6417493,2022-10-07
1150,1665187200000,0.022077260958957585,646453140.8277078,2022-10-08
1151,1665273600000,0.02208856097872944,646562497.3514031,2022-10-09
1152,1665360000000,0.022108048131948072,646645041.384493,2022-10-10
1153,1665446400000,0.022078980307149176,704604275.2729882,2022-10-11
1154,1665532800000,0.022107730648971133,698293768.8994099,2022-10-12
1155,1665619200000,0.022074920526861913,630039392.8661336,2022-10-13
1156,1665705600000,0.02207931459904203,631219617.0586752,2022-10-14
1157,1665792000000,0.02208075136019399,631461328.0145766,2022-10-15
1158,1665878400000,0.02212208972932622,633280925.0084698,2022-10-16
1159,1665964800000,0.022056769658134665,628313519.8093976,2022-10-17
1160,1666051200000,0.0220887584228309,637475077.6616219,2022-10-18
1161,1666137600000,0.022062555780016053,636867717.1604483,2022-10-19
1162,1666224000000,0.022093315032162286,629748237.3377318,2022-10-20
1163,1666310400000,0.022072715842955008,629314391.5824478,2022-10-21
1164,1666396800000,0.022100307581782927,626827760.9444748,2022-10-22
1165,1666483200000,0.022114463819917413,631639636.6926072,2022-10-23
1166,1666569600000,0.022073566160537083,645639118.5834631,2022-10-24
1167,1666656000000,0.022080024180933817,691501696.1153568,2022-10-25
1168,1666742400000,0.02206449798777109,574854058.5507905,2022-10-26
1169,1666828800000,0.02208865679989195,591126969.5583864,2022-10-27
1170,1666915200000,0.022056594730866918,591565799.4608527,2022-10-28
1171,1667001600000,0.02207821022147801,591778001.108216,2022-10-29
1172,1667088000000,0.02208838520736128,592099463.4423327,2022-10-30
1173,1667174400000,0.022082427960452712,529831202.74201053,2022-10-31
1174,1667260800000,0.02208053190891305,530201092.81934655,2022-11-01
1175,1667347200000,0.022100401271914503,544135463.8197293,2022-11-02
1176,1667433600000,0.02205704719108743,557549221.2030394,2022-11-03
1177,1667520000000,0.022097286847284705,563871360.6079782,2022-11-04
1178,1667606400000,0.022081140775807584,576554148.8036944,2022-11-05
1179,1667692800000,0.022086744931342252,576320374.1031321,2022-11-06
1180,1667779200000,0.022107109258646087,581579093.340215,2022-11-07
1181,1667865600000,0.022095488756082002,637928047.051599,2022-11-08
1182,1667952000000,0.02211578767050315,572520956.3349909,2022-11-09
1183,1668038400000,0.022081593098476873,504044190.7865263,2022-11-10
1184,1668124800000,0.02221481635610873,478354239.97796017,2022-11-11
1185,1668211200000,0.02212607780081778,474807629.18148345,2022-11-12
1186,1668297600000,0.022122264735664292,468474314.45467496,2022-11-13
1187,1668384000000,0.02213653107244759,467009756.3063097,2022-11-14
1188,1668470400000,0.022167831662846187,441311892.88614964,2022-11-15
1189,1668556800000,0.02215669141125641,438080128.550832,2022-11-16
1190,1668643200000,0.022046242770273852,460409998.3592002,2022-11-17
1191,1668729600000,0.02216107112052332,460791308.91489834,2022-11-18
1192,1668816000000,0.022154200714949793,458530109.0789854,2022-11-19
1193,1668902400000,0.02211814176796319,453910551.8186123,2022-11-20
