,Time,open,mktcap,Date
0,1553558400000,0.024238285505815783,48362842.918818034,2019-03-26
1,1553644800000,0.018246240111912934,36407603.42235519,2019-03-27
2,1553731200000,0.022905434717334968,45683658.567059286,2019-03-28
3,1553817600000,0.023327674446254235,46593739.20899514,2019-03-29
4,1553904000000,0.02100183331160053,42669470.5281208,2019-03-30
5,1553990400000,0.02024390607758931,40434726.02308878,2019-03-31
6,1554076800000,0.01963061514637032,39270054.84285435,2019-04-01
7,1554163200000,0.019297776592008733,38631560.38995009,2019-04-02
8,1554249600000,0.0202093430552156,40365690.61387208,2019-04-03
9,1554336000000,0.018869001832364996,37688522.98052622,2019-04-04
10,1554422400000,0.018920481450384538,37717247.32725816,2019-04-05
11,1554508800000,0.019022144666733663,38005192.86579675,2019-04-06
12,1554595200000,0.018386203206692354,36794399.69862859,2019-04-07
13,1554681600000,0.01859745414708666,37037461.09264776,2019-04-08
14,1554768000000,0.017670246934902198,35412206.55375661,2019-04-09
15,1554854400000,0.018043318312175732,36065203.71707086,2019-04-10
16,1554940800000,0.01801699586621821,35986745.28608608,2019-04-11
17,1555027200000,0.01799082539753024,36325579.07437266,2019-04-12
18,1555113600000,0.018233715418378357,36419616.08097398,2019-04-13
19,1555200000000,0.018458823446596998,36790869.133947074,2019-04-14
20,1555286400000,0.01777293555606777,35525017.28454205,2019-04-15
21,1555372800000,0.01720023738747529,34429695.20224851,2019-04-16
22,1555459200000,0.017415054659739592,34784441.35952742,2019-04-17
23,1555545600000,0.018053715199001848,35980780.09323737,2019-04-18
24,1555632000000,0.017950608735315714,35752761.85200342,2019-04-19
25,1555718400000,0.017749560588524286,35380966.10623561,2019-04-20
26,1555804800000,0.017817702590265102,35578268.6283489,2019-04-21
27,1555891200000,0.017613021971902895,35179856.84891816,2019-04-22
28,1555977600000,0.017851478839916668,35655149.802149385,2019-04-23
29,1556064000000,0.01740797329340644,34864196.57854024,2019-04-24
30,1556150400000,0.01432030928313317,34013233.662728295,2019-04-25
31,1556236800000,0.01226006372944689,29057618.082094524,2019-04-26
32,1556323200000,0.011364308740864637,26934050.61329277,2019-04-27
33,1556409600000,0.011418242784003756,27125491.280654438,2019-04-28
34,1556496000000,0.011118264076930584,26348472.677915033,2019-04-29
35,1556582400000,0.009227192526262881,22192237.371344395,2019-04-30
36,1556668800000,0.00993426297393189,23508612.588635653,2019-05-01
37,1556755200000,0.009798833041321285,23222444.823348075,2019-05-02
38,1556841600000,0.009511496060885739,22529391.263028014,2019-05-03
39,1556928000000,0.009395584160007313,22281139.509984534,2019-05-04
40,1557014400000,0.008765627102859263,20779881.597848352,2019-05-05
41,1557100800000,0.009172587453038278,21729863.668296028,2019-05-06
42,1557187200000,0.008954348209372305,21228145.108217813,2019-05-07
43,1557273600000,0.00851342970645845,20274546.542512815,2019-05-08
44,1557360000000,0.00818053462989013,19474708.333061572,2019-05-09
45,1557446400000,0.007374891386229801,17480129.02350401,2019-05-10
46,1557532800000,0.007844195307894678,18596417.96607092,2019-05-11
47,1557619200000,0.008507233812017076,20237115.005655695,2019-05-12
48,1557705600000,0.008780054919282966,20803166.520559914,2019-05-13
49,1557792000000,0.009171227638470877,21743010.576175034,2019-05-14
50,1557878400000,0.012096713930235377,28676950.97762553,2019-05-15
51,1557964800000,0.01289091416216495,30601880.625862293,2019-05-16
52,1558051200000,0.011855414831169506,28062113.048802424,2019-05-17
53,1558137600000,0.013642274912127545,32244148.998869233,2019-05-18
54,1558224000000,0.012542463900585681,29879683.290370792,2019-05-19
55,1558310400000,0.016754500302524507,38672892.2135828,2019-05-20
56,1558396800000,0.02261076739278081,53720695.65787068,2019-05-21
57,1558483200000,0.018104848634358132,42920095.010504715,2019-05-22
58,1558569600000,0.01376513067620245,32647646.981585123,2019-05-23
59,1558656000000,0.014425256803179673,34249539.90537294,2019-05-24
60,1558742400000,0.013630457238804189,37391056.3775697,2019-05-25
61,1558828800000,0.01372404304613386,39016215.6014024,2019-05-26
62,1558915200000,0.014285650277359795,40576177.44269663,2019-05-27
63,1559001600000,0.013799850168077634,39320171.07272909,2019-05-28
64,1559088000000,0.014154354840434301,40266871.157845855,2019-05-29
65,1559174400000,0.014127616344530082,40166941.31824208,2019-05-30
66,1559260800000,0.013900055019117442,39556633.96944943,2019-05-31
67,1559347200000,0.017113425941106035,48578573.80411086,2019-06-01
68,1559433600000,0.018440663432318996,52208770.24495609,2019-06-02
69,1559520000000,0.017278992029949626,49117448.82873858,2019-06-03
70,1559606400000,0.016189406380123113,46141471.39026955,2019-06-04
71,1559692800000,0.016278790720259156,45898318.594031945,2019-06-05
72,1559779200000,0.019113026093330845,54268635.21848152,2019-06-06
73,1559865600000,0.018551834628152138,52778093.60051175,2019-06-07
74,1559952000000,0.01916907120734555,54698331.31702929,2019-06-08
75,1560038400000,0.020422556431986642,57949492.951232135,2019-06-09
76,1560124800000,0.019125839203541703,54159923.1772661,2019-06-10
77,1560211200000,0.020627971465498444,58580748.64504527,2019-06-11
78,1560297600000,0.020963556730602684,59621284.89664017,2019-06-12
79,1560384000000,0.0201462743289372,57301668.38548904,2019-06-13
80,1560470400000,0.019045176554397348,54121230.78495888,2019-06-14
81,1560556800000,0.018246031027959568,52371360.97992918,2019-06-15
82,1560643200000,0.019221659833630396,54514552.74954829,2019-06-16
83,1560729600000,0.01965472914147824,56058116.565617666,2019-06-17
84,1560816000000,0.018393664886156708,52205504.88181527,2019-06-18
85,1560902400000,0.02004385492733469,56960149.13950956,2019-06-19
86,1560988800000,0.01979176360887824,56549010.34330966,2019-06-20
87,1561075200000,0.018429785160100267,52539472.648044966,2019-06-21
88,1561161600000,0.01749451511675773,49539830.97804757,2019-06-22
89,1561248000000,0.017702531328122273,50493891.889724284,2019-06-23
90,1561334400000,0.017056013028562977,48492054.73610292,2019-06-24
91,1561420800000,0.0163681423161478,48493494.16410914,2019-06-25
92,1561507200000,0.016609691613138078,49042448.84959844,2019-06-26
93,1561593600000,0.014044538139966823,41495620.65538486,2019-06-27
94,1561680000000,0.014622256497832083,43251055.939138785,2019-06-28
95,1561766400000,0.015399260300475523,45534985.49119809,2019-06-29
96,1561852800000,0.01692006097374894,50347070.17778074,2019-06-30
97,1561939200000,0.01703380493433529,50553969.67509671,2019-07-01
98,1562025600000,0.01843871920844472,54764727.62110569,2019-07-02
99,1562112000000,0.017704809309284582,53273382.60161436,2019-07-03
100,1562198400000,0.017675813233392713,53170092.56341492,2019-07-04
101,1562284800000,0.01635977570475678,49395291.17825921,2019-07-05
102,1562371200000,0.01738947002884848,52325686.391546585,2019-07-06
103,1562457600000,0.01591357003140379,47862063.40201751,2019-07-07
104,1562544000000,0.015860979098691948,47744592.95078348,2019-07-08
105,1562630400000,0.015026025989912378,45173833.23229683,2019-07-09
106,1562716800000,0.014197496228421919,42884944.57617271,2019-07-10
107,1562803200000,0.013396030922797593,40367448.64598896,2019-07-11
108,1562889600000,0.011665625625152833,35063678.95501829,2019-07-12
109,1562976000000,0.012736096219462615,38284304.16760098,2019-07-13
110,1563062400000,0.013656817598600606,40976093.37519391,2019-07-14
111,1563148800000,0.011665561780118957,35183743.53900405,2019-07-15
112,1563235200000,0.011315744931265562,34113871.19127717,2019-07-16
113,1563321600000,0.009697516566386052,29131435.44277999,2019-07-17
114,1563408000000,0.010440471240829146,31336924.844348572,2019-07-18
115,1563494400000,0.010898411603561515,32966085.49143563,2019-07-19
116,1563580800000,0.011034665093002006,33198910.984820608,2019-07-20
117,1563667200000,0.01135809441764432,34202220.52612022,2019-07-21
118,1563753600000,0.010947647263125736,33000742.14482353,2019-07-22
119,1563840000000,0.010023211645242537,30179003.55028972,2019-07-23
120,1563926400000,0.009207889745015007,27761983.76482418,2019-07-24
121,1564012800000,0.009347623881649577,28143639.81193765,2019-07-25
122,1564099200000,0.009624749525202243,30130163.35491419,2019-07-26
123,1564185600000,0.010000366582566774,31228652.351764582,2019-07-27
124,1564272000000,0.009232865981602929,28816166.92576897,2019-07-28
125,1564358400000,0.009054910511237382,28291095.25666756,2019-07-29
126,1564444800000,0.009256211648435918,28955562.27641673,2019-07-30
127,1564531200000,0.009109063652216233,28450362.492166165,2019-07-31
128,1564617600000,0.009036013156055706,28176880.83893524,2019-08-01
129,1564704000000,0.008472823884144305,26480480.48491265,2019-08-02
130,1564790400000,0.008838767237099001,27606149.13482039,2019-08-03
131,1564876800000,0.00853953436499139,26708406.3335556,2019-08-04
132,1564963200000,0.008478977730069002,26488702.399194986,2019-08-05
133,1565049600000,0.008828577399404187,27603734.78813736,2019-08-06
134,1565136000000,0.009035740591501747,28352008.243187588,2019-08-07
135,1565222400000,0.010156274747414675,31634707.856195007,2019-08-08
136,1565308800000,0.008970371636797482,27972899.104985178,2019-08-09
137,1565395200000,0.007610649170094763,23769536.731022265,2019-08-10
138,1565481600000,0.008289931648836624,25937306.617541865,2019-08-11
139,1565568000000,0.008393001230626636,26210013.375340596,2019-08-12
140,1565654400000,0.008448953276263542,26394152.105474,2019-08-13
141,1565740800000,0.008494432168797054,26637759.60561894,2019-08-14
142,1565827200000,0.007684468248603643,23987400.437204342,2019-08-15
143,1565913600000,0.007767355082330704,24231398.35150715,2019-08-16
144,1566000000000,0.007425147915013793,23194139.552962065,2019-08-17
145,1566086400000,0.007707033670784423,24077114.928844437,2019-08-18
146,1566172800000,0.007842046135868369,24498250.81709785,2019-08-19
147,1566259200000,0.008514541252140817,26557367.415233333,2019-08-20
148,1566345600000,0.00865861604592386,27086567.999079492,2019-08-21
149,1566432000000,0.008234990349793804,25687616.596290816,2019-08-22
150,1566518400000,0.008274612050028662,25851662.691861354,2019-08-23
151,1566604800000,0.007947754632000138,24811031.66668147,2019-08-24
152,1566691200000,0.007865848541510472,24571905.83184781,2019-08-25
153,1566777600000,0.007424982144952517,24030032.87204641,2019-08-26
154,1566864000000,0.007201666061795709,23339037.717949495,2019-08-27
155,1566950400000,0.007336904011134438,23893401.911795888,2019-08-28
156,1567036800000,0.006604623345207693,21474684.403350987,2019-08-29
157,1567123200000,0.006124135660770086,19901552.97352256,2019-08-30
158,1567209600000,0.006133695375803669,19946567.705974493,2019-08-31
159,1567296000000,0.005844134714684928,19006727.085682653,2019-09-01
160,1567382400000,0.005745574159555207,18679982.79002564,2019-09-02
161,1567468800000,0.006015689397962217,19575460.701503064,2019-09-03
162,1567555200000,0.005810507773102375,18893683.653464284,2019-09-04
163,1567641600000,0.005589396070591064,18172490.30289948,2019-09-05
164,1567728000000,0.005781966335757841,18800319.92174498,2019-09-06
165,1567814400000,0.005355916666565051,17482597.879341938,2019-09-07
166,1567900800000,0.005541419098760572,18033254.5473827,2019-09-08
167,1567987200000,0.005605530945036746,18226025.22853025,2019-09-09
168,1568073600000,0.005858983612260559,19051796.431430873,2019-09-10
169,1568160000000,0.00554307743382785,18018749.996779658,2019-09-11
170,1568246400000,0.005467654147816192,17743092.404544745,2019-09-12
171,1568332800000,0.005312824770798005,17277604.284211166,2019-09-13
172,1568419200000,0.005261499034009087,17107694.123026136,2019-09-14
173,1568505600000,0.005182956418145364,16856293.169472788,2019-09-15
174,1568592000000,0.00535574963372148,17414457.41598821,2019-09-16
175,1568678400000,0.005448916606826935,17718092.55053903,2019-09-17
176,1568764800000,0.005634551519088642,18311803.201707385,2019-09-18
177,1568851200000,0.005901947812664865,19193066.87446994,2019-09-19
178,1568937600000,0.005711226005593697,18580927.115955684,2019-09-20
179,1569024000000,0.005641726903786593,18328137.124238636,2019-09-21
180,1569110400000,0.00581767613563023,18898488.663047172,2019-09-22
181,1569196800000,0.005667962712888944,18443838.06012786,2019-09-23
182,1569283200000,0.005625834584137547,18310742.592766397,2019-09-24
183,1569369600000,0.004579729396107644,15127987.40362492,2019-09-25
184,1569456000000,0.004581089239992659,15441527.930672918,2019-09-26
185,1569542400000,0.004384095987637805,14777520.606424319,2019-09-27
186,1569628800000,0.0044155969010740105,14883701.082111286,2019-09-28
187,1569715200000,0.0044808343498055885,15068517.719340302,2019-09-29
188,1569801600000,0.004360562022534115,14737253.777593575,2019-09-30
189,1569888000000,0.004677140001847914,15760372.07033943,2019-10-01
190,1569974400000,0.004576715127596635,15422656.308556354,2019-10-02
191,1570060800000,0.004576715127596635,15422656.308556354,2019-10-03
192,1570147200000,0.004570285346464525,15405053.955039868,2019-10-04
193,1570233600000,0.0045742060486805205,15397010.788236681,2019-10-05
194,1570320000000,0.00447048072584515,15157185.384048276,2019-10-06
195,1570406400000,0.004394355357804742,14812101.978382949,2019-10-07
196,1570492800000,0.004646536541398838,15682947.856740901,2019-10-08
197,1570579200000,0.0049770076112877915,16777768.55332589,2019-10-09
198,1570665600000,0.004878548726280502,16443929.215023315,2019-10-10
199,1570752000000,0.004928467939312064,16612441.13647417,2019-10-11
200,1570838400000,0.0049517386716182036,16690880.050026758,2019-10-12
201,1570924800000,0.005372804198030965,18121602.518633768,2019-10-13
202,1571011200000,0.005082335496679751,17171692.928699262,2019-10-14
203,1571097600000,0.005198895941614074,17500150.95676264,2019-10-15
204,1571184000000,0.00489177346841476,16470461.559968235,2019-10-16
205,1571270400000,0.00458483369070093,15450243.4951835,2019-10-17
206,1571356800000,0.004707704242369996,15859237.268233787,2019-10-18
207,1571443200000,0.004497423777512869,15157028.895336498,2019-10-19
208,1571529600000,0.004311438525067875,14524136.75679958,2019-10-20
209,1571616000000,0.00438557888469639,14790544.54959309,2019-10-21
210,1571702400000,0.0044085316231280485,14893427.662506638,2019-10-22
211,1571788800000,0.004301948499975791,14499070.218592696,2019-10-23
212,1571875200000,0.0038981892749951497,13140289.637812952,2019-10-24
213,1571961600000,0.003915147650749206,13186845.139804695,2019-10-25
214,1572048000000,0.004207693507743426,14675642.306957463,2019-10-26
215,1572134400000,0.0038719975694938256,13460179.117188828,2019-10-27
216,1572220800000,0.004189903325797895,14620978.94440177,2019-10-28
217,1572307200000,0.004217239839587219,14709478.31039018,2019-10-29
218,1572393600000,0.004222586400990864,14738586.184802933,2019-10-30
219,1572480000000,0.004177068246906454,14591161.85250444,2019-10-31
220,1572566400000,0.004166476206927846,14540492.297369864,2019-11-01
221,1572652800000,0.004243188738164845,14808209.647515444,2019-11-02
222,1572739200000,0.0043079423257770325,15028899.673773602,2019-11-03
223,1572825600000,0.004363214831375501,15233999.093241721,2019-11-04
224,1572912000000,0.004505105059925802,15721091.483630408,2019-11-05
225,1572998400000,0.004665893938664295,16283707.450857798,2019-11-06
226,1573084800000,0.00449986723047269,15714553.583678726,2019-11-07
227,1573171200000,0.0043714861922355104,15275016.654523347,2019-11-08
228,1573257600000,0.004097418054615771,14321352.167517332,2019-11-09
229,1573344000000,0.004170264273396521,14557285.67408899,2019-11-10
230,1573430400000,0.004209378944589478,14690217.603725333,2019-11-11
231,1573516800000,0.004177981393832088,14584295.705794265,2019-11-12
232,1573603200000,0.004180193094939479,14572310.681163114,2019-11-13
233,1573689600000,0.0041349205570508606,14435859.001989927,2019-11-14
234,1573776000000,0.004061621640237273,14153387.429474702,2019-11-15
235,1573862400000,0.004215987297285478,14693647.820708223,2019-11-16
236,1573948800000,0.004558635150240634,16031862.821670882,2019-11-17
237,1574035200000,0.004451248074825694,15494429.733300684,2019-11-18
238,1574121600000,0.004196752789577785,14583311.553289622,2019-11-19
239,1574208000000,0.004132684110663376,14411614.662770577,2019-11-20
240,1574294400000,0.0039919023291491345,13948571.492686002,2019-11-21
241,1574380800000,0.0037321600427164124,13053343.70071858,2019-11-22
242,1574467200000,0.0036055133333148318,12610248.555689916,2019-11-23
243,1574553600000,0.003739043971845389,13061420.527407287,2019-11-24
244,1574640000000,0.003739023126876069,13118622.549364584,2019-11-25
245,1574726400000,0.004255272895561753,14949986.885144528,2019-11-26
246,1574812800000,0.004346278603782175,15154278.343911527,2019-11-27
247,1574899200000,0.004267904265102974,14885386.500879198,2019-11-28
248,1574985600000,0.004765766358938829,16617079.671939453,2019-11-29
249,1575072000000,0.004622292636283749,16163370.241017772,2019-11-30
250,1575158400000,0.005040464732370579,17476431.67417718,2019-12-01
251,1575244800000,0.004699024304737895,16367579.58539415,2019-12-02
252,1575331200000,0.004849698139477184,17544003.032559197,2019-12-03
253,1575417600000,0.00474195933983883,17131715.996312756,2019-12-04
254,1575504000000,0.004488396422562199,16303936.221272152,2019-12-05
255,1575590400000,0.004394491474798492,15902545.039575407,2019-12-06
256,1575676800000,0.004837432473968209,17299950.649822805,2019-12-07
257,1575763200000,0.0054838340601853644,19791400.28482604,2019-12-08
258,1575849600000,0.00545408375733046,19684555.084558196,2019-12-09
259,1575936000000,0.005170330612315009,18642845.154107586,2019-12-10
260,1576022400000,0.004364591178017257,15798090.317768335,2019-12-11
261,1576108800000,0.004514980438008187,16294764.601932315,2019-12-12
262,1576195200000,0.004233619486082388,15275008.311817313,2019-12-13
263,1576281600000,0.0041900621942822175,15127368.67206284,2019-12-14
264,1576368000000,0.0038308164959065917,13843107.385214517,2019-12-15
265,1576454400000,0.003993295534139312,14416752.284722771,2019-12-16
266,1576540800000,0.0037303887967673295,13495564.223711632,2019-12-17
267,1576627200000,0.00337261384568854,12179471.90620467,2019-12-18
268,1576713600000,0.003647435995658916,13130605.577613257,2019-12-19
269,1576800000000,0.003696808083611474,13319133.556223316,2019-12-20
270,1576886400000,0.00384930557512152,13895841.743883697,2019-12-21
271,1576972800000,0.003985050599405185,14377647.027336752,2019-12-22
272,1577059200000,0.003985501696991247,14367342.279561866,2019-12-23
273,1577145600000,0.003655784108256536,13226608.266607951,2019-12-24
274,1577232000000,0.0037279307117743694,13440270.678443674,2019-12-25
275,1577318400000,0.0036206703632589918,13078370.153877053,2019-12-26
276,1577404800000,0.003606548505789862,13010106.231864184,2019-12-27
277,1577491200000,0.003700110978270179,13334254.418196253,2019-12-28
278,1577577600000,0.0037198432338615807,13430680.30272344,2019-12-29
279,1577664000000,0.0037587255403684463,13565407.142847871,2019-12-30
280,1577750400000,0.003653924036043172,13200631.533336887,2019-12-31
281,1577836800000,0.003559210877298794,12855454.999584734,2020-01-01
282,1577923200000,0.0036217033081712073,13070887.831072,2020-01-02
283,1578009600000,0.0034076731199452932,12305225.57834775,2020-01-03
284,1578096000000,0.003545402994312727,12786516.255954068,2020-01-04
285,1578182400000,0.003551541848496178,12821937.761288173,2020-01-05
286,1578268800000,0.0034854910250511633,12575160.003951263,2020-01-06
287,1578355200000,0.003564545848014395,12868033.558587823,2020-01-07
288,1578441600000,0.0034663934053271845,12510367.50502851,2020-01-08
289,1578528000000,0.003375895502462248,12201772.94764358,2020-01-09
290,1578614400000,0.0033153275258261325,11947957.163518753,2020-01-10
291,1578700800000,0.0032613268229066943,11810091.423010834,2020-01-11
292,1578787200000,0.003349433975155725,11954991.508043628,2020-01-12
293,1578873600000,0.0034436629682530746,12414563.6764261,2020-01-13
294,1578960000000,0.003514584965820102,12616697.755015802,2020-01-14
295,1579046400000,0.003400555346956524,12272755.033008263,2020-01-15
296,1579132800000,0.0035359574851518277,12761427.353693696,2020-01-16
297,1579219200000,0.0034813050484397102,12573643.03602745,2020-01-17
298,1579305600000,0.0036313829250669474,13221486.231158895,2020-01-18
299,1579392000000,0.0036205176748388464,13069788.843017995,2020-01-19
300,1579478400000,0.003365932911817886,12171118.083156772,2020-01-20
301,1579564800000,0.003257398759148451,11739011.166427238,2020-01-21
302,1579651200000,0.003286793505423533,11849685.22636002,2020-01-22
303,1579737600000,0.0032754390649517877,11811498.021920782,2020-01-23
304,1579824000000,0.0032090894243736747,11550329.17469189,2020-01-24
305,1579910400000,0.003243506850246898,11691168.257503232,2020-01-25
306,1579996800000,0.0034016375520248532,12278251.582018241,2020-01-26
307,1580083200000,0.0033469459529531374,12095667.140990939,2020-01-27
308,1580169600000,0.0032943147349001048,11875971.036508147,2020-01-28
309,1580256000000,0.003314976744319375,11896329.541559612,2020-01-29
310,1580342400000,0.003179000616303574,11490702.936816968,2020-01-30
311,1580428800000,0.003223816539823973,11630858.458822116,2020-01-31
312,1580515200000,0.0032203690849409777,11697714.429738188,2020-02-01
313,1580601600000,0.003281818657603615,11856426.501980562,2020-02-02
314,1580688000000,0.003378295132751483,12258940.789822914,2020-02-03
315,1580774400000,0.0035970463482156837,12922064.252496647,2020-02-04
316,1580860800000,0.0037364014432431335,13500624.743217772,2020-02-05
317,1580947200000,0.0036180484493377567,13048212.05423304,2020-02-06
318,1581033600000,0.004093587388356671,14764565.366757862,2020-02-07
319,1581120000000,0.004163303571873794,15022664.456833176,2020-02-08
320,1581206400000,0.004130796560110306,15349931.592945868,2020-02-09
321,1581292800000,0.004250459773379907,15820725.652792532,2020-02-10
322,1581379200000,0.0045071799393703775,16712118.00830884,2020-02-11
323,1581465600000,0.004570069915970888,16966996.825173616,2020-02-12
324,1581552000000,0.004762143599379168,17673473.067709867,2020-02-13
325,1581638400000,0.004940811035116572,18344062.24870101,2020-02-14
326,1581724800000,0.005491186506059347,20427336.554090075,2020-02-15
327,1581811200000,0.004784539336040137,17695879.69904949,2020-02-16
328,1581897600000,0.0043345045936028295,16237905.328883275,2020-02-17
329,1581984000000,0.004194290457694124,15571586.001829691,2020-02-18
330,1582070400000,0.004468602985264971,16574142.475871362,2020-02-19
331,1582156800000,0.0041054123611504985,15289397.74504303,2020-02-20
332,1582243200000,0.00387563623528396,14435040.023428502,2020-02-21
333,1582329600000,0.003960795359473234,14753385.072271325,2020-02-22
334,1582416000000,0.003911468245573949,14559154.5236229,2020-02-23
335,1582502400000,0.004182472463652601,15590957.746801531,2020-02-24
336,1582588800000,0.003899966574796553,14495441.197410278,2020-02-25
337,1582675200000,0.0035821963640822363,13340524.571994336,2020-02-26
338,1582761600000,0.0032493324831750314,12127284.687402196,2020-02-27
339,1582848000000,0.003305938915819339,12346101.95521678,2020-02-28
340,1582934400000,0.0034598104265285844,12883723.342563586,2020-02-29
341,1583020800000,0.0033118707861433455,12473433.908022424,2020-03-01
342,1583107200000,0.003267825561320713,12299761.278035317,2020-03-02
343,1583193600000,0.003495236023362813,13124834.478520336,2020-03-03
344,1583280000000,0.0035185988680988623,13236594.000002753,2020-03-04
345,1583366400000,0.003584231823505585,13459764.603963654,2020-03-05
346,1583452800000,0.00365432243027421,13710826.67472707,2020-03-06
347,1583539200000,0.003636880902353531,13656516.282296795,2020-03-07
348,1583625600000,0.0035084047559449504,13546644.450660052,2020-03-08
349,1583712000000,0.002974412150808038,11222788.50459789,2020-03-09
350,1583798400000,0.0029146952696976246,10941870.18082326,2020-03-10
351,1583884800000,0.0029090379841277296,10964330.176157935,2020-03-11
352,1583971200000,0.0028352645347792206,10680608.170890054,2020-03-12
353,1584057600000,0.0013300722481819616,4926073.291189982,2020-03-13
354,1584144000000,0.0013801599824879236,5140409.684637487,2020-03-14
355,1584230400000,0.0013182467882466653,4898938.726228081,2020-03-15
356,1584316800000,0.0013903307064631026,5237658.90747376,2020-03-16
357,1584403200000,0.0011297717040358295,4225542.291410958,2020-03-17
358,1584489600000,0.0012857441148446233,4889939.975036564,2020-03-18
359,1584576000000,0.0012575860820727403,4721034.166914903,2020-03-19
360,1584662400000,0.0016030460298055464,6020170.080649902,2020-03-20
361,1584748800000,0.0014874055161615048,5612599.329433957,2020-03-21
362,1584835200000,0.0015064034181489602,5644496.440563422,2020-03-22
363,1584921600000,0.0013702003050455542,5125452.936352734,2020-03-23
364,1585008000000,0.001511926553661507,5670592.207016866,2020-03-24
365,1585094400000,0.0015017914590463597,5637792.02935609,2020-03-25
366,1585180800000,0.0014900484424771102,5589371.9764771825,2020-03-26
367,1585267200000,0.0017270666777501732,6483508.718194789,2020-03-27
368,1585353600000,0.0015753307941276536,5909293.262869477,2020-03-28
369,1585440000000,0.001520639968093905,5696157.126692686,2020-03-29
370,1585526400000,0.0014475895297631305,5446675.58588917,2020-03-30
371,1585612800000,0.0015653222529012564,5907086.888190915,2020-03-31
372,1585699200000,0.001575857921880253,6024334.416275346,2020-04-01
373,1585785600000,0.001587095971357942,6021874.493928942,2020-04-02
374,1585872000000,0.0016021907433274997,5980129.86364731,2020-04-03
375,1585958400000,0.001636544723090662,6190345.782153587,2020-04-04
376,1586044800000,0.0016275502583057058,6170822.427523289,2020-04-05
377,1586131200000,0.0016120155063114592,6100161.104295695,2020-04-06
378,1586217600000,0.0017506362965704033,6616523.678471375,2020-04-07
379,1586304000000,0.0017335901859224445,6582133.231848285,2020-04-08
380,1586390400000,0.0017470537682781906,6602817.701934223,2020-04-09
381,1586476800000,0.0018039358656171888,6814534.882416932,2020-04-10
382,1586563200000,0.0016193660140292596,6134337.613163672,2020-04-11
383,1586649600000,0.0016034659611751708,6066315.496248362,2020-04-12
384,1586736000000,0.0016108081450904614,6133423.697143022,2020-04-13
385,1586822400000,0.0015048892325014707,5676253.964000789,2020-04-14
386,1586908800000,0.0015256161014400008,5770183.512441921,2020-04-15
387,1586995200000,0.001489489773707783,5634620.033953036,2020-04-16
388,1587081600000,0.001577075235516192,5917066.084631025,2020-04-17
389,1587168000000,0.0016187033568616962,6123012.629251503,2020-04-18
390,1587254400000,0.0017054536172327868,6531573.943351857,2020-04-19
391,1587340800000,0.0016503918369327776,6246933.550484876,2020-04-20
392,1587427200000,0.0015472131998530557,5816828.355996743,2020-04-21
393,1587513600000,0.0015441389470667803,5842005.979665176,2020-04-22
394,1587600000000,0.0016281911478727299,6156982.789353568,2020-04-23
395,1587686400000,0.0016791445190361437,6343743.505179258,2020-04-24
396,1587772800000,0.001915604555379874,7194664.9676958155,2020-04-25
397,1587859200000,0.0019578894870776265,7411517.102904107,2020-04-26
398,1587945600000,0.0020187927485409178,7640857.66905655,2020-04-27
399,1588032000000,0.0018995780968667328,7176659.615483656,2020-04-28
400,1588118400000,0.001884309342750372,7127893.360121558,2020-04-29
401,1588204800000,0.001977569541509183,7474888.0294324765,2020-04-30
402,1588291200000,0.0019248183824078083,7322709.425855768,2020-05-01
403,1588377600000,0.0019442312038825788,7397765.43763517,2020-05-02
404,1588464000000,0.001995542254609402,7556657.693300007,2020-05-03
405,1588550400000,0.001961802231909903,7417506.988081012,2020-05-04
406,1588636800000,0.001914825014550696,7259912.99720287,2020-05-05
407,1588723200000,0.0021326659425281794,8055776.253149359,2020-05-06
408,1588809600000,0.002032358886672572,7815885.465591808,2020-05-07
409,1588896000000,0.001962302630389268,7475393.629079682,2020-05-08
410,1588982400000,0.0020057540875854005,7598220.115492966,2020-05-09
411,1589068800000,0.002031286196030811,7660874.418931625,2020-05-10
412,1589155200000,0.0018639895576827207,7053080.427333864,2020-05-11
413,1589241600000,0.001836407581938882,6951215.819336049,2020-05-12
414,1589328000000,0.0018579272431315907,7044389.00883329,2020-05-13
415,1589414400000,0.002119174845659518,7993214.380672624,2020-05-14
416,1589500800000,0.0023448895558541246,8930016.323246373,2020-05-15
417,1589587200000,0.0023793922461901166,9079096.659260422,2020-05-16
418,1589673600000,0.0027667720584814677,10591102.906411244,2020-05-17
419,1589760000000,0.002565876492120231,9730282.723503986,2020-05-18
420,1589846400000,0.0026152336713559762,9948497.399986254,2020-05-19
421,1589932800000,0.002595171051304752,9831056.063760465,2020-05-20
422,1590019200000,0.002503076309390579,9482181.730224496,2020-05-21
423,1590105600000,0.002435700586163887,9224523.503227565,2020-05-22
424,1590192000000,0.002558762763412819,9602144.165719394,2020-05-23
425,1590278400000,0.0026089446055809914,9887938.954424545,2020-05-24
426,1590364800000,0.002578675701357234,9852755.070863068,2020-05-25
427,1590451200000,0.003156074533652771,11827125.522232546,2020-05-26
428,1590537600000,0.0028878814244663984,10837855.170876587,2020-05-27
429,1590624000000,0.0028653423154014566,10837739.861055724,2020-05-28
430,1590710400000,0.0028831262115088206,10921891.029105837,2020-05-29
431,1590796800000,0.002832975987751963,10731911.389376143,2020-05-30
432,1590883200000,0.002869040110014775,10973388.407404507,2020-05-31
433,1590969600000,0.002823492556154321,10724557.469716614,2020-06-01
434,1591056000000,0.0028385569454172366,10942290.365460195,2020-06-02
435,1591142400000,0.0027644399919281287,10638765.75760647,2020-06-03
436,1591228800000,0.002855196880634325,10896538.988372581,2020-06-04
437,1591315200000,0.002858912609212225,11043078.120722413,2020-06-05
438,1591401600000,0.0028612493270173214,11115606.318198316,2020-06-06
439,1591488000000,0.0029102494243906174,11309453.865889879,2020-06-07
440,1591574400000,0.0030605384704549283,11954066.081679566,2020-06-08
441,1591660800000,0.003087753403470241,12033635.535142034,2020-06-09
442,1591747200000,0.0033594120190563767,13110250.082217325,2020-06-10
443,1591833600000,0.0033405092200488287,12877255.083180437,2020-06-11
444,1591920000000,0.0030436326668317987,11685184.287657047,2020-06-12
445,1592006400000,0.0032393942606501547,12429182.439707382,2020-06-13
446,1592092800000,0.003821575710976795,14877588.743517673,2020-06-14
447,1592179200000,0.0038387780096370066,14998838.572744407,2020-06-15
448,1592265600000,0.004038990550493152,15455904.028336104,2020-06-16
449,1592352000000,0.003998013632164154,15233894.646251997,2020-06-17
450,1592438400000,0.0038777591946441386,15052397.694136655,2020-06-18
451,1592524800000,0.0043858782969941395,16836642.726069577,2020-06-19
452,1592611200000,0.004390014697086337,16890132.938705426,2020-06-20
453,1592697600000,0.004392219732932499,16922430.00307153,2020-06-21
454,1592784000000,0.004034314022196958,15500028.584909175,2020-06-22
455,1592870400000,0.004035810858497781,15415570.23244283,2020-06-23
456,1592956800000,0.0039763320455440876,15318121.56022771,2020-06-24
457,1593043200000,0.0037801248465700325,14581300.400492262,2020-06-25
458,1593129600000,0.0037001701195455445,14371286.2366573,2020-06-26
459,1593216000000,0.003445986255876276,13271916.88630526,2020-06-27
460,1593302400000,0.003470045837261837,13377862.746412717,2020-06-28
461,1593388800000,0.00377661353268907,14482911.751662396,2020-06-29
462,1593475200000,0.0036770638289869697,14275204.490226593,2020-06-30
463,1593561600000,0.0035230119029795253,13523560.51589748,2020-07-01
464,1593648000000,0.0038387584915383056,14686525.091045035,2020-07-02
465,1593734400000,0.004076808742167439,15846033.97359914,2020-07-03
466,1593820800000,0.004123935285498013,15880348.70897834,2020-07-04
467,1593907200000,0.0042665226929338145,16553221.515509488,2020-07-05
468,1593993600000,0.0038963605242007585,15115419.163340027,2020-07-06
469,1594080000000,0.004294812880647714,16575152.213535897,2020-07-07
470,1594166400000,0.004375009157377377,16809550.57311009,2020-07-08
471,1594252800000,0.004429946104601752,17301032.459371492,2020-07-09
472,1594339200000,0.004463649936366962,17341422.246324334,2020-07-10
473,1594425600000,0.004972455199720523,19344629.895334415,2020-07-11
474,1594512000000,0.004811827692995636,18693736.19853847,2020-07-12
475,1594598400000,0.004991635451848406,19211867.95548584,2020-07-13
476,1594684800000,0.005050814876452512,19614698.038534388,2020-07-14
477,1594771200000,0.004761054769947243,18531956.86566489,2020-07-15
478,1594857600000,0.004588459324741683,17737839.303834964,2020-07-16
479,1594944000000,0.004746477167006772,18442432.97393629,2020-07-17
480,1595030400000,0.0046700779832862934,18016075.741189655,2020-07-18
481,1595116800000,0.004934502120946298,19058028.819638383,2020-07-19
482,1595203200000,0.004966929971781108,19267896.473729633,2020-07-20
483,1595289600000,0.00575593260847677,22294337.164484404,2020-07-21
484,1595376000000,0.006731518923287251,26067462.07959063,2020-07-22
485,1595462400000,0.006464809252986087,25055462.28516516,2020-07-23
486,1595548800000,0.006300136827739303,24540893.692740116,2020-07-24
487,1595635200000,0.006565610050595258,25761868.149250615,2020-07-25
488,1595721600000,0.006251338519066911,24647266.31868438,2020-07-26
489,1595808000000,0.007428278757721561,28877654.054880913,2020-07-27
490,1595894400000,0.007790234282638863,30744271.617347587,2020-07-28
491,1595980800000,0.007630168965770811,30098917.56449551,2020-07-29
492,1596067200000,0.007008655892668413,27532711.168883078,2020-07-30
493,1596153600000,0.0070960826729711875,28382930.907101784,2020-07-31
494,1596240000000,0.0066255585214929375,26316946.46191569,2020-08-01
495,1596326400000,0.0064798150689622845,25408737.48851933,2020-08-02
496,1596412800000,0.006024561998856892,23734750.91820126,2020-08-03
497,1596499200000,0.006668944942542239,25938891.9410822,2020-08-04
498,1596585600000,0.006934271563132806,27351708.601065032,2020-08-05
499,1596672000000,0.006889662476791052,27172068.98609627,2020-08-06
500,1596758400000,0.007952325852520472,31358409.765454363,2020-08-07
501,1596844800000,0.007446779273555508,29411155.729550175,2020-08-08
502,1596931200000,0.008154884778593554,32158738.796830732,2020-08-09
503,1597017600000,0.010003649900787975,38896364.32236564,2020-08-10
504,1597104000000,0.011082254868043713,42592199.37651204,2020-08-11
505,1597190400000,0.010330808084778605,40799815.697023734,2020-08-12
506,1597276800000,0.010851848128024137,42663151.91180938,2020-08-13
507,1597363200000,0.010394517629922606,40925478.330269136,2020-08-14
508,1597449600000,0.013272037269718496,52455547.865674324,2020-08-15
509,1597536000000,0.012328660007171824,48639060.71911765,2020-08-16
510,1597622400000,0.012698468028792822,50078499.31487113,2020-08-17
511,1597708800000,0.01178392676198751,46637620.95961629,2020-08-18
512,1597795200000,0.011341545382912216,44792391.718895346,2020-08-19
513,1597881600000,0.010520875418967202,41264584.46124663,2020-08-20
514,1597968000000,0.01231058479859859,48614363.77552336,2020-08-21
515,1598054400000,0.01042232397612779,41124099.14330544,2020-08-22
516,1598140800000,0.01036618767677366,40978283.929067954,2020-08-23
517,1598227200000,0.010724168926135575,42677830.94978945,2020-08-24
518,1598313600000,0.012673914672426572,49956451.46251441,2020-08-25
519,1598400000000,0.011664602577476793,46132325.62246311,2020-08-26
520,1598486400000,0.012436733662894103,49035725.43162458,2020-08-27
521,1598572800000,0.01209951030025418,47867007.89651769,2020-08-28
522,1598659200000,0.012331810022591799,48643450.29196627,2020-08-29
523,1598745600000,0.011813472715279062,46740200.039210275,2020-08-30
524,1598832000000,0.011525463257103232,45480474.936524235,2020-08-31
525,1598918400000,0.010998937870915918,43967321.65904056,2020-09-01
526,1599004800000,0.010332645124214505,41142587.21532264,2020-09-02
527,1599091200000,0.009943519438512325,39273440.44779267,2020-09-03
528,1599177600000,0.007783258222173261,30783234.60904078,2020-09-04
529,1599264000000,0.007583907550873535,29772105.92506769,2020-09-05
530,1599350400000,0.006048347186169562,23514709.137141746,2020-09-06
531,1599436800000,0.00659011320692046,26221895.736780267,2020-09-07
532,1599523200000,0.00636521860549363,25139464.871695556,2020-09-08
533,1599609600000,0.006288234110552547,24948344.83505648,2020-09-09
534,1599696000000,0.006885455998183202,27125000.01694951,2020-09-10
535,1599782400000,0.007131636902462233,28089078.19432295,2020-09-11
536,1599868800000,0.00708894840324154,27995594.813619517,2020-09-12
537,1599955200000,0.007471672366635145,29545923.277382318,2020-09-13
538,1600041600000,0.006819929943947025,26920195.2244279,2020-09-14
539,1600128000000,0.006756903441417604,26796882.13998882,2020-09-15
540,1600214400000,0.005978263298457405,23601899.15209236,2020-09-16
541,1600300800000,0.005888417506027932,23327567.898744978,2020-09-17
542,1600387200000,0.005845733308961054,23099289.920951538,2020-09-18
543,1600473600000,0.005559904824208302,21824042.575617187,2020-09-19
544,1600560000000,0.005544053461506253,21875477.857862465,2020-09-20
545,1600646400000,0.00513132516169643,20225765.137835696,2020-09-21
546,1600732800000,0.004562360185097709,18080330.07123926,2020-09-22
547,1600819200000,0.004631338963488504,18323334.324247357,2020-09-23
548,1600905600000,0.004116811893352753,16261707.524247892,2020-09-24
549,1600992000000,0.0045447631114638705,17825288.2045972,2020-09-25
550,1601078400000,0.0051091467505700846,20142769.856368113,2020-09-26
551,1601164800000,0.005394187234609345,21292185.390880637,2020-09-27
552,1601251200000,0.0050788080453234,20086591.395507693,2020-09-28
553,1601337600000,0.004950762976579513,19809696.18811459,2020-09-29
554,1601424000000,0.005048461490384123,19962220.27578827,2020-09-30
555,1601510400000,0.005322630195145828,21048089.051891323,2020-10-01
556,1601596800000,0.004792781770868579,18884391.93488862,2020-10-02
557,1601683200000,0.004742831150406839,18748622.699940674,2020-10-03
558,1601769600000,0.004685767610306259,18554910.767268475,2020-10-04
559,1601856000000,0.004650932453372915,18383276.835157555,2020-10-05
560,1601942400000,0.004596193207330048,18145696.15821929,2020-10-06
561,1602028800000,0.0039714393989707455,15682921.175004775,2020-10-07
562,1602115200000,0.0040551997736132765,16018581.141689556,2020-10-08
563,1602201600000,0.004295067155252288,16988888.858404387,2020-10-09
564,1602288000000,0.004483378208703126,17711907.43475143,2020-10-10
565,1602374400000,0.004373293662513833,17277448.14126349,2020-10-11
566,1602460800000,0.004442580746839894,17566067.582226176,2020-10-12
567,1602547200000,0.004659689677898783,18447833.2434879,2020-10-13
568,1602633600000,0.004932030621680679,19482272.50743817,2020-10-14
569,1602720000000,0.004829622169547523,19087744.601569537,2020-10-15
570,1602806400000,0.004562898980023606,18027659.799041353,2020-10-16
571,1602892800000,0.004166626121557157,16399196.56738964,2020-10-17
572,1602979200000,0.004330427448910543,17085212.845893998,2020-10-18
573,1603065600000,0.0046259505907371105,18242827.263389423,2020-10-19
574,1603152000000,0.004385694572720936,17320149.73259954,2020-10-20
575,1603238400000,0.004059537765319606,16040624.440141274,2020-10-21
576,1603324800000,0.004213105767505027,16571486.721614128,2020-10-22
577,1603411200000,0.004362168215800378,17218709.877673104,2020-10-23
578,1603497600000,0.004307301892612036,17027022.111446846,2020-10-24
579,1603584000000,0.004370251613840481,17293512.907531653,2020-10-25
580,1603670400000,0.00436232010341021,17213144.907245435,2020-10-26
581,1603756800000,0.004074349698249405,16077264.650925074,2020-10-27
582,1603843200000,0.0039779156567916136,15673203.698722377,2020-10-28
583,1603929600000,0.0037151059554740473,14674101.70000969,2020-10-29
584,1604016000000,0.0036283559562511314,14317432.125576038,2020-10-30
585,1604102400000,0.003446211219801961,13624116.901400147,2020-10-31
586,1604188800000,0.0034407283640235328,13591541.821400743,2020-11-01
587,1604275200000,0.003942163601903756,15444588.43998189,2020-11-02
588,1604361600000,0.003652161906185524,14432398.728929088,2020-11-03
589,1604448000000,0.003583473256606496,14144273.433204003,2020-11-04
590,1604534400000,0.003660941965937642,14373096.676541269,2020-11-05
591,1604620800000,0.0036607936876457167,14553194.686417181,2020-11-06
592,1604707200000,0.00417408093639936,16482031.046046792,2020-11-07
593,1604793600000,0.0038612772048867753,15335667.7667749,2020-11-08
594,1604880000000,0.004086643674091371,16192954.12191012,2020-11-09
595,1604966400000,0.004535561306072687,18005544.993267093,2020-11-10
596,1605052800000,0.004792521272347784,19105776.35640107,2020-11-11
597,1605139200000,0.004802387412196689,18856540.5856066,2020-11-12
598,1605225600000,0.00451498128031143,17690658.55913407,2020-11-13
599,1605312000000,0.004581017885590854,18168153.423086457,2020-11-14
600,1605398400000,0.0044768702350647845,17689892.181131497,2020-11-15
601,1605484800000,0.004249258613047119,16730816.793558285,2020-11-16
602,1605571200000,0.004402790762180787,17407214.297737654,2020-11-17
603,1605657600000,0.004535254182224848,17773423.754930522,2020-11-18
604,1605744000000,0.004393693880309478,17205295.021464884,2020-11-19
605,1605830400000,0.004418242404830544,17550158.509219408,2020-11-20
606,1605916800000,0.004619600861547024,18109504.606902443,2020-11-21
607,1606003200000,0.004947191735840079,19541379.069437783,2020-11-22
608,1606089600000,0.00502832455065497,20204684.20295458,2020-11-23
609,1606176000000,0.005612926845049946,22096102.67757616,2020-11-24
610,1606262400000,0.005848198067966804,22939843.325372767,2020-11-25
611,1606348800000,0.00628884330466499,24751480.64638072,2020-11-26
612,1606435200000,0.005370305245660918,21133716.18997168,2020-11-27
613,1606521600000,0.005158562570518407,20381461.54440742,2020-11-28
614,1606608000000,0.005714019444523255,22648000.160359357,2020-11-29
615,1606694400000,0.005684932736144621,22415074.693510875,2020-11-30
616,1606780800000,0.005715670775404634,22762221.079349555,2020-12-01
617,1606867200000,0.005632785549265293,22246163.264892124,2020-12-02
618,1606953600000,0.005645604560641723,22308227.570846148,2020-12-03
619,1607040000000,0.005616550561113217,22035888.027857654,2020-12-04
620,1607126400000,0.00528644618934427,20847620.82151801,2020-12-05
621,1607212800000,0.005314497883646164,20989444.221979514,2020-12-06
622,1607299200000,0.005153980098293436,20159294.723952994,2020-12-07
623,1607385600000,0.005481112876108133,21673230.896916993,2020-12-08
624,1607472000000,0.004681221801352758,18756504.5428754,2020-12-09
625,1607558400000,0.005082491671972894,20082726.391527966,2020-12-10
626,1607644800000,0.004991628088555119,19735568.732313797,2020-12-11
627,1607731200000,0.004731368880323546,18688617.415623117,2020-12-12
628,1607817600000,0.005182835387421244,20468299.05178387,2020-12-13
629,1607904000000,0.005209811533719118,20657558.524977244,2020-12-14
630,1607990400000,0.0049992619453543856,19748327.21115277,2020-12-15
631,1608076800000,0.005321329971162772,21020349.914796486,2020-12-16
632,1608163200000,0.005616429970300921,22241898.43424574,2020-12-17
633,1608249600000,0.005321033847976957,21017517.05422108,2020-12-18
634,1608336000000,0.005693953994400524,22456374.43651215,2020-12-19
635,1608422400000,0.0056259247821441915,22184764.36935512,2020-12-20
636,1608508800000,0.005719343574096802,22637591.54570973,2020-12-21
637,1608595200000,0.005359324996804011,21352890.784589186,2020-12-22
638,1608681600000,0.005559276533182572,21913836.810842894,2020-12-23
639,1608768000000,0.004527832797872385,17992840.260479037,2020-12-24
640,1608854400000,0.004801573568846356,19086462.771287207,2020-12-25
641,1608940800000,0.004800397928909251,19004337.88490784,2020-12-26
642,1609027200000,0.004785903079767756,18927757.444518957,2020-12-27
643,1609113600000,0.0049422668157965855,19744786.05144689,2020-12-28
644,1609200000000,0.00500332637300017,19762989.438621264,2020-12-29
645,1609286400000,0.004610676863167702,18189811.78838367,2020-12-30
646,1609372800000,0.0042577632729469935,16819789.051863622,2020-12-31
647,1609459200000,0.004423751709272214,17385243.75381685,2021-01-01
648,1609545600000,0.004807272509962476,18904730.52183635,2021-01-02
649,1609632000000,0.004824022605912971,19053807.404116705,2021-01-03
650,1609718400000,0.005499127888233704,21841234.443851825,2021-01-04
651,1609804800000,0.005505847225053433,21719634.314074505,2021-01-05
652,1609891200000,0.005935123152830733,23496597.15932301,2021-01-06
653,1609977600000,0.007076496148334591,27875689.48743328,2021-01-07
654,1610064000000,0.00672331673800886,26459490.936876,2021-01-08
655,1610150400000,0.0065480023291486405,25833332.238804743,2021-01-09
656,1610236800000,0.007339497244030507,29043882.53918481,2021-01-10
657,1610323200000,0.007151410296685672,28115572.476694886,2021-01-11
658,1610409600000,0.00618467176723689,24063005.845933586,2021-01-12
659,1610496000000,0.005850301311364139,23095558.024784174,2021-01-13
660,1610582400000,0.006411450205095962,25165249.57088715,2021-01-14
661,1610668800000,0.006316416852768105,24917347.795525707,2021-01-15
662,1610755200000,0.00626539333834578,24221159.15351512,2021-01-16
663,1610841600000,0.006645937635408551,26351659.024702173,2021-01-17
664,1610928000000,0.0072217930012898,28628941.77813639,2021-01-18
665,1611014400000,0.007482184610120254,29494419.03759788,2021-01-19
666,1611100800000,0.008133705319384359,32172440.72384132,2021-01-20
667,1611187200000,0.007812129820292628,30779571.278695,2021-01-21
668,1611273600000,0.006765637639323777,26897740.981968403,2021-01-22
669,1611360000000,0.007201490390766587,28387718.0183723,2021-01-23
670,1611446400000,0.0076613343057443705,30207178.388523806,2021-01-24
671,1611532800000,0.0074261136113849295,29304859.517609924,2021-01-25
672,1611619200000,0.00710373236289977,28174952.81558949,2021-01-26
673,1611705600000,0.007055633199909354,27854674.844956253,2021-01-27
674,1611792000000,0.00692658031542741,27306922.071332622,2021-01-28
675,1611878400000,0.007949192438864636,31682578.382470008,2021-01-29
676,1611964800000,0.008626866271271814,34020790.05222978,2021-01-30
677,1612051200000,0.008800049614593897,34755918.66161635,2021-01-31
678,1612137600000,0.008576895170000197,33958783.244757175,2021-02-01
679,1612224000000,0.008194251409630456,32359825.77515285,2021-02-02
680,1612310400000,0.008931353403084152,35643365.657230765,2021-02-03
681,1612396800000,0.010356387101811304,40797966.0181205,2021-02-04
682,1612483200000,0.01049318765148776,42174648.42184797,2021-02-05
683,1612569600000,0.011581311952922247,45260186.2719823,2021-02-06
684,1612656000000,0.010519136466905289,41489769.551598854,2021-02-07
685,1612742400000,0.01045389546461559,41394807.4505048,2021-02-08
686,1612828800000,0.012548606436696284,49805648.55787155,2021-02-09
687,1612915200000,0.01746427738150602,68883270.83432403,2021-02-10
688,1613001600000,0.015543054616441307,61174256.83298996,2021-02-11
689,1613088000000,0.01624558214810289,64141056.931627,2021-02-12
690,1613174400000,0.017771288885778138,70644249.74516846,2021-02-13
691,1613260800000,0.02058623700464453,81275422.7788682,2021-02-14
692,1613347200000,0.02218858511185039,87931720.61349684,2021-02-15
693,1613433600000,0.01912451991882754,76341936.70595427,2021-02-16
694,1613520000000,0.01884572885257616,74797827.34965199,2021-02-17
695,1613606400000,0.019451107669526933,76299421.10174957,2021-02-18
696,1613692800000,0.021181555214874477,83558532.16334106,2021-02-19
697,1613779200000,0.02117533445138302,83601362.99993944,2021-02-20
698,1613865600000,0.02223254133278974,86682925.44982322,2021-02-21
699,1613952000000,0.022239952877352982,88186001.8258103,2021-02-22
700,1614038400000,0.0199897746004571,78660128.39692771,2021-02-23
701,1614124800000,0.016245199552456378,64358772.00827048,2021-02-24
702,1614211200000,0.017232875001423308,68383017.28231324,2021-02-25
703,1614297600000,0.01766928029034475,72595126.8477702,2021-02-26
704,1614384000000,0.017360507894608086,68520793.47571842,2021-02-27
705,1614470400000,0.02156115475821874,83167341.06919344,2021-02-28
706,1614556800000,0.02343671345785734,93207841.61680984,2021-03-01
707,1614643200000,0.02335743708878168,92287223.69725661,2021-03-02
708,1614729600000,0.022683742622114936,89793295.77333133,2021-03-03
709,1614816000000,0.025084908287592477,98999867.10134044,2021-03-04
710,1614902400000,0.025650962193810863,101160177.90536804,2021-03-05
711,1614988800000,0.029352475723955794,115579143.2022953,2021-03-06
712,1615075200000,0.028842001278544926,114135867.95857844,2021-03-07
713,1615161600000,0.02797837882596361,110314568.46850571,2021-03-08
714,1615248000000,0.030626614772585513,121237529.54773767,2021-03-09
715,1615334400000,0.03317384425294254,130770150.06500632,2021-03-10
716,1615420800000,0.03239420613852694,128353595.09896983,2021-03-11
717,1615507200000,0.03527079077612802,139574982.25267455,2021-03-12
718,1615593600000,0.04252874155384428,169178534.5915753,2021-03-13
719,1615680000000,0.04771128012431279,188522431.33735386,2021-03-14
720,1615766400000,0.05762603823706537,225368919.7822295,2021-03-15
721,1615852800000,0.05958744089902623,238152037.009866,2021-03-16
722,1615939200000,0.05448380613215279,215972178.20553684,2021-03-17
723,1616025600000,0.051736742982462475,202964136.03247553,2021-03-18
724,1616112000000,0.05105211528571378,204270074.62503096,2021-03-19
725,1616198400000,0.05521035771289605,218135015.95532855,2021-03-20
726,1616284800000,0.06209067409185214,246761691.51357743,2021-03-21
727,1616371200000,0.07582753935036447,301397837.0073271,2021-03-22
728,1616457600000,0.08233410078018209,322034782.31894606,2021-03-23
729,1616544000000,0.07705424947910579,303648330.4324881,2021-03-24
730,1616630400000,0.07204584613031635,400485841.9089787,2021-03-25
731,1616716800000,0.06856863069694571,381216029.9954433,2021-03-26
732,1616803200000,0.0696795915551292,387564978.10420644,2021-03-27
733,1616889600000,0.09365339986933796,521035974.34344316,2021-03-28
734,1616976000000,0.08888145954665008,495446218.8327689,2021-03-29
735,1617062400000,0.08698598771475229,485887789.2826264,2021-03-30
736,1617148800000,0.09234836798822284,516338763.746328,2021-03-31
737,1617235200000,0.08360475658749658,468613137.175884,2021-04-01
738,1617321600000,0.07952866738868872,445171208.6724166,2021-04-02
739,1617408000000,0.08032109587326391,450329846.2430372,2021-04-03
740,1617494400000,0.07672670926569239,430013057.84221923,2021-04-04
741,1617580800000,0.0766412862084479,428874162.2117814,2021-04-05
742,1617667200000,0.07441553107326301,416672933.8049775,2021-04-06
743,1617753600000,0.06904854928626357,386717316.41949916,2021-04-07
744,1617840000000,0.0623523515870356,352080310.6562496,2021-04-08
745,1617926400000,0.07246000090001796,408639150.12410086,2021-04-09
746,1618012800000,0.06824977782477223,382467453.57713634,2021-04-10
747,1618099200000,0.0652130209282613,364560016.52086145,2021-04-11
748,1618185600000,0.06331111676332975,354885728.00809324,2021-04-12
749,1618272000000,0.06205079007844675,348370301.60911584,2021-04-13
750,1618358400000,0.061752252683596326,347573963.86404383,2021-04-14
751,1618444800000,0.07330573580113293,415445141.4482678,2021-04-15
752,1618531200000,0.07355401425320993,411144590.62221956,2021-04-16
753,1618617600000,0.06824840256624229,383326396.35664225,2021-04-17
754,1618704000000,0.07019820640846909,394361244.1216299,2021-04-18
755,1618790400000,0.06056933953391569,341036238.6841136,2021-04-19
756,1618876800000,0.054535300810317884,306880193.23467296,2021-04-20
757,1618963200000,0.055441802330007145,310532519.71822983,2021-04-21
758,1619049600000,0.052372599446798875,295431444.14384735,2021-04-22
759,1619136000000,0.0510525297646683,285277473.12926334,2021-04-23
760,1619222400000,0.048075880290814485,267482251.12768787,2021-04-24
761,1619308800000,0.04256096603316412,242509380.69683993,2021-04-25
762,1619395200000,0.043332168313852025,243584529.9720945,2021-04-26
763,1619481600000,0.05917276608999075,331311233.00351673,2021-04-27
764,1619568000000,0.06652155930228046,361402382.70739496,2021-04-28
765,1619654400000,0.06287000500183934,354649833.67602986,2021-04-29
766,1619740800000,0.060613379563624885,344213879.6013633,2021-04-30
767,1619827200000,0.06593491499211034,372410096.4401782,2021-05-01
768,1619913600000,0.07235506465720026,409281814.5283312,2021-05-02
769,1620000000000,0.07049038394992525,397585382.3947372,2021-05-03
770,1620086400000,0.06775506567113643,383418228.27335745,2021-05-04
771,1620172800000,0.05816654115392193,331169606.8988541,2021-05-05
772,1620259200000,0.06217198928513813,349808089.6228043,2021-05-06
773,1620345600000,0.05767034430052213,326111783.4672786,2021-05-07
774,1620432000000,0.057998432410171274,327234112.981194,2021-05-08
775,1620518400000,0.05678820734068446,320277849.71783316,2021-05-09
776,1620604800000,0.05556071440230027,314697991.6195654,2021-05-10
777,1620691200000,0.04720572766207996,266393435.42636153,2021-05-11
778,1620777600000,0.05082932283403721,286588159.38986194,2021-05-12
779,1620864000000,0.04202001769226404,247169323.02920517,2021-05-13
780,1620950400000,0.04226568289215485,236855505.3510511,2021-05-14
781,1621036800000,0.04913133849739598,278629964.8232855,2021-05-15
782,1621123200000,0.05677761603325061,320269839.0643881,2021-05-16
783,1621209600000,0.052641983793035155,294114965.82864517,2021-05-17
784,1621296000000,0.04691333927234457,267706892.5590403,2021-05-18
785,1621382400000,0.06848424098238239,382051027.07011944,2021-05-19
786,1621468800000,0.050402517181916906,288430624.45602,2021-05-20
787,1621555200000,0.048957682617914826,277569218.4898914,2021-05-21
788,1621641600000,0.037484528440292375,211599882.13766253,2021-05-22
789,1621728000000,0.03514785645095939,198653657.80661693,2021-05-23
790,1621814400000,0.026865935373920506,150100650.1891381,2021-05-24
791,1621900800000,0.036430591487639,204461925.138783,2021-05-25
792,1621987200000,0.036244086916266134,205250039.98900005,2021-05-26
793,1622073600000,0.046612929714888084,257891039.13288784,2021-05-27
794,1622160000000,0.05462687990388478,308658719.59518886,2021-05-28
795,1622246400000,0.0469642881307817,266062841.311527,2021-05-29
796,1622332800000,0.04367440407280979,249583277.3442543,2021-05-30
797,1622419200000,0.044620618879394953,251466268.71402237,2021-05-31
798,1622505600000,0.04597122421483793,258643864.17646107,2021-06-01
799,1622592000000,0.04370068139721042,244506832.5712641,2021-06-02
800,1622678400000,0.04435042458245824,250378323.36505666,2021-06-03
801,1622764800000,0.048203630234594605,273196375.37789595,2021-06-04
802,1622851200000,0.04361026461879748,246516994.70873925,2021-06-05
803,1622937600000,0.04086101121856329,229943465.2381592,2021-06-06
804,1623024000000,0.04108263345577376,231397761.0156676,2021-06-07
805,1623110400000,0.03674603023679954,210021402.48085475,2021-06-08
806,1623196800000,0.03602944420659614,204035802.39138162,2021-06-09
807,1623283200000,0.03928169819501237,220569202.1205099,2021-06-10
808,1623369600000,0.03553917248238524,201580099.272878,2021-06-11
809,1623456000000,0.03406522902168847,189951274.59635812,2021-06-12
810,1623542400000,0.03304032020673507,189166264.8714972,2021-06-13
811,1623628800000,0.03522831438969603,198010468.73472044,2021-06-14
812,1623715200000,0.037650531023602135,212286862.39516178,2021-06-15
813,1623801600000,0.03808074200458793,216158371.8313164,2021-06-16
814,1623888000000,0.03842112777648332,214983938.08608583,2021-06-17
815,1623974400000,0.03742652725535761,210510389.23279232,2021-06-18
816,1624060800000,0.034692145548258876,196784914.80977634,2021-06-19
817,1624147200000,0.035700464774045516,202703151.43964013,2021-06-20
818,1624233600000,0.0354899094344149,200356085.0739916,2021-06-21
819,1624320000000,0.027211363466896735,156626396.2046912,2021-06-22
820,1624406400000,0.024679846548134435,138750163.57666716,2021-06-23
821,1624492800000,0.029018312507927635,163200931.10733253,2021-06-24
822,1624579200000,0.02858681038808416,161485178.79985476,2021-06-25
823,1624665600000,0.026176233386635574,147833100.6856486,2021-06-26
824,1624752000000,0.024742164050679055,139517764.5962813,2021-06-27
825,1624838400000,0.02642694078052239,149113811.19480464,2021-06-28
826,1624924800000,0.02677077326519308,151117110.76965156,2021-06-29
827,1625011200000,0.03006053322743405,171468945.9639511,2021-06-30
828,1625097600000,0.02920519679568878,164909318.28121293,2021-07-01
829,1625184000000,0.02680925517553753,151083111.663463,2021-07-02
830,1625270400000,0.026648523059262647,150165030.32366207,2021-07-03
831,1625356800000,0.02825466686073559,159180051.02999356,2021-07-04
832,1625443200000,0.029172166859150556,164862184.7144929,2021-07-05
833,1625529600000,0.027216261870387788,153656485.53037912,2021-07-06
834,1625616000000,0.02921850240243942,165005517.05952626,2021-07-07
835,1625702400000,0.03166540958477944,178393233.00055546,2021-07-08
836,1625788800000,0.02882786795198994,162492417.58536434,2021-07-09
837,1625875200000,0.02880207551462843,162545462.0393596,2021-07-10
838,1625961600000,0.028275045346609008,159679946.34638238,2021-07-11
839,1626048000000,0.030423931796422048,171739610.14058498,2021-07-12
840,1626134400000,0.02886434590097393,162719286.02080286,2021-07-13
841,1626220800000,0.027517028538904274,156102060.6906399,2021-07-14
842,1626307200000,0.02702502823157887,152542064.15871692,2021-07-15
843,1626393600000,0.024709617944036845,139708280.74158892,2021-07-16
844,1626480000000,0.022835016528941952,128910174.20504235,2021-07-17
845,1626566400000,0.023323262478601756,131763714.15164104,2021-07-18
846,1626652800000,0.02660868830184822,150271887.3553378,2021-07-19
847,1626739200000,0.022614168068671295,127724815.13178036,2021-07-20
848,1626825600000,0.020983263113518627,118520992.45814821,2021-07-21
849,1626912000000,0.02328383657414343,130980060.09644257,2021-07-22
850,1626998400000,0.025400752399068662,143284919.56734434,2021-07-23
851,1627084800000,0.025426306006818084,143224507.64243758,2021-07-24
852,1627171200000,0.025891618896080416,145670082.4997136,2021-07-25
853,1627257600000,0.0283916710269348,160216512.6963125,2021-07-26
854,1627344000000,0.026880938229751634,152525692.84030718,2021-07-27
855,1627430400000,0.027852082482386926,156303078.4709997,2021-07-28
856,1627516800000,0.027779631766129177,156458265.52023402,2021-07-29
857,1627603200000,0.03018488187263814,170510244.76650375,2021-07-30
858,1627689600000,0.030056346873456645,169712867.3809502,2021-07-31
859,1627776000000,0.03282005342995926,185183254.49836704,2021-08-01
860,1627862400000,0.031013045996844877,174288570.34581387,2021-08-02
861,1627948800000,0.03164586841142018,178783236.0972245,2021-08-03
862,1628035200000,0.029974855724578704,169279088.5339333,2021-08-04
863,1628121600000,0.031129703732817343,176496167.51175714,2021-08-05
864,1628208000000,0.03432464218815102,194084991.37309664,2021-08-06
865,1628294400000,0.03509571634147096,198115919.97865865,2021-08-07
866,1628380800000,0.03808657729815089,215412395.87216482,2021-08-08
867,1628467200000,0.036093637645894974,204114331.51057988,2021-08-09
868,1628553600000,0.04146647658223364,234520326.1678223,2021-08-10
869,1628640000000,0.04184536916752232,235606504.6633787,2021-08-11
870,1628726400000,0.045989728124271725,259198995.8070546,2021-08-12
871,1628812800000,0.043323998163302437,244182001.7543103,2021-08-13
872,1628899200000,0.04626408468974422,260680351.4296489,2021-08-14
873,1628985600000,0.0509873076957433,288421839.9171784,2021-08-15
874,1629072000000,0.04894195399422247,276219127.00200975,2021-08-16
875,1629158400000,0.04586468477296336,262327409.79799414,2021-08-17
876,1629244800000,0.04174759187547934,238496443.3491567,2021-08-18
877,1629331200000,0.04197727991122705,238802352.21926877,2021-08-19
878,1629417600000,0.04842301460661623,277279614.4431075,2021-08-20
879,1629504000000,0.04640764255092654,261547493.13545147,2021-08-21
880,1629590400000,0.04641363615653553,262546040.10917282,2021-08-22
881,1629676800000,0.05119138101976318,286597087.180558,2021-08-23
882,1629763200000,0.049390458988770106,278881365.6320583,2021-08-24
883,1629849600000,0.044292320405295786,250488151.84246555,2021-08-25
884,1629936000000,0.0460176229598611,260033769.12070513,2021-08-26
885,1630022400000,0.04307707144810477,243427814.03064597,2021-08-27
886,1630108800000,0.04546905059776925,257178034.2335293,2021-08-28
887,1630195200000,0.04527561371274417,255099342.0644625,2021-08-29
888,1630281600000,0.04442102771318905,250149500.21669626,2021-08-30
889,1630368000000,0.04568247291540103,259028751.7669175,2021-08-31
890,1630454400000,0.0483230454566764,272742393.9888256,2021-09-01
891,1630540800000,0.05809039411175113,327517817.51302993,2021-09-02
892,1630627200000,0.053821271611745415,304356200.7977262,2021-09-03
893,1630713600000,0.053503365537867206,301285461.65755016,2021-09-04
894,1630800000000,0.05422480154492636,306394640.04153466,2021-09-05
895,1630886400000,0.058002506130682925,327365745.8684111,2021-09-06
896,1630972800000,0.05751586967005917,324791167.9566055,2021-09-07
897,1631059200000,0.04471270532592603,252379650.09141225,2021-09-08
898,1631145600000,0.05723434445295192,324373580.75616294,2021-09-09
899,1631232000000,0.06493694894871074,368140544.1693251,2021-09-10
900,1631318400000,0.05643306817834177,318763000.0642731,2021-09-11
901,1631404800000,0.06472970613130664,365245537.254062,2021-09-12
902,1631491200000,0.0864008812815451,490389864.59598106,2021-09-13
903,1631577600000,0.07988389639807865,445736578.55068,2021-09-14
904,1631664000000,0.09795281014911823,555705577.2586099,2021-09-15
905,1631750400000,0.09434126286772714,533037836.5232982,2021-09-16
906,1631836800000,0.10438663607554109,596494763.4782625,2021-09-17
907,1631923200000,0.12041361003457206,665263443.1721516,2021-09-18
908,1632009600000,0.11352767960444966,640711597.0085754,2021-09-19
909,1632096000000,0.10225210284732802,580115073.6490015,2021-09-20
910,1632182400000,0.08838411531163992,495030804.5498408,2021-09-21
911,1632268800000,0.08224993722087413,462085386.53555465,2021-09-22
912,1632355200000,0.1087216708061481,615239632.0984126,2021-09-23
913,1632441600000,0.1396239905260554,788373720.3860081,2021-09-24
914,1632528000000,0.17712012672682817,1009876986.3069657,2021-09-25
915,1632614400000,0.16229774394680085,910869859.8062402,2021-09-26
916,1632700800000,0.16854411121964932,950114367.8902867,2021-09-27
917,1632787200000,0.15481180512281728,880263344.6475942,2021-09-28
918,1632873600000,0.154697104827605,878109507.7757901,2021-09-29
919,1632960000000,0.14653841537427176,823827332.2843777,2021-09-30
920,1633046400000,0.1380106766702402,779003685.983911,2021-10-01
921,1633132800000,0.14446510060979237,814049606.3348057,2021-10-02
922,1633219200000,0.14513071506542674,809603961.0903424,2021-10-03
923,1633305600000,0.1438658203755475,808527694.7178867,2021-10-04
924,1633392000000,0.144055592024175,814674914.62045,2021-10-05
925,1633478400000,0.14038747266146753,792333560.6072911,2021-10-06
926,1633564800000,0.13166684793584937,742349558.6386648,2021-10-07
927,1633651200000,0.13429688268209888,756758911.9353193,2021-10-08
928,1633737600000,0.17457793854095194,986797391.4980881,2021-10-09
929,1633824000000,0.1597781072029859,903282991.3573755,2021-10-10
930,1633910400000,0.1527879451931159,861751900.4325043,2021-10-11
931,1633996800000,0.14588018406686074,818642016.5514864,2021-10-12
932,1634083200000,0.1457587226362825,824517963.7469487,2021-10-13
933,1634169600000,0.1422549585486416,803004006.2354969,2021-10-14
934,1634256000000,0.1431398400128178,807078298.9043286,2021-10-15
935,1634342400000,0.14152621994561437,798583165.1126329,2021-10-16
936,1634428800000,0.14035123366377636,793284324.2399038,2021-10-17
937,1634515200000,0.13398870470001825,756700021.60366,2021-10-18
938,1634601600000,0.13275238589105484,750311861.252484,2021-10-19
939,1634688000000,0.13720775517708136,775791010.5740285,2021-10-20
940,1634774400000,0.13957975856463883,788674547.9099131,2021-10-21
941,1634860800000,0.13526856026093928,761447297.6718603,2021-10-22
942,1634947200000,0.1410749814642976,795039846.1051509,2021-10-23
943,1635033600000,0.13926081625502282,785798761.9644368,2021-10-24
944,1635120000000,0.14127064823900773,796248681.8216186,2021-10-25
945,1635206400000,0.14645888557199513,825646512.2485298,2021-10-26
946,1635292800000,0.14678743145872228,832369570.7383919,2021-10-27
947,1635379200000,0.12389371530221231,699986015.6326098,2021-10-28
948,1635465600000,0.12649492133556778,709821296.3155274,2021-10-29
949,1635552000000,0.1271178302738171,719061244.0695156,2021-10-30
950,1635638400000,0.12035127948726557,678679178.4591095,2021-10-31
951,1635724800000,0.12155750274914512,685721207.8894275,2021-11-01
952,1635811200000,0.12151488149634558,684881942.810246,2021-11-02
953,1635897600000,0.12293175083372473,695112961.488056,2021-11-03
954,1635984000000,0.11965321010496614,675552135.2660035,2021-11-04
955,1636070400000,0.11514130831937737,645646129.5268701,2021-11-05
956,1636156800000,0.11746437378879408,658979970.648471,2021-11-06
957,1636243200000,0.11318855715088079,637840032.7103837,2021-11-07
958,1636329600000,0.11428842015850903,646421642.7146733,2021-11-08
959,1636416000000,0.11398351365928237,644935613.0685239,2021-11-09
960,1636502400000,0.11666479884681534,658952252.0916063,2021-11-10
961,1636588800000,0.13340812913865685,749186587.9769773,2021-11-11
962,1636675200000,0.12912271838458012,727964007.311643,2021-11-12
963,1636761600000,0.1188930293999131,669209456.9661398,2021-11-13
964,1636848000000,0.11868927367500987,669116572.3486139,2021-11-14
965,1636934400000,0.12223219643362432,680951696.6987386,2021-11-15
966,1637020800000,0.11770045378923992,664215335.9271631,2021-11-16
967,1637107200000,0.10534535097267073,595729473.7186605,2021-11-17
968,1637193600000,0.11632928427627494,655261918.3161618,2021-11-18
969,1637280000000,0.1062329676443971,599219765.9454198,2021-11-19
970,1637366400000,0.11085827238794811,623824186.3757812,2021-11-20
971,1637452800000,0.11964520411885675,675516953.5851431,2021-11-21
972,1637539200000,0.14632183073281618,829569470.1196433,2021-11-22
973,1637625600000,0.12950891735879813,732294231.3116399,2021-11-23
974,1637712000000,0.13356864727116508,752853421.8316776,2021-11-24
975,1637798400000,0.12377172651362776,698990768.7368199,2021-11-25
976,1637884800000,0.12600170386306264,712379741.264421,2021-11-26
977,1637971200000,0.11005754516230276,619464948.744138,2021-11-27
978,1638057600000,0.11057296489928306,623154821.2239103,2021-11-28
979,1638144000000,0.11149713310923054,629347824.2057106,2021-11-29
980,1638230400000,0.11260313521233858,633120654.6807125,2021-11-30
981,1638316800000,0.1116853400715507,632202429.6905051,2021-12-01
982,1638403200000,0.11062368141107186,624948269.7797079,2021-12-02
983,1638489600000,0.10763054252176962,608618553.9612005,2021-12-03
984,1638576000000,0.1024281309048663,579010225.2323745,2021-12-04
985,1638662400000,0.08334602809929469,469126539.9992584,2021-12-05
986,1638748800000,0.07333540506181346,413738682.8904419,2021-12-06
987,1638835200000,0.07305444104679286,412679451.522334,2021-12-07
988,1638921600000,0.07969201231842336,448725302.0472919,2021-12-08
989,1639008000000,0.07708762131349187,434589652.1727392,2021-12-09
990,1639094400000,0.06849048826016077,389098654.7777547,2021-12-10
991,1639180800000,0.06669077716328173,378068537.9525425,2021-12-11
992,1639267200000,0.06915012383323266,390011605.0876953,2021-12-12
993,1639353600000,0.07023381464540517,396254655.35269666,2021-12-13
994,1639440000000,0.060848198509112196,343441301.82761306,2021-12-14
995,1639526400000,0.06251443756260096,352728483.3412633,2021-12-15
996,1639612800000,0.06739595261609806,378800501.0403946,2021-12-16
997,1639699200000,0.0763882808261544,430689862.9216767,2021-12-17
998,1639785600000,0.07295823304552931,412244072.623762,2021-12-18
999,1639872000000,0.070420387056569,399751297.4600994,2021-12-19
1000,1639958400000,0.07325036918460717,413581225.5367667,2021-12-20
1001,1640044800000,0.07056342986403757,400801292.5006227,2021-12-21
1002,1640131200000,0.07259986472955748,409954402.61851895,2021-12-22
1003,1640217600000,0.07183465646857493,407083327.4737303,2021-12-23
1004,1640304000000,0.0774885889225174,436340505.23563844,2021-12-24
1005,1640390400000,0.07764412826375573,438058322.63471097,2021-12-25
1006,1640476800000,0.08805599263520933,498809673.5144971,2021-12-26
1007,1640563200000,0.08732097446402454,492507196.96284604,2021-12-27
1008,1640649600000,0.0877685523754933,496292716.9597757,2021-12-28
1009,1640736000000,0.07763780136161853,440031858.5720748,2021-12-29
1010,1640822400000,0.07222535261547003,404974259.8724983,2021-12-30
1011,1640908800000,0.07464425865907781,420336472.9998864,2021-12-31
1012,1640995200000,0.07337648218209494,416032570.84161764,2022-01-01
1013,1641081600000,0.07910327796909915,444489245.94461095,2022-01-02
1014,1641168000000,0.07872620930581399,444371386.7160674,2022-01-03
1015,1641254400000,0.07740714711113188,437545845.78580076,2022-01-04
1016,1641340800000,0.08120633048654438,460848799.01461256,2022-01-05
1017,1641427200000,0.07811471493699301,441785919.8177699,2022-01-06
1018,1641513600000,0.07584819093732553,429805792.32091874,2022-01-07
1019,1641600000000,0.06929762434034807,391279664.3261433,2022-01-08
1020,1641686400000,0.06496008170393061,368526905.2555942,2022-01-09
1021,1641772800000,0.06781663224279313,381695962.3377323,2022-01-10
1022,1641859200000,0.06340198253132741,357287618.7107101,2022-01-11
1023,1641945600000,0.06750679243917244,380660860.4570142,2022-01-12
1024,1642032000000,0.07543255401121055,427749172.79461515,2022-01-13
1025,1642118400000,0.07877692600297692,447641117.6054377,2022-01-14
1026,1642204800000,0.08454217521212837,476048512.89126325,2022-01-15
1027,1642291200000,0.09774329851254249,552887841.2756504,2022-01-16
1028,1642377600000,0.09243795094221,522016930.9513801,2022-01-17
1029,1642464000000,0.08452747064866818,476560892.45046103,2022-01-18
1030,1642550400000,0.08131109635528057,459943812.36179835,2022-01-19
1031,1642636800000,0.07482870219590604,423653224.02597374,2022-01-20
1032,1642723200000,0.06832952601393587,391274786.05768514,2022-01-21
1033,1642809600000,0.06351743383116858,359154132.2562963,2022-01-22
1034,1642896000000,0.05273561681691173,297346912.85802865,2022-01-23
1035,1642982400000,0.05250045499618326,295169891.4038357,2022-01-24
1036,1643068800000,0.05016485263813468,284450050.58876324,2022-01-25
1037,1643155200000,0.0505465542917248,286112783.574359,2022-01-26
1038,1643241600000,0.050842096612866094,289111545.86742216,2022-01-27
1039,1643328000000,0.04938996572253516,276664720.6562808,2022-01-28
1040,1643414400000,0.05061149339196214,285201865.2202137,2022-01-29
1041,1643500800000,0.05124105842664641,288738378.8767,2022-01-30
1042,1643587200000,0.049699057435649036,280173339.25771594,2022-01-31
1043,1643673600000,0.05015895994182237,283138292.9444419,2022-02-01
1044,1643760000000,0.05233092791840242,295952827.0910641,2022-02-02
1045,1643846400000,0.0498310233186465,280496701.5095478,2022-02-03
1046,1643932800000,0.049880477506965684,282074410.7495428,2022-02-04
1047,1644019200000,0.0545566298279968,307180948.9226982,2022-02-05
1048,1644105600000,0.0557085655543871,314842378.1467262,2022-02-06
1049,1644192000000,0.057360997928920125,323481220.85163045,2022-02-07
1050,1644278400000,0.05986563716829255,338087171.899252,2022-02-08
1051,1644364800000,0.05581650756375779,315629494.3857042,2022-02-09
1052,1644451200000,0.05779258434719843,325991228.76067823,2022-02-10
1053,1644537600000,0.05534513673832941,312766293.1108424,2022-02-11
1054,1644624000000,0.05022186063851508,283366996.0125086,2022-02-12
1055,1644710400000,0.05051502841949646,282758114.1949228,2022-02-13
1056,1644796800000,0.04824933854359353,272469411.4932187,2022-02-14
1057,1644883200000,0.04838362775415967,273368607.8470984,2022-02-15
1058,1644969600000,0.053558214736687364,303336889.3447412,2022-02-16
1059,1645056000000,0.05173174454195804,292207678.9286689,2022-02-17
1060,1645142400000,0.04747957347696513,267803271.1355685,2022-02-18
1061,1645228800000,0.04626633634849673,261746976.12768966,2022-02-19
1062,1645315200000,0.047070159798440155,265408225.33808392,2022-02-20
1063,1645401600000,0.04197877431241892,238723752.48324382,2022-02-21
1064,1645488000000,0.036791001524959004,208089862.31954575,2022-02-22
1065,1645574400000,0.03890083256530301,218837634.2948777,2022-02-23
1066,1645660800000,0.03796174512339704,214042974.62843415,2022-02-24
1067,1645747200000,0.03728792144174393,209545998.89868584,2022-02-25
1068,1645833600000,0.04008701614461715,225536564.82077906,2022-02-26
1069,1645920000000,0.04012522878124792,226082561.75897124,2022-02-27
1070,1646006400000,0.03771597861690365,212922091.89456475,2022-02-28
1071,1646092800000,0.04323317988200225,243890213.69817156,2022-03-01
1072,1646179200000,0.04414567417856618,249143660.71300283,2022-03-02
1073,1646265600000,0.04423892601823535,249926052.58132738,2022-03-03
1074,1646352000000,0.04338499471483378,245232983.59697157,2022-03-04
1075,1646438400000,0.03907545715867804,221203948.98019394,2022-03-05
1076,1646524800000,0.03993229898607208,225313283.86844358,2022-03-06
1077,1646611200000,0.03731640143874069,211088939.51479042,2022-03-07
1078,1646697600000,0.03643796788733316,205903110.72402686,2022-03-08
1079,1646784000000,0.0371654891167982,210260715.48800218,2022-03-09
1080,1646870400000,0.0398386545763627,224999866.2149565,2022-03-10
1081,1646956800000,0.03698021731099575,208749823.95530495,2022-03-11
1082,1647043200000,0.03578588568542492,202955347.8569787,2022-03-12
1083,1647129600000,0.03422639597674988,193775243.88160598,2022-03-13
1084,1647216000000,0.03387448137029294,191057118.92351368,2022-03-14
1085,1647302400000,0.03522194686431387,198169338.18507028,2022-03-15
1086,1647388800000,0.03594564851633019,203629530.00843635,2022-03-16
1087,1647475200000,0.03791535387552602,210321683.9733078,2022-03-17
1088,1647561600000,0.037933562696506384,213781413.56658202,2022-03-18
1089,1647648000000,0.0405898655523057,229595824.88784978,2022-03-19
1090,1647734400000,0.0417085591558422,235067400.0187258,2022-03-20
1091,1647820800000,0.03962084257932654,223859797.33000618,2022-03-21
1092,1647907200000,0.04084810298145439,230427141.66798672,2022-03-22
1093,1647993600000,0.043595538630001485,245112902.5456496,2022-03-23
1094,1648080000000,0.045389714212288365,256114038.3912186,2022-03-24
1095,1648166400000,0.04701993723725564,265898376.09361967,2022-03-25
1096,1648252800000,0.04525457776525139,255218526.66369763,2022-03-26
1097,1648339200000,0.05223872174470181,291916679.31670797,2022-03-27
1098,1648425600000,0.05735980788197083,323098213.0722281,2022-03-28
1099,1648512000000,0.055309366179947854,313378764.1149055,2022-03-29
1100,1648598400000,0.056263695992071844,317508420.16955894,2022-03-30
1101,1648684800000,0.05594573962300401,315962737.34108436,2022-03-31
1102,1648771200000,0.07708462069767821,427972103.4854145,2022-04-01
1103,1648857600000,0.07325932419764396,413299364.7691957,2022-04-02
1104,1648944000000,0.06734866165044145,380417051.5184606,2022-04-03
1105,1649030400000,0.07020843093020508,395014643.92778826,2022-04-04
1106,1649116800000,0.06539167090005082,369411210.21887714,2022-04-05
1107,1649203200000,0.06253052467913468,354377386.88330907,2022-04-06
1108,1649289600000,0.05495546384781989,312999301.591723,2022-04-07
1109,1649376000000,0.057243093103412634,323437142.0437559,2022-04-08
1110,1649462400000,0.051462123524858475,288563027.9002792,2022-04-09
1111,1649548800000,0.054415480681532936,306778296.901998,2022-04-10
1112,1649635200000,0.05220788328817087,296119871.358777,2022-04-11
1113,1649721600000,0.046236901679047725,261466558.2953015,2022-04-12
1114,1649808000000,0.04910305850050009,277209103.97584426,2022-04-13
1115,1649894400000,0.051827348193390084,292713994.58738345,2022-04-14
1116,1649980800000,0.04935080748574316,278893563.5397192,2022-04-15
1117,1650067200000,0.05044600656233714,285336392.7669868,2022-04-16
1118,1650153600000,0.05189279531221541,293039669.2240534,2022-04-17
1119,1650240000000,0.04828812503287066,272360336.11879814,2022-04-18
1120,1650326400000,0.04912697074752999,275695836.4522196,2022-04-19
1121,1650412800000,0.05043957759146492,284548854.08934474,2022-04-20
1122,1650499200000,0.05101712760514256,287713057.7642016,2022-04-21
1123,1650585600000,0.04766390375371605,268732799.4438609,2022-04-22
1124,1650672000000,0.04859851878891777,275339756.0876027,2022-04-23
1125,1650758400000,0.04847934352938255,273283296.0913819,2022-04-24
1126,1650844800000,0.047866793075859795,271706179.2796625,2022-04-25
1127,1650931200000,0.04695926932293648,265461659.02539805,2022-04-26
1128,1651017600000,0.04139400397248542,233273192.00334093,2022-04-27
1129,1651104000000,0.04310609961835155,243069411.36922035,2022-04-28
1130,1651190400000,0.04203587941308267,237055106.21891358,2022-04-29
1131,1651276800000,0.03853960534762032,218241648.88966358,2022-04-30
1132,1651363200000,0.03361860939568204,188874159.67145845,2022-05-01
1133,1651449600000,0.035959446829187454,202786502.27275673,2022-05-02
1134,1651536000000,0.034283106239515485,193031374.7955089,2022-05-03
1135,1651622400000,0.03336307586926504,188361135.2769692,2022-05-04
1136,1651708800000,0.03892691544590169,220503314.89709464,2022-05-05
1137,1651795200000,0.03391164537924863,191079499.42827317,2022-05-06
1138,1651881600000,0.03398203863347077,191807618.46670818,2022-05-07
1139,1651968000000,0.03123085200092012,176796142.31146863,2022-05-08
1140,1652054400000,0.030066857107426247,169970357.09657887,2022-05-09
1141,1652140800000,0.02389498082148343,135326582.382473,2022-05-10
1142,1652227200000,0.02395642769835866,135043179.6455794,2022-05-11
1143,1652313600000,0.015948101520888578,86802544.97715262,2022-05-12
1144,1652400000000,0.01365533954497945,77147514.08367564,2022-05-13
1145,1652486400000,0.016084084810689733,90849655.68588942,2022-05-14
1146,1652572800000,0.01800839245097978,101172289.22213235,2022-05-15
1147,1652659200000,0.01856963927045296,104666061.65737359,2022-05-16
1148,1652745600000,0.01677371659739831,94947485.33294825,2022-05-17
1149,1652832000000,0.0184275770503519,104086166.29718766,2022-05-18
1150,1652918400000,0.016075846186605066,90761700.5433075,2022-05-19
1151,1653004800000,0.018108268049378064,102211379.38363203,2022-05-20
1152,1653091200000,0.017471534717439813,99102412.32445462,2022-05-21
1153,1653177600000,0.018492270667284972,104752429.47136742,2022-05-22
1154,1653264000000,0.020492251579216306,115720522.85178787,2022-05-23
1155,1653350400000,0.018339647867913447,103778917.67678279,2022-05-24
1156,1653436800000,0.018588442998033215,104728521.90743409,2022-05-25
1157,1653523200000,0.018049555811229273,102052769.0124056,2022-05-26
1158,1653609600000,0.016904365086003417,95357035.0986855,2022-05-27
1159,1653696000000,0.016260525986732326,91721719.30630943,2022-05-28
1160,1653782400000,0.016648622951572142,94379414.88756387,2022-05-29
1161,1653868800000,0.017033674111708055,96166042.3001018,2022-05-30
1162,1653955200000,0.019310139006057266,109131665.98139052,2022-05-31
1163,1654041600000,0.01929575763194824,109485002.91417572,2022-06-01
1164,1654128000000,0.017617477977143522,100197704.78140102,2022-06-02
1165,1654214400000,0.01859834716781558,105250516.65143831,2022-06-03
1166,1654300800000,0.01754823172063856,98892522.59047495,2022-06-04
1167,1654387200000,0.018248832066915053,102398331.80829911,2022-06-05
1168,1654473600000,0.017907642121566533,101441289.44163185,2022-06-06
1169,1654560000000,0.019166091921988426,108444671.41687667,2022-06-07
1170,1654646400000,0.01868169534405847,105843615.76054326,2022-06-08
1171,1654732800000,0.017782192164403066,100400668.63982588,2022-06-09
1172,1654819200000,0.01801134562937327,101838496.33254941,2022-06-10
1173,1654905600000,0.016422218424763546,92482884.77552052,2022-06-11
1174,1654992000000,0.014935249022374395,84195817.27230965,2022-06-12
1175,1655078400000,0.013766670267797427,78525977.60103497,2022-06-13
1176,1655164800000,0.01243739959448185,69989425.2146259,2022-06-14
1177,1655251200000,0.012908091665684343,72834829.54922958,2022-06-15
1178,1655337600000,0.014013775056278967,78792766.39383115,2022-06-16
1179,1655424000000,0.01263373216917373,71070782.4228382,2022-06-17
1180,1655510400000,0.013348426861921453,75648653.68401776,2022-06-18
1181,1655596800000,0.012542259126366662,70461482.86956316,2022-06-19
1182,1655683200000,0.014039128552915699,78930909.77784657,2022-06-20
1183,1655769600000,0.014574435425544353,82057041.86459383,2022-06-21
1184,1655856000000,0.01543913218625552,87135283.0849798,2022-06-22
1185,1655942400000,0.01509722333478299,85265739.16163935,2022-06-23
1186,1656028800000,0.01659592695567094,93742174.83666396,2022-06-24
1187,1656115200000,0.018633654958004422,105967415.42870152,2022-06-25
1188,1656201600000,0.018757287586296023,105770026.5828999,2022-06-26
1189,1656288000000,0.017220804234398302,97440676.28074822,2022-06-27
1190,1656374400000,0.017267916370036412,97327186.24876314,2022-06-28
1191,1656460800000,0.015672702139484487,88415437.77441908,2022-06-29
1192,1656547200000,0.015392446685334392,87097171.69451281,2022-06-30
1193,1656633600000,0.014717510813080254,82461989.61613518,2022-07-01
1194,1656720000000,0.014568662524867264,82952988.15334196,2022-07-02
1195,1656806400000,0.014579853111255946,82334439.46677384,2022-07-03
1196,1656892800000,0.014506128089845884,81867158.0692847,2022-07-04
1197,1656979200000,0.015422149102332302,87183481.12519234,2022-07-05
1198,1657065600000,0.014977542653813796,84706592.09037416,2022-07-06
1199,1657152000000,0.015588551815557994,88084363.19909428,2022-07-07
1200,1657238400000,0.016738653053999984,94840356.58044763,2022-07-08
1201,1657324800000,0.01718161915999208,97008157.39798555,2022-07-09
1202,1657411200000,0.017076692169022033,96572380.25451341,2022-07-10
1203,1657497600000,0.01636483752451958,92386952.776804,2022-07-11
1204,1657584000000,0.014744935292954916,83402988.77567211,2022-07-12
1205,1657670400000,0.014553025769834648,83220169.57707265,2022-07-13
1206,1657756800000,0.015235048329683443,85887155.17003803,2022-07-14
1207,1657843200000,0.01610612454163312,91186624.72278851,2022-07-15
1208,1657929600000,0.016340929948002524,92366384.86052948,2022-07-16
1209,1658016000000,0.01735105238738759,97853584.26738621,2022-07-17
1210,1658102400000,0.017066449072336887,96348049.59564179,2022-07-18
1211,1658188800000,0.01892287484730431,106100627.67797758,2022-07-19
1212,1658275200000,0.01904330731822253,107604989.38315006,2022-07-20
1213,1658361600000,0.017713109128158912,100571824.9449677,2022-07-21
1214,1658448000000,0.01791389753419533,101201508.54994589,2022-07-22
1215,1658534400000,0.017088211574699037,96064820.26175383,2022-07-23
1216,1658620800000,0.017896550051176616,101056825.57515512,2022-07-24
1217,1658707200000,0.01912120878182433,108366340.73762909,2022-07-25
1218,1658793600000,0.017205736959217014,98043215.10750534,2022-07-26
1219,1658880000000,0.01656901131877301,93347352.05101055,2022-07-27
1220,1658966400000,0.01798872720544598,101478720.96677342,2022-07-28
1221,1659052800000,0.019549459289349057,110028355.90889631,2022-07-29
1222,1659139200000,0.020210401733033748,115319268.18015744,2022-07-30
1223,1659225600000,0.020414202060479204,114900080.40385778,2022-07-31
1224,1659312000000,0.02057241487972222,115934424.44010068,2022-08-01
1225,1659398400000,0.02319227515819974,130477492.45315756,2022-08-02
1226,1659484800000,0.02030427196318687,115028976.87122339,2022-08-03
1227,1659571200000,0.020309485912744882,114545544.2433097,2022-08-04
1228,1659657600000,0.022242046781585235,125208124.77103902,2022-08-05
1229,1659744000000,0.022386732006282224,126274825.80121928,2022-08-06
1230,1659830400000,0.022222228815726764,125298934.50984892,2022-08-07
1231,1659916800000,0.02242207025827915,126830752.5797359,2022-08-08
1232,1660003200000,0.023280580728341212,131231255.37615833,2022-08-09
1233,1660089600000,0.022155328447755016,124796933.23611099,2022-08-10
1234,1660176000000,0.024647297236432886,138444442.24290934,2022-08-11
1235,1660262400000,0.026378745437050106,148824763.87078178,2022-08-12
1236,1660348800000,0.02682983865230634,151363071.20212713,2022-08-13
1237,1660435200000,0.025695852410228467,144835125.30440798,2022-08-14
1238,1660521600000,0.027179079239962805,153354200.48584095,2022-08-15
1239,1660608000000,0.024661241320337014,139095280.67182124,2022-08-16
1240,1660694400000,0.025244781611870243,142428876.99979642,2022-08-17
1241,1660780800000,0.022548786789063087,127846387.4339865,2022-08-18
1242,1660867200000,0.021114748919047122,119633867.95413966,2022-08-19
1243,1660953600000,0.01973257935222379,111471445.47258662,2022-08-20
1244,1661040000000,0.01943130586885292,109368681.0706046,2022-08-21
1245,1661126400000,0.020111100465046328,113285694.3911171,2022-08-22
1246,1661212800000,0.01917891606437955,108012983.52797924,2022-08-23
1247,1661299200000,0.019781938976623097,112033459.6715123,2022-08-24
1248,1661385600000,0.019731292756110595,111173022.17715274,2022-08-25
1249,1661472000000,0.02014163207450489,113807388.57026292,2022-08-26
1250,1661558400000,0.017705716005572667,99482344.85335904,2022-08-27
1251,1661644800000,0.018214053254810167,102882019.0936111,2022-08-28
1252,1661731200000,0.017204766300393422,97603508.5798741,2022-08-29
1253,1661817600000,0.018056358533582596,101954035.75635414,2022-08-30
1254,1661904000000,0.01721551171622092,97515914.14505777,2022-08-31
1255,1661990400000,0.01733430310810991,97885165.2960704,2022-09-01
1256,1662076800000,0.01752712861131932,98676762.74142711,2022-09-02
1257,1662163200000,0.01732535696269976,97847791.29408287,2022-09-03
1258,1662249600000,0.01739906804133582,98366498.14783211,2022-09-04
1259,1662336000000,0.017873651435578446,101008220.56819746,2022-09-05
1260,1662422400000,0.017790297013221972,100418656.44650987,2022-09-06
1261,1662508800000,0.015826383542574245,89756054.18526126,2022-09-07
1262,1662595200000,0.017445299607239506,98899522.77689554,2022-09-08
1263,1662681600000,0.017713434091953254,99903981.01331912,2022-09-09
1264,1662768000000,0.01873604738904577,105592749.46088144,2022-09-10
1265,1662854400000,0.018746935662641184,105940024.08433394,2022-09-11
1266,1662940800000,0.018586412570120357,105034954.20122486,2022-09-12
1267,1663027200000,0.018468784670714677,104180510.15440504,2022-09-13
1268,1663113600000,0.016847941611007996,95082458.75688492,2022-09-14
1269,1663200000000,0.017370017700221983,97793906.24911438,2022-09-15
1270,1663286400000,0.01657144758181016,93631520.18341361,2022-09-16
1271,1663372800000,0.01646028193661759,92742440.38453566,2022-09-17
1272,1663459200000,0.017002937220893664,96041630.59944478,2022-09-18
1273,1663545600000,0.015187106273629949,85763455.79310097,2022-09-19
1274,1663632000000,0.015541866289517496,87900824.4367979,2022-09-20
1275,1663718400000,0.014951455020880753,84399746.26319638,2022-09-21
1276,1663804800000,0.014489233881844069,81708433.11052617,2022-09-22
1277,1663891200000,0.015589083734881598,87928393.27705172,2022-09-23
1278,1663977600000,0.015578703350683135,88097552.45807211,2022-09-24
1279,1664064000000,0.015146729289149504,85510177.62706262,2022-09-25
1280,1664150400000,0.01460595355771698,82272082.26971878,2022-09-26
1281,1664236800000,0.01503567222137216,84824043.39836618,2022-09-27
1282,1664323200000,0.01546360250823428,87364854.20639019,2022-09-28
1283,1664409600000,0.015442202602008145,87123735.64733425,2022-09-29
1284,1664496000000,0.015603905744860785,88134142.14655295,2022-09-30
1285,1664582400000,0.01531929841739359,86536305.70567267,2022-10-01
1286,1664668800000,0.015155347064140328,85596744.47865199,2022-10-02
1287,1664755200000,0.014890691337786945,84397782.39016677,2022-10-03
1288,1664841600000,0.015523341404447666,87751961.93862687,2022-10-04
1289,1664928000000,0.015675346990879524,88528273.06466424,2022-10-05
1290,1665014400000,0.015571937765925695,87917584.93484932,2022-10-06
1291,1665100800000,0.015249243950763887,86109263.8967337,2022-10-07
1292,1665187200000,0.015120418288083314,85307368.82222894,2022-10-08
1293,1665273600000,0.015096320959062185,85268141.41079982,2022-10-09
1294,1665360000000,0.01516131199992397,85412351.25449295,2022-10-10
1295,1665446400000,0.014715051004960346,83279371.17364678,2022-10-11
1296,1665532800000,0.014303928982167398,80496439.5065881,2022-10-12
1297,1665619200000,0.014250750453101325,80448118.21256593,2022-10-13
1298,1665705600000,0.01426224063874357,80522405.93460724,2022-10-14
1299,1665792000000,0.0139887858646235,78836552.94812171,2022-10-15
1300,1665878400000,0.013929976143714475,78743953.01289076,2022-10-16
1301,1665964800000,0.014385616699049572,81146662.22691627,2022-10-17
1302,1666051200000,0.014920478047267812,84325189.06067123,2022-10-18
1303,1666137600000,0.014464376883693295,81710090.02658845,2022-10-19
1304,1666224000000,0.013846370248268347,78143943.39826974,2022-10-20
1305,1666310400000,0.013756377192293487,77658645.52469477,2022-10-21
1306,1666396800000,0.01400915518213499,79155602.7145717,2022-10-22
1307,1666483200000,0.014003399732061238,78993512.20152307,2022-10-23
1308,1666569600000,0.014666305834401115,82734551.84746848,2022-10-24
1309,1666656000000,0.014424666048339476,81357332.17939942,2022-10-25
1310,1666742400000,0.014868634169318672,83967075.0757961,2022-10-26
1311,1666828800000,0.015103161782007745,85169446.50138398,2022-10-27
1312,1666915200000,0.014996662837882823,84736454.62386452,2022-10-28
1313,1667001600000,0.015739076488154802,88932664.10272554,2022-10-29
1314,1667088000000,0.01549395407109231,87279680.11469892,2022-10-30
1315,1667174400000,0.015344824413855231,86652683.59910509,2022-10-31
1316,1667260800000,0.015384109228654555,86904548.85764211,2022-11-01
1317,1667347200000,0.01489190987057541,84092851.56985463,2022-11-02
1318,1667433600000,0.014446797391743864,81587071.77886981,2022-11-03
1319,1667520000000,0.015827613795340735,89258409.00230566,2022-11-04
1320,1667606400000,0.017340783057250585,97821983.81637815,2022-11-05
1321,1667692800000,0.01701492337541557,96143195.11223082,2022-11-06
1322,1667779200000,0.01603438545788782,90546869.86681263,2022-11-07
1323,1667865600000,0.01654589049755067,93263625.70179692,2022-11-08
1324,1667952000000,0.013652703907958844,77353548.37514852,2022-11-09
1325,1668038400000,0.01060002916095501,59641814.40717396,2022-11-10
1326,1668124800000,0.012564295965479774,71053818.66695789,2022-11-11
1327,1668211200000,0.01207663965942427,67739589.74825236,2022-11-12
1328,1668297600000,0.011127901534038951,62680831.55904769,2022-11-13
1329,1668384000000,0.01083852015413278,60771713.028242975,2022-11-14
1330,1668470400000,0.011147823343530015,63087235.37008146,2022-11-15
1331,1668556800000,0.011261192642835675,63690234.175101,2022-11-16
1332,1668643200000,0.011084195498201908,62531229.94522689,2022-11-17
1333,1668729600000,0.011082834623615662,62503664.48978146,2022-11-18
1334,1668816000000,0.011284758184626986,63723701.57444027,2022-11-19
1335,1668902400000,0.011435772453686786,64515972.10200742,2022-11-20
