,Time,open,mktcap,Date
0,1590105600000,0.8189996574205164,0.0,2020-05-22
1,1590192000000,0.9880041851640537,0.0,2020-05-23
2,1590278400000,2.4633252267778105,0.0,2020-05-24
3,1590364800000,1.7995721063385735,0.0,2020-05-25
4,1590451200000,1.4330897285903255,0.0,2020-05-26
5,1590537600000,1.4493557667275092,0.0,2020-05-27
6,1590624000000,1.5074925644237485,0.0,2020-05-28
7,1590710400000,1.4942152748159583,0.0,2020-05-29
8,1590796800000,1.5892614256154753,0.0,2020-05-30
9,1590883200000,1.483072020028385,0.0,2020-05-31
10,1590969600000,1.5667751368729355,0.0,2020-06-01
11,1591056000000,1.5279177628002405,0.0,2020-06-02
12,1591142400000,1.5185721198084545,0.0,2020-06-03
13,1591228800000,1.5441032343532688,0.0,2020-06-04
14,1591315200000,1.6403011193106212,0.0,2020-06-05
15,1591401600000,1.6275219205086167,0.0,2020-06-06
16,1591488000000,1.60081239526643,0.0,2020-06-07
17,1591574400000,1.6119599468228083,0.0,2020-06-08
18,1591660800000,1.7761610297905859,0.0,2020-06-09
19,1591747200000,1.7291649326728118,0.0,2020-06-10
20,1591833600000,1.8038530281032326,0.0,2020-06-11
21,1591920000000,1.7063468289255477,0.0,2020-06-12
22,1592006400000,1.7227883341809889,0.0,2020-06-13
23,1592092800000,1.574005023261958,0.0,2020-06-14
24,1592179200000,1.6834218998913368,0.0,2020-06-15
25,1592265600000,1.606660242796773,0.0,2020-06-16
26,1592352000000,1.7428655619847848,0.0,2020-06-17
27,1592438400000,1.7197402563207707,0.0,2020-06-18
28,1592524800000,1.7923696680710086,0.0,2020-06-19
29,1592611200000,1.77888266965276,0.0,2020-06-20
30,1592697600000,1.8340657191965273,0.0,2020-06-21
31,1592784000000,1.7965901727140086,0.0,2020-06-22
32,1592870400000,1.776677055858879,0.0,2020-06-23
33,1592956800000,1.8341526392553757,0.0,2020-06-24
34,1593043200000,1.8313990401704878,0.0,2020-06-25
35,1593129600000,1.8389122372031061,0.0,2020-06-26
36,1593216000000,1.8507722080577818,0.0,2020-06-27
37,1593302400000,1.8131074216219838,0.0,2020-06-28
38,1593388800000,1.8143738491396435,0.0,2020-06-29
39,1593475200000,1.7964570272531977,0.0,2020-06-30
40,1593561600000,1.7521449639112223,0.0,2020-07-01
41,1593648000000,1.8450636015012225,0.0,2020-07-02
42,1593734400000,1.8872005918872057,0.0,2020-07-03
43,1593820800000,1.90249150318688,0.0,2020-07-04
44,1593907200000,1.8207629791458604,0.0,2020-07-05
45,1593993600000,1.836016243970255,0.0,2020-07-06
46,1594080000000,1.9261379068683802,0.0,2020-07-07
47,1594166400000,1.9213171837191043,0.0,2020-07-08
48,1594252800000,1.8683412027505581,0.0,2020-07-09
49,1594339200000,1.89997810578582,0.0,2020-07-10
50,1594425600000,1.7948171234602035,0.0,2020-07-11
51,1594512000000,1.7838186179705706,0.0,2020-07-12
52,1594598400000,1.7145023075832797,0.0,2020-07-13
53,1594684800000,1.7962237976211621,0.0,2020-07-14
54,1594771200000,1.7478904059906948,0.0,2020-07-15
55,1594857600000,1.8378207046603818,0.0,2020-07-16
56,1594944000000,1.767512124080507,0.0,2020-07-17
57,1595030400000,1.8079696959177582,0.0,2020-07-18
58,1595116800000,1.8103272763669633,0.0,2020-07-19
59,1595203200000,1.781696677036507,0.0,2020-07-20
60,1595289600000,1.7985107261096132,0.0,2020-07-21
61,1595376000000,1.7837012086449011,0.0,2020-07-22
62,1595462400000,1.7289179132522359,0.0,2020-07-23
63,1595548800000,1.7390184417711985,0.0,2020-07-24
64,1595635200000,1.7713972746893105,0.0,2020-07-25
65,1595721600000,1.802890702467729,0.0,2020-07-26
66,1595808000000,1.7858106882478468,0.0,2020-07-27
67,1595894400000,1.7368685763860383,0.0,2020-07-28
68,1595980800000,1.7845329824517646,0.0,2020-07-29
69,1596067200000,1.7711941712412071,0.0,2020-07-30
70,1596153600000,1.7956812132903137,0.0,2020-07-31
71,1596240000000,1.7828500742801467,0.0,2020-08-01
72,1596326400000,1.8200815732761324,0.0,2020-08-02
73,1596412800000,1.7754552557155265,0.0,2020-08-03
74,1596499200000,1.77890761731821,0.0,2020-08-04
75,1596585600000,1.7823135412038538,0.0,2020-08-05
76,1596672000000,1.7912100277207956,0.0,2020-08-06
77,1596758400000,1.7995204305427364,0.0,2020-08-07
78,1596844800000,1.8451912712391465,0.0,2020-08-08
79,1596931200000,2.1060227620035907,0.0,2020-08-09
80,1597017600000,2.1045585572604875,0.0,2020-08-10
81,1597104000000,2.0988780609013378,0.0,2020-08-11
82,1597190400000,2.0510775833288837,0.0,2020-08-12
83,1597276800000,2.224365787832213,0.0,2020-08-13
84,1597363200000,2.4380062144617374,0.0,2020-08-14
85,1597449600000,2.605640244494452,0.0,2020-08-15
86,1597536000000,2.4750299498132597,0.0,2020-08-16
87,1597622400000,2.5408137830659503,0.0,2020-08-17
88,1597708800000,2.581887466340136,0.0,2020-08-18
89,1597795200000,2.6842064905320635,0.0,2020-08-19
90,1597881600000,2.5599923565644653,0.0,2020-08-20
91,1597968000000,2.594319955980018,0.0,2020-08-21
92,1598054400000,2.4334356526269567,0.0,2020-08-22
93,1598140800000,2.3280380026514766,0.0,2020-08-23
94,1598227200000,2.376684606415653,0.0,2020-08-24
95,1598313600000,2.4602719736468095,0.0,2020-08-25
96,1598400000000,2.89596642462867,0.0,2020-08-26
97,1598486400000,4.450925385522408,0.0,2020-08-27
98,1598572800000,3.966222217721162,0.0,2020-08-28
99,1598659200000,4.217858706063654,0.0,2020-08-29
100,1598745600000,4.02797012337176,0.0,2020-08-30
101,1598832000000,4.096856087380898,0.0,2020-08-31
102,1598918400000,3.904266322592513,0.0,2020-09-01
103,1599004800000,4.042319826892633,0.0,2020-09-02
104,1599091200000,3.841111789928521,0.0,2020-09-03
105,1599177600000,4.187417047849495,0.0,2020-09-04
106,1599264000000,4.045708093136395,0.0,2020-09-05
107,1599350400000,3.3479477018704076,0.0,2020-09-06
108,1599436800000,3.494318681803462,0.0,2020-09-07
109,1599523200000,3.3115400287220536,0.0,2020-09-08
110,1599609600000,3.0851685252556296,0.0,2020-09-09
111,1599696000000,3.1202517400106013,0.0,2020-09-10
112,1599782400000,3.0801765795466687,0.0,2020-09-11
113,1599868800000,2.975384780874171,0.0,2020-09-12
114,1599955200000,2.978679934158142,0.0,2020-09-13
115,1600041600000,2.7911321397435933,0.0,2020-09-14
116,1600128000000,2.778423376604519,0.0,2020-09-15
117,1600214400000,2.569257801571466,0.0,2020-09-16
118,1600300800000,2.489740197196558,0.0,2020-09-17
119,1600387200000,2.319340543467241,0.0,2020-09-18
120,1600473600000,2.0393635605829292,0.0,2020-09-19
121,1600560000000,2.1087610196185773,0.0,2020-09-20
122,1600646400000,3.585216006994389,0.0,2020-09-21
123,1600732800000,2.8091531930328046,0.0,2020-09-22
124,1600819200000,2.693565620930739,0.0,2020-09-23
125,1600905600000,2.4071878799838315,0.0,2020-09-24
126,1600992000000,2.514414448871822,0.0,2020-09-25
127,1601078400000,2.5059608218669656,0.0,2020-09-26
128,1601164800000,2.498408632725876,0.0,2020-09-27
129,1601251200000,2.4105567672604904,0.0,2020-09-28
130,1601337600000,2.3061208071830213,0.0,2020-09-29
131,1601424000000,2.2778021605397316,0.0,2020-09-30
132,1601510400000,2.262777896768733,0.0,2020-10-01
133,1601596800000,2.2460834035995636,0.0,2020-10-02
134,1601683200000,2.1383328850787895,0.0,2020-10-03
135,1601769600000,2.1587469642741097,0.0,2020-10-04
136,1601856000000,2.122570483758138,0.0,2020-10-05
137,1601942400000,2.120614099601343,0.0,2020-10-06
138,1602028800000,1.9696143473283882,0.0,2020-10-07
139,1602115200000,1.9420462955499829,0.0,2020-10-08
140,1602201600000,2.030698157556507,0.0,2020-10-09
141,1602288000000,2.3269244940785296,0.0,2020-10-10
142,1602374400000,2.188353914282485,0.0,2020-10-11
143,1602460800000,2.157654064322583,0.0,2020-10-12
144,1602547200000,2.177407640837171,0.0,2020-10-13
145,1602633600000,2.129091706079764,0.0,2020-10-14
146,1602720000000,2.117781249524063,0.0,2020-10-15
147,1602806400000,2.057981056864085,0.0,2020-10-16
148,1602892800000,2.0176228448302402,0.0,2020-10-17
149,1602979200000,2.0288291772399454,0.0,2020-10-18
150,1603065600000,2.0944204325892324,0.0,2020-10-19
151,1603152000000,2.0369016952692807,0.0,2020-10-20
152,1603238400000,1.9837804527820537,0.0,2020-10-21
153,1603324800000,1.9823047419818294,0.0,2020-10-22
154,1603411200000,2.0055058916885886,0.0,2020-10-23
155,1603497600000,1.985893120982028,0.0,2020-10-24
156,1603584000000,1.975058393346988,0.0,2020-10-25
157,1603670400000,1.961952320408227,0.0,2020-10-26
158,1603756800000,1.9463755579170696,0.0,2020-10-27
159,1603843200000,1.8888153183127037,0.0,2020-10-28
160,1603929600000,1.7453621197897589,0.0,2020-10-29
161,1604016000000,1.6947250627987045,0.0,2020-10-30
162,1604102400000,1.6942147469396764,0.0,2020-10-31
163,1604188800000,1.6192795199856276,0.0,2020-11-01
164,1604275200000,1.6661463236452407,0.0,2020-11-02
165,1604361600000,1.607291139094999,0.0,2020-11-03
166,1604448000000,1.5523957159319095,0.0,2020-11-04
167,1604534400000,1.554075064179492,0.0,2020-11-05
168,1604620800000,1.5799694540650446,0.0,2020-11-06
169,1604707200000,1.700439319220035,0.0,2020-11-07
170,1604793600000,1.6168700004431273,0.0,2020-11-08
171,1604880000000,1.6754115011545618,0.0,2020-11-09
172,1604966400000,1.6576984350853627,0.0,2020-11-10
173,1605052800000,1.8600615142161527,0.0,2020-11-11
174,1605139200000,1.8215387403310759,0.0,2020-11-12
175,1605225600000,1.7845525679213392,0.0,2020-11-13
176,1605312000000,1.8043996709726688,0.0,2020-11-14
177,1605398400000,1.77474940612065,0.0,2020-11-15
178,1605484800000,1.798784234983412,0.0,2020-11-16
179,1605571200000,1.7711865145703891,0.0,2020-11-17
180,1605657600000,1.7552037942384613,0.0,2020-11-18
181,1605744000000,1.7384451572514645,0.0,2020-11-19
182,1605830400000,1.7127190936160326,0.0,2020-11-20
183,1605916800000,1.7462647676704404,0.0,2020-11-21
184,1606003200000,1.7985021777706267,0.0,2020-11-22
185,1606089600000,2.0198840298936456,0.0,2020-11-23
186,1606176000000,1.9487460794770979,0.0,2020-11-24
187,1606262400000,1.9461192436099537,0.0,2020-11-25
188,1606348800000,1.879463987008198,0.0,2020-11-26
189,1606435200000,1.7527376719753813,0.0,2020-11-27
190,1606521600000,1.775344822390146,0.0,2020-11-28
191,1606608000000,1.846318594118535,0.0,2020-11-29
192,1606694400000,1.8125101754554929,0.0,2020-11-30
193,1606780800000,1.8271108887593166,0.0,2020-12-01
194,1606867200000,1.8602770640143125,0.0,2020-12-02
195,1606953600000,1.8402390162954647,0.0,2020-12-03
196,1607040000000,1.8338390602560497,0.0,2020-12-04
197,1607126400000,1.7664418523890906,0.0,2020-12-05
198,1607212800000,1.8060486800785405,0.0,2020-12-06
199,1607299200000,1.7911911108620806,0.0,2020-12-07
200,1607385600000,1.7811807395836354,0.0,2020-12-08
201,1607472000000,1.678142613104529,0.0,2020-12-09
202,1607558400000,1.674515573061666,0.0,2020-12-10
203,1607644800000,1.6385899813396176,0.0,2020-12-11
204,1607731200000,1.622241301692502,0.0,2020-12-12
205,1607817600000,1.6467070341071102,0.0,2020-12-13
206,1607904000000,1.698744258619005,0.0,2020-12-14
207,1607990400000,1.6896427805498169,0.0,2020-12-15
208,1608076800000,1.6567661631222401,0.0,2020-12-16
209,1608163200000,1.6686531662601092,0.0,2020-12-17
210,1608249600000,1.6593707797980977,0.0,2020-12-18
211,1608336000000,1.6436238364222235,0.0,2020-12-19
212,1608422400000,1.633696987443457,0.0,2020-12-20
213,1608508800000,1.5851686794910174,0.0,2020-12-21
214,1608595200000,1.5695358326664073,0.0,2020-12-22
215,1608681600000,1.5350448237331134,0.0,2020-12-23
216,1608768000000,1.3691499288007274,0.0,2020-12-24
217,1608854400000,1.4660507034725216,0.0,2020-12-25
218,1608940800000,1.4474841131886964,0.0,2020-12-26
219,1609027200000,1.4043339240539665,0.0,2020-12-27
220,1609113600000,1.4843475230654362,0.0,2020-12-28
221,1609200000000,1.4832579328924973,0.0,2020-12-29
222,1609286400000,1.5472595210148528,0.0,2020-12-30
223,1609372800000,1.5295244981938743,0.0,2020-12-31
224,1609459200000,1.4819937038947057,0.0,2021-01-01
225,1609545600000,1.4632119013519178,0.0,2021-01-02
226,1609632000000,1.4344191590348496,0.0,2021-01-03
227,1609718400000,1.4728276297447906,0.0,2021-01-04
228,1609804800000,1.4839985870195758,0.0,2021-01-05
229,1609891200000,2.5351739896248624,0.0,2021-01-06
230,1609977600000,2.3468949977152205,0.0,2021-01-07
231,1610064000000,2.233809435999681,0.0,2021-01-08
232,1610150400000,2.3047231332922844,0.0,2021-01-09
233,1610236800000,2.2878494075180997,0.0,2021-01-10
234,1610323200000,2.1460226231888653,0.0,2021-01-11
235,1610409600000,1.947191344602762,0.0,2021-01-12
236,1610496000000,1.9681556775749756,0.0,2021-01-13
237,1610582400000,2.084332346157987,0.0,2021-01-14
238,1610668800000,2.0827303449214334,0.0,2021-01-15
239,1610755200000,2.0121510367320354,0.0,2021-01-16
240,1610841600000,2.065241429695121,0.0,2021-01-17
241,1610928000000,2.1278774409122563,0.0,2021-01-18
242,1611014400000,2.2486723233986514,0.0,2021-01-19
243,1611100800000,2.1586887829471193,0.0,2021-01-20
244,1611187200000,2.2801589432514477,0.0,2021-01-21
245,1611273600000,3.211826382724764,0.0,2021-01-22
246,1611360000000,3.135462082070512,0.0,2021-01-23
247,1611446400000,2.8132686599279007,0.0,2021-01-24
248,1611532800000,2.785629639935731,0.0,2021-01-25
249,1611619200000,3.156021240092364,0.0,2021-01-26
250,1611705600000,3.107554777893989,0.0,2021-01-27
251,1611792000000,2.952529838413494,0.0,2021-01-28
252,1611878400000,2.961143777241831,0.0,2021-01-29
253,1611964800000,2.891013621179327,0.0,2021-01-30
254,1612051200000,2.875131457961379,0.0,2021-01-31
255,1612137600000,2.809014694122295,0.0,2021-02-01
256,1612224000000,2.8435611551096827,0.0,2021-02-02
257,1612310400000,2.866222812723786,0.0,2021-02-03
258,1612396800000,2.9643604023506755,289530108.7730863,2021-02-04
259,1612483200000,2.955631113735452,290469484.9172116,2021-02-05
260,1612569600000,3.197513264167842,312670416.4015782,2021-02-06
261,1612656000000,3.092777722504991,302353263.14608777,2021-02-07
262,1612742400000,3.614364423760351,357331295.3650482,2021-02-08
263,1612828800000,3.548996373304308,346498234.888193,2021-02-09
264,1612915200000,3.6923090792362765,361386160.2270374,2021-02-10
265,1613001600000,4.906452321221136,482440422.5952404,2021-02-11
266,1613088000000,4.768003138345285,468020061.35116327,2021-02-12
267,1613174400000,4.820910602330426,471186899.8996089,2021-02-13
268,1613260800000,4.604054194183415,453541064.07193387,2021-02-14
269,1613347200000,4.344041612838997,425927934.49399096,2021-02-15
270,1613433600000,4.074914600223703,398455652.20001477,2021-02-16
271,1613520000000,4.539170873644284,444964459.06140256,2021-02-17
272,1613606400000,4.818169293725527,474756063.3102678,2021-02-18
273,1613692800000,5.219708421078416,514005797.37770617,2021-02-19
274,1613779200000,5.303373698705789,515771536.6909336,2021-02-20
275,1613865600000,5.1441311945709,502301365.5192787,2021-02-21
276,1613952000000,5.126654041535275,501187920.74973804,2021-02-22
277,1614038400000,4.576802931102466,444641551.04875547,2021-02-23
278,1614124800000,4.024599494976096,394804381.26795566,2021-02-24
279,1614211200000,4.491784358572717,439819740.3725447,2021-02-25
280,1614297600000,4.061953490802608,398455830.92426735,2021-02-26
281,1614384000000,3.8809979902644463,378284550.8570065,2021-02-27
282,1614470400000,3.982767509270119,386501764.7482546,2021-02-28
283,1614556800000,3.808125778746511,373964063.21928024,2021-03-01
284,1614643200000,3.9877505567667657,389103450.55509895,2021-03-02
285,1614729600000,3.891807437702347,383124198.81871307,2021-03-03
286,1614816000000,4.110575744559351,405764272.4574258,2021-03-04
287,1614902400000,3.8758159950885287,367781807.03964317,2021-03-05
288,1614988800000,3.773579540984681,358390574.9153814,2021-03-06
289,1615075200000,3.811199448385932,364872032.8083773,2021-03-07
290,1615161600000,3.8916832564754382,369535677.2128257,2021-03-08
291,1615248000000,3.917416332257829,370516691.3594936,2021-03-09
292,1615334400000,3.9855181471557772,377273717.29080003,2021-03-10
293,1615420800000,4.163441945500948,395326794.673421,2021-03-11
294,1615507200000,3.995012317662673,378073737.3365676,2021-03-12
295,1615593600000,3.7775881711198944,360070135.9016278,2021-03-13
296,1615680000000,3.9867419369974093,378755540.90650177,2021-03-14
297,1615766400000,3.8766206896289686,369277470.15195507,2021-03-15
298,1615852800000,3.6843727761841847,351824740.4558159,2021-03-16
299,1615939200000,3.75408810297696,355983391.14489937,2021-03-17
300,1616025600000,3.9743505066113665,376350503.6370415,2021-03-18
301,1616112000000,4.0678957191381295,388692351.7427195,2021-03-19
302,1616198400000,4.095561594222147,389153248.258721,2021-03-20
303,1616284800000,3.985050667933687,378352698.63996106,2021-03-21
304,1616371200000,3.8984099493653788,370930166.5376141,2021-03-22
305,1616457600000,3.9474034101308177,379262998.0508011,2021-03-23
306,1616544000000,3.8023684160595606,361547788.198135,2021-03-24
307,1616630400000,3.5451837932412644,336651624.43988544,2021-03-25
308,1616716800000,3.2644107116727303,310088757.9308393,2021-03-26
309,1616803200000,3.6215626164127617,343980329.27672577,2021-03-27
310,1616889600000,3.551125904222089,337332905.7539766,2021-03-28
311,1616976000000,3.565982505615068,339824892.5842861,2021-03-29
312,1617062400000,4.401894480015146,410435922.6863562,2021-03-30
313,1617148800000,4.331213619324933,411258329.70380485,2021-03-31
314,1617235200000,4.637017873761842,439879169.01491565,2021-04-01
315,1617321600000,4.565952330839712,470158819.41932046,2021-04-02
316,1617408000000,4.457130841879975,457624332.8178603,2021-04-03
317,1617494400000,4.297427167708485,441764871.15727717,2021-04-04
318,1617580800000,4.411033886262994,452366688.7872581,2021-04-05
319,1617667200000,4.614440583481552,472875983.5897257,2021-04-06
320,1617753600000,4.578306631251342,473214994.4777044,2021-04-07
321,1617840000000,4.246492439353204,438071221.8178534,2021-04-08
322,1617926400000,4.44842726715334,457774614.95494545,2021-04-09
323,1618012800000,4.368195174419965,448368148.11428833,2021-04-10
324,1618099200000,4.375454181784103,448248593.1468172,2021-04-11
325,1618185600000,4.671342494720402,480020560.13051605,2021-04-12
326,1618272000000,4.812722881362391,493694314.2503437,2021-04-13
327,1618358400000,4.600006622869681,471091347.5108007,2021-04-14
328,1618444800000,4.374774107202801,448277464.9201008,2021-04-15
329,1618531200000,4.496994280719746,461200864.1160334,2021-04-16
330,1618617600000,4.3639380020074805,448289373.5880767,2021-04-17
331,1618704000000,4.50673608585063,464428537.8052977,2021-04-18
332,1618790400000,4.037875455534481,415040267.06401455,2021-04-19
333,1618876800000,4.123837805821257,433491563.7352924,2021-04-20
334,1618963200000,5.861877060890471,601138101.3159672,2021-04-21
335,1619049600000,5.8890782639344605,604434041.3294746,2021-04-22
336,1619136000000,5.113351968506304,527551060.169461,2021-04-23
337,1619222400000,4.8059302231565635,492100867.4742192,2021-04-24
338,1619308800000,6.101496029984242,641390688.2411761,2021-04-25
339,1619395200000,5.607265021197716,578750989.2014766,2021-04-26
340,1619481600000,5.734113472071889,589334645.5239112,2021-04-27
341,1619568000000,5.54353041162223,567840062.9987116,2021-04-28
342,1619654400000,5.256472767181162,539769716.9985409,2021-04-29
343,1619740800000,5.152225784829204,529349693.1460242,2021-04-30
344,1619827200000,5.4036942119138995,555470215.415973,2021-05-01
345,1619913600000,5.335039888046602,589941537.1127092,2021-05-02
346,1620000000000,5.623004159573992,620190654.7047731,2021-05-03
347,1620086400000,5.493642978117621,605710125.6443812,2021-05-04
348,1620172800000,5.016526109606764,554161533.4572117,2021-05-05
349,1620259200000,5.221431534203942,576584631.2184088,2021-05-06
350,1620345600000,5.418250712310284,598485865.2384611,2021-05-07
351,1620432000000,5.412967458366006,595901384.6337966,2021-05-08
352,1620518400000,5.361673983759257,593367817.110364,2021-05-09
353,1620604800000,5.248530196360151,580241121.4382671,2021-05-10
354,1620691200000,4.911943464524562,542747380.2901177,2021-05-11
355,1620777600000,5.220633691031125,577178564.4231184,2021-05-12
356,1620864000000,4.572873982328559,510530137.2751229,2021-05-13
357,1620950400000,4.349991038102661,476931630.05229366,2021-05-14
358,1621036800000,5.05004329341112,569096078.6138813,2021-05-15
359,1621123200000,4.494592473481823,496026327.3303593,2021-05-16
360,1621209600000,4.620056221120896,509235301.41591316,2021-05-17
361,1621296000000,6.326509607222776,695784243.1583011,2021-05-18
362,1621382400000,5.440220452806684,593848088.9079417,2021-05-19
363,1621468800000,4.0342780384906884,448394197.41897774,2021-05-20
364,1621555200000,4.168585353081032,459095255.3827253,2021-05-21
365,1621641600000,3.143371990887786,338661549.1323498,2021-05-22
366,1621728000000,3.0550192904264937,333916680.1139929,2021-05-23
367,1621814400000,2.649537521957072,292289772.1651794,2021-05-24
368,1621900800000,3.067504229474979,340265975.73693395,2021-05-25
369,1621987200000,3.5338346542818697,391258206.5043788,2021-05-26
370,1622073600000,3.8066431845849134,419568469.89645886,2021-05-27
371,1622160000000,3.601676013816529,399746065.5357202,2021-05-28
372,1622246400000,3.404922396675664,374904969.01875246,2021-05-29
373,1622332800000,3.45060935025139,384616602.7494791,2021-05-30
374,1622419200000,3.4002265580293476,374381239.39010996,2021-05-31
375,1622505600000,3.4914447932301256,384296712.72419506,2021-06-01
376,1622592000000,3.4156527684364923,403164654.82691437,2021-06-02
377,1622678400000,3.4806930232990525,410175487.2071216,2021-06-03
378,1622764800000,3.495200579637865,414655308.1586389,2021-06-04
379,1622851200000,3.313779901932866,391076758.60548115,2021-06-05
380,1622937600000,3.2129269059367536,378031432.1214255,2021-06-06
381,1623024000000,3.230241626038544,381155941.6124866,2021-06-07
382,1623110400000,2.8433929622383705,337956025.929807,2021-06-08
383,1623196800000,2.940673097337832,347475374.4957736,2021-06-09
384,1623283200000,3.027350219584294,359282818.905852,2021-06-10
385,1623369600000,2.8100138435063315,333548301.017055,2021-06-11
386,1623456000000,2.6046551731245358,306889179.0533718,2021-06-12
387,1623542400000,2.4968753903334635,294949358.4395817,2021-06-13
388,1623628800000,2.593843010015477,301347869.93745214,2021-06-14
389,1623715200000,2.531987931038259,299428949.4585079,2021-06-15
390,1623801600000,2.5599499724434343,302304707.71691686,2021-06-16
391,1623888000000,2.339544765786133,275444996.7083722,2021-06-17
392,1623974400000,2.5892636820530406,303668660.1072958,2021-06-18
393,1624060800000,2.4358450515373837,288086790.84465075,2021-06-19
394,1624147200000,2.389243195821145,282277670.6230491,2021-06-20
395,1624233600000,2.326274591078101,275259823.8477109,2021-06-21
396,1624320000000,1.9198619771130716,227555325.16758332,2021-06-22
397,1624406400000,2.3022050691170555,273635921.447535,2021-06-23
398,1624492800000,2.267486101966345,267610437.44232503,2021-06-24
399,1624579200000,2.602109172616989,307589636.69409686,2021-06-25
400,1624665600000,3.0357402688002897,360099151.20232546,2021-06-26
401,1624752000000,4.315866742776578,505821795.4707294,2021-06-27
402,1624838400000,3.472732935845405,413269284.28434,2021-06-28
403,1624924800000,3.4106350062076074,402135436.27894944,2021-06-29
404,1625011200000,3.2635725922390737,385504660.81619155,2021-06-30
405,1625097600000,3.091273514692286,364444628.20490843,2021-07-01
406,1625184000000,3.4114909398740823,431042712.95599955,2021-07-02
407,1625270400000,3.441011383755947,432245692.3449221,2021-07-03
408,1625356800000,3.4191566581670374,430611543.04596937,2021-07-04
409,1625443200000,3.422679819725609,429933164.0207174,2021-07-05
410,1625529600000,3.0979546670927527,389623709.8972727,2021-07-06
411,1625616000000,3.0711201371503996,385768390.69373614,2021-07-07
412,1625702400000,3.096693141797167,389579030.36135215,2021-07-08
413,1625788800000,2.927894152594815,367548851.7146017,2021-07-09
414,1625875200000,2.994500245113887,375620390.6864114,2021-07-10
415,1625961600000,2.919335938095197,367235504.48004156,2021-07-11
416,1626048000000,2.890844321958818,363756852.6415963,2021-07-12
417,1626134400000,2.9177607889717394,367266631.2795402,2021-07-13
418,1626220800000,2.7355141935858684,344994527.0769196,2021-07-14
419,1626307200000,2.718183883725473,341998438.64294755,2021-07-15
420,1626393600000,2.5273925040583363,317687442.2612744,2021-07-16
421,1626480000000,2.3554294849322632,296100206.770035,2021-07-17
422,1626566400000,2.2991863718429815,289681771.09239817,2021-07-18
423,1626652800000,2.3299088884881747,292947163.56922156,2021-07-19
424,1626739200000,2.2193379632878574,279254748.08864295,2021-07-20
425,1626825600000,2.3800298343908244,299275368.03707516,2021-07-21
426,1626912000000,2.3605170606552366,295824425.03834623,2021-07-22
427,1626998400000,2.417668002525368,304030066.94741577,2021-07-23
428,1627084800000,2.3997625527401176,301343591.2541682,2021-07-24
429,1627171200000,2.4365707909858845,306763162.3921348,2021-07-25
430,1627257600000,2.568241669578831,322743774.29254156,2021-07-26
431,1627344000000,2.523198690959225,317951420.8203299,2021-07-27
432,1627430400000,2.6689709597521825,334962519.2052825,2021-07-28
433,1627516800000,2.6209863647936875,329554604.86875427,2021-07-29
434,1627603200000,2.7296644168223803,343477281.5030574,2021-07-30
435,1627689600000,2.7240561420458302,342300140.86650956,2021-07-31
436,1627776000000,2.750112990266893,346148548.3043988,2021-08-01
437,1627862400000,2.6115506591535613,348456976.62091285,2021-08-02
438,1627948800000,2.6459560418360786,352899410.032791,2021-08-03
439,1628035200000,2.8075592620126097,374057461.23413527,2021-08-04
440,1628121600000,2.8041000751397966,376169023.4680454,2021-08-05
441,1628208000000,2.8295949619620293,376498850.5544895,2021-08-06
442,1628294400000,2.952840818937824,394110211.61446804,2021-08-07
443,1628380800000,2.9370987984920425,391375912.66223466,2021-08-08
444,1628467200000,2.822173680188701,376957628.51698065,2021-08-09
445,1628553600000,3.1024885074065414,419869100.54944897,2021-08-10
446,1628640000000,2.994098628344326,398932236.0118229,2021-08-11
447,1628726400000,2.9896267764085924,398615362.04569423,2021-08-12
448,1628812800000,3.051053018326568,407226560.1754776,2021-08-13
449,1628899200000,3.149712424499292,419842965.5802186,2021-08-14
450,1628985600000,3.1022854249904226,414547626.06621325,2021-08-15
451,1629072000000,3.124308855319682,416963535.3118016,2021-08-16
452,1629158400000,3.1086841507354914,418119227.45820314,2021-08-17
453,1629244800000,2.938031431210847,394877241.4985564,2021-08-18
454,1629331200000,2.9366560295543853,393082517.1611245,2021-08-19
455,1629417600000,3.1063892862403972,411441070.8996618,2021-08-20
456,1629504000000,3.152109319229653,419847759.8765708,2021-08-21
457,1629590400000,3.0797002315835247,410971639.03539073,2021-08-22
458,1629676800000,3.218302894383449,429556442.46479696,2021-08-23
459,1629763200000,3.13610943314995,418571690.61492485,2021-08-24
460,1629849600000,3.0505968700329,407284965.2762521,2021-08-25
461,1629936000000,3.093423142269433,412879488.512081,2021-08-26
462,1630022400000,3.5276444191011174,471169359.61610687,2021-08-27
463,1630108800000,4.166594587264667,551511995.3182726,2021-08-28
464,1630195200000,4.594257216690421,614314783.5237796,2021-08-29
465,1630281600000,4.292587464123403,574900080.6965052,2021-08-30
466,1630368000000,7.243084797851294,973292983.4777937,2021-08-31
467,1630454400000,5.711032237645162,772447677.0709196,2021-09-01
468,1630540800000,5.7938712026433805,824812615.4797416,2021-09-02
469,1630627200000,5.617167341404971,795293394.4476745,2021-09-03
470,1630713600000,5.3161306518272795,752601109.0334823,2021-09-04
471,1630800000000,5.153095329616539,729773114.6115304,2021-09-05
472,1630886400000,5.459353000881328,770094788.3674194,2021-09-06
473,1630972800000,5.170598461708689,731241517.817589,2021-09-07
474,1631059200000,4.129682459880641,584031886.2779506,2021-09-08
475,1631145600000,4.264336353569228,604069920.1370364,2021-09-09
476,1631232000000,5.2553906525184475,758073037.3566425,2021-09-10
477,1631318400000,5.046352295581088,714158368.8244456,2021-09-11
478,1631404800000,5.007189522100687,707558628.8464308,2021-09-12
479,1631491200000,4.967009238413805,702616837.1263932,2021-09-13
480,1631577600000,5.205368843886323,738484136.6907794,2021-09-14
481,1631664000000,5.0299037972499985,708457574.7158324,2021-09-15
482,1631750400000,5.028256079369243,710283175.7047483,2021-09-16
483,1631836800000,5.348872509179917,754336627.071192,2021-09-17
484,1631923200000,5.102999950101079,720216137.1501722,2021-09-18
485,1632009600000,5.245568964418995,740075908.6962258,2021-09-19
486,1632096000000,5.93061753269707,837580680.5436952,2021-09-20
487,1632182400000,5.8595319834694415,810072980.863536,2021-09-21
488,1632268800000,6.170724307486265,1865401965.0939531,2021-09-22
489,1632355200000,6.568213908251483,2031041598.1825674,2021-09-23
490,1632441600000,7.230514509556135,2216247839.87094,2021-09-24
491,1632528000000,7.678400755940085,2360959115.640078,2021-09-25
492,1632614400000,6.839346169545604,2096807630.6161146,2021-09-26
493,1632700800000,6.249089478200111,1915983410.4707558,2021-09-27
494,1632787200000,6.1182830743798995,1878426301.8451667,2021-09-28
495,1632873600000,5.800610654549621,1783774541.8828056,2021-09-29
496,1632960000000,5.696981747729828,1743222049.3561482,2021-09-30
497,1633046400000,5.632763505996761,1727305306.6439967,2021-10-01
498,1633132800000,6.16624508582342,2014844546.647385,2021-10-02
499,1633219200000,6.326222152953,2061088327.022038,2021-10-03
500,1633305600000,6.3198328075916,2066742201.7830842,2021-10-04
501,1633392000000,6.024257462156528,1968882281.6183121,2021-10-05
502,1633478400000,5.953358276113411,1949526972.5960133,2021-10-06
503,1633564800000,5.742636499900654,1877843672.6932833,2021-10-07
504,1633651200000,5.9273745727515825,1942252185.3966506,2021-10-08
505,1633737600000,5.860603810367529,1913764063.837861,2021-10-09
506,1633824000000,5.9533343966875965,1947427518.8223143,2021-10-10
507,1633910400000,5.6677003011431575,1850802994.1744535,2021-10-11
508,1633996800000,5.568081673833249,1812476245.2333674,2021-10-12
509,1634083200000,5.574567315633243,1827672332.2765014,2021-10-13
510,1634169600000,5.692311504075261,1860548188.526224,2021-10-14
511,1634256000000,5.91852280231293,1918736238.1432695,2021-10-15
512,1634342400000,5.896067046206942,1927984138.2600725,2021-10-16
513,1634428800000,5.906449713876338,1927018174.7033138,2021-10-17
514,1634515200000,6.1539148607876815,2013808840.035037,2021-10-18
515,1634601600000,6.123800379753394,2006922362.928963,2021-10-19
516,1634688000000,6.120531588803314,1996423199.7985754,2021-10-20
517,1634774400000,6.570243497230772,2147126118.801769,2021-10-21
518,1634860800000,6.972921015388144,2277581962.592069,2021-10-22
519,1634947200000,6.6586348964007644,2173986767.468693,2021-10-23
520,1635033600000,6.534816868686532,2136932582.534776,2021-10-24
521,1635120000000,6.6919030238845725,2183711527.46608,2021-10-25
522,1635206400000,7.264400120919315,2367331749.866952,2021-10-26
523,1635292800000,7.289739238902032,2381272856.245895,2021-10-27
524,1635379200000,6.238535169337282,2039415701.1479106,2021-10-28
525,1635465600000,6.443094547338108,2103303031.2734594,2021-10-29
526,1635552000000,6.767049399641133,2211997154.2443714,2021-10-30
527,1635638400000,6.281996769652418,2055794093.4920745,2021-10-31
528,1635724800000,6.248634490683823,2042908223.87635,2021-11-01
529,1635811200000,6.299650376175192,2185624777.8866935,2021-11-02
530,1635897600000,6.287463204130602,2183621874.3020544,2021-11-03
531,1635984000000,6.466193575751356,2244478104.64888,2021-11-04
532,1636070400000,6.36994655790185,2194191198.9123282,2021-11-05
533,1636156800000,6.30827464199522,2192867826.888597,2021-11-06
534,1636243200000,6.343446190909775,2199820771.3096156,2021-11-07
535,1636329600000,6.349069046884865,2205017445.3703103,2021-11-08
536,1636416000000,6.450348905128505,2246882975.6494374,2021-11-09
537,1636502400000,6.645132215789635,2307839520.1573124,2021-11-10
538,1636588800000,6.143408756488479,2126520581.031109,2021-11-11
539,1636675200000,6.095455722479357,2113997568.472217,2021-11-12
540,1636761600000,5.901320702046477,2043336652.938581,2021-11-13
541,1636848000000,5.858041866162051,2036518343.2660806,2021-11-14
542,1636934400000,5.82159136713139,2019841207.0099063,2021-11-15
543,1637020800000,5.640777253700589,1959204154.818799,2021-11-16
544,1637107200000,5.207507719746909,1813546130.4318337,2021-11-17
545,1637193600000,5.1567780158723675,1784347305.7153254,2021-11-18
546,1637280000000,4.998570585525476,1737873647.6298676,2021-11-19
547,1637366400000,5.303899651183576,1840957387.3831127,2021-11-20
548,1637452800000,5.433361576706752,1889146533.648276,2021-11-21
549,1637539200000,5.8394702562979,2048173272.62621,2021-11-22
550,1637625600000,5.474357310503267,1901355456.2301867,2021-11-23
551,1637712000000,5.414316606128395,1877101515.2945468,2021-11-24
552,1637798400000,5.24822588910844,1823233459.746938,2021-11-25
553,1637884800000,5.278224815303454,1832752733.7090664,2021-11-26
554,1637971200000,4.7008400100377585,1630597611.3792424,2021-11-27
555,1638057600000,4.811521402606019,1665503224.340009,2021-11-28
556,1638144000000,4.86648559684493,1691315819.1774964,2021-11-29
557,1638230400000,5.0279346921598185,1749307551.1925466,2021-11-30
558,1638316800000,5.161684293458927,1792565982.9538155,2021-12-01
559,1638403200000,4.9145451737648616,1798897557.9788377,2021-12-02
560,1638489600000,4.908949379815783,1807909067.3743205,2021-12-03
561,1638576000000,4.7348795416126395,1743598774.144491,2021-12-04
562,1638662400000,4.046451674354488,1480833979.7474492,2021-12-05
563,1638748800000,3.7422013840940527,1367953734.328637,2021-12-06
564,1638835200000,3.7489891558621182,1374874662.3602362,2021-12-07
565,1638921600000,3.6568173369471375,1342112833.3871558,2021-12-08
566,1639008000000,4.242424283985234,1561381538.535147,2021-12-09
567,1639094400000,3.7579817209560518,1387360063.693071,2021-12-10
568,1639180800000,3.6098732621135885,1335037786.0457213,2021-12-11
569,1639267200000,3.7328622142600523,1367868549.2386308,2021-12-12
570,1639353600000,3.8364356684212915,1406791842.5405946,2021-12-13
571,1639440000000,3.4480088492965826,1261527582.2515674,2021-12-14
572,1639526400000,3.420743964454345,1252960621.6257973,2021-12-15
573,1639612800000,3.4702953140550394,1267896949.2345164,2021-12-16
574,1639699200000,3.845391709429119,1412058525.9520571,2021-12-17
575,1639785600000,3.824652282057844,1403849395.6627045,2021-12-18
576,1639872000000,4.033079755969219,1477869720.687475,2021-12-19
577,1639958400000,4.086696053169124,1507124185.2943316,2021-12-20
578,1640044800000,4.062483445302943,1492818363.1363928,2021-12-21
579,1640131200000,4.2557620084814225,1557024171.4013603,2021-12-22
580,1640217600000,4.724096402026846,1735843863.957466,2021-12-23
581,1640304000000,4.841809740647191,1774991930.134578,2021-12-24
582,1640390400000,4.990603293786913,1834462253.0010207,2021-12-25
583,1640476800000,4.895092204298634,1802617201.533092,2021-12-26
584,1640563200000,5.118476664767153,1874611353.0952199,2021-12-27
585,1640649600000,5.067602682666732,1871262627.9508874,2021-12-28
586,1640736000000,4.6078180779377815,1700231779.5562873,2021-12-29
587,1640822400000,4.478406531263503,1631168091.8656478,2021-12-30
588,1640908800000,4.78646747712692,1757953362.755731,2021-12-31
589,1640995200000,4.8801367196932315,1796327497.2488573,2022-01-01
590,1641081600000,5.116339359580223,1978790619.136245,2022-01-02
591,1641168000000,5.101123217781143,1977719984.663715,2022-01-03
592,1641254400000,4.984348027928038,1922634488.3189995,2022-01-04
593,1641340800000,5.331411880050856,2076051293.1254046,2022-01-05
594,1641427200000,5.141563554869952,1987584571.014592,2022-01-06
595,1641513600000,4.934113119958163,1922933892.4509337,2022-01-07
596,1641600000000,4.640833862161136,1789737004.6022859,2022-01-08
597,1641686400000,4.533414418974942,1769127989.7862077,2022-01-09
598,1641772800000,4.672537367733806,1805001854.4400833,2022-01-10
599,1641859200000,4.399243639200426,1698340733.8987257,2022-01-11
600,1641945600000,4.531334452323385,1753213245.929081,2022-01-12
601,1642032000000,4.966162941367384,1919347422.0016973,2022-01-13
602,1642118400000,4.952702446528387,1934084194.4241066,2022-01-14
603,1642204800000,5.051068868454511,1946440007.6098914,2022-01-15
604,1642291200000,5.031885208118328,1946404139.5871594,2022-01-16
605,1642377600000,4.996752020190913,1935247219.6585066,2022-01-17
606,1642464000000,4.543185570862414,1761629434.6993885,2022-01-18
607,1642550400000,4.428604872466983,1713103689.1235368,2022-01-19
608,1642636800000,4.140842493061448,1611052140.958647,2022-01-20
609,1642723200000,4.037642858089198,1581648744.0319166,2022-01-21
610,1642809600000,3.5473126426013706,1373261489.3134754,2022-01-22
611,1642896000000,3.2103590229493975,1239162489.4402242,2022-01-23
612,1642982400000,3.336193773775651,1286800068.4817717,2022-01-24
613,1643068800000,3.09679792581063,1198674596.2002172,2022-01-25
614,1643155200000,3.0996909385039673,1201330646.3671653,2022-01-26
615,1643241600000,3.062232958048233,1192327710.2611995,2022-01-27
616,1643328000000,3.069555515200389,1185766353.8014972,2022-01-28
617,1643414400000,3.146012669776943,1218027455.8446145,2022-01-29
618,1643500800000,3.135986909267878,1210484584.021002,2022-01-30
619,1643587200000,3.028390320380069,1172778053.7020237,2022-01-31
620,1643673600000,3.1698810161497484,1225835108.427586,2022-02-01
621,1643760000000,3.231196721709529,1319557864.6812572,2022-02-02
622,1643846400000,3.0336423658732663,1234481887.0373402,2022-02-03
623,1643932800000,3.027997224913199,1239472593.3617585,2022-02-04
624,1644019200000,3.2388690446661417,1315092301.3846576,2022-02-05
625,1644105600000,3.243757678704281,1329125092.6436884,2022-02-06
626,1644192000000,3.3697192483004845,1369887863.7687507,2022-02-07
627,1644278400000,3.5305740884483647,1437935188.629437,2022-02-08
628,1644364800000,3.317504746635161,1355967262.3128426,2022-02-09
629,1644451200000,3.4567925370060446,1405937085.9892209,2022-02-10
630,1644537600000,3.1321181347621234,1279615555.1682959,2022-02-11
631,1644624000000,3.0559438389936475,1243618477.2283714,2022-02-12
632,1644710400000,3.0515644161384716,1240741056.966021,2022-02-13
633,1644796800000,2.938455494571405,1196311678.6336713,2022-02-14
634,1644883200000,2.908330451908176,1183455877.3568087,2022-02-15
635,1644969600000,3.1743112502812205,1294183473.75254,2022-02-16
636,1645056000000,3.022570313752868,1235027382.4307425,2022-02-17
637,1645142400000,2.8404773407968986,1157657821.4073558,2022-02-18
638,1645228800000,2.7500249409794035,1124153035.1889694,2022-02-19
639,1645315200000,2.729534633250001,1111314342.2674289,2022-02-20
640,1645401600000,2.565149156108313,1049626599.4676732,2022-02-21
641,1645488000000,2.404676772726253,981550595.4832445,2022-02-22
642,1645574400000,2.531079825481922,1029144053.6703612,2022-02-23
643,1645660800000,2.3923533782876873,977036572.4961648,2022-02-24
644,1645747200000,2.2822565107428296,927916268.6270554,2022-02-25
645,1645833600000,2.3994768619615425,979104477.7000037,2022-02-26
646,1645920000000,2.410733950890371,979657192.2886149,2022-02-27
647,1646006400000,2.367345706578569,963127073.285304,2022-02-28
648,1646092800000,2.648288801859034,1070043958.2384701,2022-03-01
649,1646179200000,2.6803705881030484,1145572600.9803386,2022-03-02
650,1646265600000,2.5863188717546417,1105801422.4163842,2022-03-03
651,1646352000000,2.5580577194167793,1098185027.729373,2022-03-04
652,1646438400000,2.661456295037539,1132944117.580136,2022-03-05
653,1646524800000,2.861364274928832,1227144787.8357334,2022-03-06
654,1646611200000,2.5556997830712493,1093427158.768155,2022-03-07
655,1646697600000,2.78938248298301,1179495198.3705351,2022-03-08
656,1646784000000,2.7313628781803385,1168930553.0287998,2022-03-09
657,1646870400000,2.8875807055969567,1237289069.265512,2022-03-10
658,1646956800000,2.707370599344207,1154513570.8064852,2022-03-11
659,1647043200000,2.5801302970627704,1109312736.4728346,2022-03-12
660,1647129600000,2.5565391483256716,1085097066.2890017,2022-03-13
661,1647216000000,2.5454542466318175,1087656656.0942872,2022-03-14
662,1647302400000,2.484520637067051,1058771792.8055525,2022-03-15
663,1647388800000,2.4037056916898254,1030832604.7992814,2022-03-16
664,1647475200000,2.57128645250252,1082863659.0047512,2022-03-17
665,1647561600000,2.936360843945948,1247175838.0521264,2022-03-18
666,1647648000000,3.0910192036225776,1322769377.960417,2022-03-19
667,1647734400000,3.0495779720707983,1301648995.3312464,2022-03-20
668,1647820800000,2.8785788053423897,1232569792.6086333,2022-03-21
669,1647907200000,2.8834369680966523,1230622406.1641839,2022-03-22
670,1647993600000,2.92399807507761,1249306111.9815874,2022-03-23
671,1648080000000,3.143021647737448,1336412382.5141857,2022-03-24
672,1648166400000,3.114768747971713,1331216685.6670706,2022-03-25
673,1648252800000,3.080618500254448,1316172621.9094095,2022-03-26
674,1648339200000,3.1265726624127472,1338164855.6203327,2022-03-27
675,1648425600000,3.294521617085482,1406863396.954869,2022-03-28
676,1648512000000,3.266165771102909,1404943884.7495306,2022-03-29
677,1648598400000,3.4374944468014266,1475252311.8405716,2022-03-30
678,1648684800000,3.4449764468914097,1473213244.6624968,2022-03-31
679,1648771200000,3.3069647211403703,1408932477.4856567,2022-04-01
680,1648857600000,3.40363471951106,1469314041.1243298,2022-04-02
681,1648944000000,3.450323634801926,1499533492.369497,2022-04-03
682,1649030400000,3.843718104168915,1663327368.8562765,2022-04-04
683,1649116800000,4.935592393359749,2136693150.434495,2022-04-05
684,1649203200000,4.2549986789997085,1843537705.3181508,2022-04-06
685,1649289600000,3.7541485413620945,1636657156.442532,2022-04-07
686,1649376000000,3.867367331334691,1682295456.218991,2022-04-08
687,1649462400000,3.5197229596223942,1516061940.5148778,2022-04-09
688,1649548800000,3.5234598092266975,1521730882.0223584,2022-04-10
689,1649635200000,3.4716390890467816,1525071254.329409,2022-04-11
690,1649721600000,3.1258077375976545,1359988581.6460094,2022-04-12
691,1649808000000,3.2192242611474335,1389271632.256666,2022-04-13
692,1649894400000,3.280703367369979,1425367379.8284879,2022-04-14
693,1649980800000,3.143097377844823,1362455198.1915183,2022-04-15
694,1650067200000,3.1565860222629865,1370544010.4566472,2022-04-16
695,1650153600000,3.186101006086239,1384916821.6899946,2022-04-17
696,1650240000000,3.0318961456532096,1310785338.5630589,2022-04-18
697,1650326400000,3.104256187805437,1345085448.6863048,2022-04-19
698,1650412800000,3.2032883428608,1388755114.2507005,2022-04-20
699,1650499200000,3.288498019186393,1423602432.0882926,2022-04-21
700,1650585600000,3.085602515190939,1333340201.7719011,2022-04-22
701,1650672000000,3.0365292424913135,1315340431.7095509,2022-04-23
702,1650758400000,2.9618497263124124,1286428436.4314246,2022-04-24
703,1650844800000,2.8876216385214013,1256936142.1293743,2022-04-25
704,1650931200000,2.9294647355676897,1272110684.8430238,2022-04-26
705,1651017600000,2.695688351794904,1167360864.8114197,2022-04-27
706,1651104000000,2.7964292627085294,1215360921.314597,2022-04-28
707,1651190400000,2.7918609581802483,1209060857.802991,2022-04-29
708,1651276800000,2.6057711837307074,1129596413.6330004,2022-04-30
709,1651363200000,2.3731222257295737,1022101857.0130576,2022-05-01
710,1651449600000,2.4909113342585485,1093085872.1846218,2022-05-02
711,1651536000000,2.4420474667813012,1072715307.5959965,2022-05-03
712,1651622400000,2.368308489088287,1039984271.919711,2022-05-04
713,1651708800000,2.642803636831287,1162891766.3889823,2022-05-05
714,1651795200000,2.358845377543278,1032688926.1733376,2022-05-06
715,1651881600000,2.37801856660697,1048460446.0227851,2022-05-07
716,1651968000000,2.2545520556099765,990800931.9273758,2022-05-08
717,1652054400000,2.301304854280962,1010707502.5042408,2022-05-09
718,1652140800000,1.9500922438554897,857483701.6365712,2022-05-10
719,1652227200000,1.9759089733910258,866251754.9106034,2022-05-11
720,1652313600000,1.5605067927499339,641169223.0105283,2022-05-12
721,1652400000000,1.5318168568390498,672927333.3434808,2022-05-13
722,1652486400000,1.580425558139747,694748146.3337573,2022-05-14
723,1652572800000,1.5945102781010867,698073777.928878,2022-05-15
724,1652659200000,1.607114534402743,704465316.9445567,2022-05-16
725,1652745600000,1.4148660753487357,622302182.8322698,2022-05-17
726,1652832000000,1.4622661295816306,640989849.3562182,2022-05-18
727,1652918400000,1.2594889595159604,554715660.2800457,2022-05-19
728,1653004800000,1.3891766445865237,612765114.9059657,2022-05-20
729,1653091200000,1.2890512722778573,565119170.2488071,2022-05-21
730,1653177600000,1.3160861362417065,579255414.7433164,2022-05-22
731,1653264000000,1.3716604169157998,600295660.2563808,2022-05-23
732,1653350400000,1.2720939920876528,558159756.0270576,2022-05-24
733,1653436800000,1.343120408472313,588382545.3005761,2022-05-25
734,1653523200000,1.3989870567584002,615520550.5242155,2022-05-26
735,1653609600000,1.453983743916848,636743641.5016346,2022-05-27
736,1653696000000,1.310234193790888,573600597.360168,2022-05-28
737,1653782400000,1.324080039584402,583318353.0238551,2022-05-29
738,1653868800000,1.3499800229507117,592261002.9388865,2022-05-30
739,1653955200000,1.4487963168459077,637575647.6048189,2022-05-31
740,1654041600000,1.4841599269552874,658579160.9043684,2022-06-01
741,1654128000000,1.332584100306008,594206142.3277061,2022-06-02
742,1654214400000,1.362654662418551,608285556.6309257,2022-06-03
743,1654300800000,1.286168812853196,569850330.3390963,2022-06-04
744,1654387200000,1.2835709468410352,569785924.9136264,2022-06-05
745,1654473600000,1.2920923877307295,575748754.3858216,2022-06-06
746,1654560000000,1.336135883839993,593898760.9715717,2022-06-07
747,1654646400000,1.2807416657727795,574136219.565786,2022-06-08
748,1654732800000,1.2582687902114573,560073352.8871517,2022-06-09
749,1654819200000,1.2580911851514625,559777992.8594991,2022-06-10
750,1654905600000,1.1252882753885247,501199996.45852256,2022-06-11
751,1654992000000,1.0132954963681398,451109633.95331347,2022-06-12
752,1655078400000,0.9815903252623422,440444100.4861455,2022-06-13
753,1655164800000,0.9362916793940689,412945131.79647815,2022-06-14
754,1655251200000,0.9269299844177619,411511603.3165078,2022-06-15
755,1655337600000,0.9463185507378907,421603870.84706944,2022-06-16
756,1655424000000,0.8388686945972731,373232968.30092424,2022-06-17
757,1655510400000,0.8647464585204703,386347259.86248565,2022-06-18
758,1655596800000,0.8006891218165089,354873502.6822013,2022-06-19
759,1655683200000,0.8395723285496671,372955456.9719909,2022-06-20
760,1655769600000,0.9198466001166339,411589580.11167383,2022-06-21
761,1655856000000,0.9046662145583871,404019221.23136425,2022-06-22
762,1655942400000,0.8676987164748031,386087564.32369083,2022-06-23
763,1656028800000,0.9092837281216455,404354689.4160681,2022-06-24
764,1656115200000,0.956117720170132,428388118.8725862,2022-06-25
765,1656201600000,0.9983856861627949,442652624.3358611,2022-06-26
766,1656288000000,0.9225537434646633,410338946.5084849,2022-06-27
767,1656374400000,0.9421065032422575,419668955.8745718,2022-06-28
768,1656460800000,0.8858477262499124,393855406.1085343,2022-06-29
769,1656547200000,0.8821962016778087,392075961.3732617,2022-06-30
770,1656633600000,0.8509026702431081,377069384.3675951,2022-07-01
771,1656720000000,0.8579801159125034,391641460.9360418,2022-07-02
772,1656806400000,0.8706750618499935,392672020.6468008,2022-07-03
773,1656892800000,0.873205138377523,393985978.1244298,2022-07-04
774,1656979200000,0.9106928555787817,409832950.3317065,2022-07-05
775,1657065600000,0.9128514054903449,411730043.4052625,2022-07-06
776,1657152000000,0.9164239691151642,414034901.9754627,2022-07-07
777,1657238400000,0.9612633556529425,434333661.9867746,2022-07-08
778,1657324800000,0.9403667185832567,426996290.26915663,2022-07-09
779,1657411200000,0.9571160777068094,431504808.0185217,2022-07-10
780,1657497600000,0.9112592990138735,410467865.2501528,2022-07-11
781,1657584000000,0.83426380605085,378259866.8702651,2022-07-12
782,1657670400000,0.8108137798849532,368860237.23421234,2022-07-13
783,1657756800000,0.8391422276457102,377951185.66018015,2022-07-14
784,1657843200000,0.8853439401617258,401153356.9101495,2022-07-15
785,1657929600000,0.9110084919180207,411486437.1568244,2022-07-16
786,1658016000000,0.9240976903261331,416589781.2178011,2022-07-17
787,1658102400000,0.9084284525098641,412616003.51591974,2022-07-18
788,1658188800000,0.9918792911000407,445700409.6880596,2022-07-19
789,1658275200000,1.0232230810358764,460786996.4706719,2022-07-20
790,1658361600000,0.9498219773392804,433445092.19281125,2022-07-21
791,1658448000000,0.9671058618973715,436743568.82668716,2022-07-22
792,1658534400000,0.9600851258475556,430788432.83717245,2022-07-23
793,1658620800000,0.9481078871063828,428014291.3139126,2022-07-24
794,1658707200000,0.9458132319266996,428584610.8573374,2022-07-25
795,1658793600000,0.8550597857585698,390124765.2670511,2022-07-26
796,1658880000000,0.8490034693632968,383302731.4694029,2022-07-27
797,1658966400000,0.9215481163427324,414936717.8036189,2022-07-28
798,1659052800000,0.9799731787350642,441505537.74876904,2022-07-29
799,1659139200000,0.9897747036205663,451601128.8770833,2022-07-30
800,1659225600000,1.0487611545488509,470632773.29869246,2022-07-31
801,1659312000000,1.0317455839508698,466004750.75464326,2022-08-01
802,1659398400000,1.08068686926922,492684995.9168299,2022-08-02
803,1659484800000,1.012057888844729,464579559.53027433,2022-08-03
804,1659571200000,1.006031843710866,459276612.68008375,2022-08-04
805,1659657600000,1.0363297293833824,472368575.00157714,2022-08-05
806,1659744000000,1.1032022222060058,501505300.99161434,2022-08-06
807,1659830400000,1.075277459166432,491118953.60565895,2022-08-07
808,1659916800000,1.0877788934947565,496145369.84259146,2022-08-08
809,1660003200000,1.1308967890141024,516404815.4446008,2022-08-09
810,1660089600000,1.0954452428830608,500528746.2406938,2022-08-10
811,1660176000000,1.1372303913948218,518322869.7499742,2022-08-11
812,1660262400000,1.1314487745514605,517024637.7369596,2022-08-12
813,1660348800000,1.1511850517837037,524905904.0199488,2022-08-13
814,1660435200000,1.155156384446098,526382537.1535063,2022-08-14
815,1660521600000,1.101984170039019,503595658.9099415,2022-08-15
816,1660608000000,1.0790252878426883,491901108.0335749,2022-08-16
817,1660694400000,1.0570989078734387,482492521.2135134,2022-08-17
818,1660780800000,0.9984118592756647,457595542.2822947,2022-08-18
819,1660867200000,0.9552755803169789,436742804.63087696,2022-08-19
820,1660953600000,0.8777832626593098,399500384.8431006,2022-08-20
821,1661040000000,0.9031918249267075,411818492.1635643,2022-08-21
822,1661126400000,0.9355406416611592,428777833.91004467,2022-08-22
823,1661212800000,0.8993997726077905,409652261.1923774,2022-08-23
824,1661299200000,0.9076981284509211,415071321.0146005,2022-08-24
825,1661385600000,0.9013490881604082,411255905.8693023,2022-08-25
826,1661472000000,0.9105032954407813,415675038.7343855,2022-08-26
827,1661558400000,0.8126324639711079,369788054.98900545,2022-08-27
828,1661644800000,0.8230194385584892,375508702.59377617,2022-08-28
829,1661731200000,0.7896279693217413,362449327.41930103,2022-08-29
830,1661817600000,0.8276631637108702,378099020.34689474,2022-08-30
831,1661904000000,0.8006718241156984,367067120.57475156,2022-08-31
832,1661990400000,0.8303486580881377,379270271.09128755,2022-09-01
833,1662076800000,0.8537644141678655,393987468.724685,2022-09-02
834,1662163200000,0.8338871352008123,385352582.2238125,2022-09-03
835,1662249600000,0.8204269617338895,379907963.20150846,2022-09-04
836,1662336000000,0.8371584375988195,388540891.2949516,2022-09-05
837,1662422400000,0.8395283236835128,388703908.7563543,2022-09-06
838,1662508800000,0.7796039751984591,362109426.3814358,2022-09-07
839,1662595200000,0.8108742775852794,376878198.9092111,2022-09-08
840,1662681600000,0.8377137643331951,387822443.4756321,2022-09-09
841,1662768000000,0.887697208683302,410264095.3543904,2022-09-10
842,1662854400000,0.8892709730725699,410107907.07662827,2022-09-11
843,1662940800000,0.8813137046255141,407802973.747701,2022-09-12
844,1663027200000,0.8818147258083014,407377541.9142975,2022-09-13
845,1663113600000,0.7915525187981705,366237471.7222366,2022-09-14
846,1663200000000,0.805431068330962,371349012.9837536,2022-09-15
847,1663286400000,0.7796587221115553,360795117.8627749,2022-09-16
848,1663372800000,0.7961865105481372,367885532.3276339,2022-09-17
849,1663459200000,0.8127602021178454,375419418.74344766,2022-09-18
850,1663545600000,0.7643972621407132,353412214.0304969,2022-09-19
851,1663632000000,0.7714258379258189,356682564.954067,2022-09-20
852,1663718400000,0.7468720668631261,346220915.67252964,2022-09-21
853,1663804800000,0.7367280580077138,340868872.8835209,2022-09-22
854,1663891200000,0.8040693291596782,371682004.18466324,2022-09-23
855,1663977600000,0.8252359826914305,381343797.48244363,2022-09-24
856,1664064000000,0.8152999322765524,377131616.1963759,2022-09-25
857,1664150400000,0.7778847121023326,359831104.53485054,2022-09-26
858,1664236800000,0.7752882883351987,358434928.4192374,2022-09-27
859,1664323200000,0.7936715144948886,367816837.4065492,2022-09-28
860,1664409600000,0.7858086885853596,363536595.49887216,2022-09-29
861,1664496000000,0.810425891797164,374301098.69206935,2022-09-30
862,1664582400000,0.7971819756338623,369095475.64951736,2022-10-01
863,1664668800000,0.7844646902912177,366996505.9391718,2022-10-02
864,1664755200000,0.7587654895864818,354111865.30006874,2022-10-03
865,1664841600000,0.7760849525181228,363561140.05970865,2022-10-04
866,1664928000000,0.794105973784384,372350022.80458856,2022-10-05
867,1665014400000,0.7755428548286643,362687714.58121926,2022-10-06
868,1665100800000,0.7652496164342477,357986870.5562456,2022-10-07
869,1665187200000,0.7683229841173298,359024452.4233022,2022-10-08
870,1665273600000,0.7717273762172167,360848713.7964364,2022-10-09
871,1665360000000,0.7743552006310693,361425862.40337193,2022-10-10
872,1665446400000,0.7663022415416678,358755973.3018169,2022-10-11
873,1665532800000,0.7391569722157537,345079672.14202726,2022-10-12
874,1665619200000,0.7458436207099041,348991722.1162008,2022-10-13
875,1665705600000,0.7383142683914107,344961229.46774924,2022-10-14
876,1665792000000,0.7592118414657053,353912178.9654242,2022-10-15
877,1665878400000,0.7359296290197576,344449141.73093134,2022-10-16
878,1665964800000,0.7486711450852492,350111415.12509716,2022-10-17
879,1666051200000,0.755230233181832,353986559.5500484,2022-10-18
880,1666137600000,0.7449082113339316,348537559.6527196,2022-10-19
881,1666224000000,0.691155799315488,323935826.29175943,2022-10-20
882,1666310400000,0.6813754283677741,318482752.43980116,2022-10-21
883,1666396800000,0.7144410582959121,334234158.4529433,2022-10-22
884,1666483200000,0.7310488865207944,342701776.320253,2022-10-23
885,1666569600000,0.7249078028793512,339211672.1502712,2022-10-24
886,1666656000000,0.6991728740494337,326945866.498878,2022-10-25
887,1666742400000,0.7180248258481202,335210065.57740563,2022-10-26
888,1666828800000,0.7275020715639903,340356659.02024,2022-10-27
889,1666915200000,0.7128884100080892,334071466.1140003,2022-10-28
890,1667001600000,0.7122526733065891,333387478.7688,2022-10-29
891,1667088000000,0.7125498002870586,333147131.7982802,2022-10-30
892,1667174400000,0.7101591963687673,332697613.584813,2022-10-31
893,1667260800000,0.7473216769511458,349162768.85442483,2022-11-01
894,1667347200000,0.7225522335036936,342267011.23694974,2022-11-02
895,1667433600000,0.708047408424132,334892053.14094174,2022-11-03
896,1667520000000,0.7134111424236289,336908252.77080065,2022-11-04
897,1667606400000,0.7636689275578722,361643983.1058885,2022-11-05
898,1667692800000,0.7567710160910837,358756097.2544523,2022-11-06
899,1667779200000,0.7279056875808309,344063011.69699055,2022-11-07
900,1667865600000,0.7430330316646779,351903333.29552996,2022-11-08
901,1667952000000,0.580124065184828,275872503.8773384,2022-11-09
902,1668038400000,0.43291905421972315,205326789.56236437,2022-11-10
903,1668124800000,0.5226787312081562,246953839.58362505,2022-11-11
904,1668211200000,0.49412438964645095,232599229.20627612,2022-11-12
905,1668297600000,0.45086222307167007,213262292.64763474,2022-11-13
906,1668384000000,0.4337849373470752,204338242.1035263,2022-11-14
907,1668470400000,0.41933374659078076,199389487.36352262,2022-11-15
908,1668556800000,0.43898665102023604,208147959.3724608,2022-11-16
909,1668643200000,0.4339080458597307,204899929.68579826,2022-11-17
910,1668729600000,0.44576549161782014,210838746.4317289,2022-11-18
911,1668816000000,0.465714225935647,220724019.93739724,2022-11-19
912,1668902400000,0.468381353347684,221557963.5180616,2022-11-20
