,Time,open,mktcap,Date
0,1583366400000,4.488142579520209,0.0,2020-03-05
1,1583452800000,4.56641213417905,0.0,2020-03-06
2,1583539200000,4.903817080800435,0.0,2020-03-07
3,1583625600000,4.757946447535816,0.0,2020-03-08
4,1583712000000,3.977911167204087,0.0,2020-03-09
5,1583798400000,4.014846041266591,0.0,2020-03-10
6,1583884800000,4.014874457168184,0.0,2020-03-11
7,1583971200000,3.8967126472442963,0.0,2020-03-12
8,1584057600000,2.1630648845343976,0.0,2020-03-13
9,1584144000000,2.670692879513061,0.0,2020-03-14
10,1584230400000,2.453291050501925,0.0,2020-03-15
11,1584316800000,2.4829617186519273,0.0,2020-03-16
12,1584403200000,2.2228179657793556,0.0,2020-03-17
13,1584489600000,2.346443509106808,0.0,2020-03-18
14,1584576000000,2.33782891110307,0.0,2020-03-19
15,1584662400000,2.7384520118401596,0.0,2020-03-20
16,1584748800000,2.6615515851992804,0.0,2020-03-21
17,1584835200000,2.6479991486538585,0.0,2020-03-22
18,1584921600000,2.4545728318282047,0.0,2020-03-23
19,1585008000000,2.7166334205947167,0.0,2020-03-24
20,1585094400000,2.774440079665515,0.0,2020-03-25
21,1585180800000,2.723826969170034,0.0,2020-03-26
22,1585267200000,2.7786011518479516,0.0,2020-03-27
23,1585353600000,2.632968816813205,0.0,2020-03-28
24,1585440000000,2.6336552304479293,0.0,2020-03-29
25,1585526400000,2.503017920373841,0.0,2020-03-30
26,1585612800000,2.651879557066235,0.0,2020-03-31
27,1585699200000,2.6659972638305725,0.0,2020-04-01
28,1585785600000,2.708892203177555,40335248.19102413,2020-04-02
29,1585872000000,2.8362115401662944,41136073.82920837,2020-04-03
30,1585958400000,2.8264306968265145,41121723.77339498,2020-04-04
31,1586044800000,2.8869434518465487,41812607.46096031,2020-04-05
32,1586131200000,2.857155452050631,41770309.84609409,2020-04-06
33,1586217600000,3.411031959674441,50157972.618579954,2020-04-07
34,1586304000000,3.293168012730384,48221937.71528171,2020-04-08
35,1586390400000,3.4587631596418604,50865546.63959887,2020-04-09
36,1586476800000,3.402693874065943,50267361.99333624,2020-04-10
37,1586563200000,3.158331409936561,46383140.93365407,2020-04-11
38,1586649600000,3.168329427640274,46572061.431534365,2020-04-12
39,1586736000000,3.176724494566847,47190510.75005708,2020-04-13
40,1586822400000,3.1338516624435644,46291437.35089208,2020-04-14
41,1586908800000,3.187060498238105,46929704.866093464,2020-04-15
42,1586995200000,3.067548105690106,46894055.217790596,2020-04-16
43,1587081600000,3.4401260540927856,48914412.22177493,2020-04-17
44,1587168000000,3.4191966237009863,50937331.281895444,2020-04-18
45,1587254400000,3.748366646227262,55786299.82633526,2020-04-19
46,1587340800000,3.6030049183476742,51647916.902790785,2020-04-20
47,1587427200000,3.419880359487937,47920960.50899673,2020-04-21
48,1587513600000,3.420644241459901,48207789.7000157,2020-04-22
49,1587600000000,3.6470799990739162,52022085.99404694,2020-04-23
50,1587686400000,3.6913299033031555,52420759.10790444,2020-04-24
51,1587772800000,3.748206179827702,53911236.98766784,2020-04-25
52,1587859200000,3.8903528303296855,55772984.25038824,2020-04-26
53,1587945600000,3.9468645675905965,56772857.739488035,2020-04-27
54,1588032000000,3.929740446161146,56501740.043360926,2020-04-28
55,1588118400000,3.9436787397673196,57221193.17356006,2020-04-29
56,1588204800000,4.302065861026937,62586610.471161425,2020-04-30
57,1588291200000,4.119545113538659,62954926.87650668,2020-05-01
58,1588377600000,4.246964454758204,65567612.24780712,2020-05-02
59,1588464000000,4.278501045793579,66049464.957998976,2020-05-03
60,1588550400000,4.200160073176584,64867726.96997913,2020-05-04
61,1588636800000,4.134490629369611,63371025.09168905,2020-05-05
62,1588723200000,4.103059366017875,63381623.4750043,2020-05-06
63,1588809600000,4.004878819739875,62391971.5977457,2020-05-07
64,1588896000000,4.240272817281161,65526437.69227716,2020-05-08
65,1588982400000,4.228657063351536,65962521.39570422,2020-05-09
66,1589068800000,4.2037452597210505,66928629.80349149,2020-05-10
67,1589155200000,3.762143511148601,59482354.26738745,2020-05-11
68,1589241600000,3.7287217573058484,58812705.50834013,2020-05-12
69,1589328000000,3.814915419866819,60538682.97751846,2020-05-13
70,1589414400000,3.99890451498647,63258874.46670123,2020-05-14
71,1589500800000,4.071856140038408,64371057.55023568,2020-05-15
72,1589587200000,3.892461903914523,61793646.85571222,2020-05-16
73,1589673600000,3.9971648816939087,63511700.2750674,2020-05-17
74,1589760000000,4.151019773199231,66300793.49089956,2020-05-18
75,1589846400000,4.286925344949075,69403604.3761433,2020-05-19
76,1589932800000,4.282340886247965,69119981.86909364,2020-05-20
77,1590019200000,4.2034820200646905,67905830.5752202,2020-05-21
78,1590105600000,3.9605372269947794,64275394.545255534,2020-05-22
79,1590192000000,4.13825369998682,66961400.81173821,2020-05-23
80,1590278400000,4.129297420753502,66331213.429100394,2020-05-24
81,1590364800000,4.005183499230928,65123660.0807593,2020-05-25
82,1590451200000,4.086417201302316,65787854.692861915,2020-05-26
83,1590537600000,4.024045873464237,64365887.50291947,2020-05-27
84,1590624000000,4.14618697544595,66621652.00698803,2020-05-28
85,1590710400000,4.43916879327391,70505763.59024993,2020-05-29
86,1590796800000,4.4063662472585365,68368835.71998523,2020-05-30
87,1590883200000,4.844311400836444,75267169.3382956,2020-05-31
88,1590969600000,4.639933130837599,71542831.1647749,2020-06-01
89,1591056000000,4.960123601703382,77142287.86725652,2020-06-02
90,1591142400000,4.750160432632275,73640369.14089356,2020-06-03
91,1591228800000,4.889740200491274,76002278.34063877,2020-06-04
92,1591315200000,4.874877534732501,75336185.49007878,2020-06-05
93,1591401600000,4.7898309302443325,74063191.8436867,2020-06-06
94,1591488000000,4.839617056498495,74971900.21378596,2020-06-07
95,1591574400000,4.891748158689181,75852472.34710254,2020-06-08
96,1591660800000,4.917204889964534,77525590.16831571,2020-06-09
97,1591747200000,4.881958217495138,76299177.25529714,2020-06-10
98,1591833600000,4.9540026251618245,61273460.272340536,2020-06-11
99,1591920000000,4.628433907551696,57700375.45762103,2020-06-12
100,1592006400000,4.754712307158991,60025031.72116389,2020-06-13
101,1592092800000,4.766532799184934,60440629.91992164,2020-06-14
102,1592179200000,4.650008215813891,60483778.73999155,2020-06-15
103,1592265600000,4.619720377457576,65720014.98152727,2020-06-16
104,1592352000000,4.706433191886691,89736599.38846529,2020-06-17
105,1592438400000,4.680319020267822,96276461.6406464,2020-06-18
106,1592524800000,4.638755659993407,130081869.55233307,2020-06-19
107,1592611200000,4.569843269489438,142007457.8499767,2020-06-20
108,1592697600000,4.581774426414065,163267951.42923063,2020-06-21
109,1592784000000,4.561355710117618,219724781.56275302,2020-06-22
110,1592870400000,4.865076492951616,238892678.30589208,2020-06-23
111,1592956800000,4.862548850757976,226073779.46154737,2020-06-24
112,1593043200000,4.698647757421423,215499832.39572114,2020-06-25
113,1593129600000,4.65531501331398,234487676.77783635,2020-06-26
114,1593216000000,4.595709923704973,240962744.54614744,2020-06-27
115,1593302400000,4.421904492853231,228847937.8445228,2020-06-28
116,1593388800000,4.501106769809236,234570832.76770148,2020-06-29
117,1593475200000,4.565465148853577,243611479.8896962,2020-06-30
118,1593561600000,4.519519947886268,232334030.9398801,2020-07-01
119,1593648000000,4.621793815010021,239749496.1706379,2020-07-02
120,1593734400000,4.536075546706914,248866692.77267125,2020-07-03
121,1593820800000,4.502496923666238,223202584.8466071,2020-07-04
122,1593907200000,4.583534132747494,223371337.78870183,2020-07-05
123,1593993600000,4.5560569193877685,227389504.67549956,2020-07-06
124,1594080000000,4.833237503486923,256366310.8576501,2020-07-07
125,1594166400000,4.785483232956572,251222465.43835452,2020-07-08
126,1594252800000,4.941110304684924,240254061.49562213,2020-07-09
127,1594339200000,4.8422957529295365,220699149.79122764,2020-07-10
128,1594425600000,4.8235716688632255,228941888.22948325,2020-07-11
129,1594512000000,4.787915763516072,229099556.11975116,2020-07-12
130,1594598400000,4.8439376568361965,242819366.17360085,2020-07-13
131,1594684800000,4.79814455309043,242172488.36657146,2020-07-14
132,1594771200000,4.810410791473595,243660290.42827657,2020-07-15
133,1594857600000,4.776193509852275,241854242.525556,2020-07-16
134,1594944000000,4.675855050595478,238125245.29183713,2020-07-17
135,1595030400000,4.659459524800579,235977767.74159095,2020-07-18
136,1595116800000,4.720782291218214,240060027.65956846,2020-07-19
137,1595203200000,4.784524417778794,250023239.2500484,2020-07-20
138,1595289600000,4.723982707242303,262042184.04494068,2020-07-21
139,1595376000000,4.905965903992931,274527229.0448205,2020-07-22
140,1595462400000,5.284675797879948,275909122.80485576,2020-07-23
141,1595548800000,5.51259700377262,282725859.3432352,2020-07-24
142,1595635200000,5.591499621542222,292549763.2136216,2020-07-25
143,1595721600000,6.105082930602585,320071570.9123116,2020-07-26
144,1595808000000,6.209741855453584,302788578.9631734,2020-07-27
145,1595894400000,6.428750289346891,319230482.5088124,2020-07-28
146,1595980800000,6.33817117127853,311176349.6254122,2020-07-29
147,1596067200000,6.360401386667388,317807580.566848,2020-07-30
148,1596153600000,6.702943257673899,352435884.94154584,2020-07-31
149,1596240000000,6.9235658925149535,354328893.3779041,2020-08-01
150,1596326400000,7.772038635061232,417590546.8624231,2020-08-02
151,1596412800000,7.435463098107132,409723877.2914611,2020-08-03
152,1596499200000,7.704184795793765,400612336.05225265,2020-08-04
153,1596585600000,7.78467511027231,413277400.02335,2020-08-05
154,1596672000000,8.013166352746781,420755737.24437517,2020-08-06
155,1596758400000,7.88344698533226,415510784.58706117,2020-08-07
156,1596844800000,7.59489073879991,393148602.34374774,2020-08-08
157,1596931200000,7.849157851965433,396137051.91985077,2020-08-09
158,1597017600000,7.790202981805333,389987765.9110883,2020-08-10
159,1597104000000,7.911532141046549,401990956.42718595,2020-08-11
160,1597190400000,7.594454428167125,398879403.26843894,2020-08-12
161,1597276800000,7.765471066256765,393352548.3726499,2020-08-13
162,1597363200000,8.500915280376969,454528487.5885111,2020-08-14
163,1597449600000,8.761974154724172,470369700.05022377,2020-08-15
164,1597536000000,8.660484515695446,455051606.6118283,2020-08-16
165,1597622400000,8.680518090100673,450244725.59003997,2020-08-17
166,1597708800000,8.59385477994216,420423367.22782826,2020-08-18
167,1597795200000,8.449757972178615,402957475.28174454,2020-08-19
168,1597881600000,8.148376486489184,391380487.1805942,2020-08-20
169,1597968000000,8.330372059956648,401098281.01286525,2020-08-21
170,1598054400000,7.744461639743906,371005969.99537086,2020-08-22
171,1598140800000,7.931014745780054,382242552.3832613,2020-08-23
172,1598227200000,7.8177681791142914,379510694.87522984,2020-08-24
173,1598313600000,8.174625480969869,404509340.6096952,2020-08-25
174,1598400000000,7.691271814357685,381764630.6725591,2020-08-26
175,1598486400000,7.724790409051752,384097034.3996213,2020-08-27
176,1598572800000,7.6448464615641605,384393700.23660654,2020-08-28
177,1598659200000,7.907951823220101,403303969.34673434,2020-08-29
178,1598745600000,7.9839655808538,394368297.6854396,2020-08-30
179,1598832000000,8.57223057127255,406464350.22198236,2020-08-31
180,1598918400000,8.707748611963956,411515135.99075466,2020-09-01
181,1599004800000,9.526169922293828,442957569.9993399,2020-09-02
182,1599091200000,8.826881716790297,407261761.89753324,2020-09-03
183,1599177600000,7.658270761297063,328649072.648047,2020-09-04
184,1599264000000,7.777282041724898,328869137.7916626,2020-09-05
185,1599350400000,6.6745357956470235,310485260.34643596,2020-09-06
186,1599436800000,7.094946451337183,306342200.87956285,2020-09-07
187,1599523200000,7.04494966379361,309611051.6453741,2020-09-08
188,1599609600000,6.7544811778392475,298733875.33131355,2020-09-09
189,1599696000000,7.025410962006878,312736174.4859049,2020-09-10
190,1599782400000,7.361640054962862,334032977.0447708,2020-09-11
191,1599868800000,7.490107555381979,341517546.75297755,2020-09-12
192,1599955200000,7.757811986106495,359711158.27910453,2020-09-13
193,1600041600000,7.320288980019901,353555378.9704657,2020-09-14
194,1600128000000,7.480428174828848,378923341.6604192,2020-09-15
195,1600214400000,7.295896893673952,383303090.50493145,2020-09-16
196,1600300800000,7.313872449291609,376352325.7213844,2020-09-17
197,1600387200000,7.7950464281626815,385735059.4592953,2020-09-18
198,1600473600000,7.663867451117973,354357845.1622804,2020-09-19
199,1600560000000,7.711309030142998,351576123.5327475,2020-09-20
200,1600646400000,7.35182147578515,332253277.76063085,2020-09-21
201,1600732800000,6.872294897459487,291353678.91388613,2020-09-22
202,1600819200000,6.90942225924135,302761447.8120294,2020-09-23
203,1600905600000,6.415521268441814,262393394.16445005,2020-09-24
204,1600992000000,6.988449604647322,263808869.03569186,2020-09-25
205,1601078400000,7.031088562754141,265020841.08912224,2020-09-26
206,1601164800000,7.085775318280009,266951610.04806706,2020-09-27
207,1601251200000,7.147803218058664,264267734.40930873,2020-09-28
208,1601337600000,7.102401753807723,266602998.85787943,2020-09-29
209,1601424000000,7.198829307954164,271188615.93125015,2020-09-30
210,1601510400000,7.203713944982616,269860539.6863766,2020-10-01
211,1601596800000,7.07512731603349,263815264.6932394,2020-10-02
212,1601683200000,6.92501325830337,259054013.31723592,2020-10-03
213,1601769600000,6.926476367603951,264052752.17762348,2020-10-04
214,1601856000000,7.0578425301725725,271569090.82110584,2020-10-05
215,1601942400000,7.082142951390721,280506376.3886389,2020-10-06
216,1602028800000,6.819207959383911,273222430.9040414,2020-10-07
217,1602115200000,6.836958515640637,290106676.74252003,2020-10-08
218,1602201600000,7.027328428086432,306059597.0586477,2020-10-09
219,1602288000000,7.313204611049508,318967313.7474467,2020-10-10
220,1602374400000,7.414146384247164,327788405.0996588,2020-10-11
221,1602460800000,7.499488993751296,336957490.0467412,2020-10-12
222,1602547200000,7.746099930450849,350197482.94284916,2020-10-13
223,1602633600000,7.630709680555512,346351601.65885884,2020-10-14
224,1602720000000,7.595872261746952,346443811.79390293,2020-10-15
225,1602806400000,7.547916785943017,344266461.36810815,2020-10-16
226,1602892800000,7.321906061248916,335024134.4132742,2020-10-17
227,1602979200000,7.3572959591108456,334988563.67691714,2020-10-18
228,1603065600000,7.5605996131905275,347851836.8279287,2020-10-19
229,1603152000000,7.589473532409124,356546806.7688777,2020-10-20
230,1603238400000,7.381523905662207,355361658.42753756,2020-10-21
231,1603324800000,7.838828708713762,381767372.2817707,2020-10-22
232,1603411200000,8.281352872423737,405339528.38245606,2020-10-23
233,1603497600000,8.189650085924326,412915932.2448663,2020-10-24
234,1603584000000,8.248705073595548,442032198.8789489,2020-10-25
235,1603670400000,8.126771269298734,441898096.72465146,2020-10-26
236,1603756800000,7.880346496444249,433679093.731656,2020-10-27
237,1603843200000,8.04616337350178,445268768.3988611,2020-10-28
238,1603929600000,7.786128006403431,430405694.783406,2020-10-29
239,1604016000000,7.74294052629034,437391485.6868788,2020-10-30
240,1604102400000,7.6545363780070765,426844982.55389005,2020-10-31
241,1604188800000,7.735161426156431,432906895.1355855,2020-11-01
242,1604275200000,7.907314500039875,443507531.3034483,2020-11-02
243,1604361600000,7.673264058445392,417379253.5977439,2020-11-03
244,1604448000000,7.758704255758599,419264890.58506715,2020-11-04
245,1604534400000,8.029053712746842,436019062.3192517,2020-11-05
246,1604620800000,8.350499360305838,464652776.360664,2020-11-06
247,1604707200000,9.113365172592424,522242182.39445823,2020-11-07
248,1604793600000,8.727261905021221,505698307.1294091,2020-11-08
249,1604880000000,9.100211697341503,527896853.1106136,2020-11-09
250,1604966400000,8.899745525799277,499571137.8662412,2020-11-10
251,1605052800000,9.009895078333397,512578851.01811856,2020-11-11
252,1605139200000,9.28540941755885,534670250.2682952,2020-11-12
253,1605225600000,9.255213417156611,529593486.2921101,2020-11-13
254,1605312000000,9.54588141865351,571558809.6579411,2020-11-14
255,1605398400000,9.259845770135161,554971741.1161573,2020-11-15
256,1605484800000,8.993130686186838,539668647.8651861,2020-11-16
257,1605571200000,9.240199078382828,548282847.2599106,2020-11-17
258,1605657600000,9.65513827789998,578343563.9508302,2020-11-18
259,1605744000000,9.609427857508631,644827631.6584636,2020-11-19
260,1605830400000,9.437208190765395,642259655.8747009,2020-11-20
261,1605916800000,10.198142637149234,652198833.8055904,2020-11-21
262,1606003200000,10.984067120964479,690648592.5720922,2020-11-22
263,1606089600000,11.212550003057661,712682026.9202538,2020-11-23
264,1606176000000,12.186270884135514,756022754.3815751,2020-11-24
265,1606262400000,12.044747228461983,750843232.8720174,2020-11-25
266,1606348800000,11.385734169132759,703428706.2803268,2020-11-26
267,1606435200000,10.372639848449213,612475559.9936912,2020-11-27
268,1606521600000,10.3743231631933,550143793.9910975,2020-11-28
269,1606608000000,10.771935960694586,600086020.5605785,2020-11-29
270,1606694400000,11.470365454271374,632781907.7440375,2020-11-30
271,1606780800000,12.28764092821551,689702514.9801817,2020-12-01
272,1606867200000,11.804445528546879,676980883.0292704,2020-12-02
273,1606953600000,11.978358834207476,686466766.253592,2020-12-03
274,1607040000000,12.357114586808635,682914108.1431782,2020-12-04
275,1607126400000,11.442926690061459,623801001.2237668,2020-12-05
276,1607212800000,11.92719737679705,658708610.0896333,2020-12-06
277,1607299200000,12.044521284565834,673803252.2271445,2020-12-07
278,1607385600000,11.863137729294557,665720213.4053401,2020-12-08
279,1607472000000,11.135922333590122,617342557.6506727,2020-12-09
280,1607558400000,11.491742454983228,632036383.7592264,2020-12-10
281,1607644800000,11.212248933283558,593983441.9483387,2020-12-11
282,1607731200000,10.929185265771835,579637637.6661893,2020-12-12
283,1607817600000,11.387309729003713,615498204.4423087,2020-12-13
284,1607904000000,11.82578009488777,645009734.9007444,2020-12-14
285,1607990400000,11.727481373743778,634674822.107508,2020-12-15
286,1608076800000,11.790940577867124,652012605.3554696,2020-12-16
287,1608163200000,12.697718843884418,700554826.470223,2020-12-17
288,1608249600000,12.892209177678799,705536959.2548246,2020-12-18
289,1608336000000,13.0995758923619,748247174.3960224,2020-12-19
290,1608422400000,13.198974519175449,743572047.0760604,2020-12-20
291,1608508800000,12.794192219211704,735982683.2285075,2020-12-21
292,1608595200000,12.244411200629433,700633050.1156253,2020-12-22
293,1608681600000,12.731276879920609,732505587.8945829,2020-12-23
294,1608768000000,11.849439631062525,683063390.8857718,2020-12-24
295,1608854400000,12.287762291798595,697206796.1683815,2020-12-25
296,1608940800000,12.553843348154384,709949920.1602113,2020-12-26
297,1609027200000,12.741667524819126,723471821.8672509,2020-12-27
298,1609113600000,13.690557957946877,788008901.9831012,2020-12-28
299,1609200000000,14.690441532608332,837346536.4757651,2020-12-29
300,1609286400000,14.716061257878296,811471400.2536795,2020-12-30
301,1609372800000,15.091412374488462,843260474.4633499,2020-12-31
302,1609459200000,14.789986501339412,792096054.2132951,2021-01-01
303,1609545600000,14.607875170509029,824641069.6048445,2021-01-02
304,1609632000000,15.562908379925673,866165825.5108479,2021-01-03
305,1609718400000,19.8831431067089,1161893480.4855218,2021-01-04
306,1609804800000,20.379718142755745,1046379406.6503137,2021-01-05
307,1609891200000,22.17849547290725,1132412640.662933,2021-01-06
308,1609977600000,24.308817042996154,1221440475.4862921,2021-01-07
309,1610064000000,24.480767176573295,1204917184.147758,2021-01-08
310,1610150400000,24.432475874613612,1215472236.489071,2021-01-09
311,1610236800000,25.821924862397733,1229694303.6872315,2021-01-10
312,1610323200000,25.29771732833484,1211269845.8516579,2021-01-11
313,1610409600000,21.790395278872474,1091527340.2043602,2021-01-12
314,1610496000000,20.921716963134603,1038658141.3327719,2021-01-13
315,1610582400000,22.569152591866875,1137302305.830553,2021-01-14
316,1610668800000,24.29098868267893,1296810005.4344108,2021-01-15
317,1610755200000,23.44778790330516,1368964974.00705,2021-01-16
318,1610841600000,24.74571383213298,1411471818.941334,2021-01-17
319,1610928000000,24.767826296285197,1410997863.5427766,2021-01-18
320,1611014400000,25.19168124467242,1420558444.4560714,2021-01-19
321,1611100800000,27.720561406489477,1576592647.2435014,2021-01-20
322,1611187200000,27.80881866146684,1561120462.427781,2021-01-21
323,1611273600000,22.503349573969558,1329389154.327258,2021-01-22
324,1611360000000,24.834829668919028,1363980631.7755814,2021-01-23
325,1611446400000,24.633075232832027,1368903063.1153398,2021-01-24
326,1611532800000,27.71031647744453,1528537043.561614,2021-01-25
327,1611619200000,26.541844993624114,1472310510.2907271,2021-01-26
328,1611705600000,27.130742904865205,1609137240.4681222,2021-01-27
329,1611792000000,25.04761834610582,1463927219.598375,2021-01-28
330,1611878400000,26.614233062374204,1584232252.7209299,2021-01-29
331,1611964800000,27.688654451449327,1654366141.035284,2021-01-30
332,1612051200000,27.546402210078973,1666440858.200181,2021-01-31
333,1612137600000,26.352275933920676,1592613486.1689875,2021-02-01
334,1612224000000,27.44814792508903,1684558009.692827,2021-02-02
335,1612310400000,30.360591819730807,1912759390.8864553,2021-02-03
336,1612396800000,33.40903657080886,2075117802.0489118,2021-02-04
337,1612483200000,31.93857281020017,2146383786.9726145,2021-02-05
338,1612569600000,34.40418146197582,2349423352.1027107,2021-02-06
339,1612656000000,33.68607536434141,2289251062.5405145,2021-02-07
340,1612742400000,32.339302087544695,2153177214.482241,2021-02-08
341,1612828800000,34.979295983867885,2330978986.6532736,2021-02-09
342,1612915200000,35.467972634744285,2364702696.769317,2021-02-10
343,1613001600000,34.861326870404284,2369218047.120596,2021-02-11
344,1613088000000,35.6405356371862,2375245213.576057,2021-02-12
345,1613174400000,36.845654417791685,2373870082.7211637,2021-02-13
346,1613260800000,36.232335965640466,2410265141.778772,2021-02-14
347,1613347200000,36.13713416850786,2364156500.88601,2021-02-15
348,1613433600000,35.5735602140205,2324274671.3256464,2021-02-16
349,1613520000000,35.74185166871988,2346242364.9107933,2021-02-17
350,1613606400000,36.98946052317057,2509641407.806933,2021-02-18
351,1613692800000,38.85263703561377,2624958661.148823,2021-02-19
352,1613779200000,39.311048290003235,2615926234.735896,2021-02-20
353,1613865600000,38.48910701128373,2534301390.4516077,2021-02-21
354,1613952000000,38.94694107891212,2566405549.877698,2021-02-22
355,1614038400000,35.740890734138056,2308503911.280558,2021-02-23
356,1614124800000,31.26822781133308,1965449600.4386153,2021-02-24
357,1614211200000,32.550135920710964,2006128856.7144482,2021-02-25
358,1614297600000,29.727737683686957,1848467315.9833488,2021-02-26
359,1614384000000,28.973162525122543,1666520861.17188,2021-02-27
360,1614470400000,29.366045882729324,1685911435.170281,2021-02-28
361,1614556800000,28.47413844333323,1665487767.405165,2021-03-01
362,1614643200000,31.463598102362372,1868473088.4522643,2021-03-02
363,1614729600000,29.9892364238497,1900429103.4728644,2021-03-03
364,1614816000000,31.663130439346467,1991232658.2882876,2021-03-04
365,1614902400000,30.83944523136235,1935381375.8143146,2021-03-05
366,1614988800000,30.813913180234064,1951135440.9876335,2021-03-06
367,1615075200000,33.366534525647666,2122918850.8404894,2021-03-07
368,1615161600000,34.59522017185715,2410856963.153735,2021-03-08
369,1615248000000,36.684111004540924,2549363741.334691,2021-03-09
370,1615334400000,37.38601665410705,2591684084.5876255,2021-03-10
371,1615420800000,36.1755363883366,2530934930.382024,2021-03-11
372,1615507200000,36.619349592569996,2531896620.906215,2021-03-12
373,1615593600000,35.48776058701812,2405789057.935286,2021-03-13
374,1615680000000,38.59762560474782,2617380216.5077143,2021-03-14
375,1615766400000,37.45408127177023,2583357478.440488,2021-03-15
376,1615852800000,36.07263848669878,2469208962.1248174,2021-03-16
377,1615939200000,36.170164554379575,2592227610.443626,2021-03-17
378,1616025600000,36.56744691087597,2628088208.1744947,2021-03-18
379,1616112000000,35.76364955987484,2614154983.8157663,2021-03-19
380,1616198400000,34.522349209774255,2717467010.024745,2021-03-20
381,1616284800000,36.45718177913322,2730387692.3597608,2021-03-21
382,1616371200000,35.96262402561323,2726825007.9290433,2021-03-22
383,1616457600000,33.884436590544986,2635206325.8416047,2021-03-23
384,1616544000000,33.515083090803174,2678789274.508514,2021-03-24
385,1616630400000,31.87368427357352,2634153984.902736,2021-03-25
386,1616716800000,31.92077810976367,2614180388.713641,2021-03-26
387,1616803200000,34.02464574896238,2724677146.2588687,2021-03-27
388,1616889600000,34.39896828523723,2749781050.6889105,2021-03-28
389,1616976000000,33.80383745174376,2628987446.6944623,2021-03-29
390,1617062400000,36.4451122178162,2879111182.7572637,2021-03-30
391,1617148800000,36.888628723285315,3479871230.9320593,2021-03-31
392,1617235200000,38.36120412253529,3600590133.0678606,2021-04-01
393,1617321600000,39.52478307634133,3747534041.310192,2021-04-02
394,1617408000000,42.77508202516573,4054425307.6475716,2021-04-03
395,1617494400000,40.29110521534517,5072560285.862741,2021-04-04
396,1617580800000,41.62070390354755,5209850578.003518,2021-04-05
397,1617667200000,42.05311967525089,5218445830.848563,2021-04-06
398,1617753600000,42.4151489189854,5189883353.827841,2021-04-07
399,1617840000000,39.60453334425862,4943498981.11955,2021-04-08
400,1617926400000,41.66087442565303,5266782265.947801,2021-04-09
401,1618012800000,41.47336774219355,5227880856.813303,2021-04-10
402,1618099200000,42.820589048238745,5367461990.090288,2021-04-11
403,1618185600000,42.99422659386764,5406255040.247766,2021-04-12
404,1618272000000,42.91148139925012,5447196388.76481,2021-04-13
405,1618358400000,46.050624118108594,5764718833.69265,2021-04-14
406,1618444800000,48.647709582776216,6078411037.932825,2021-04-15
407,1618531200000,50.391998952487704,6208455695.76385,2021-04-16
408,1618617600000,48.77990638628572,6006017222.527498,2021-04-17
409,1618704000000,46.75971996674263,5767350021.52086,2021-04-18
410,1618790400000,44.90178258364615,4078426616.968444,2021-04-19
411,1618876800000,43.55766952257035,3971431355.6042676,2021-04-20
412,1618963200000,46.61514724428444,4245760977.3452253,2021-04-21
413,1619049600000,47.5865403825848,4313983697.094929,2021-04-22
414,1619136000000,48.55736400243331,4378022349.981162,2021-04-23
415,1619222400000,47.35197529326832,4068756425.5586147,2021-04-24
416,1619308800000,44.42998241647431,3616645100.50566,2021-04-25
417,1619395200000,46.36911201388444,3732252666.195859,2021-04-26
418,1619481600000,50.571220451572046,3994983438.374999,2021-04-27
419,1619568000000,53.245183423299046,4213483590.5376935,2021-04-28
420,1619654400000,54.97090577061364,4286541340.4864597,2021-04-29
421,1619740800000,55.29534061442789,4136454194.1678042,2021-04-30
422,1619827200000,55.38906646380033,4138304678.942543,2021-05-01
423,1619913600000,59.06697561888133,4395435830.742199,2021-05-02
424,1620000000000,59.17644510253766,4300221793.9944105,2021-05-03
425,1620086400000,68.94500529126977,5105425821.311602,2021-05-04
426,1620172800000,65.43769667696108,4921583866.728184,2021-05-05
427,1620259200000,70.46861697351629,5233174783.989768,2021-05-06
428,1620345600000,70.08459925355189,5155981848.0101185,2021-05-07
429,1620432000000,69.82374541826609,5193885832.743723,2021-05-08
430,1620518400000,77.96981730776605,5826364062.580637,2021-05-09
431,1620604800000,78.53391495735876,5817630169.390529,2021-05-10
432,1620691200000,79.45023287083562,5963417911.013947,2021-05-11
433,1620777600000,83.61515638025136,6313714853.753923,2021-05-12
434,1620864000000,78.9473153728348,6295290446.234534,2021-05-13
435,1620950400000,74.24831350647753,5738398608.104526,2021-05-14
436,1621036800000,81.7323079571238,6446187461.211013,2021-05-15
437,1621123200000,73.52141991929996,5576299697.59303,2021-05-16
438,1621209600000,71.20145145064217,5512133915.169351,2021-05-17
439,1621296000000,65.80507490888611,5230616220.861622,2021-05-18
440,1621382400000,67.52669962065782,5346627409.234,2021-05-19
441,1621468800000,51.55437402091613,4303024581.429309,2021-05-20
442,1621555200000,55.70327701160116,3992250237.7288446,2021-05-21
443,1621641600000,48.32959264159469,3407854102.5737047,2021-05-22
444,1621728000000,46.764618966538784,3255157427.347773,2021-05-23
445,1621814400000,42.30348130547102,3149359796.7934585,2021-05-24
446,1621900800000,52.76718412606762,3815503425.8844795,2021-05-25
447,1621987200000,52.980305868684,3741676384.7491217,2021-05-26
448,1622073600000,57.49767071022568,4014625181.8021345,2021-05-27
449,1622160000000,55.0107291283643,3820237862.483293,2021-05-28
450,1622246400000,48.490525052233,3366778754.721363,2021-05-29
451,1622332800000,46.02983223093865,3108838435.649714,2021-05-30
452,1622419200000,47.99076308167764,3188973116.056134,2021-05-31
453,1622505600000,54.25795833055209,3547092019.9211183,2021-06-01
454,1622592000000,52.588602263817634,3296895069.0460196,2021-06-02
455,1622678400000,54.39723399781438,3660045582.20881,2021-06-03
456,1622764800000,57.48912013691823,3817433187.5366793,2021-06-04
457,1622851200000,53.79426738990749,3586607399.388872,2021-06-05
458,1622937600000,52.016374054374204,3471667643.8713355,2021-06-06
459,1623024000000,54.29280705009388,3621153464.672516,2021-06-07
460,1623110400000,52.553666253453365,3510586707.489921,2021-06-08
461,1623196800000,50.63727149084391,3391555926.4856963,2021-06-09
462,1623283200000,52.423023789005775,3462489001.96424,2021-06-10
463,1623369600000,49.828866830050536,2986250161.363798,2021-06-11
464,1623456000000,46.89844587534561,2894660773.4122396,2021-06-12
465,1623542400000,48.116724109184084,2820762092.648163,2021-06-13
466,1623628800000,50.22694833717226,2966153338.975022,2021-06-14
467,1623715200000,51.432761574539576,3019138619.129609,2021-06-15
468,1623801600000,51.29488058551592,3020213276.423496,2021-06-16
469,1623888000000,47.327121303316424,2711191599.7584114,2021-06-17
470,1623974400000,47.733351211016576,2910969559.68562,2021-06-18
471,1624060800000,44.78814341015689,2761274074.838266,2021-06-19
472,1624147200000,43.558713495112876,2560778025.0360413,2021-06-20
473,1624233600000,45.55979660618201,2680425037.3062525,2021-06-21
474,1624320000000,37.97369369958826,2184739863.796232,2021-06-22
475,1624406400000,37.35335106745582,2166285015.094729,2021-06-23
476,1624492800000,39.03034132153465,2269758476.364942,2021-06-24
477,1624579200000,39.92514099545427,2342517165.392349,2021-06-25
478,1624665600000,36.56874739654925,2122555087.6278367,2021-06-26
479,1624752000000,36.4524590247802,2097907628.781103,2021-06-27
480,1624838400000,39.64095771624116,2279293874.9927955,2021-06-28
481,1624924800000,41.75975196605776,2402187201.0607367,2021-06-29
482,1625011200000,44.15357149022436,2542264204.659322,2021-06-30
483,1625097600000,45.70765542012222,2663154591.891906,2021-07-01
484,1625184000000,42.46656318331836,2464740985.2930784,2021-07-02
485,1625270400000,43.20979214735758,2510954117.6152797,2021-07-03
486,1625356800000,44.736246205488,2608715932.87946,2021-07-04
487,1625443200000,46.732590920288885,2795356950.1555657,2021-07-05
488,1625529600000,44.36997979839638,2640075991.174389,2021-07-06
489,1625616000000,46.563861359045255,2785420307.883253,2021-07-07
490,1625702400000,46.54602823901895,2886469063.325441,2021-07-08
491,1625788800000,42.58748492681209,2642430712.402152,2021-07-09
492,1625875200000,43.25238536215888,2663411069.055813,2021-07-10
493,1625961600000,42.50843682987256,2615003856.2946377,2021-07-11
494,1626048000000,43.00829420154552,2683974428.5570507,2021-07-12
495,1626134400000,40.846399637367796,2783039765.3810687,2021-07-13
496,1626220800000,38.92201811944951,2669126280.921022,2021-07-14
497,1626307200000,39.99857247600784,2755187797.3385825,2021-07-15
498,1626393600000,38.34445154143024,2643550866.1492367,2021-07-16
499,1626480000000,37.69937941453928,2618483981.4029884,2021-07-17
500,1626566400000,38.12409588875348,2669621258.1277,2021-07-18
501,1626652800000,38.037474938749554,2633065516.6433907,2021-07-19
502,1626739200000,36.663238214177255,2596602325.510605,2021-07-20
503,1626825600000,35.86859702883696,2545570642.0150313,2021-07-21
504,1626912000000,40.10835570864196,2811101745.277599,2021-07-22
505,1626998400000,40.624088660994154,2785349917.847542,2021-07-23
506,1627084800000,42.452157257551676,3000110288.99208,2021-07-24
507,1627171200000,43.71530603524644,3065887182.8688426,2021-07-25
508,1627257600000,43.93825703286096,3151163715.177017,2021-07-26
509,1627344000000,44.78423380122059,3391341167.962446,2021-07-27
510,1627430400000,45.82139393074695,3440389044.5042796,2021-07-28
511,1627516800000,46.094161378815066,3453593179.2171535,2021-07-29
512,1627603200000,47.83527504544215,3601762071.3100495,2021-07-30
513,1627689600000,49.12804778345493,3660992262.3102,2021-07-31
514,1627776000000,51.034101279907006,3848366165.444489,2021-08-01
515,1627862400000,51.19604375942688,3881916187.340206,2021-08-02
516,1627948800000,52.54939843021203,3957719433.5340757,2021-08-03
517,1628035200000,50.31769096604646,3790907754.30686,2021-08-04
518,1628121600000,54.606584444935365,4119985513.251948,2021-08-05
519,1628208000000,56.6679911750049,4296508599.163229,2021-08-06
520,1628294400000,57.872840752297805,4362462231.8297415,2021-08-07
521,1628380800000,63.15315809335727,4721326568.653899,2021-08-08
522,1628467200000,60.64551439539054,4558473957.109774,2021-08-09
523,1628553600000,63.38397910643836,4659745676.861342,2021-08-10
524,1628640000000,62.79412762335833,4736254864.306268,2021-08-11
525,1628726400000,63.522898053281594,4835452921.282818,2021-08-12
526,1628812800000,61.01573152425509,4722489473.962095,2021-08-13
527,1628899200000,66.54823252431365,5139891604.738229,2021-08-14
528,1628985600000,65.4552792156165,5056057074.695879,2021-08-15
529,1629072000000,66.34720093665607,5122384586.635098,2021-08-16
530,1629158400000,63.47688611072852,5003928966.895255,2021-08-17
531,1629244800000,60.34169543170659,4748731821.2157755,2021-08-18
532,1629331200000,60.85521542948547,4906777993.44347,2021-08-19
533,1629417600000,62.95999382569349,4902062678.160633,2021-08-20
534,1629504000000,65.67208377884828,5264718091.587312,2021-08-21
535,1629590400000,64.83974812199172,5251978621.717932,2021-08-22
536,1629676800000,64.94047074984653,5300625370.972133,2021-08-23
537,1629763200000,66.62599483771655,5432484675.923288,2021-08-24
538,1629849600000,63.98163457341629,5329691071.778191,2021-08-25
539,1629936000000,64.73250224249244,5563867514.4940815,2021-08-26
540,1630022400000,62.706832943613634,5428854427.676287,2021-08-27
541,1630108800000,65.41253633375597,5676796421.400333,2021-08-28
542,1630195200000,65.03420589395166,5699796221.164326,2021-08-29
543,1630281600000,64.93908467942695,5671249157.920199,2021-08-30
544,1630368000000,64.94425527206027,5991752171.269399,2021-08-31
545,1630454400000,69.12039534398964,6351894362.971044,2021-09-01
546,1630540800000,76.53613225829548,6981943279.488918,2021-09-02
547,1630627200000,76.05318002931348,7164027422.244396,2021-09-03
548,1630713600000,78.76249155497102,7416295713.014086,2021-09-04
549,1630800000000,77.93478324432687,7331633841.180485,2021-09-05
550,1630886400000,79.15656562096342,7410072043.36469,2021-09-06
551,1630972800000,78.83859821505399,7387656175.463931,2021-09-07
552,1631059200000,69.11540582844731,6582234494.658432,2021-09-08
553,1631145600000,70.26002690607137,6332489687.381736,2021-09-09
554,1631232000000,69.00906555181804,6175660555.016558,2021-09-10
555,1631318400000,64.30195275994745,5749058891.418661,2021-09-11
556,1631404800000,65.56140387633928,5717839428.021776,2021-09-12
557,1631491200000,68.59866390495976,6003507221.414952,2021-09-13
558,1631577600000,66.1652040373359,5688340834.7674675,2021-09-14
559,1631664000000,68.67441232221752,5761890386.095575,2021-09-15
560,1631750400000,72.2056287181397,6387087310.295864,2021-09-16
561,1631836800000,71.5520346084258,6255083963.5906725,2021-09-17
562,1631923200000,68.34935937628885,6039807020.916109,2021-09-18
563,1632009600000,68.86418154249651,6075346061.012074,2021-09-19
564,1632096000000,66.9328959048769,5910229871.30585,2021-09-20
565,1632182400000,59.475416660075204,5389966777.261424,2021-09-21
566,1632268800000,55.11477850583433,5146335491.017581,2021-09-22
567,1632355200000,61.56264919243547,5882044718.726943,2021-09-23
568,1632441600000,63.4356135610223,6077208769.480841,2021-09-24
569,1632528000000,58.82715581306934,5634416383.551401,2021-09-25
570,1632614400000,58.93002895880796,5597337378.006879,2021-09-26
571,1632700800000,61.593239671385966,5809531839.902271,2021-09-27
572,1632787200000,59.21006312397473,5618286098.582644,2021-09-28
573,1632873600000,56.522607536662356,5355202287.405475,2021-09-29
574,1632960000000,57.13383008013546,5376260661.340487,2021-09-30
575,1633046400000,60.3497911071693,5602538030.143399,2021-10-01
576,1633132800000,66.39936501817277,6055338695.839575,2021-10-02
577,1633219200000,67.9824205149127,6188215589.242974,2021-10-03
578,1633305600000,68.72392281178016,5967420553.4819565,2021-10-04
579,1633392000000,68.16388270958876,5883250074.196588,2021-10-05
580,1633478400000,70.5843959618398,6081657332.03977,2021-10-06
581,1633564800000,71.94589391932668,5985715115.4251585,2021-10-07
582,1633651200000,72.08423087475843,5933724138.663988,2021-10-08
583,1633737600000,71.54476331328027,5554569918.6823,2021-10-09
584,1633824000000,77.5203421255325,5533581723.966371,2021-10-10
585,1633910400000,68.59978834737883,5445774819.239642,2021-10-11
586,1633996800000,71.19460549459033,5568463227.812463,2021-10-12
587,1634083200000,70.25333470948334,5528610421.223269,2021-10-13
588,1634169600000,72.31647710286684,5940306727.179435,2021-10-14
589,1634256000000,76.12811604484942,6079786594.455341,2021-10-15
590,1634342400000,77.9263136877087,6142240023.752722,2021-10-16
591,1634428800000,77.11498524343583,6125596985.625103,2021-10-17
592,1634515200000,77.20138696496309,6069523529.926062,2021-10-18
593,1634601600000,75.05913671465247,5969287829.779937,2021-10-19
594,1634688000000,77.79321832946447,6100866248.748695,2021-10-20
595,1634774400000,83.61140596245833,6683792307.278085,2021-10-21
596,1634860800000,81.66177007234998,6415636121.309741,2021-10-22
597,1634947200000,80.05355341734588,6319571497.065553,2021-10-23
598,1635033600000,83.90424869201615,6567270482.900298,2021-10-24
599,1635120000000,82.28089311462881,6421813907.264202,2021-10-25
600,1635206400000,84.87504505491705,6659570840.502306,2021-10-26
601,1635292800000,83.17237175245434,6546992499.006126,2021-10-27
602,1635379200000,78.86555965695231,6133272397.723309,2021-10-28
603,1635465600000,86.04829620489284,6670336272.508987,2021-10-29
604,1635552000000,88.64420919952663,7290249444.649645,2021-10-30
605,1635638400000,86.55353462384721,6895545216.339049,2021-10-31
606,1635724800000,86.11396772847662,6817605993.941326,2021-11-01
607,1635811200000,86.97531131593841,7004980246.368177,2021-11-02
608,1635897600000,91.93919562872213,7412051487.331745,2021-11-03
609,1635984000000,92.47923753222804,7408270913.061133,2021-11-04
610,1636070400000,91.16905272480388,7301771307.782149,2021-11-05
611,1636156800000,90.04279233480823,7238295155.181649,2021-11-06
612,1636243200000,90.68711715384998,7269308139.049204,2021-11-07
613,1636329600000,92.51497491380567,7418537637.574043,2021-11-08
614,1636416000000,96.68557236611441,7750648983.436043,2021-11-09
615,1636502400000,95.1875314303796,7616906403.838915,2021-11-10
616,1636588800000,92.98300027142979,7428252461.8361,2021-11-11
617,1636675200000,95.23791250228156,7620935702.767315,2021-11-12
618,1636761600000,93.89547869737407,7610005833.948587,2021-11-13
619,1636848000000,93.50578940364986,7587014823.387552,2021-11-14
620,1636934400000,93.04798990763499,7511161742.783632,2021-11-15
621,1637020800000,91.97805678606974,7506834635.062121,2021-11-16
622,1637107200000,85.07806612837638,6946175271.078212,2021-11-17
623,1637193600000,86.1097531165918,6966234065.968784,2021-11-18
624,1637280000000,79.9739076074149,6541675518.243967,2021-11-19
625,1637366400000,86.301273666307,7081416668.756208,2021-11-20
626,1637452800000,88.88723156045364,7325579077.041996,2021-11-21
627,1637539200000,86.99687730034891,7171793402.792464,2021-11-22
628,1637625600000,82.07061209006874,6743377366.244989,2021-11-23
629,1637712000000,87.2530381504977,7160464097.244226,2021-11-24
630,1637798400000,85.51433117579525,7003355299.534159,2021-11-25
631,1637884800000,90.64751361334865,7415302356.573887,2021-11-26
632,1637971200000,81.1148383523325,6738423946.914215,2021-11-27
633,1638057600000,81.7374369014841,6794462733.217788,2021-11-28
634,1638144000000,86.19433363414642,7104136011.558114,2021-11-29
635,1638230400000,89.20867675617637,7137534645.76286,2021-11-30
636,1638316800000,93.00141752097805,7444302133.661633,2021-12-01
637,1638403200000,91.87727310192503,7377264576.9921465,2021-12-02
638,1638489600000,90.84282489089786,7251765883.599531,2021-12-03
639,1638576000000,84.98846904072326,6773740957.417793,2021-12-04
640,1638662400000,82.12153871739783,6469274054.846544,2021-12-05
641,1638748800000,84.01906501348563,6637670111.678546,2021-12-06
642,1638835200000,87.19646226962487,6860338470.506603,2021-12-07
643,1638921600000,86.31383059354904,6817061438.291074,2021-12-08
644,1639008000000,88.9731539358,7038314974.323094,2021-12-09
645,1639094400000,83.28777034463289,6345715243.306137,2021-12-10
646,1639180800000,78.60294825165434,5984865148.644988,2021-12-11
647,1639267200000,81.77645616429876,6178326993.142955,2021-12-12
648,1639353600000,82.83680327345455,6242140019.791959,2021-12-13
649,1639440000000,75.94250099637078,5714929545.811222,2021-12-14
650,1639526400000,77.27896746026326,5781943869.276486,2021-12-15
651,1639612800000,80.55473467551968,6032275554.384564,2021-12-16
652,1639699200000,79.58083867597634,5964080564.901309,2021-12-17
653,1639785600000,78.00722876229325,5844118231.8697,2021-12-18
654,1639872000000,79.58809722026106,5937907200.650703,2021-12-19
655,1639958400000,78.8181668191472,5918525900.530784,2021-12-20
656,1640044800000,79.28642791233912,5923059746.416014,2021-12-21
657,1640131200000,81.11214095620946,5985183406.087597,2021-12-22
658,1640217600000,80.16588203596126,5934943308.107486,2021-12-23
659,1640304000000,82.5882260720856,6089305976.27201,2021-12-24
660,1640390400000,81.17085230871733,5954149010.091405,2021-12-25
661,1640476800000,82.4107979106369,6081056705.590125,2021-12-26
662,1640563200000,81.75801533623414,6025218361.944771,2021-12-27
663,1640649600000,81.0965682529567,5927376776.386242,2021-12-28
664,1640736000000,76.33549789701534,5608894270.502268,2021-12-29
665,1640822400000,72.96461860752487,5290598017.153359,2021-12-30
666,1640908800000,74.53402833962733,5400560388.338059,2021-12-31
667,1640995200000,74.01843557817651,5338761097.215351,2022-01-01
668,1641081600000,75.55009925867252,5413552425.510454,2022-01-02
669,1641168000000,77.06174735588144,5376913996.737253,2022-01-03
670,1641254400000,75.6182431696412,5290176416.603104,2022-01-04
671,1641340800000,76.27910543292295,5316606020.335241,2022-01-05
672,1641427200000,71.26015043849152,5038799317.493568,2022-01-06
673,1641513600000,68.47747614316964,4998460994.198603,2022-01-07
674,1641600000000,64.06596293515595,4676444568.509134,2022-01-08
675,1641686400000,62.119458756908465,4510188368.096141,2022-01-09
676,1641772800000,63.532266401678264,4493869325.57777,2022-01-10
677,1641859200000,61.98084684387972,4373533453.840328,2022-01-11
678,1641945600000,65.07002368107554,4485616062.029403,2022-01-12
679,1642032000000,67.74384121549073,4598211299.737365,2022-01-13
680,1642118400000,65.34219184222255,4436838876.624201,2022-01-14
681,1642204800000,66.4794218077384,4505049596.367242,2022-01-15
682,1642291200000,66.80232323600578,4536744359.509429,2022-01-16
683,1642377600000,67.31525666495514,4505167538.166167,2022-01-17
684,1642464000000,64.45340505874846,4307244684.462392,2022-01-18
685,1642550400000,63.520237917420374,4212314719.7960434,2022-01-19
686,1642636800000,62.0009229117798,4140926204.1672897,2022-01-20
687,1642723200000,60.231268128368235,4007196791.9591923,2022-01-21
688,1642809600000,51.39596967525469,3451737084.8044124,2022-01-22
689,1642896000000,48.49444383191187,3229042720.8520503,2022-01-23
690,1642982400000,50.97972537031192,3373374049.003208,2022-01-24
691,1643068800000,49.034223393141524,3198159824.042115,2022-01-25
692,1643155200000,49.42575441880716,3225296983.418572,2022-01-26
693,1643241600000,49.50473935974418,3034890220.8057337,2022-01-27
694,1643328000000,48.603945061740355,2975391975.0591884,2022-01-28
695,1643414400000,51.21893873836754,3127557931.912431,2022-01-29
696,1643500800000,52.1219938551158,3210481745.2604403,2022-01-30
697,1643587200000,52.365601904814675,3233877506.182583,2022-01-31
698,1643673600000,54.01600121501247,3123717951.9090695,2022-02-01
699,1643760000000,56.13319254100939,3287443919.273873,2022-02-02
700,1643846400000,53.86536063667636,3159655483.5681286,2022-02-03
701,1643932800000,53.541074659003996,3153009442.7165747,2022-02-04
702,1644019200000,59.511891321080675,3487929388.6800265,2022-02-05
703,1644105600000,60.52507204504721,3578380549.0403094,2022-02-06
704,1644192000000,61.40853877861739,3652420584.5109024,2022-02-07
705,1644278400000,63.11985955754462,3405731420.0402613,2022-02-08
706,1644364800000,62.718727468340994,3397384005.2392445,2022-02-09
707,1644451200000,65.08668154601818,3293060173.810915,2022-02-10
708,1644537600000,61.799728458166726,3245305013.496661,2022-02-11
709,1644624000000,58.72479953831371,3111880062.324924,2022-02-12
710,1644710400000,58.42560456502852,3120112435.3474865,2022-02-13
711,1644796800000,57.9727559139784,2972319369.0412793,2022-02-14
712,1644883200000,58.88981330199144,3016191886.739966,2022-02-15
713,1644969600000,63.86239469083044,3285647482.8884797,2022-02-16
714,1645056000000,62.76736571850209,3236000445.430239,2022-02-17
715,1645142400000,57.871621006047334,2995883583.652496,2022-02-18
716,1645228800000,55.960374564135655,2911919346.8323174,2022-02-19
717,1645315200000,55.50961819913681,2875594938.079078,2022-02-20
718,1645401600000,52.844872079487885,2750644534.809113,2022-02-21
719,1645488000000,51.55836180633857,2666194379.5206547,2022-02-22
720,1645574400000,52.883149868305736,2603122684.5947995,2022-02-23
721,1645660800000,52.048650737403435,2616399340.0149026,2022-02-24
722,1645747200000,52.11331202725557,2982122255.1169553,2022-02-25
723,1645833600000,55.965397586838726,3196125391.567016,2022-02-26
724,1645920000000,56.00544302580551,3190697038.859692,2022-02-27
725,1646006400000,52.5390146451872,2951525186.2014995,2022-02-28
726,1646092800000,58.51257622736633,3403166068.5760007,2022-03-01
727,1646179200000,59.601353640363506,3451212299.6151204,2022-03-02
728,1646265600000,59.56557395291517,3444225336.575338,2022-03-03
729,1646352000000,56.890098354330426,3317966076.7427325,2022-03-04
730,1646438400000,52.50239888736733,3064176551.455993,2022-03-05
731,1646524800000,53.55233267317045,3125888972.934774,2022-03-06
732,1646611200000,52.67212292977384,3116669832.6602554,2022-03-07
733,1646697600000,50.345031421631646,2976595790.8644805,2022-03-08
734,1646784000000,51.62240894786453,3067362259.917894,2022-03-09
735,1646870400000,54.495908798437775,3227684856.85177,2022-03-10
736,1646956800000,52.44761493152883,3105043824.183762,2022-03-11
737,1647043200000,51.57261605584865,3055229468.5269504,2022-03-12
738,1647129600000,51.97911880074763,3078387498.396875,2022-03-13
739,1647216000000,50.6901487371099,3003844275.861905,2022-03-14
740,1647302400000,51.76549632322346,3069810534.6867642,2022-03-15
741,1647388800000,52.670267843778994,3126111631.3711677,2022-03-16
742,1647475200000,55.12283965486006,3272781971.914533,2022-03-17
743,1647561600000,56.53959179655606,3354892005.3394904,2022-03-18
744,1647648000000,58.91662900481469,3423841321.319785,2022-03-19
745,1647734400000,58.875083439734325,3275464613.5814466,2022-03-20
746,1647820800000,57.64735171797229,3226773147.9515467,2022-03-21
747,1647907200000,58.37383084730168,3257652271.184104,2022-03-22
748,1647993600000,60.05369531066324,3218634931.5625725,2022-03-23
749,1648080000000,60.2661391376637,3237294695.2391315,2022-03-24
750,1648166400000,62.36975546258927,3350124248.395414,2022-03-25
751,1648252800000,62.205229888049516,3346849939.4714894,2022-03-26
752,1648339200000,62.89069262443779,3387353480.807189,2022-03-27
753,1648425600000,65.50494516110491,3542421988.2080655,2022-03-28
754,1648512000000,67.65624028948355,3662965768.3520856,2022-03-29
755,1648598400000,67.88995348339796,3686267284.009951,2022-03-30
756,1648684800000,68.0509525427156,3633988321.2720156,2022-03-31
757,1648771200000,65.95656331032582,3413138923.24614,2022-04-01
758,1648857600000,69.17686320649851,3578109629.7681427,2022-04-02
759,1648944000000,69.4431659154018,3596085321.311763,2022-04-03
760,1649030400000,70.92782647863582,3670338508.7672167,2022-04-04
761,1649116800000,70.74748615109424,3670041394.2987475,2022-04-05
762,1649203200000,69.06604143150874,3586652022.6058946,2022-04-06
763,1649289600000,63.902438393725674,3339308752.465385,2022-04-07
764,1649376000000,64.96634797305933,3404269918.1540127,2022-04-08
765,1649462400000,64.73316852257624,3388602489.181178,2022-04-09
766,1649548800000,65.24145470276022,3404370883.8246684,2022-04-10
767,1649635200000,64.53573113764598,3373630506.1730657,2022-04-11
768,1649721600000,60.381031992558746,3139574493.894546,2022-04-12
769,1649808000000,60.555839700032415,3133663903.2202263,2022-04-13
770,1649894400000,62.70357533743789,3244566610.1096864,2022-04-14
771,1649980800000,60.48503845631222,3161932860.3310432,2022-04-15
772,1650067200000,60.8854122334375,3179781979.1054764,2022-04-16
773,1650153600000,61.520242975299425,3208218877.082672,2022-04-17
774,1650240000000,61.020038944418545,3184711013.4215274,2022-04-18
775,1650326400000,61.47814657363036,3113990091.1887445,2022-04-19
776,1650412800000,62.23630419336972,3150409513.3471284,2022-04-20
777,1650499200000,62.02892404302008,3126235227.3645782,2022-04-21
778,1650585600000,59.87582805597888,2896766888.384595,2022-04-22
779,1650672000000,59.4184837402272,2877847329.6536117,2022-04-23
780,1650758400000,59.3520618240335,2872384535.883542,2022-04-24
781,1650844800000,58.872717215374905,2847314076.1707997,2022-04-25
782,1650931200000,60.32186234027323,2936418151.708354,2022-04-26
783,1651017600000,56.55230320185889,2766879583.0428214,2022-04-27
784,1651104000000,57.748945476637715,2786878555.646248,2022-04-28
785,1651190400000,58.730314554014804,2831577283.6003675,2022-04-29
786,1651276800000,56.62150525454724,2738986252.2782073,2022-04-30
787,1651363200000,55.51610715510598,2673987471.687186,2022-05-01
788,1651449600000,56.44827043705018,2703969752.093155,2022-05-02
789,1651536000000,57.497448540322786,2740007085.697978,2022-05-03
790,1651622400000,55.98076812907758,2664898714.8015585,2022-05-04
791,1651708800000,58.806197061050796,2782707307.6842246,2022-05-05
792,1651795200000,55.05518983997375,2408560698.4173875,2022-05-06
793,1651881600000,54.20140986221949,2207486093.17763,2022-05-07
794,1651968000000,52.527722790512506,2152881700.3993683,2022-05-08
795,1652054400000,50.972772763249175,2117023821.0491524,2022-05-09
796,1652140800000,46.146577076025984,1923699663.8067868,2022-05-10
797,1652227200000,47.08028055522532,1961023517.646674,2022-05-11
798,1652313600000,41.49867441297122,1715663712.4495375,2022-05-12
799,1652400000000,38.80601464920605,1579395116.1374488,2022-05-13
800,1652486400000,41.28033253983587,1686301052.031816,2022-05-14
801,1652572800000,41.41876588227536,1675716933.4161897,2022-05-15
802,1652659200000,42.86086991838697,1728043452.431846,2022-05-16
803,1652745600000,40.829481901457775,1639075662.7368944,2022-05-17
804,1652832000000,42.10303220129442,1690020343.2754362,2022-05-18
805,1652918400000,39.258739385676456,1580360852.543546,2022-05-19
806,1653004800000,40.353094223569634,1625449445.198136,2022-05-20
807,1653091200000,39.37495177344932,1588016178.209311,2022-05-21
808,1653177600000,39.69331497431847,1597364053.600807,2022-05-22
809,1653264000000,40.914011605483935,1640791478.368779,2022-05-23
810,1653350400000,39.63417266128826,1592467636.0707898,2022-05-24
811,1653436800000,39.76598480150537,1597176309.1444998,2022-05-25
812,1653523200000,39.33223738607078,1565890887.3314915,2022-05-26
813,1653609600000,36.61754756093388,1386451189.5502355,2022-05-27
814,1653696000000,35.01206574715051,1344346887.3071535,2022-05-28
815,1653782400000,35.858803192198806,1372960059.9866705,2022-05-29
816,1653868800000,36.38891526040669,1393686395.8771877,2022-05-30
817,1653955200000,40.025907213416616,1538900364.2524633,2022-05-31
818,1654041600000,39.21487390727901,1470776639.9272087,2022-06-01
819,1654128000000,36.605735118725825,1366837027.0657525,2022-06-02
820,1654214400000,36.84725244316035,1375437278.0296118,2022-06-03
821,1654300800000,35.78859018714744,1353125200.354115,2022-06-04
822,1654387200000,36.102837372871065,1368943798.931579,2022-06-05
823,1654473600000,36.45298895706061,1375546907.577416,2022-06-06
824,1654560000000,37.28813856247799,1401225561.4963892,2022-06-07
825,1654646400000,36.29667757858208,1371070914.9324234,2022-06-08
826,1654732800000,36.129102478566516,1374683927.4884918,2022-06-09
827,1654819200000,35.8576368594989,1362905608.2142482,2022-06-10
828,1654905600000,33.640425597010896,1330703844.4605634,2022-06-11
829,1654992000000,31.04947065096046,1230677000.810757,2022-06-12
830,1655078400000,29.293562189027192,1045922987.0866919,2022-06-13
831,1655164800000,23.972033869330467,832737799.4630423,2022-06-14
832,1655251200000,23.6497688413433,813106481.3118873,2022-06-15
833,1655337600000,24.497089125897546,791687058.5373992,2022-06-16
834,1655424000000,21.45327041264645,701209956.6304281,2022-06-17
835,1655510400000,21.784584618180666,708727659.1192062,2022-06-18
836,1655596800000,19.866149200074336,648633486.0433673,2022-06-19
837,1655683200000,22.84432813855585,751611647.9634283,2022-06-20
838,1655769600000,22.10659996596961,730892775.5946494,2022-06-21
839,1655856000000,22.807904980690388,759325420.9867008,2022-06-22
840,1655942400000,21.2986170458973,712543561.4597167,2022-06-23
841,1656028800000,22.93167984089083,765441817.8037443,2022-06-24
842,1656115200000,24.710976080949752,823190976.448327,2022-06-25
843,1656201600000,24.938596532361125,827586778.5565028,2022-06-26
844,1656288000000,24.357140467135128,799607486.3838415,2022-06-27
845,1656374400000,24.147353782662766,793009070.6579226,2022-06-28
846,1656460800000,23.110956593695708,761263710.1369809,2022-06-29
847,1656547200000,22.24823937633518,737190556.8056138,2022-06-30
848,1656633600000,20.608933552240956,666753350.2502601,2022-07-01
849,1656720000000,21.393484383995133,689384136.1748141,2022-07-02
850,1656806400000,21.48444149022146,691287864.509342,2022-07-03
851,1656892800000,21.584238024004136,697318379.5414001,2022-07-04
852,1656979200000,22.944705551958315,698989682.7721722,2022-07-05
853,1657065600000,23.05939682111125,651323202.5881286,2022-07-06
854,1657152000000,24.046837967810756,656867302.909048,2022-07-07
855,1657238400000,24.719536049029823,666581715.8733776,2022-07-08
856,1657324800000,24.70565607936346,664219575.3730581,2022-07-09
857,1657411200000,24.379533052795466,656259409.1969123,2022-07-10
858,1657497600000,23.452416942955814,631605871.864801,2022-07-11
859,1657584000000,22.030592296060778,594157368.3982099,2022-07-12
860,1657670400000,20.918569342990434,566369602.0621092,2022-07-13
861,1657756800000,21.84059153008429,594998529.2649709,2022-07-14
862,1657843200000,23.821914580636513,648456197.1462241,2022-07-15
863,1657929600000,25.04408189015912,686583335.5640104,2022-07-16
864,1658016000000,27.10329562869123,742671431.6360636,2022-07-17
865,1658102400000,27.19598533179305,741353636.047337,2022-07-18
866,1658188800000,30.478693855488235,830643177.3958784,2022-07-19
867,1658275200000,31.483742357270383,855858243.9840566,2022-07-20
868,1658361600000,30.614364604210238,834181827.0387169,2022-07-21
869,1658448000000,31.593583372930997,861190646.8385574,2022-07-22
870,1658534400000,30.936182540067662,843294735.4230112,2022-07-23
871,1658620800000,30.548593900424354,834368594.4140576,2022-07-24
872,1658707200000,32.45133880009541,884227076.1543934,2022-07-25
873,1658793600000,29.808604443722277,811956726.9896679,2022-07-26
874,1658880000000,28.286963985334985,772218131.5223062,2022-07-27
875,1658966400000,32.59717180366995,887954128.4760908,2022-07-28
876,1659052800000,35.00977041067117,948599049.6813949,2022-07-29
877,1659139200000,34.916932210135904,949351204.1008718,2022-07-30
878,1659225600000,34.14813657171511,927603830.2265515,2022-07-31
879,1659312000000,33.656847825757595,911189144.7263443,2022-08-01
880,1659398400000,32.7256293568801,875687955.5183002,2022-08-02
881,1659484800000,33.120151129857845,892678194.1744108,2022-08-03
882,1659571200000,32.56975314670015,846608158.0549347,2022-08-04
883,1659657600000,32.11894142771156,852276104.2593697,2022-08-05
884,1659744000000,34.4484117860523,915825277.1755304,2022-08-06
885,1659830400000,34.46660783980764,919232766.0081986,2022-08-07
886,1659916800000,34.2275468493062,914543740.7488879,2022-08-08
887,1660003200000,35.69741543980432,950641706.635222,2022-08-09
888,1660089600000,34.16419163046965,911257507.6841664,2022-08-10
889,1660176000000,37.21002875181171,990926072.3968377,2022-08-11
890,1660262400000,37.74532178926249,1002524081.3079678,2022-08-12
891,1660348800000,38.71399141561637,968362614.0295542,2022-08-13
892,1660435200000,39.89507215638105,985840011.1688488,2022-08-14
893,1660521600000,38.87831583102512,957337245.0180262,2022-08-15
894,1660608000000,38.034484140414456,925794692.4741197,2022-08-16
895,1660694400000,37.63083111075369,901042600.8627014,2022-08-17
896,1660780800000,36.7854101562341,882840624.1869348,2022-08-18
897,1660867200000,37.48074726631522,905364863.1467283,2022-08-19
898,1660953600000,32.71420903176025,797806133.9468237,2022-08-20
899,1661040000000,31.584925338020636,778301301.2426802,2022-08-21
900,1661126400000,32.59161357794096,810129704.8151723,2022-08-22
901,1661212800000,31.938591784774033,788983313.6985346,2022-08-23
902,1661299200000,33.211529428185294,820121045.2090876,2022-08-24
903,1661385600000,33.39520301506002,825140978.7940246,2022-08-25
904,1661472000000,34.17592420979809,846489094.600471,2022-08-26
905,1661558400000,31.264170321508956,781264352.1705256,2022-08-27
906,1661644800000,29.845520992525458,751275428.4263884,2022-08-28
907,1661731200000,29.35738142292529,742229563.6316763,2022-08-29
908,1661817600000,30.902040651469807,799778812.5591848,2022-08-30
909,1661904000000,31.065487754023096,804796099.364636,2022-08-31
910,1661990400000,31.422750938190802,814152147.6085794,2022-09-01
911,1662076800000,31.826021669893503,825672044.3622787,2022-09-02
912,1662163200000,31.663455374639913,822866502.2611507,2022-09-03
913,1662249600000,31.25610958035028,810981946.6814914,2022-09-04
914,1662336000000,31.543010280542592,818590218.9040425,2022-09-05
915,1662422400000,32.17832722100803,835106808.9257596,2022-09-06
916,1662508800000,31.718672397833867,821133443.6235658,2022-09-07
917,1662595200000,32.86093893169713,647234574.8193967,2022-09-08
918,1662681600000,32.76187271676648,608379491.6092086,2022-09-09
919,1662768000000,34.5159726689791,617848488.5006816,2022-09-10
920,1662854400000,35.707573003127656,631301174.2117779,2022-09-11
921,1662940800000,34.9587739169983,630863881.9147404,2022-09-12
922,1663027200000,34.29262075380063,590191321.4921194,2022-09-13
923,1663113600000,31.85843649290867,527740673.06564456,2022-09-14
924,1663200000000,32.99478687566742,510856667.32693285,2022-09-15
925,1663286400000,29.662860144791363,473477001.9681592,2022-09-16
926,1663372800000,28.773346875813008,442454497.3487856,2022-09-17
927,1663459200000,29.406986134759446,456131843.920114,2022-09-18
928,1663545600000,26.906903576722332,445840447.99286485,2022-09-19
929,1663632000000,27.83534263660211,504145425.57749254,2022-09-20
930,1663718400000,26.678278733736796,490521953.56283104,2022-09-21
931,1663804800000,25.01260004080888,467869526.42949325,2022-09-22
932,1663891200000,26.541627788847514,508190727.0100096,2022-09-23
933,1663977600000,26.78427007223051,528684308.07811236,2022-09-24
934,1664064000000,26.380475667609076,519413517.73806894,2022-09-25
935,1664150400000,25.957517729628826,522564742.1491996,2022-09-26
936,1664236800000,26.64357452585609,536939231.3075978,2022-09-27
937,1664323200000,26.71636039754318,538031238.9954473,2022-09-28
938,1664409600000,26.919441137149715,549887561.6515361,2022-09-29
939,1664496000000,26.72314789732027,556955224.1923208,2022-09-30
940,1664582400000,26.54227110049997,553002626.3087934,2022-10-01
941,1664668800000,26.36608613105082,547414370.3137856,2022-10-02
942,1664755200000,25.91523092334033,538084207.0353119,2022-10-03
943,1664841600000,26.473814961816124,539218052.8608012,2022-10-04
944,1664928000000,27.26882415701632,559036907.4362214,2022-10-05
945,1665014400000,27.185110310963847,556736082.7675906,2022-10-06
946,1665100800000,27.08813998420106,553632924.3470774,2022-10-07
947,1665187200000,26.584974281321273,544241144.3438857,2022-10-08
948,1665273600000,26.349189953092395,539382935.4628443,2022-10-09
949,1665360000000,26.48047830670728,541960935.2122182,2022-10-10
950,1665446400000,25.99723899681817,536039745.37860364,2022-10-11
951,1665532800000,25.733061216166792,531276919.013336,2022-10-12
952,1665619200000,25.98638305736349,536473258.0746017,2022-10-13
953,1665705600000,25.925157762055147,538313385.4636948,2022-10-14
954,1665792000000,26.022768982135936,540195219.8106611,2022-10-15
955,1665878400000,25.568560750874468,531214115.50698733,2022-10-16
956,1665964800000,26.31230849718318,546524711.6438566,2022-10-17
957,1666051200000,26.720082403644366,553134913.4411781,2022-10-18
958,1666137600000,26.347319267652203,544895471.7648816,2022-10-19
959,1666224000000,25.82550932739715,534041532.6431552,2022-10-20
960,1666310400000,25.74775059652512,532670512.5318878,2022-10-21
961,1666396800000,26.128835231420364,539431003.3708538,2022-10-22
962,1666483200000,26.407890302607704,546267889.248364,2022-10-23
963,1666569600000,27.40008063104131,567928506.1194586,2022-10-24
964,1666656000000,27.02109559720389,560241173.4280055,2022-10-25
965,1666742400000,29.238399896850698,603566835.2020636,2022-10-26
966,1666828800000,31.44654830240719,626080237.174526,2022-10-27
967,1666915200000,30.409992816152087,599767303.0197384,2022-10-28
968,1667001600000,31.254993623323976,617627434.6864736,2022-10-29
969,1667088000000,32.57918933596403,642516515.1718032,2022-10-30
970,1667174400000,31.861620311115818,595813693.51447,2022-10-31
971,1667260800000,31.441524191641292,586862467.1705514,2022-11-01
972,1667347200000,31.67785917116393,595617667.8191258,2022-11-02
973,1667433600000,30.298351819107346,558728227.1828647,2022-11-03
974,1667520000000,30.773260142929498,567242562.3241338,2022-11-04
975,1667606400000,33.12590445291699,608171874.34547,2022-11-05
976,1667692800000,32.792135763603696,577954171.9981894,2022-11-06
977,1667779200000,32.24487701584485,567912213.0308778,2022-11-07
978,1667865600000,31.318206979249517,551466012.7584457,2022-11-08
979,1667952000000,26.66182699498521,472295311.7169608,2022-11-09
980,1668038400000,22.411214370654626,421466988.050621,2022-11-10
981,1668124800000,26.696071968500508,489493979.7000557,2022-11-11
982,1668211200000,25.722557781412455,472025932.5529237,2022-11-12
983,1668297600000,25.31412099599055,435775296.6952639,2022-11-13
984,1668384000000,24.62211067054292,416465019.1994239,2022-11-14
985,1668470400000,24.635210877116837,421570535.16256446,2022-11-15
986,1668556800000,25.039904046459466,414399014.3446855,2022-11-16
987,1668643200000,24.32022567516219,399369221.36429626,2022-11-17
988,1668729600000,24.21226415603258,396691238.57301265,2022-11-18
989,1668816000000,24.302050295059193,424547061.534792,2022-11-19
990,1668902400000,24.621522157514473,429390517.70959127,2022-11-20
