,Time,open,mktcap,Date
0,1647302400000,0.05252296613852493,0.0,2022-03-15
1,1647388800000,0.05252296613852493,0.0,2022-03-16
2,1647475200000,0.05517957842196812,0.0,2022-03-17
3,1647561600000,0.05585607908649753,0.0,2022-03-18
4,1647648000000,0.05774827812075313,0.0,2022-03-19
5,1647734400000,0.06472113174610912,0.0,2022-03-20
6,1647820800000,0.05273818651867947,0.0,2022-03-21
7,1647907200000,0.05699081539182864,0.0,2022-03-22
8,1647993600000,0.06247325931201071,0.0,2022-03-23
9,1648080000000,0.06444719065711721,0.0,2022-03-24
10,1648166400000,0.06824938223208829,0.0,2022-03-25
11,1648252800000,0.07111990113252817,0.0,2022-03-26
12,1648339200000,0.0721826293410271,0.0,2022-03-27
13,1648425600000,0.0740451761563009,0.0,2022-03-28
14,1648512000000,0.07311039856040119,0.0,2022-03-29
15,1648598400000,0.07558129564024191,0.0,2022-03-30
16,1648684800000,0.07685557104433996,0.0,2022-03-31
17,1648771200000,0.08404044226523322,0.0,2022-04-01
18,1648857600000,0.07603681956603403,0.0,2022-04-02
19,1648944000000,0.08724201960359788,0.0,2022-04-03
20,1649030400000,0.0888146910043575,0.0,2022-04-04
21,1649116800000,0.08223332930833423,0.0,2022-04-05
22,1649203200000,0.07831947253074471,0.0,2022-04-06
23,1649289600000,0.08642402140118684,0.0,2022-04-07
24,1649376000000,0.08637171641380632,0.0,2022-04-08
25,1649462400000,0.09394701268697632,0.0,2022-04-09
26,1649548800000,0.10449320252672026,0.0,2022-04-10
27,1649635200000,0.10467041927527342,0.0,2022-04-11
28,1649721600000,0.09517441345603463,1487721254.5128875,2022-04-12
29,1649808000000,0.09738848498508149,1628625397.9396305,2022-04-13
30,1649894400000,0.1041460398240927,1741201438.3419275,2022-04-14
31,1649980800000,0.101159637311728,1701800174.1629062,2022-04-15
32,1650067200000,0.09941710884413309,1665580392.6327171,2022-04-16
33,1650153600000,0.10139032771009918,1701834520.620075,2022-04-17
34,1650240000000,0.11254091197611701,1879934759.416493,2022-04-18
35,1650326400000,0.10606170041858805,1776483623.395212,2022-04-19
36,1650412800000,0.11141498160087523,1867024532.6876347,2022-04-20
37,1650499200000,0.10399383069737461,1741297126.3433106,2022-04-21
38,1650585600000,0.09969607799066092,1664790387.016332,2022-04-22
39,1650672000000,0.09912060808341008,1669598704.9888065,2022-04-23
40,1650758400000,0.09958685527540759,1691810175.9621627,2022-04-24
41,1650844800000,0.09476439479753664,1613235866.0127952,2022-04-25
42,1650931200000,0.09463710717301684,1606021025.259327,2022-04-26
43,1651017600000,0.08385094500725723,1418860151.2883985,2022-04-27
44,1651104000000,0.09277773101719232,1558760115.3087213,2022-04-28
45,1651190400000,0.08691865559494472,1474901995.1203105,2022-04-29
46,1651276800000,0.08627156187624788,1465933607.8366883,2022-04-30
47,1651363200000,0.08360327190168762,1410520899.7180934,2022-05-01
48,1651449600000,0.08000541892091842,1356189173.6857839,2022-05-02
49,1651536000000,0.08250657105154467,1386581197.0969539,2022-05-03
50,1651622400000,0.08485324538397711,1439346859.4428318,2022-05-04
51,1651708800000,0.08854309121439259,1502903727.209941,2022-05-05
52,1651795200000,0.0792406577413976,1338650912.3524542,2022-05-06
53,1651881600000,0.08240410946577031,1395047559.3248255,2022-05-07
54,1651968000000,0.0853031981486981,1449781987.721205,2022-05-08
55,1652054400000,0.08039854333375142,1365374671.144987,2022-05-09
56,1652140800000,0.07628571910704056,1293907289.9546013,2022-05-10
57,1652227200000,0.08584060212343418,1437250426.3796027,2022-05-11
58,1652313600000,0.07301715538771558,1240215035.0362864,2022-05-12
59,1652400000000,0.08102015696723516,1373798068.404836,2022-05-13
60,1652486400000,0.08643271438197851,1466677997.284061,2022-05-14
61,1652572800000,0.0935940825236308,1580381838.1561365,2022-05-15
62,1652659200000,0.09803734195926171,1653293871.5004787,2022-05-16
63,1652745600000,0.1031471525192609,1750805560.5997252,2022-05-17
64,1652832000000,0.0919900471467966,1559940110.294667,2022-05-18
65,1652918400000,0.09530358063152639,1617871020.8024158,2022-05-19
66,1653004800000,0.08623542326533473,1467054612.2898042,2022-05-20
67,1653091200000,0.0905241101471687,1534365692.8032093,2022-05-21
68,1653177600000,0.09056670221743493,1537133756.382207,2022-05-22
69,1653264000000,0.09717520896580786,1647751336.6526153,2022-05-23
70,1653350400000,0.09676916526719377,1645099075.8651164,2022-05-24
71,1653436800000,0.09827873890991615,1661845310.7572393,2022-05-25
72,1653523200000,0.10444331973902254,1769470082.5050495,2022-05-26
73,1653609600000,0.12569079941943814,2131269822.9584827,2022-05-27
74,1653696000000,0.17742558086760424,3010151402.8543134,2022-05-28
75,1653782400000,0.17052355552785486,2906929369.7338424,2022-05-29
76,1653868800000,0.17302697293755503,2933619122.10325,2022-05-30
77,1653955200000,0.1738097214388784,2948395785.3522468,2022-05-31
78,1654041600000,0.17384363474936776,2944492593.4279885,2022-06-01
79,1654128000000,0.18164963184705257,3087180921.2041793,2022-06-02
80,1654214400000,0.16851389897473998,2863928552.7703757,2022-06-03
81,1654300800000,0.17521793687703338,2973718106.347039,2022-06-04
82,1654387200000,0.152306635703715,2590098319.414872,2022-06-05
83,1654473600000,0.16345471099014078,2774248956.2944684,2022-06-06
84,1654560000000,0.15935119886455562,2702302790.7279115,2022-06-07
85,1654646400000,0.1613735756345982,2731535939.0490947,2022-06-08
86,1654732800000,0.1619414332514981,3473152652.6001773,2022-06-09
87,1654819200000,0.16076242597943147,3452896291.813603,2022-06-10
88,1654905600000,0.1555270414553994,3359949062.7827888,2022-06-11
89,1654992000000,0.14703906463969585,3160678737.899198,2022-06-12
90,1655078400000,0.1464804960476074,3143053856.716448,2022-06-13
91,1655164800000,0.1335568127959049,2867254943.414341,2022-06-14
92,1655251200000,0.08763117166029041,1889005527.3903308,2022-06-15
93,1655337600000,0.0846418225148672,1817239267.735218,2022-06-16
94,1655424000000,0.08693636270274455,1873218684.676871,2022-06-17
95,1655510400000,0.08903679518739395,1907454622.7903771,2022-06-18
96,1655596800000,0.07999588877539078,1712314742.0614233,2022-06-19
97,1655683200000,0.08405532696249962,1807594052.0156522,2022-06-20
98,1655769600000,0.082687777663935,1770145733.6460297,2022-06-21
99,1655856000000,0.09243773062020968,1984508085.5225165,2022-06-22
100,1655942400000,0.08763372854897654,1886358559.9831867,2022-06-23
101,1656028800000,0.08613484692175183,1849266031.3116643,2022-06-24
102,1656115200000,0.09058178617257658,1930631696.13876,2022-06-25
103,1656201600000,0.08601170434008974,1849291356.451868,2022-06-26
104,1656288000000,0.08429166250575512,1813445797.3092036,2022-06-27
105,1656374400000,0.08912420578850591,1906296015.984027,2022-06-28
106,1656460800000,0.08920832621271915,1910520770.3763664,2022-06-29
107,1656547200000,0.08685689516259842,1867965617.2194462,2022-06-30
108,1656633600000,0.08460503058830841,1847628874.4910161,2022-07-01
109,1656720000000,0.086895914353782,1864054337.266942,2022-07-02
110,1656806400000,0.08518970794457503,1833430316.0625253,2022-07-03
111,1656892800000,0.08472385010846567,1821174437.6830635,2022-07-04
112,1656979200000,0.08699758258314326,1833645842.5869818,2022-07-05
113,1657065600000,0.08561569315702496,1835805999.690755,2022-07-06
114,1657152000000,0.08849712403119106,1900979358.375745,2022-07-07
115,1657238400000,0.08868035485408665,1881198759.3100693,2022-07-08
116,1657324800000,0.09649070257160455,2071715803.0034153,2022-07-09
117,1657411200000,0.10403338541415581,2228893424.051858,2022-07-10
118,1657497600000,0.10135534646447385,2177751115.437316,2022-07-11
119,1657584000000,0.0968591740814531,2076208805.424129,2022-07-12
120,1657670400000,0.09647531174419234,2095434328.847398,2022-07-13
121,1657756800000,0.09433284891716667,2029816386.1620085,2022-07-14
122,1657843200000,0.09429460974524588,2025128224.6995776,2022-07-15
123,1657929600000,0.09396601094976693,2012927254.0876815,2022-07-16
124,1658016000000,0.09357522926390885,2009239805.7808146,2022-07-17
125,1658102400000,0.09058221598169143,1946821569.9777815,2022-07-18
126,1658188800000,0.08932753054461703,1886474876.4358766,2022-07-19
127,1658275200000,0.08820054784292894,1906741174.0694733,2022-07-20
128,1658361600000,0.09030783578043457,1938567730.9330273,2022-07-21
129,1658448000000,0.09391213639351118,2021628547.323562,2022-07-22
130,1658534400000,0.08943760285889928,1916856683.5886068,2022-07-23
131,1658620800000,0.09703451929373184,2083985461.832269,2022-07-24
132,1658707200000,0.09556756654787643,2052800817.2848482,2022-07-25
133,1658793600000,0.09312826018876887,1996574611.9901872,2022-07-26
134,1658880000000,0.08991888003286444,1934268586.3959756,2022-07-27
135,1658966400000,0.0956813566067952,2051655709.1883948,2022-07-28
136,1659052800000,0.09439857630358554,2031627993.9190323,2022-07-29
137,1659139200000,0.09385814729143936,2014814128.2542398,2022-07-30
138,1659225600000,0.0903791573907903,1940145723.5896668,2022-07-31
139,1659312000000,0.09570227297925488,2041048433.2343824,2022-08-01
140,1659398400000,0.09246003556872723,1986134693.2707667,2022-08-02
141,1659484800000,0.09033553982908754,1935085613.050326,2022-08-03
142,1659571200000,0.0878693442090323,1889983668.64849,2022-08-04
143,1659657600000,0.08546263219318062,1824614776.8357658,2022-08-05
144,1659744000000,0.08653607590140842,1859930070.7467043,2022-08-06
145,1659830400000,0.08658085066247329,1855478384.3833537,2022-08-07
146,1659916800000,0.08518736976559982,1830174596.6458185,2022-08-08
147,1660003200000,0.08621447352680432,1852313869.5110953,2022-08-09
148,1660089600000,0.0896586282397952,1927787146.605217,2022-08-10
149,1660176000000,0.08962647142004064,1926276957.2222974,2022-08-11
150,1660262400000,0.08731559981863657,1876067814.6700068,2022-08-12
151,1660348800000,0.08701189451171834,1873260054.243065,2022-08-13
152,1660435200000,0.08721727033580132,1875411289.3382087,2022-08-14
153,1660521600000,0.08575379182452601,1839815463.3486052,2022-08-15
154,1660608000000,0.08411104642160307,1810645191.5938034,2022-08-16
155,1660694400000,0.08577362400251975,1843675619.903216,2022-08-17
156,1660780800000,0.08360437158314593,1785977299.7595568,2022-08-18
157,1660867200000,0.08328805858068436,1783797938.4421484,2022-08-19
158,1660953600000,0.08796712013203607,1885061159.1711314,2022-08-20
159,1661040000000,0.09199852334340779,1978104735.7028332,2022-08-21
160,1661126400000,0.09157661646817895,1967382399.1164904,2022-08-22
161,1661212800000,0.08733289852746928,1874203180.7972555,2022-08-23
162,1661299200000,0.08532572134721741,1833965178.5162783,2022-08-24
163,1661385600000,0.08438477978215841,1813863923.461855,2022-08-25
164,1661472000000,0.08425104683122923,1813871392.464926,2022-08-26
165,1661558400000,0.08581463419311858,1840811642.7969534,2022-08-27
166,1661644800000,0.0861847798333035,1852038258.2040858,2022-08-28
167,1661731200000,0.08794173549372891,1872243728.7881358,2022-08-29
168,1661817600000,0.08474330453077872,1811231002.7285047,2022-08-30
169,1661904000000,0.08213854146466905,1767706796.8705266,2022-08-31
170,1661990400000,0.08233149864406603,1770505474.3753545,2022-09-01
171,1662076800000,0.08060735715391666,1728700060.061112,2022-09-02
172,1662163200000,0.08018095168616625,1722195696.0887008,2022-09-03
173,1662249600000,0.07744581841004582,1670041649.8320143,2022-09-04
174,1662336000000,0.07819437807332856,1678323845.5229108,2022-09-05
175,1662422400000,0.07556764046245673,1621132905.6348076,2022-09-06
176,1662508800000,0.07381375826761118,1584285698.4030278,2022-09-07
177,1662595200000,0.07119631351059452,1529701642.9950612,2022-09-08
178,1662681600000,0.06767099489041736,1453207457.0084038,2022-09-09
179,1662768000000,0.07222304515187954,1556570215.8342497,2022-09-10
180,1662854400000,0.07274882286270275,1551719766.033819,2022-09-11
181,1662940800000,0.07483808833129352,1609200364.247406,2022-09-12
182,1663027200000,0.07425458588801566,1598257489.7252438,2022-09-13
183,1663113600000,0.0689597132959995,1483029365.9469452,2022-09-14
184,1663200000000,0.06823779525067135,1462843790.536978,2022-09-15
185,1663286400000,0.06716421282600649,1443353579.866904,2022-09-16
186,1663372800000,0.06526134345851173,1404598982.4938557,2022-09-17
187,1663459200000,0.06404551774970592,1374357374.7416973,2022-09-18
188,1663545600000,0.06431446935285651,1382870350.9277914,2022-09-19
189,1663632000000,0.06290046140181131,1347961578.3488884,2022-09-20
190,1663718400000,0.06386263859066338,1375492266.900989,2022-09-21
191,1663804800000,0.06731192388645038,1446458516.632591,2022-09-22
192,1663891200000,0.07522700003195444,1613775579.289228,2022-09-23
193,1663977600000,0.07852643896618305,1680344199.746181,2022-09-24
194,1664064000000,0.07770626903048762,1667990021.150655,2022-09-25
195,1664150400000,0.07548853470719662,1619176129.9090848,2022-09-26
196,1664236800000,0.07332187979970017,1576040322.1208928,2022-09-27
197,1664323200000,0.07218865533106135,1551958557.7594423,2022-09-28
198,1664409600000,0.07433685515832161,1596959198.3322973,2022-09-29
199,1664496000000,0.07407437373198814,1595771487.8558743,2022-09-30
200,1664582400000,0.07419490441730334,1592587558.6527784,2022-10-01
201,1664668800000,0.07317731952136236,1576097594.606332,2022-10-02
202,1664755200000,0.07396515206820535,1585059564.3848667,2022-10-03
203,1664841600000,0.07686606733128899,1648172739.0753465,2022-10-04
204,1664928000000,0.07276919345742498,1553826733.1189969,2022-10-05
205,1665014400000,0.06949731092842061,1489123269.8492846,2022-10-06
206,1665100800000,0.0689778339232207,1481887273.1847317,2022-10-07
207,1665187200000,0.07028575788295625,1503020891.3294544,2022-10-08
208,1665273600000,0.06999832305296322,1506375932.7183125,2022-10-09
209,1665360000000,0.0697675967882815,1493109644.9863138,2022-10-10
210,1665446400000,0.07192434973284755,1545639683.1454947,2022-10-11
211,1665532800000,0.07132367712216603,1531985144.1632657,2022-10-12
212,1665619200000,0.07040845281176629,1512282965.2635894,2022-10-13
213,1665705600000,0.0711347219470555,1526849871.442476,2022-10-14
214,1665792000000,0.06572846782361487,1410925855.9424963,2022-10-15
215,1665878400000,0.06570975796405228,1410048379.4551816,2022-10-16
216,1665964800000,0.06447891776069115,1387756633.0047507,2022-10-17
217,1666051200000,0.06366110095344749,1367000400.2829227,2022-10-18
218,1666137600000,0.06277401026071183,1349894826.6592689,2022-10-19
219,1666224000000,0.061266167287066894,1311811797.948786,2022-10-20
220,1666310400000,0.06729549363469327,1449142691.9276454,2022-10-21
221,1666396800000,0.06449921281199919,1389057633.702766,2022-10-22
222,1666483200000,0.06026109749390842,1292431535.3112502,2022-10-23
223,1666569600000,0.05831908021001778,1250927502.8577726,2022-10-24
224,1666656000000,0.0550345103211235,1183310939.6944761,2022-10-25
225,1666742400000,0.057039167662985626,1227343907.7623985,2022-10-26
226,1666828800000,0.05305032524533771,1139733097.9903336,2022-10-27
227,1666915200000,0.05229588288027835,1125839495.000936,2022-10-28
228,1667001600000,0.052439909373765504,1126343163.7393086,2022-10-29
229,1667088000000,0.05165953763405571,1109925077.8813577,2022-10-30
230,1667174400000,0.049346703022773726,1061075324.0334938,2022-10-31
231,1667260800000,0.06671299927009379,1438728221.8450909,2022-11-01
232,1667347200000,0.06503909976522008,1396694267.02585,2022-11-02
233,1667433600000,0.054237496937532326,1163794391.7100224,2022-11-03
234,1667520000000,0.053490711346610015,1150237315.4577138,2022-11-04
235,1667606400000,0.05266260327712431,1131340604.0660717,2022-11-05
236,1667692800000,0.052961152061160685,1137806870.4593666,2022-11-06
237,1667779200000,0.05331076843090309,1146543486.4041984,2022-11-07
238,1667865600000,0.05071213887620167,1089706619.130456,2022-11-08
239,1667952000000,0.04304983008887504,925034724.9550127,2022-11-09
240,1668038400000,0.041772722022917985,901321911.4986615,2022-11-10
241,1668124800000,0.04421843902535728,950685276.0232229,2022-11-11
242,1668211200000,0.0489324028834993,1051661526.5484792,2022-11-12
243,1668297600000,0.047712924219876024,1024907088.4870248,2022-11-13
244,1668384000000,0.04843503166463995,1040398119.0074824,2022-11-14
245,1668470400000,0.049816915817126245,1070798831.8469322,2022-11-15
246,1668556800000,0.04746681572941244,1019440121.4022405,2022-11-16
247,1668643200000,0.04734454922095759,1017083288.0789372,2022-11-17
248,1668729600000,0.04857700861628403,1044491617.4481139,2022-11-18
249,1668816000000,0.052979722469803314,1136900521.9508483,2022-11-19
250,1668902400000,0.04846170079479769,1039915143.6398739,2022-11-20
