,Time,open,mktcap,Date
0,1620086400000,670.4414804701877,0.0,2021-05-04
1,1620172800000,670.4414804701877,0.0,2021-05-05
2,1620259200000,652.8008801503148,0.0,2021-05-06
3,1620345600000,586.8800724155939,0.0,2021-05-07
4,1620432000000,942.3163623023274,0.0,2021-05-08
5,1620518400000,1331.1772662167066,0.0,2021-05-09
6,1620604800000,1087.9127022770997,0.0,2021-05-10
7,1620691200000,1124.2193434544934,0.0,2021-05-11
8,1620777600000,970.3578321601395,0.0,2021-05-12
9,1620864000000,1002.3075562267354,0.0,2021-05-13
10,1620950400000,1056.5735022249326,0.0,2021-05-14
11,1621036800000,1551.2483109215332,0.0,2021-05-15
12,1621123200000,1541.3675399633898,0.0,2021-05-16
13,1621209600000,1441.2063425246786,0.0,2021-05-17
14,1621296000000,1305.0773881347475,0.0,2021-05-18
15,1621382400000,1297.941396580449,0.0,2021-05-19
16,1621468800000,919.434870403072,0.0,2021-05-20
17,1621555200000,1002.4085584194361,0.0,2021-05-21
18,1621641600000,862.4836005609417,541530866.2294549,2021-05-22
19,1621728000000,836.5741174570858,538886073.8717997,2021-05-23
20,1621814400000,735.0866205858243,471491687.5268081,2021-05-24
21,1621900800000,879.3876556635705,583561357.3372014,2021-05-25
22,1621987200000,823.1552283467221,557844137.078681,2021-05-26
23,1622073600000,844.1357080239923,576132234.900567,2021-05-27
24,1622160000000,808.842118352241,559221216.2354747,2021-05-28
25,1622246400000,769.6617335883274,539922314.634905,2021-05-29
26,1622332800000,796.6568199860106,571214531.2608438,2021-05-30
27,1622419200000,783.9487680778883,565729734.6606271,2021-05-31
28,1622505600000,772.7819949342869,566144828.1877288,2021-06-01
29,1622592000000,697.4419012921652,516863508.3662106,2021-06-02
30,1622678400000,695.1171746349391,521494832.67780095,2021-06-03
31,1622764800000,739.3695177914188,561970228.1811711,2021-06-04
32,1622851200000,694.2747153020987,534629005.4426235,2021-06-05
33,1622937600000,680.5926822451546,529265277.92264163,2021-06-06
34,1623024000000,657.0555063718201,519094925.6316415,2021-06-07
35,1623110400000,582.6089571163502,469589650.2892259,2021-06-08
36,1623196800000,554.167069794371,451464033.1235348,2021-06-09
37,1623283200000,556.0232865691943,455860468.6142804,2021-06-10
38,1623369600000,517.7727145952787,428144556.1248138,2021-06-11
39,1623456000000,434.5130058981864,365083083.58245695,2021-06-12
40,1623542400000,416.1846804309482,352817417.4695513,2021-06-13
41,1623628800000,416.28968602085314,354223394.8014553,2021-06-14
42,1623715200000,434.67800909708086,375255938.5129977,2021-06-15
43,1623801600000,421.9817692772627,368107362.17759573,2021-06-16
44,1623888000000,412.30094220712857,360857854.84584665,2021-06-17
45,1623974400000,418.17924513309026,372027800.08978456,2021-06-18
46,1624060800000,396.13968216061886,357560609.5746411,2021-06-19
47,1624147200000,389.3910779625274,355142493.428481,2021-06-20
48,1624233600000,348.8013695032412,321514631.75381,2021-06-21
49,1624320000000,241.267044502138,228707110.76313508,2021-06-22
50,1624406400000,227.50040961454044,213262592.84431532,2021-06-23
51,1624492800000,320.95084944767353,307076633.25567365,2021-06-24
52,1624579200000,316.04058793363106,303305695.657084,2021-06-25
53,1624665600000,290.1429948492595,281397911.03467345,2021-06-26
54,1624752000000,276.21211703278703,270330400.6296778,2021-06-27
55,1624838400000,277.38749094599495,274852876.32751125,2021-06-28
56,1624924800000,275.19336579253655,274376262.1101962,2021-06-29
57,1625011200000,308.55404192847305,309686372.39897776,2021-06-30
58,1625097600000,293.7224382765832,298967746.93612295,2021-07-01
59,1625184000000,283.89363579058954,290583393.4555955,2021-07-02
60,1625270400000,282.6186830529216,292140187.7234922,2021-07-03
61,1625356800000,298.6824606209429,311427384.3790841,2021-07-04
62,1625443200000,295.6119641792395,311910736.3023442,2021-07-05
63,1625529600000,287.9643992207143,305276647.4805777,2021-07-06
64,1625616000000,282.62739827282655,303067516.23685855,2021-07-07
65,1625702400000,280.33713641047484,302982683.4146585,2021-07-08
66,1625788800000,281.74666783680277,307181677.96794224,2021-07-09
67,1625875200000,274.86595417156497,301565211.8299982,2021-07-10
68,1625961600000,264.3957898897902,293226351.37983024,2021-07-11
69,1626048000000,258.95150890935116,289514651.6677396,2021-07-12
70,1626134400000,240.13263202522253,270757826.7836452,2021-07-13
71,1626220800000,229.98279427093289,261793519.64674056,2021-07-14
72,1626307200000,232.96244199166955,267121728.58394164,2021-07-15
73,1626393600000,217.331770406344,250886878.47265613,2021-07-16
74,1626480000000,209.11859176701967,243407187.4030128,2021-07-17
75,1626566400000,210.3730239930562,247134422.46766916,2021-07-18
76,1626652800000,208.0039014479726,246043392.44672853,2021-07-19
77,1626739200000,184.5501984521873,220123890.3770249,2021-07-20
78,1626825600000,177.0847801702643,213094667.8539907,2021-07-21
79,1626912000000,186.84643786683966,225466431.500008,2021-07-22
80,1626998400000,181.28498887304082,221213413.58971298,2021-07-23
81,1627084800000,179.62007936268628,220514158.80031154,2021-07-24
82,1627171200000,188.2646609712183,233152405.09910154,2021-07-25
83,1627257600000,185.4912842301071,231428484.60835493,2021-07-26
84,1627344000000,195.0804087857197,246033763.88796657,2021-07-27
85,1627430400000,190.82271508826597,241431672.44940728,2021-07-28
86,1627516800000,191.36345451345161,244112302.8981055,2021-07-29
87,1627603200000,200.67131643415627,258453263.98589477,2021-07-30
88,1627689600000,284.5432055647592,368050301.60866636,2021-07-31
89,1627776000000,260.1035020000317,331804929.77164,2021-08-01
90,1627862400000,231.3533108662428,301914238.8950453,2021-08-02
91,1627948800000,227.2614339691708,300393130.6220366,2021-08-03
92,1628035200000,221.4365660029435,296573798.3751452,2021-08-04
93,1628121600000,232.4594523054726,312804305.90422934,2021-08-05
94,1628208000000,230.7922049075255,311682635.0437832,2021-08-06
95,1628294400000,255.6336400930672,347422555.89656293,2021-08-07
96,1628380800000,268.1885645921086,364120318.04984677,2021-08-08
97,1628467200000,243.86875359563754,336080312.4042871,2021-08-09
98,1628553600000,263.0401096271298,366936000.8907149,2021-08-10
99,1628640000000,256.5535085374376,356735813.128337,2021-08-11
100,1628726400000,267.5937104762953,376770482.43979675,2021-08-12
101,1628812800000,269.8012210359459,379702122.14209634,2021-08-13
102,1628899200000,279.0348154596416,396502145.0273964,2021-08-14
103,1628985600000,270.80746715360095,388749307.6668863,2021-08-15
104,1629072000000,266.5343774680869,384464142.6302486,2021-08-16
105,1629158400000,263.65945822856406,386026443.57815546,2021-08-17
106,1629244800000,248.41240965845617,365357577.073434,2021-08-18
107,1629331200000,243.74303618419464,359269994.3945969,2021-08-19
108,1629417600000,245.2863001648924,360925615.5431553,2021-08-20
109,1629504000000,255.37825236858333,380152189.14132386,2021-08-21
110,1629590400000,254.8959881713743,381454163.14633906,2021-08-22
111,1629676800000,256.4807943556079,386909588.7795495,2021-08-23
112,1629763200000,258.7018482153248,392652083.26466066,2021-08-24
113,1629849600000,256.82834084147856,392263511.71551895,2021-08-25
114,1629936000000,256.2650940421344,393819641.5623179,2021-08-26
115,1630022400000,246.30928691804002,381583942.2653534,2021-08-27
116,1630108800000,254.01609469278876,395335513.18303055,2021-08-28
117,1630195200000,244.7153590975596,382319973.41526705,2021-08-29
118,1630281600000,242.75122248124222,380986395.95212764,2021-08-30
119,1630368000000,223.45155153259302,358839949.1713604,2021-08-31
120,1630454400000,222.4037068262247,353808343.3065404,2021-09-01
121,1630540800000,224.14553225968675,358519841.2873173,2021-09-02
122,1630627200000,223.12941924774086,358984836.4141249,2021-09-03
123,1630713600000,219.79689250176708,354502767.331398,2021-09-04
124,1630800000000,225.14718200809247,367274209.6129077,2021-09-05
125,1630886400000,261.7189262811442,427471326.0771806,2021-09-06
126,1630972800000,255.24612687541855,420532021.8762666,2021-09-07
127,1631059200000,223.10867722861303,365033716.23741573,2021-09-08
128,1631145600000,215.66226686461613,360356688.4252035,2021-09-09
129,1631232000000,222.7360254378244,374193569.1156117,2021-09-10
130,1631318400000,209.02973486838852,350696119.54180586,2021-09-11
131,1631404800000,213.05371276515498,360277017.11495817,2021-09-12
132,1631491200000,213.01433872966356,364969686.3711545,2021-09-13
133,1631577600000,208.8131933645631,358349148.96729934,2021-09-14
134,1631664000000,215.89392104582475,372460807.1996569,2021-09-15
135,1631750400000,214.15132533247382,369758285.6749435,2021-09-16
136,1631836800000,213.71107579554382,371857139.8204211,2021-09-17
137,1631923200000,216.2324801675616,377878647.1817194,2021-09-18
138,1632009600000,212.84062801272827,374054241.21982324,2021-09-19
139,1632096000000,212.34360511214402,376104811.914903,2021-09-20
140,1632182400000,197.69887762465362,349503827.7715696,2021-09-21
141,1632268800000,200.18813071438376,355433942.3196227,2021-09-22
142,1632355200000,210.29288157313982,377603568.4480302,2021-09-23
143,1632441600000,206.75298971637096,373017363.1272978,2021-09-24
144,1632528000000,191.00857880198853,345594041.4176041,2021-09-25
145,1632614400000,185.84023434459283,336781224.07605064,2021-09-26
146,1632700800000,158.47351317878358,307408362.8986182,2021-09-27
147,1632787200000,158.8137421293123,293720624.3413419,2021-09-28
148,1632873600000,143.86364576222775,265773080.34540647,2021-09-29
149,1632960000000,146.7610018118281,272712146.61451846,2021-09-30
150,1633046400000,149.78500472986244,280111318.81367785,2021-10-01
151,1633132800000,164.6353172930056,309389051.508743,2021-10-02
152,1633219200000,162.58657867249357,307099440.997939,2021-10-03
153,1633305600000,165.0661333358696,313043354.435293,2021-10-04
154,1633392000000,164.4467395351081,313272281.23970246,2021-10-05
155,1633478400000,176.47079870510453,337701670.9571987,2021-10-06
156,1633564800000,168.52389446791523,324197073.8144646,2021-10-07
157,1633651200000,167.1238896689299,321528727.6990488,2021-10-08
158,1633737600000,173.92622250947468,335793916.7610551,2021-10-09
159,1633824000000,168.46281483546693,328201685.838676,2021-10-10
160,1633910400000,158.33477750055744,308196549.8005068,2021-10-11
161,1633996800000,161.79114099008794,315908902.7630363,2021-10-12
162,1634083200000,154.98513920285782,307036893.6338316,2021-10-13
163,1634169600000,155.37952628876926,308973724.02186036,2021-10-14
164,1634256000000,158.98129299397283,317245784.9058365,2021-10-15
165,1634342400000,158.0861284009135,315586238.415313,2021-10-16
166,1634428800000,163.15364513496067,329284251.4572567,2021-10-17
167,1634515200000,155.26062793833242,313802331.4425954,2021-10-18
168,1634601600000,152.64244796460954,310541014.32699233,2021-10-19
169,1634688000000,150.90474125511392,307264003.8900756,2021-10-20
170,1634774400000,152.6838021861577,312449664.86720943,2021-10-21
171,1634860800000,156.10516634498825,320206955.81958324,2021-10-22
172,1634947200000,154.51826021624396,319757840.93741906,2021-10-23
173,1635033600000,151.9494544107812,315573837.7716512,2021-10-24
174,1635120000000,152.39816902826252,315040115.3327835,2021-10-25
175,1635206400000,151.38421761873627,314256752.15796995,2021-10-26
176,1635292800000,148.34717461685426,307872545.7515081,2021-10-27
177,1635379200000,135.6393804277534,281518728.80404025,2021-10-28
178,1635465600000,136.77397538238336,283354068.3086372,2021-10-29
179,1635552000000,137.7266756724719,285625341.96004057,2021-10-30
180,1635638400000,133.7413963158037,277620695.3144663,2021-10-31
181,1635724800000,145.4568209560279,301979670.5979697,2021-11-01
182,1635811200000,143.87472946014134,298823501.9679338,2021-11-02
183,1635897600000,154.31695588636987,320397126.2252127,2021-11-03
184,1635984000000,165.79281179756927,343804448.2278316,2021-11-04
185,1636070400000,214.19806334806148,463516379.58332145,2021-11-05
186,1636156800000,190.61211181787297,395581707.1618817,2021-11-06
187,1636243200000,191.7316152608229,397877846.88730145,2021-11-07
188,1636329600000,190.06071200329427,392652269.15888864,2021-11-08
189,1636416000000,185.13421128959814,383353035.82473135,2021-11-09
190,1636502400000,173.20060932099787,360330839.10331905,2021-11-10
191,1636588800000,167.20658852623453,343821195.400908,2021-11-11
192,1636675200000,172.56025851681414,359830327.13890254,2021-11-12
193,1636761600000,165.15510811093841,342744624.01459384,2021-11-13
194,1636848000000,164.2199845267366,341342970.862209,2021-11-14
195,1636934400000,164.34018622490407,340412720.9032369,2021-11-15
196,1637020800000,155.881295887075,323578749.30887103,2021-11-16
197,1637107200000,143.7344421424716,300043775.1642205,2021-11-17
198,1637193600000,147.98327404488379,305797947.15176153,2021-11-18
199,1637280000000,136.33157982836786,283022091.33847237,2021-11-19
200,1637366400000,143.32396005505308,297430992.55383,2021-11-20
201,1637452800000,143.7072074687979,298336929.41192037,2021-11-21
202,1637539200000,145.7575311488035,302563815.38966465,2021-11-22
203,1637625600000,142.07101160242908,294729988.231143,2021-11-23
204,1637712000000,141.0027580190977,292904920.49637616,2021-11-24
205,1637798400000,135.95392851889005,283105756.655062,2021-11-25
206,1637884800000,137.72084904676038,285831667.7988628,2021-11-26
207,1637971200000,131.39704438538953,273833168.7202622,2021-11-27
208,1638057600000,133.87398839061635,278025571.8461737,2021-11-28
209,1638144000000,138.68433432515394,289468490.70891726,2021-11-29
210,1638230400000,138.96800350277914,290427189.4156192,2021-11-30
211,1638316800000,136.834593977167,284400715.1201763,2021-12-01
212,1638403200000,132.18596994468578,274320114.1594712,2021-12-02
213,1638489600000,126.1205132848696,262409112.3983853,2021-12-03
214,1638576000000,121.92616203392274,253322143.46800032,2021-12-04
215,1638662400000,106.81222922877816,222239382.91602397,2021-12-05
216,1638748800000,104.35512247584663,216647929.90709046,2021-12-06
217,1638835200000,107.59926313570139,223212300.46662247,2021-12-07
218,1638921600000,104.18344481363232,216495071.46836746,2021-12-08
219,1639008000000,106.67393535691987,221275979.54752594,2021-12-09
220,1639094400000,106.2370179082556,222466886.69734547,2021-12-10
221,1639180800000,104.30449259661681,216905096.23893914,2021-12-11
222,1639267200000,101.984503132274,211455706.67081568,2021-12-12
223,1639353600000,100.7744481027791,208742954.16190118,2021-12-13
224,1639440000000,92.63652978417932,192237346.57224813,2021-12-14
225,1639526400000,91.4009328951022,189620530.61490107,2021-12-15
226,1639612800000,92.96227474729476,192741952.22364184,2021-12-16
227,1639699200000,92.70151337446086,191943689.90008277,2021-12-17
228,1639785600000,101.8384655022542,212901144.23450246,2021-12-18
229,1639872000000,96.55853714529091,200851162.48907027,2021-12-19
230,1639958400000,95.83299629311429,199170726.0294876,2021-12-20
231,1640044800000,96.97667765257106,201728614.62026265,2021-12-21
232,1640131200000,99.27461385153349,209714107.6110781,2021-12-22
233,1640217600000,106.73155186277924,222486355.01715428,2021-12-23
234,1640304000000,103.51883230439395,220890261.63710833,2021-12-24
235,1640390400000,100.93548591904238,209149647.91453296,2021-12-25
236,1640476800000,102.47012454016492,213062543.34049943,2021-12-26
237,1640563200000,104.0736843574546,214471238.74471557,2021-12-27
238,1640649600000,104.57640949508102,217303036.6114392,2021-12-28
239,1640736000000,101.63414522723791,210954885.4163017,2021-12-29
240,1640822400000,99.69081918219396,205757404.22494173,2021-12-30
241,1640908800000,100.4916690955399,208086094.6969441,2021-12-31
242,1640995200000,98.56668869266096,204885020.20123148,2022-01-01
243,1641081600000,104.48521324761865,216198084.50834867,2022-01-02
244,1641168000000,100.67399828474139,209436744.9601775,2022-01-03
245,1641254400000,100.0410721405977,207981938.21118805,2022-01-04
246,1641340800000,98.08005568454419,205374033.9090575,2022-01-05
247,1641427200000,94.92520972431089,197003524.6092603,2022-01-06
248,1641513600000,93.17268123872348,193928004.9179646,2022-01-07
249,1641600000000,92.0206026563436,256414289.85716775,2022-01-08
250,1641686400000,91.22710891820549,254856914.50026113,2022-01-09
251,1641772800000,90.05254186772964,251592619.22634172,2022-01-10
252,1641859200000,85.22925361006034,241246874.80008227,2022-01-11
253,1641945600000,88.44118804275104,249409497.13712016,2022-01-12
254,1642032000000,95.45222571136726,269643039.15270984,2022-01-13
255,1642118400000,93.08703809117807,264052209.56327468,2022-01-14
256,1642204800000,91.71095682324797,260685804.60375428,2022-01-15
257,1642291200000,92.53717909730808,263750481.08892542,2022-01-16
258,1642377600000,91.78248756780242,262934380.85007164,2022-01-17
259,1642464000000,90.46343098370015,260130924.03918976,2022-01-18
260,1642550400000,87.03689702365122,250802752.35463026,2022-01-19
261,1642636800000,83.97383896832221,243175793.6299569,2022-01-20
262,1642723200000,83.22701325445934,241401417.6877483,2022-01-21
263,1642809600000,73.47453178281596,214011911.62634835,2022-01-22
264,1642896000000,73.13972890001958,213159560.7913215,2022-01-23
265,1642982400000,79.47275779625825,231937540.55351207,2022-01-24
266,1643068800000,79.14506280551704,232095533.66025224,2022-01-25
267,1643155200000,78.94332995669595,232572515.3198749,2022-01-26
268,1643241600000,76.39325203090246,226970656.05650127,2022-01-27
269,1643328000000,79.67094192175057,235732966.41001254,2022-01-28
270,1643414400000,80.0486843618204,238186642.78224844,2022-01-29
271,1643500800000,82.80105774240548,246809532.17859402,2022-01-30
272,1643587200000,79.86381134997534,239008395.3465574,2022-01-31
273,1643673600000,80.8573065067178,242903135.3300049,2022-02-01
274,1643760000000,82.30961397357609,247910578.40610668,2022-02-02
275,1643846400000,80.23135901046545,242417910.9979501,2022-02-03
276,1643932800000,79.5226657862972,240564291.82546967,2022-02-04
277,1644019200000,82.5516740214154,249954597.25434598,2022-02-05
278,1644105600000,79.3811000525288,241952451.8854638,2022-02-06
279,1644192000000,79.54171516495606,243091081.15358764,2022-02-07
280,1644278400000,80.56789549775904,247134416.67248455,2022-02-08
281,1644364800000,87.11472259050572,268134775.920567,2022-02-09
282,1644451200000,83.2468537944637,256833767.32479656,2022-02-10
283,1644537600000,82.34216532875088,255304851.6986105,2022-02-11
284,1644624000000,80.95239141121257,251370912.48887447,2022-02-12
285,1644710400000,80.54260367598114,250408779.378932,2022-02-13
286,1644796800000,79.70310651702917,249040736.8136037,2022-02-14
287,1644883200000,79.4880245997504,249038545.08538496,2022-02-15
288,1644969600000,80.20348426869803,252273296.10721248,2022-02-16
289,1645056000000,79.30120659959147,250309430.65830588,2022-02-17
290,1645142400000,74.07412340698423,233740996.70619062,2022-02-18
291,1645228800000,73.62603975893126,233337574.812608,2022-02-19
292,1645315200000,73.03103000804259,231968778.40335706,2022-02-20
293,1645401600000,75.21925306058817,240706294.03134003,2022-02-21
294,1645488000000,74.51659572493912,239895911.53143498,2022-02-22
295,1645574400000,79.45222196876072,255179688.4136011,2022-02-23
296,1645660800000,78.6461655039774,250461829.2686036,2022-02-24
297,1645747200000,77.4239785254459,249691812.7537858,2022-02-25
298,1645833600000,78.24744784720764,252747934.57719338,2022-02-26
299,1645920000000,77.51067673691342,250981848.85959962,2022-02-27
300,1646006400000,76.23622016035752,247917058.96657968,2022-02-28
301,1646092800000,77.85791095644122,253439225.74426624,2022-03-01
302,1646179200000,78.8549787622112,256665068.7904621,2022-03-02
303,1646265600000,76.51076466311741,250783737.7636133,2022-03-03
304,1646352000000,75.65506199763166,248703923.42568955,2022-03-04
305,1646438400000,74.68714766220629,246204006.58857387,2022-03-05
306,1646524800000,75.35792651375155,249219319.63380086,2022-03-06
307,1646611200000,73.9164112157696,245214546.95869505,2022-03-07
308,1646697600000,71.26082238762145,237018104.16341352,2022-03-08
309,1646784000000,71.10859126929763,235901272.2200834,2022-03-09
310,1646870400000,71.46451383222356,238838958.70711687,2022-03-10
311,1646956800000,68.76152736315507,231064586.88309982,2022-03-11
312,1647043200000,68.01235890617849,229087634.50478786,2022-03-12
313,1647129600000,68.038700232326,229788141.25711304,2022-03-13
314,1647216000000,67.75688036939735,229491001.26563224,2022-03-14
315,1647302400000,68.22116064831783,231207341.9562171,2022-03-15
316,1647388800000,66.61796932631333,226490427.99247512,2022-03-16
317,1647475200000,65.80399956962198,223489311.0518067,2022-03-17
318,1647561600000,66.10394722427289,225619235.2403704,2022-03-18
319,1647648000000,66.34672150977666,227533425.40115088,2022-03-19
320,1647734400000,66.65749930659051,228971252.9121821,2022-03-20
321,1647820800000,66.12700110117277,227879036.38966274,2022-03-21
322,1647907200000,65.36090072681401,225215941.31479004,2022-03-22
323,1647993600000,66.21590812261076,229402849.63299534,2022-03-23
324,1648080000000,65.75711438208259,228420128.70323408,2022-03-24
325,1648166400000,67.62042229311739,235414078.63857788,2022-03-25
326,1648252800000,68.64396717376383,239102029.3799175,2022-03-26
327,1648339200000,68.646965726172,240538078.31852657,2022-03-27
328,1648425600000,71.46296519074724,249588842.76476616,2022-03-28
329,1648512000000,70.63613455090696,255349591.57592463,2022-03-29
330,1648598400000,71.54882331017254,250213267.49416727,2022-03-30
331,1648684800000,70.89757974973905,248418714.0157421,2022-03-31
332,1648771200000,69.50065039688839,245008776.20857304,2022-04-01
333,1648857600000,69.02475537387869,245013884.11246452,2022-04-02
334,1648944000000,70.29295337106785,250570022.33065465,2022-04-03
335,1649030400000,70.92794025978036,253742153.05959752,2022-04-04
336,1649116800000,69.20930204999293,247522854.19455203,2022-04-05
337,1649203200000,68.35849750699842,246305704.6105594,2022-04-06
338,1649289600000,66.41365971990035,238978195.67423627,2022-04-07
339,1649376000000,68.08289758176582,246395131.8228973,2022-04-08
340,1649462400000,66.2260197762695,239367853.82053092,2022-04-09
341,1649548800000,67.27276959850907,244009185.2069492,2022-04-10
342,1649635200000,66.69310973659623,243117641.65066785,2022-04-11
343,1649721600000,62.17884283207823,227196679.61435854,2022-04-12
344,1649808000000,62.530924059774186,228330412.79686934,2022-04-13
345,1649894400000,62.53336978612804,228849716.1787801,2022-04-14
346,1649980800000,62.200530715599974,228620108.200365,2022-04-15
347,1650067200000,63.52413265742508,234269829.00687128,2022-04-16
348,1650153600000,63.42972107317816,233788833.34644434,2022-04-17
349,1650240000000,62.8724074317868,233352875.47480372,2022-04-18
350,1650326400000,63.321650808646254,235482406.79357925,2022-04-19
351,1650412800000,64.33093537524977,239267715.49281654,2022-04-20
352,1650499200000,66.38859970770854,248568924.45227,2022-04-21
353,1650585600000,65.22059777026747,245358443.9512575,2022-04-22
354,1650672000000,65.70853761721644,246540861.72125277,2022-04-23
355,1650758400000,66.07697005348582,249761096.8646156,2022-04-24
356,1650844800000,66.1073517913613,250013491.29805148,2022-04-25
357,1650931200000,64.25192954046375,242422373.26591444,2022-04-26
358,1651017600000,62.35951158039844,235823663.94198605,2022-04-27
359,1651104000000,61.78597842661552,234444828.21942466,2022-04-28
360,1651190400000,60.91493105074673,231750837.23015076,2022-04-29
361,1651276800000,61.011410318704776,232812592.4902633,2022-04-30
362,1651363200000,52.43641902526254,197632778.03525382,2022-05-01
363,1651449600000,55.10575572691898,211009313.35186636,2022-05-02
364,1651536000000,54.616304984962085,210376763.32701126,2022-05-03
365,1651622400000,53.576263020405065,206430935.84164777,2022-05-04
366,1651708800000,54.988738229038525,212846157.41155097,2022-05-05
367,1651795200000,52.66432914532766,204284399.7480813,2022-05-06
368,1651881600000,53.03512633972352,205693840.56285256,2022-05-07
369,1651968000000,51.77855530308855,201173786.82103986,2022-05-08
370,1652054400000,48.86259062305955,190328123.8959283,2022-05-09
371,1652140800000,44.41317635145705,173151262.3201076,2022-05-10
372,1652227200000,47.05981162577379,184492121.2954267,2022-05-11
373,1652313600000,40.490128739894196,163957204.26438022,2022-05-12
374,1652400000000,37.889784426837515,149110206.75705114,2022-05-13
375,1652486400000,39.48425084306801,156298231.46836433,2022-05-14
376,1652572800000,38.66598816015308,152710051.5814263,2022-05-15
377,1652659200000,39.25957876404587,155278984.2454651,2022-05-16
378,1652745600000,38.697012181237326,152980412.77213284,2022-05-17
379,1652832000000,39.30004763387387,156059339.09807244,2022-05-18
380,1652918400000,37.59243667578532,150320210.52038836,2022-05-19
381,1653004800000,37.77779684459258,150944935.76652852,2022-05-20
382,1653091200000,36.88012101600514,147934999.4023318,2022-05-21
383,1653177600000,36.633271116019614,146691676.8940532,2022-05-22
384,1653264000000,36.84484077130655,147493271.8648392,2022-05-23
385,1653350400000,35.90291720997744,144195572.66455132,2022-05-24
386,1653436800000,35.93247491681746,144249051.904646,2022-05-25
387,1653523200000,34.82064823071336,139863394.43645722,2022-05-26
388,1653609600000,34.187314121956106,137471740.81165323,2022-05-27
389,1653696000000,33.25766055317462,133473483.95061824,2022-05-28
390,1653782400000,33.51035220252875,134772800.02734017,2022-05-29
391,1653868800000,33.799263285947866,136089781.40335235,2022-05-30
392,1653955200000,35.21813326328592,141795627.6247544,2022-05-31
393,1654041600000,34.58042519146717,139381183.38899943,2022-06-01
394,1654128000000,31.948746787514196,128902962.23716727,2022-06-02
395,1654214400000,33.43085760493171,134762514.2272182,2022-06-03
396,1654300800000,32.17603884510649,129244180.03447796,2022-06-04
397,1654387200000,32.187635899299195,129494921.05524522,2022-06-05
398,1654473600000,31.96317654400333,128742232.54199801,2022-06-06
399,1654560000000,32.64061990053305,130973747.76288901,2022-06-07
400,1654646400000,31.45398840948177,126682506.71882348,2022-06-08
401,1654732800000,30.72610568551304,123283998.91440098,2022-06-09
402,1654819200000,30.890167948191678,124073340.27771263,2022-06-10
403,1654905600000,29.306288733391764,117482434.43889832,2022-06-11
404,1654992000000,28.229141599709774,113336430.65279444,2022-06-12
405,1655078400000,27.971124061256205,112954397.5409864,2022-06-13
406,1655164800000,28.288236485051065,113706435.1737061,2022-06-14
407,1655251200000,28.49902742924421,115130484.8807848,2022-06-15
408,1655337600000,31.778561622567167,128157980.42078239,2022-06-16
409,1655424000000,29.950517833012732,120140356.22848566,2022-06-17
410,1655510400000,31.010375848018864,125100371.98218423,2022-06-18
411,1655596800000,38.66473266257818,156052394.78962198,2022-06-19
412,1655683200000,44.82892799799812,180793252.66873288,2022-06-20
413,1655769600000,53.026135429168754,215310652.592895,2022-06-21
414,1655856000000,44.76384248462021,179156348.86808452,2022-06-22
415,1655942400000,41.239941179337,166052876.77205327,2022-06-23
416,1656028800000,42.90988752622369,173770725.88950768,2022-06-24
417,1656115200000,41.804363825176715,168069762.67956075,2022-06-25
418,1656201600000,40.87324555588179,163965471.59179115,2022-06-26
419,1656288000000,41.20040119411952,178405097.33540443,2022-06-27
420,1656374400000,42.47245230521937,185008285.068321,2022-06-28
421,1656460800000,42.17359497739039,184363638.21301407,2022-06-29
422,1656547200000,42.56705455941187,186487071.5246447,2022-06-30
423,1656633600000,43.1317277788325,190121200.68893227,2022-07-01
424,1656720000000,45.64756462860124,199908720.83318207,2022-07-02
425,1656806400000,44.97282902385628,198318007.8746859,2022-07-03
426,1656892800000,43.46960299697745,191921819.97979724,2022-07-04
427,1656979200000,45.06121416493961,196218840.4967476,2022-07-05
428,1657065600000,43.14699249754886,190721222.38902554,2022-07-06
429,1657152000000,43.36889046485068,192647613.69147676,2022-07-07
430,1657238400000,44.10650898530319,195819828.05592382,2022-07-08
431,1657324800000,44.38616770543636,198043669.29778564,2022-07-09
432,1657411200000,43.74319987768673,195669763.152598,2022-07-10
433,1657497600000,41.854864927565735,187353769.76324177,2022-07-11
434,1657584000000,36.18824718599337,164008429.2138538,2022-07-12
435,1657670400000,38.823612409441616,175282477.0380565,2022-07-13
436,1657756800000,40.970519503825265,184434226.29067987,2022-07-14
437,1657843200000,39.95447529787103,181676286.17696568,2022-07-15
438,1657929600000,40.43394388379835,183151146.94991735,2022-07-16
439,1658016000000,41.585718923756254,188596972.1529601,2022-07-17
440,1658102400000,43.358671467857704,196693090.17586485,2022-07-18
441,1658188800000,45.0302115483818,205423892.37288877,2022-07-19
442,1658275200000,44.08172647974127,200680671.16687876,2022-07-20
443,1658361600000,43.220272961151615,197843089.2449857,2022-07-21
444,1658448000000,43.2827421965799,198606778.39280358,2022-07-22
445,1658534400000,42.48357405799282,195042260.05951566,2022-07-23
446,1658620800000,41.78754987040761,192434962.60266715,2022-07-24
447,1658707200000,42.0224498665544,193858442.32725343,2022-07-25
448,1658793600000,39.921512740437485,184887109.39816213,2022-07-26
449,1658880000000,40.910294796066395,189204120.3072936,2022-07-27
450,1658966400000,41.391101726497894,191863680.26201773,2022-07-28
451,1659052800000,42.49696906521363,196829027.8954404,2022-07-29
452,1659139200000,43.05570631940539,201427565.3859179,2022-07-30
453,1659225600000,43.714955502155554,202814320.03986242,2022-07-31
454,1659312000000,43.307115314015896,203955781.3420272,2022-08-01
455,1659398400000,43.36966371168336,202804292.891134,2022-08-02
456,1659484800000,42.600564874773006,200392260.99039838,2022-08-03
457,1659571200000,42.60710253640245,200340349.6217454,2022-08-04
458,1659657600000,43.631245346985764,204496129.8185846,2022-08-05
459,1659744000000,43.83889912606242,206554907.7919914,2022-08-06
460,1659830400000,43.18920961197042,204227529.65808743,2022-08-07
461,1659916800000,43.11183480477985,204411963.8077382,2022-08-08
462,1660003200000,43.91250259885325,208511679.66609785,2022-08-09
463,1660089600000,43.12649919459079,205356667.6574986,2022-08-10
464,1660176000000,43.290456188606434,206269326.69084272,2022-08-11
465,1660262400000,43.31070011305432,206661677.19416893,2022-08-12
466,1660348800000,43.2504537990758,207211689.58409318,2022-08-13
467,1660435200000,43.10032371154231,207423537.54162616,2022-08-14
468,1660521600000,42.70307087648469,205001827.06206962,2022-08-15
469,1660608000000,42.409737162769126,203797249.0073655,2022-08-16
470,1660694400000,42.22999396755876,203510137.10853443,2022-08-17
471,1660780800000,42.51131374689524,205216701.2281391,2022-08-18
472,1660867200000,41.47261241633222,200836171.28527233,2022-08-19
473,1660953600000,38.32627425712332,186136760.07137734,2022-08-20
474,1661040000000,39.0706953741578,189471881.0935443,2022-08-21
475,1661126400000,40.35689800849216,197042290.11559027,2022-08-22
476,1661212800000,39.75997140400978,193944615.7443204,2022-08-23
477,1661299200000,39.37477931406702,192316050.1936724,2022-08-24
478,1661385600000,38.976183561092185,190489660.61887503,2022-08-25
479,1661472000000,39.26262773211188,192493370.5177188,2022-08-26
480,1661558400000,37.51560336213828,184853585.5864391,2022-08-27
481,1661644800000,37.42366920164345,184068658.7288043,2022-08-28
482,1661731200000,36.81527014883739,182036089.98829114,2022-08-29
483,1661817600000,37.81440935975587,186516795.26025572,2022-08-30
484,1661904000000,36.48082744627865,180918489.88149303,2022-08-31
485,1661990400000,36.37505083339103,180168673.58451065,2022-09-01
486,1662076800000,36.331041236842516,180338722.50545135,2022-09-02
487,1662163200000,36.16646868005599,179981622.11626178,2022-09-03
488,1662249600000,36.83585757311116,183940640.29572126,2022-09-04
489,1662336000000,36.26918722855923,181117417.18803436,2022-09-05
490,1662422400000,35.5282800472683,177940128.92526403,2022-09-06
491,1662508800000,34.61508803566406,173581853.89156637,2022-09-07
492,1662595200000,35.13143337399297,176193063.90160686,2022-09-08
493,1662681600000,35.75225536097368,179512158.9430314,2022-09-09
494,1662768000000,37.61414445363412,189625138.38641736,2022-09-10
495,1662854400000,38.06487003573104,191971581.7235901,2022-09-11
496,1662940800000,37.51341934859021,189889496.41586304,2022-09-12
497,1663027200000,37.654037908503405,191227794.67088953,2022-09-13
498,1663113600000,35.66337546309078,181083959.1003854,2022-09-14
499,1663200000000,35.309428808868454,179867876.25911587,2022-09-15
500,1663286400000,35.61642292877288,181325484.186085,2022-09-16
501,1663372800000,34.57378467484947,176349921.58351845,2022-09-17
502,1663459200000,35.34802540991402,180939217.0477092,2022-09-18
503,1663545600000,34.244406170447704,175592647.35480157,2022-09-19
504,1663632000000,35.080660347251126,180210777.7743718,2022-09-20
505,1663718400000,34.37472257626028,176534926.72048187,2022-09-21
506,1663804800000,33.134899208855096,170692645.09103018,2022-09-22
507,1663891200000,34.60996093170668,178848985.6402793,2022-09-23
508,1663977600000,33.975641312485024,175643065.94473636,2022-09-24
509,1664064000000,33.46571252784717,173308713.24723133,2022-09-25
510,1664150400000,33.792642902655786,174645872.28174764,2022-09-26
511,1664236800000,33.55390036522074,174134767.37811476,2022-09-27
512,1664323200000,33.435867195857625,174608317.75782585,2022-09-28
513,1664409600000,33.26116305907546,173454619.55666992,2022-09-29
514,1664496000000,33.35059842089058,174700777.95600292,2022-09-30
515,1664582400000,33.30636683102435,174035307.98906782,2022-10-01
516,1664668800000,33.303637208459165,174739821.10924232,2022-10-02
517,1664755200000,32.97354293449692,173286279.8386993,2022-10-03
518,1664841600000,33.490324576133915,176341495.38426265,2022-10-04
519,1664928000000,34.269497077435275,181185376.87585694,2022-10-05
520,1665014400000,34.198622966462416,180560759.66193086,2022-10-06
521,1665100800000,33.926368619812095,179041890.19482526,2022-10-07
522,1665187200000,33.382832247564565,176637703.3660239,2022-10-08
523,1665273600000,33.08997972546014,175620270.30744267,2022-10-09
524,1665360000000,32.697820951125934,173630040.11180183,2022-10-10
525,1665446400000,31.557144102473337,168192859.16052532,2022-10-11
526,1665532800000,31.320263837719768,166778353.10456455,2022-10-12
527,1665619200000,31.425052415958362,168193194.8380982,2022-10-13
528,1665705600000,31.61182499842636,169314422.57334644,2022-10-14
529,1665792000000,31.588234770759694,169347211.8878446,2022-10-15
530,1665878400000,31.839050932329148,170423626.6665364,2022-10-16
531,1665964800000,31.815405383580657,171070724.5460497,2022-10-17
532,1666051200000,31.689460605986575,170665748.6790999,2022-10-18
533,1666137600000,31.397693977059085,169471648.85015267,2022-10-19
534,1666224000000,30.850843784100427,166877399.01229724,2022-10-20
535,1666310400000,31.03038126522424,168361662.6317502,2022-10-21
536,1666396800000,31.364068489428472,170228272.8821063,2022-10-22
537,1666483200000,31.113861460454785,169201778.30975506,2022-10-23
538,1666569600000,31.4285424754694,171057971.31836617,2022-10-24
539,1666656000000,31.134308073774612,169877869.9291545,2022-10-25
540,1666742400000,31.68088303511356,173209479.60723984,2022-10-26
541,1666828800000,31.853141987494798,174576595.78898865,2022-10-27
542,1666915200000,31.355248031595682,172289783.17029685,2022-10-28
543,1667001600000,31.244039126224393,171624347.4371934,2022-10-29
544,1667088000000,34.13860949726778,187589338.87961814,2022-10-30
545,1667174400000,32.71211320532002,180327094.63981995,2022-10-31
546,1667260800000,32.198848829416384,177812869.76456854,2022-11-01
547,1667347200000,32.23122474276905,178340179.90411666,2022-11-02
548,1667433600000,31.532381774806613,174677115.47139257,2022-11-03
549,1667520000000,31.722812060734512,175911809.08742645,2022-11-04
550,1667606400000,32.551677642876065,180478539.65437615,2022-11-05
551,1667692800000,33.86432568164896,188716017.95189923,2022-11-06
552,1667779200000,32.56716801191469,181679273.97649428,2022-11-07
553,1667865600000,32.254652447198985,180245909.70585746,2022-11-08
554,1667952000000,31.065048408759086,174602616.27004138,2022-11-09
555,1668038400000,29.162031149385967,163128529.05962116,2022-11-10
556,1668124800000,31.880663781869583,178662033.3549414,2022-11-11
557,1668211200000,30.843811801218468,173204308.86092836,2022-11-12
558,1668297600000,30.881809189037472,173425592.51646462,2022-11-13
559,1668384000000,31.258142175245865,176142856.29130682,2022-11-14
560,1668470400000,31.225108234904596,176351486.89622754,2022-11-15
561,1668556800000,30.98202696150334,175436645.8423873,2022-11-16
562,1668643200000,31.15513903403669,176401396.06285036,2022-11-17
563,1668729600000,30.958348128427257,175836743.99212417,2022-11-18
564,1668816000000,30.824549078779874,175247804.60273138,2022-11-19
565,1668902400000,30.79404793893463,175199423.80381167,2022-11-20
