,Time,open,mktcap,Date
0,1559088000000,0.11337940281887247,0.0,2019-05-29
1,1559174400000,0.10125025966028785,0.0,2019-05-30
2,1559260800000,0.07689316377085299,3613636.314732286,2019-05-31
3,1559347200000,0.07448262503888628,3488753.3303320333,2019-06-01
4,1559433600000,0.0658545296843051,3088537.0559311663,2019-06-02
5,1559520000000,0.06872882954793735,3239603.326903851,2019-06-03
6,1559606400000,0.06534104102617319,3070243.9611689434,2019-06-04
7,1559692800000,0.06803654445915058,3196167.107204174,2019-06-05
8,1559779200000,0.08614303053308284,4046370.65120193,2019-06-06
9,1559865600000,0.08153285878073581,3821302.258719573,2019-06-07
10,1559952000000,0.09760962380156593,4514709.933047925,2019-06-08
11,1560038400000,0.09170773240392777,4307095.955940058,2019-06-09
12,1560124800000,0.0895466685084277,4206278.541913318,2019-06-10
13,1560211200000,0.09988393856348007,4715333.7757639205,2019-06-11
14,1560297600000,0.10420442988250021,4895233.493455539,2019-06-12
15,1560384000000,0.09620741736336029,4519536.966212222,2019-06-13
16,1560470400000,0.0882428682240194,4143136.922258398,2019-06-14
17,1560556800000,0.07808517081056475,3671069.3941873186,2019-06-15
18,1560643200000,0.081934852973584,3850863.2386339344,2019-06-16
19,1560729600000,0.08305495865932162,3889627.3705128785,2019-06-17
20,1560816000000,0.08800969359360898,4130928.3307730714,2019-06-18
21,1560902400000,0.07887179664914312,3702804.153897833,2019-06-19
22,1560988800000,0.07724808069246847,3627627.8124028225,2019-06-20
23,1561075200000,0.07055691752530333,3315388.668635531,2019-06-21
24,1561161600000,0.0819342599102859,3857408.4006206323,2019-06-22
25,1561248000000,0.08900982871624565,4190368.838084697,2019-06-23
26,1561334400000,0.08921563439892183,4189773.8548788377,2019-06-24
27,1561420800000,0.0799090956093612,3753904.5912259836,2019-06-25
28,1561507200000,0.07705577505094947,3556014.2315353774,2019-06-26
29,1561593600000,0.06555126613425762,3079936.6273864503,2019-06-27
30,1561680000000,0.06255947873866627,3019549.0384896225,2019-06-28
31,1561766400000,0.06584089459534176,3083385.9002121664,2019-06-29
32,1561852800000,0.06145885187645704,2892887.38729933,2019-06-30
33,1561939200000,0.07008407385722686,3458890.5024549165,2019-07-01
34,1562025600000,0.06796798740874258,3385026.2785687856,2019-07-02
35,1562112000000,0.06588396377797931,3526886.410611052,2019-07-03
36,1562198400000,0.06897545112232784,3735403.659638244,2019-07-04
37,1562284800000,0.06232749076882761,3419889.794734321,2019-07-05
38,1562371200000,0.06150950743687002,3372607.5082000224,2019-07-06
39,1562457600000,0.06049459641426971,3409022.831533313,2019-07-07
40,1562544000000,0.06036663789111995,3396229.2373555736,2019-07-08
41,1562630400000,0.06345852664490786,3669233.812067163,2019-07-09
42,1562716800000,0.059770545045226484,3502629.0578377224,2019-07-10
43,1562803200000,0.05242759458910464,3102675.152190698,2019-07-11
44,1562889600000,0.0526425540456982,3141710.290085027,2019-07-12
45,1562976000000,0.0528634470453563,3184100.8949304176,2019-07-13
46,1563062400000,0.05367029550938655,3288038.8062863755,2019-07-14
47,1563148800000,0.050623384302974826,3146990.4432122754,2019-07-15
48,1563235200000,0.052113115677752675,3265471.3269794155,2019-07-16
49,1563321600000,0.050337848827738285,3179381.743300402,2019-07-17
50,1563408000000,0.05135290411624321,3292956.481837698,2019-07-18
51,1563494400000,0.05242452924423737,3401424.616619138,2019-07-19
52,1563580800000,0.0518660902779161,3362363.055182738,2019-07-20
53,1563667200000,0.05207069875789938,3381313.4749632534,2019-07-21
54,1563753600000,0.05198204140038916,3478768.9516615393,2019-07-22
55,1563840000000,0.05076748953503659,3440376.836547538,2019-07-23
56,1563926400000,0.05126820416415617,3476531.199702673,2019-07-24
57,1564012800000,0.052392007784542886,3543643.9669981548,2019-07-25
58,1564099200000,0.050738020937489026,3430753.1018532054,2019-07-26
59,1564185600000,0.05053843614446033,3590435.198959066,2019-07-27
60,1564272000000,0.05222135541425873,3893606.625107186,2019-07-28
61,1564358400000,0.05126555873540887,3890543.1931699333,2019-07-29
62,1564444800000,0.055558336209592586,4589927.713395294,2019-07-30
63,1564531200000,0.06817762006721992,5630053.167610746,2019-07-31
64,1564617600000,0.08380895465688272,7063369.757774446,2019-08-01
65,1564704000000,0.08033176246667942,6853995.558744229,2019-08-02
66,1564790400000,0.06055148479975792,5239714.323214117,2019-08-03
67,1564876800000,0.05887737379364719,5148648.744871344,2019-08-04
68,1564963200000,0.05369785752997394,4692184.5087084975,2019-08-05
69,1565049600000,0.05161212971614817,4614052.247568305,2019-08-06
70,1565136000000,0.05504849639395364,4911033.956312733,2019-08-07
71,1565222400000,0.05117748086495663,4671212.945390061,2019-08-08
72,1565308800000,0.05113769121192338,4650442.370541172,2019-08-09
73,1565395200000,0.0508317174094007,4602116.28028801,2019-08-10
74,1565481600000,0.050447024979171765,4578021.603159106,2019-08-11
75,1565568000000,0.05083798189361929,4610078.477832419,2019-08-12
76,1565654400000,0.05516573679441831,5273545.529674134,2019-08-13
77,1565740800000,0.054693985133105257,5286392.420700543,2019-08-14
78,1565827200000,0.05219216568500153,5045839.744299927,2019-08-15
79,1565913600000,0.05190319604209146,5097993.479980819,2019-08-16
80,1566000000000,0.05029174009566173,4967309.503793056,2019-08-17
81,1566086400000,0.050643780856922956,5084609.364073288,2019-08-18
82,1566172800000,0.052460503749939845,5281326.260303268,2019-08-19
83,1566259200000,0.05266003541521291,5385018.977975093,2019-08-20
84,1566345600000,0.05130573966841871,5273077.762540068,2019-08-21
85,1566432000000,0.05031483761632603,5233742.07973804,2019-08-22
86,1566518400000,0.05019252070924541,5227518.873223519,2019-08-23
87,1566604800000,0.05079150028214481,5347946.223970333,2019-08-24
88,1566691200000,0.05126113609675834,5411925.304261829,2019-08-25
89,1566777600000,0.050680745979360384,5468883.185274444,2019-08-26
90,1566864000000,0.0504028704766855,5439022.049814622,2019-08-27
91,1566950400000,0.0499005577194155,5439615.29270518,2019-08-28
92,1567036800000,0.048170575263577924,5262234.655467172,2019-08-29
93,1567123200000,0.04782928934084493,5215703.251104111,2019-08-30
94,1567209600000,0.04692894786649137,5145726.628735469,2019-08-31
95,1567296000000,0.04701153070526769,5154760.314500182,2019-09-01
96,1567382400000,0.043847236649507425,4804726.16027674,2019-09-02
97,1567468800000,0.042835142402382606,4721356.171114581,2019-09-03
98,1567555200000,0.04094022507695453,4267402.949573443,2019-09-04
99,1567641600000,0.03998737361926222,4432717.057664894,2019-09-05
100,1567728000000,0.03573224345218116,3960774.1859740834,2019-09-06
101,1567814400000,0.035010260718598335,3926027.2794705546,2019-09-07
102,1567900800000,0.03825503683625962,4305361.974684979,2019-09-08
103,1567987200000,0.04428806657147974,4974636.486710549,2019-09-09
104,1568073600000,0.04546364131077095,5116757.882387338,2019-09-10
105,1568160000000,0.047414595870806,5336212.3001208175,2019-09-11
106,1568246400000,0.039563888448113545,4479811.464415359,2019-09-12
107,1568332800000,0.04654066962943453,5288209.521057272,2019-09-13
108,1568419200000,0.04637407639249146,5243100.747082604,2019-09-14
109,1568505600000,0.04453003370116227,5030421.107070928,2019-09-15
110,1568592000000,0.04199846667240882,4745403.3640940115,2019-09-16
111,1568678400000,0.04017934260966028,4559544.753525721,2019-09-17
112,1568764800000,0.03872544195733027,4356804.665966699,2019-09-18
113,1568851200000,0.035261146030114474,3973293.8993675,2019-09-19
114,1568937600000,0.034010611796818295,3841494.96548676,2019-09-20
115,1569024000000,0.033759279086530654,3818623.506768971,2019-09-21
116,1569110400000,0.03304502319397538,3737005.849158037,2019-09-22
117,1569196800000,0.040448036900347914,4545744.21881868,2019-09-23
118,1569283200000,0.03827930391260131,4331585.873332981,2019-09-24
119,1569369600000,0.032342833485129716,3697578.669594232,2019-09-25
120,1569456000000,0.0322811353991962,3649738.3515675687,2019-09-26
121,1569542400000,0.03026894324499913,3414277.2258279175,2019-09-27
122,1569628800000,0.031184393944348875,3525739.635289145,2019-09-28
123,1569715200000,0.03697041085199264,4179912.654592911,2019-09-29
124,1569801600000,0.033000096532215306,3723289.341043399,2019-09-30
125,1569888000000,0.03284389619284659,3701764.470182908,2019-10-01
126,1569974400000,0.030528225776032782,3456263.4745526197,2019-10-02
127,1570060800000,0.030528225776032782,3456263.4745526197,2019-10-03
128,1570147200000,0.02893154361593195,3271030.0613449286,2019-10-04
129,1570233600000,0.028481915683848398,3226268.3814952285,2019-10-05
130,1570320000000,0.028337788588431702,3200807.548046152,2019-10-06
131,1570406400000,0.02784411403805513,3148084.1554489178,2019-10-07
132,1570492800000,0.028026509911448717,3173757.6785359145,2019-10-08
133,1570579200000,0.02788484054394811,3154660.507298283,2019-10-09
134,1570665600000,0.03148593215158132,3559831.854964498,2019-10-10
135,1570752000000,0.028654643865143707,3239723.490882215,2019-10-11
136,1570838400000,0.02706732714928721,3053061.959132892,2019-10-12
137,1570924800000,0.028114978825868785,3154423.5201531784,2019-10-13
138,1571011200000,0.02725056278467151,3082228.0423216787,2019-10-14
139,1571097600000,0.02719794115550361,3077622.9213504265,2019-10-15
140,1571184000000,0.026094019513799707,2950741.916254201,2019-10-16
141,1571270400000,0.02617138201069954,2915225.410535385,2019-10-17
142,1571356800000,0.02633237523280304,2993866.272379361,2019-10-18
143,1571443200000,0.024998957053490912,2825297.2724807747,2019-10-19
144,1571529600000,0.024887176792663324,2805473.5460069817,2019-10-20
145,1571616000000,0.025293353922249278,2869333.1658737324,2019-10-21
146,1571702400000,0.024623059004525497,2781563.2733158334,2019-10-22
147,1571788800000,0.024177707686504474,2692965.70455184,2019-10-23
148,1571875200000,0.022018300112130205,2492175.235255346,2019-10-24
149,1571961600000,0.021830848538350184,2439270.139026866,2019-10-25
150,1572048000000,0.021903866184061562,2482016.503010074,2019-10-26
151,1572134400000,0.0231527296261428,2617990.5476936838,2019-10-27
152,1572220800000,0.02366958472117901,2682445.8111351365,2019-10-28
153,1572307200000,0.022952853481990183,2599781.8358191038,2019-10-29
154,1572393600000,0.023138751245203898,2616510.4281105055,2019-10-30
155,1572480000000,0.021990851570632092,2541881.2458826383,2019-10-31
156,1572566400000,0.022987720404264847,2605727.362298379,2019-11-01
157,1572652800000,0.0235195171840988,2659140.7896791412,2019-11-02
158,1572739200000,0.024231700345257904,2743533.5243368386,2019-11-03
159,1572825600000,0.02425289668691658,2738220.6265990264,2019-11-04
160,1572912000000,0.02382932554899082,2694168.0418807785,2019-11-05
161,1572998400000,0.023643107425643562,2682223.850939733,2019-11-06
162,1573084800000,0.02410876957175631,2725762.27034862,2019-11-07
163,1573171200000,0.02436707315235192,2754658.6803403487,2019-11-08
164,1573257600000,0.023087728546073914,2610322.3224077015,2019-11-09
165,1573344000000,0.0225206908227528,2548058.590246829,2019-11-10
166,1573430400000,0.023022663431809552,2603837.485530124,2019-11-11
167,1573516800000,0.023969561662533168,2714016.9522605822,2019-11-12
168,1573603200000,0.02264053042409584,2546158.8623730503,2019-11-13
169,1573689600000,0.023160164498817044,2620325.391274084,2019-11-14
170,1573776000000,0.022358013693812448,2554481.8504849453,2019-11-15
171,1573862400000,0.020622874619956096,2336540.6034089797,2019-11-16
172,1573948800000,0.021728802276753188,2470903.0414903294,2019-11-17
173,1574035200000,0.02077838512181976,2349707.3205421898,2019-11-18
174,1574121600000,0.02136919927878387,2440950.0537031563,2019-11-19
175,1574208000000,0.021057344522533085,2343140.899519139,2019-11-20
176,1574294400000,0.01996375167843123,2245948.965575976,2019-11-21
177,1574380800000,0.019293068821698928,2189675.226822874,2019-11-22
178,1574467200000,0.017584785218315177,2004431.137183613,2019-11-23
179,1574553600000,0.01809291670032674,2048981.7637351998,2019-11-24
180,1574640000000,0.018063273359317913,2046489.2320538643,2019-11-25
181,1574726400000,0.01626258536886323,1850927.8649093644,2019-11-26
182,1574812800000,0.015734510595270677,1776325.384246345,2019-11-27
183,1574899200000,0.015636979575445065,1764688.2630455063,2019-11-28
184,1574985600000,0.015181305196691999,1726177.859456339,2019-11-29
185,1575072000000,0.015560351559841196,1753822.397583603,2019-11-30
186,1575158400000,0.015995984528834564,1802618.4034931676,2019-12-01
187,1575244800000,0.015437343668261603,1735839.1336655547,2019-12-02
188,1575331200000,0.014905673982663735,1666733.843816216,2019-12-03
189,1575417600000,0.014234811991575287,1613743.0801672013,2019-12-04
190,1575504000000,0.014580487345134568,1661019.4608318962,2019-12-05
191,1575590400000,0.013943938212637962,1592894.2705976418,2019-12-06
192,1575676800000,0.014984449544924389,1688507.3087908449,2019-12-07
193,1575763200000,0.015428430751007461,1698128.5925870214,2019-12-08
194,1575849600000,0.015410377610015966,1724817.8176020475,2019-12-09
195,1575936000000,0.016842868875859656,1843919.5443845277,2019-12-10
196,1576022400000,0.01775367564784514,1915604.9995225945,2019-12-11
197,1576108800000,0.018200859811588806,2026441.0082537413,2019-12-12
198,1576195200000,0.019072490705686788,2156355.4047170957,2019-12-13
199,1576281600000,0.019724577066584887,2232292.395989609,2019-12-14
200,1576368000000,0.02075272554068583,2339799.602893213,2019-12-15
201,1576454400000,0.017942536087331425,2035518.4731714763,2019-12-16
202,1576540800000,0.016389325073040188,1860229.4161295865,2019-12-17
203,1576627200000,0.01617707176471012,1828787.108493284,2019-12-18
204,1576713600000,0.016581900251306327,1874389.073442316,2019-12-19
205,1576800000000,0.015990718901390286,1821863.1624199685,2019-12-20
206,1576886400000,0.020209029615331695,2273147.4806158924,2019-12-21
207,1576972800000,0.018147526091674606,2052579.3337540166,2019-12-22
208,1577059200000,0.018241544195523388,2049686.2363335006,2019-12-23
209,1577145600000,0.02080625093781189,2355335.297658402,2019-12-24
210,1577232000000,0.02018031325971168,2309874.7328514,2019-12-25
211,1577318400000,0.02159450768466353,2444687.8982680277,2019-12-26
212,1577404800000,0.019433905980366137,2192119.6980709275,2019-12-27
213,1577491200000,0.01667190054391014,1882638.2754611957,2019-12-28
214,1577577600000,0.016676580224583567,1891062.0431441804,2019-12-29
215,1577664000000,0.015960630179772957,1801309.6400156703,2019-12-30
216,1577750400000,0.015424267205422875,1742056.4148698475,2019-12-31
217,1577836800000,0.015064654422588373,1700643.7366477735,2020-01-01
218,1577923200000,0.014993169434163794,1692919.4168676422,2020-01-02
219,1578009600000,0.015090071792387817,1725536.2726622224,2020-01-03
220,1578096000000,0.014959055991575421,1692956.2011899548,2020-01-04
221,1578182400000,0.015196164187090112,1703169.3074183294,2020-01-05
222,1578268800000,0.014965791135794486,1690014.5127257234,2020-01-06
223,1578355200000,0.015080522431319804,1715303.7066925142,2020-01-07
224,1578441600000,0.013988139600415289,1591738.2856392034,2020-01-08
225,1578528000000,0.013985520629208903,1562091.3963168361,2020-01-09
226,1578614400000,0.013434272590068892,1510431.8907270483,2020-01-10
227,1578700800000,0.013486385668800503,1505231.4742796537,2020-01-11
228,1578787200000,0.013216220988102817,1495919.212435566,2020-01-12
229,1578873600000,0.013233241415167178,1493876.688572931,2020-01-13
230,1578960000000,0.01284570090487915,1458655.534783718,2020-01-14
231,1579046400000,0.012311691131812267,1386300.1717595684,2020-01-15
232,1579132800000,0.012431973170546458,1402494.923310436,2020-01-16
233,1579219200000,0.012083687445647013,1372399.8076999385,2020-01-17
234,1579305600000,0.01223777227776941,1382994.038013285,2020-01-18
235,1579392000000,0.012097226682539396,1363950.6455736116,2020-01-19
236,1579478400000,0.012057534804406462,1364577.3189103978,2020-01-20
237,1579564800000,0.012120596700953072,1370425.0016680108,2020-01-21
238,1579651200000,0.01190151590737894,1344984.9164301327,2020-01-22
239,1579737600000,0.011727192867257926,1341942.403803078,2020-01-23
240,1579824000000,0.01170445009477365,1319742.310728054,2020-01-24
241,1579910400000,0.011504390562827791,1300316.3094415898,2020-01-25
242,1579996800000,0.011351638154958175,1281670.1732535344,2020-01-26
243,1580083200000,0.011345286174391138,1279599.6616007811,2020-01-27
244,1580169600000,0.011280290218294025,1275361.2076341454,2020-01-28
245,1580256000000,0.011241310899939325,1277894.2938406456,2020-01-29
246,1580342400000,0.015946285915660306,1802204.804939507,2020-01-30
247,1580428800000,0.014375778809050898,1634582.074563164,2020-01-31
248,1580515200000,0.01455620382692531,1650968.4013371635,2020-02-01
249,1580601600000,0.013823480248136759,1575075.888824646,2020-02-02
250,1580688000000,0.013909301296815824,1565718.1517133596,2020-02-03
251,1580774400000,0.01295856948613064,1462185.3734115683,2020-02-04
252,1580860800000,0.01294943311771842,1448000.4161041288,2020-02-05
253,1580947200000,0.013128326633761558,1477723.5283129828,2020-02-06
254,1581033600000,0.013455491557943237,1534843.8615060658,2020-02-07
255,1581120000000,0.01720315914754189,1945987.8753085309,2020-02-08
256,1581206400000,0.015806017952451724,1794852.197880422,2020-02-09
257,1581292800000,0.0179036919576112,2023428.2091327007,2020-02-10
258,1581379200000,0.01659248384868898,1885478.9947661792,2020-02-11
259,1581465600000,0.01766027741141393,1987049.8550848875,2020-02-12
260,1581552000000,0.021631214440509746,2445647.340411591,2020-02-13
261,1581638400000,0.022390300415799057,2517069.303260024,2020-02-14
262,1581724800000,0.02292825105380156,2587433.963771154,2020-02-15
263,1581811200000,0.022465327402744782,2542571.266124904,2020-02-16
264,1581897600000,0.02370111469448805,2688614.408537568,2020-02-17
265,1581984000000,0.02731146154863381,3087861.9174557854,2020-02-18
266,1582070400000,0.027348109867991525,3104249.8770474577,2020-02-19
267,1582156800000,0.028014024843129048,3128931.254609218,2020-02-20
268,1582243200000,0.026761490626259706,3062540.711762516,2020-02-21
269,1582329600000,0.027138715524263633,3088649.6334627876,2020-02-22
270,1582416000000,0.025844236798190645,2975233.0009669485,2020-02-23
271,1582502400000,0.02670986059288357,3024348.405983733,2020-02-24
272,1582588800000,0.022103041379573696,2497819.1741678393,2020-02-25
273,1582675200000,0.02286104361544607,2567029.802973581,2020-02-26
274,1582761600000,0.018673752560539672,2139649.1236134623,2020-02-27
275,1582848000000,0.0177589091734768,1977734.0003429253,2020-02-28
276,1582934400000,0.018788975854886814,2124300.9242470744,2020-02-29
277,1583020800000,0.01922045190276254,2148171.4344021087,2020-03-01
278,1583107200000,0.019085487242903734,2155598.256173268,2020-03-02
279,1583193600000,0.02245380615696267,2564432.2664854885,2020-03-03
280,1583280000000,0.021322280831415588,2415849.78669869,2020-03-04
281,1583366400000,0.021221140887349305,2367920.5339746885,2020-03-05
282,1583452800000,0.021791308898705168,2463257.0330589935,2020-03-06
283,1583539200000,0.025298097289611184,2804876.5876607564,2020-03-07
284,1583625600000,0.023010412949985574,2682031.0285811275,2020-03-08
285,1583712000000,0.04179513028339406,4654999.419831595,2020-03-09
286,1583798400000,0.023893726393414354,2703330.907416284,2020-03-10
287,1583884800000,0.023981758950179604,2763264.365067956,2020-03-11
288,1583971200000,0.020990268599398086,2351648.862067171,2020-03-12
289,1584057600000,0.01049529307716478,1204122.9161438996,2020-03-13
290,1584144000000,0.013683607648098187,1531492.088722384,2020-03-14
291,1584230400000,0.011887513756884748,1342673.1778474639,2020-03-15
292,1584316800000,0.01618084453906468,1785413.9098753203,2020-03-16
293,1584403200000,0.011807397830477712,1352627.1784752284,2020-03-17
294,1584489600000,0.012715285339400462,1438308.1319854395,2020-03-18
295,1584576000000,0.011510409240361057,1303291.0688932533,2020-03-19
296,1584662400000,0.01311312026879381,1470045.4270292353,2020-03-20
297,1584748800000,0.012650570739661242,1419348.147919375,2020-03-21
298,1584835200000,0.01323446082570984,1493567.216972917,2020-03-22
299,1584921600000,0.011921850936593589,1338610.4267758976,2020-03-23
300,1585008000000,0.013527627915287296,1507510.7476165136,2020-03-24
301,1585094400000,0.013439268176035007,1465823.5401870129,2020-03-25
302,1585180800000,0.013554647996425345,1550094.0542742352,2020-03-26
303,1585267200000,0.013866426576680108,1619751.2709792375,2020-03-27
304,1585353600000,0.012820105458402339,1413677.6689621995,2020-03-28
305,1585440000000,0.012353736195562924,1403057.3147143468,2020-03-29
306,1585526400000,0.011747392655935395,1369806.1563064458,2020-03-30
307,1585612800000,0.01331643742619569,1477259.2960455914,2020-03-31
308,1585699200000,0.013023008445754389,1495720.7005627044,2020-04-01
309,1585785600000,0.01375336879625552,1553931.030942127,2020-04-02
310,1585872000000,0.013558986607789154,1533950.6089493674,2020-04-03
311,1585958400000,0.014135089112887954,1593110.965554628,2020-04-04
312,1586044800000,0.01458154424827424,1640762.3887428094,2020-04-05
313,1586131200000,0.014606682260190776,1668401.6969535812,2020-04-06
314,1586217600000,0.015267944651015471,1742407.0164801774,2020-04-07
315,1586304000000,0.01528436624905569,1731072.6860644866,2020-04-08
316,1586390400000,0.01552725828747553,1707911.78568299,2020-04-09
317,1586476800000,0.02364349936716369,2573119.186728322,2020-04-10
318,1586563200000,0.01932207214241553,2144060.6846933565,2020-04-11
319,1586649600000,0.019560774450025586,2212385.327908367,2020-04-12
320,1586736000000,0.01767279677325137,1994413.2741641235,2020-04-13
321,1586822400000,0.020863784108303907,2358629.9988952065,2020-04-14
322,1586908800000,0.019833931848579997,2250666.7413198487,2020-04-15
323,1586995200000,0.019275428960309135,2175599.4919440197,2020-04-16
324,1587081600000,0.020797785406826287,2368460.8577976376,2020-04-17
325,1587168000000,0.020259946103521536,2290863.871854428,2020-04-18
326,1587254400000,0.01996659541209408,2273316.4204234523,2020-04-19
327,1587340800000,0.01959050948918022,2236944.4959329385,2020-04-20
328,1587427200000,0.018937946311934836,2172773.39353397,2020-04-21
329,1587513600000,0.017846349279859036,2013183.872525674,2020-04-22
330,1587600000000,0.017770486305118453,1994286.6981685753,2020-04-23
331,1587686400000,0.017547832385081997,1975754.6761248591,2020-04-24
332,1587772800000,0.017788355543987527,2013178.7216706115,2020-04-25
333,1587859200000,0.017794337958477815,2009315.8591096625,2020-04-26
334,1587945600000,0.018257639801392216,2059527.620682681,2020-04-27
335,1588032000000,0.023170087013142045,2618477.622582452,2020-04-28
336,1588118400000,0.023125277196115727,2610667.791841509,2020-04-29
337,1588204800000,0.023444120673485384,2668882.078253518,2020-04-30
338,1588291200000,0.023390808061755856,2650190.838753664,2020-05-01
339,1588377600000,0.023675193110284955,2696083.0443629664,2020-05-02
340,1588464000000,0.024427118427722123,2762356.651656994,2020-05-03
341,1588550400000,0.02423482000125141,2731712.4581395146,2020-05-04
342,1588636800000,0.02516399550781497,8603673.617818845,2020-05-05
343,1588723200000,0.02708699339526014,9414772.723659927,2020-05-06
344,1588809600000,0.024886770570720734,8922920.482265271,2020-05-07
345,1588896000000,0.025810409771765692,8475780.209148148,2020-05-08
346,1588982400000,0.023741295782656345,7705946.738506928,2020-05-09
347,1589068800000,0.02329365576817612,7551713.66893103,2020-05-10
348,1589155200000,0.019143635472904152,6205243.6008111285,2020-05-11
349,1589241600000,0.01849634408736345,5977748.786439389,2020-05-12
350,1589328000000,0.018246380388719768,5945004.895708058,2020-05-13
351,1589414400000,0.019229427423431904,6301747.887518941,2020-05-14
352,1589500800000,0.01839292035557653,6020894.213047235,2020-05-15
353,1589587200000,0.018052830847623928,5896606.6830360005,2020-05-16
354,1589673600000,0.0187155018966243,6166782.493412857,2020-05-17
355,1589760000000,0.01831909278901208,6017373.209736115,2020-05-18
356,1589846400000,0.018395856538850647,6028613.456171145,2020-05-19
357,1589932800000,0.01837991820934864,6071443.225101059,2020-05-20
358,1590019200000,0.018270272013472335,6020819.377520207,2020-05-21
359,1590105600000,0.017591559374999344,5769554.763167045,2020-05-22
360,1590192000000,0.018694647742263013,6137245.006532887,2020-05-23
361,1590278400000,0.02065455142803318,6832479.161769151,2020-05-24
362,1590364800000,0.018544480035705996,6092206.851529398,2020-05-25
363,1590451200000,0.019844858705743876,6509846.481354154,2020-05-26
364,1590537600000,0.020709853349629406,6795725.773433887,2020-05-27
365,1590624000000,0.020433790712663113,6685022.135145185,2020-05-28
366,1590710400000,0.020688897708117108,6783545.8829894755,2020-05-29
367,1590796800000,0.02103833852648631,6912991.223366947,2020-05-30
368,1590883200000,0.021870460967763333,7174819.957330373,2020-05-31
369,1590969600000,0.021530418634547174,7055104.541618711,2020-06-01
370,1591056000000,0.02166640394838278,7091896.68548998,2020-06-02
371,1591142400000,0.021300379969425135,7059604.843931546,2020-06-03
372,1591228800000,0.021767043187550766,7217591.651618776,2020-06-04
373,1591315200000,0.02164622111530506,7204731.061390319,2020-06-05
374,1591401600000,0.021687240603548753,7215727.997353502,2020-06-06
375,1591488000000,0.02270272395447756,7513918.83744858,2020-06-07
376,1591574400000,0.025853918626264655,8664923.029233292,2020-06-08
377,1591660800000,0.024642744144420893,8199076.226664835,2020-06-09
378,1591747200000,0.025560340479239985,8485154.820162129,2020-06-10
379,1591833600000,0.03409787375384606,10844146.077366885,2020-06-11
380,1591920000000,0.03747458714884003,12164082.4001937,2020-06-12
381,1592006400000,0.03508280253668858,11725570.940231211,2020-06-13
382,1592092800000,0.03434679979334451,11516507.965152187,2020-06-14
383,1592179200000,0.03393809310596182,11461085.140438268,2020-06-15
384,1592265600000,0.036026431135717976,12075309.143856458,2020-06-16
385,1592352000000,0.035689507876773226,11947451.642436845,2020-06-17
386,1592438400000,0.036378777440110546,12309288.711704714,2020-06-18
387,1592524800000,0.033397077246742714,11182417.48742807,2020-06-19
388,1592611200000,0.031603810514763214,10601399.703816954,2020-06-20
389,1592697600000,0.03084549784766769,10367789.801304644,2020-06-21
390,1592784000000,0.0342439103810227,11369199.668454504,2020-06-22
391,1592870400000,0.03330394835295157,11250821.750680577,2020-06-23
392,1592956800000,0.03255582767110368,10969935.108706605,2020-06-24
393,1593043200000,0.02981397051732529,10134722.960503632,2020-06-25
394,1593129600000,0.028607849536430627,9712799.106182823,2020-06-26
395,1593216000000,0.027485694047673485,9407277.232009824,2020-06-27
396,1593302400000,0.02518046563907318,8625118.971528955,2020-06-28
397,1593388800000,0.0273953836188411,9463930.899587464,2020-06-29
398,1593475200000,0.030494103577631687,10599413.252984589,2020-06-30
399,1593561600000,0.03319920334272427,11681043.566223059,2020-07-01
400,1593648000000,0.03092800872818694,11017247.334213763,2020-07-02
401,1593734400000,0.029148587923713044,10387904.004501183,2020-07-03
402,1593820800000,0.0299450247107906,10677699.578482004,2020-07-04
403,1593907200000,0.029542563515975926,10526198.596810995,2020-07-05
404,1593993600000,0.030092300447655724,10759119.105054392,2020-07-06
405,1594080000000,0.03239857238608364,11470027.693151245,2020-07-07
406,1594166400000,0.033632657356909894,12003706.980426881,2020-07-08
407,1594252800000,0.034136305340398146,12214543.343404995,2020-07-09
408,1594339200000,0.03221478308269493,11470053.601948982,2020-07-10
409,1594425600000,0.032911104099766726,11753809.007739797,2020-07-11
410,1594512000000,0.03491120206766647,12937381.207327928,2020-07-12
411,1594598400000,0.034968797175593064,12875254.833216777,2020-07-13
412,1594684800000,0.03408902726369396,12685634.580721457,2020-07-14
413,1594771200000,0.03617929291277571,13587631.533321606,2020-07-15
414,1594857600000,0.03672491003082626,13883815.716557963,2020-07-16
415,1594944000000,0.03468953417422095,13096005.53892184,2020-07-17
416,1595030400000,0.034378769713797865,13031670.314407583,2020-07-18
417,1595116800000,0.03648622687836063,13759363.395391684,2020-07-19
418,1595203200000,0.04066895393564156,15452672.817867352,2020-07-20
419,1595289600000,0.05078025823442537,19557042.7631086,2020-07-21
420,1595376000000,0.05657132764083383,21092571.40387264,2020-07-22
421,1595462400000,0.06346332721011354,24087789.388645437,2020-07-23
422,1595548800000,0.05682298891879624,21589587.138072245,2020-07-24
423,1595635200000,0.06139010652763994,23428495.602060683,2020-07-25
424,1595721600000,0.06262909896132621,23839509.127940614,2020-07-26
425,1595808000000,0.06865867183664878,26047111.233116,2020-07-27
426,1595894400000,0.05737520873358882,21878046.612248134,2020-07-28
427,1595980800000,0.06076356199290743,23170831.856954023,2020-07-29
428,1596067200000,0.058667194606146646,22456586.760894373,2020-07-30
429,1596153600000,0.06542984096584852,25032731.537845597,2020-07-31
430,1596240000000,0.060316768126806586,23023810.889465213,2020-08-01
431,1596326400000,0.05386513776825382,20850559.03891863,2020-08-02
432,1596412800000,0.055052950657044235,22292066.478868216,2020-08-03
433,1596499200000,0.05241391602633373,21239687.16825084,2020-08-04
434,1596585600000,0.0543551009632831,22453350.052433852,2020-08-05
435,1596672000000,0.05349828909796027,22064072.0648364,2020-08-06
436,1596758400000,0.0566603365111728,23366836.31947466,2020-08-07
437,1596844800000,0.05941070959674336,24500752.837750178,2020-08-08
438,1596931200000,0.06358671304332432,26262499.614474285,2020-08-09
439,1597017600000,0.07325305124016036,29672447.760595296,2020-08-10
440,1597104000000,0.07946523415203219,32452155.054761637,2020-08-11
441,1597190400000,0.07195488854353933,29849110.985295717,2020-08-12
442,1597276800000,0.07426514108179405,30845114.269666832,2020-08-13
443,1597363200000,0.07252279165909399,30019051.010776173,2020-08-14
444,1597449600000,0.07331872760395888,30334529.488247372,2020-08-15
445,1597536000000,0.07538729630560838,31189515.443241544,2020-08-16
446,1597622400000,0.07499392706050652,31070565.933746584,2020-08-17
447,1597708800000,0.06962352687413675,29158236.76817737,2020-08-18
448,1597795200000,0.06915518913052346,28866168.19248542,2020-08-19
449,1597881600000,0.06214161857345083,25935218.345224913,2020-08-20
450,1597968000000,0.06623567066393836,27594817.9389809,2020-08-21
451,1598054400000,0.06095874010793529,25452662.948525086,2020-08-22
452,1598140800000,0.06291734115705865,26293783.274830874,2020-08-23
453,1598227200000,0.0642012217340052,26771164.384692594,2020-08-24
454,1598313600000,0.06939028217750769,29234023.555596817,2020-08-25
455,1598400000000,0.06289790152274123,26438597.166599806,2020-08-26
456,1598486400000,0.060993019600849296,25638070.92046691,2020-08-27
457,1598572800000,0.05752299614234615,24311942.704358183,2020-08-28
458,1598659200000,0.06605043083249199,27592794.30163481,2020-08-29
459,1598745600000,0.06738136693282255,28372451.14352228,2020-08-30
460,1598832000000,0.06628798867109399,27992464.50955838,2020-08-31
461,1598918400000,0.06558822550400227,27646856.322328903,2020-09-01
462,1599004800000,0.06126912851135598,26260130.20252642,2020-09-02
463,1599091200000,0.05997516511913421,25169182.26622244,2020-09-03
464,1599177600000,0.044886045462648294,19029244.78853626,2020-09-04
465,1599264000000,0.0486048597077921,20699449.729510237,2020-09-05
466,1599350400000,0.03939709090605398,16782376.991428275,2020-09-06
467,1599436800000,0.04921576770790248,21696495.34062473,2020-09-07
468,1599523200000,0.04990483780436107,22024679.963982165,2020-09-08
469,1599609600000,0.04870486207261904,21173411.830658074,2020-09-09
470,1599696000000,0.04883220354297025,21498373.779677615,2020-09-10
471,1599782400000,0.05062613792059347,22348927.418440793,2020-09-11
472,1599868800000,0.049756560882977224,22038197.282102954,2020-09-12
473,1599955200000,0.04924367683653137,22000551.29521323,2020-09-13
474,1600041600000,0.04578364907364224,20342157.856835086,2020-09-14
475,1600128000000,0.045082994159743185,20070966.730033506,2020-09-15
476,1600214400000,0.04106908922845187,18421870.785467524,2020-09-16
477,1600300800000,0.04006799177739967,17863169.830820505,2020-09-17
478,1600387200000,0.03971462553434853,17669210.570327125,2020-09-18
479,1600473600000,0.037663861860192875,16795699.619000044,2020-09-19
480,1600560000000,0.03877869368246425,17298228.148790635,2020-09-20
481,1600646400000,0.03693906245268268,16570744.499352418,2020-09-21
482,1600732800000,0.03227971220602985,14475060.017147077,2020-09-22
483,1600819200000,0.032115825796486766,14348751.402679663,2020-09-23
484,1600905600000,0.028812586278899176,12957576.26909333,2020-09-24
485,1600992000000,0.03279355920642884,14733565.224191805,2020-09-25
486,1601078400000,0.03388203224036865,15135047.540909424,2020-09-26
487,1601164800000,0.03374561340326292,15127142.40151205,2020-09-27
488,1601251200000,0.03304737942463693,14833995.984599078,2020-09-28
489,1601337600000,0.034727225475773706,15709124.011046518,2020-09-29
490,1601424000000,0.03368044973663192,15086004.1587943,2020-09-30
491,1601510400000,0.03386010018936655,15160908.525937974,2020-10-01
492,1601596800000,0.030798759711626517,13815047.129069295,2020-10-02
493,1601683200000,0.029925894547867163,13441273.068196446,2020-10-03
494,1601769600000,0.03712928509656141,16681428.441587536,2020-10-04
495,1601856000000,0.03138095647237235,14135329.526077488,2020-10-05
496,1601942400000,0.030432910212110354,13682821.106657764,2020-10-06
497,1602028800000,0.026071717750343153,11720078.743776917,2020-10-07
498,1602115200000,0.025891983986363408,11683011.794861719,2020-10-08
499,1602201600000,0.026165114600867078,11765303.596280742,2020-10-09
500,1602288000000,0.027703026811544216,12438451.29664365,2020-10-10
501,1602374400000,0.028002476620189877,12585170.364505598,2020-10-11
502,1602460800000,0.02860571321817607,12793566.92254197,2020-10-12
503,1602547200000,0.029235832139936864,13124480.110722808,2020-10-13
504,1602633600000,0.030824162663499494,13974027.116929833,2020-10-14
505,1602720000000,0.03599286340930778,16300044.486863617,2020-10-15
506,1602806400000,0.03356598754849317,14909995.662629526,2020-10-16
507,1602892800000,0.03196967536850584,14406034.628300367,2020-10-17
508,1602979200000,0.031907491581891434,14392603.166054757,2020-10-18
509,1603065600000,0.03168712877311063,14237846.67899177,2020-10-19
510,1603152000000,0.03020439827781616,13575543.532731686,2020-10-20
511,1603238400000,0.028856380417372717,12941647.26542879,2020-10-21
512,1603324800000,0.030297546615621805,13613584.780299949,2020-10-22
513,1603411200000,0.031064238113138423,13972506.585522452,2020-10-23
514,1603497600000,0.029985216714328237,13476627.993619159,2020-10-24
515,1603584000000,0.029643068776521026,13311648.003177863,2020-10-25
516,1603670400000,0.029643952050866475,13332250.262504285,2020-10-26
517,1603756800000,0.0286321534077991,12873587.610812739,2020-10-27
518,1603843200000,0.027448373828655243,12316453.546483891,2020-10-28
519,1603929600000,0.024709036869192652,11008375.898888601,2020-10-29
520,1604016000000,0.023328866459144827,10485788.828636779,2020-10-30
521,1604102400000,0.023010220424126735,10360675.890887296,2020-10-31
522,1604188800000,0.024093252560084353,10767284.558149882,2020-11-01
523,1604275200000,0.025142794717257468,11278746.874694085,2020-11-02
524,1604361600000,0.02274471261655855,10244703.5605767,2020-11-03
525,1604448000000,0.020892751623981347,9404135.325270515,2020-11-04
526,1604534400000,0.02186569042307909,9812731.387433577,2020-11-05
527,1604620800000,0.022553531859602873,10108126.717574129,2020-11-06
528,1604707200000,0.025308064251746414,11389612.230994394,2020-11-07
529,1604793600000,0.023159404031984767,10387955.748460196,2020-11-08
530,1604880000000,0.02490050800887301,11191783.617307723,2020-11-09
531,1604966400000,0.02400957611760278,10818180.519156167,2020-11-10
532,1605052800000,0.02797711388741541,12663723.205966868,2020-11-11
533,1605139200000,0.026413603009269187,11860531.845969986,2020-11-12
534,1605225600000,0.025431100034781558,11484596.719785465,2020-11-13
535,1605312000000,0.026113681970282285,11790292.577414328,2020-11-14
536,1605398400000,0.027937282165945695,12299794.270721024,2020-11-15
537,1605484800000,0.02571923861105628,11546782.151385482,2020-11-16
538,1605571200000,0.025878348069565193,11628920.498581845,2020-11-17
539,1605657600000,0.026365644109572775,11832489.291865295,2020-11-18
540,1605744000000,0.025743774138402186,11563877.529298637,2020-11-19
541,1605830400000,0.0251604335088113,11293319.38990339,2020-11-20
542,1605916800000,0.025743264207006584,11541882.967155471,2020-11-21
543,1606003200000,0.02741623535630228,12235481.403271286,2020-11-22
544,1606089600000,0.026546230223117834,11939867.259559587,2020-11-23
545,1606176000000,0.028532505410802083,12750254.804369574,2020-11-24
546,1606262400000,0.02898886912233735,13029875.51977334,2020-11-25
547,1606348800000,0.029942316333316756,13316176.617269013,2020-11-26
548,1606435200000,0.025153062535628854,11285680.766703984,2020-11-27
549,1606521600000,0.02671381067375333,11998643.304163642,2020-11-28
550,1606608000000,0.026386234158466113,11946506.493829247,2020-11-29
551,1606694400000,0.02701676737865476,12131795.838455118,2020-11-30
552,1606780800000,0.027302826903991658,12341683.251069814,2020-12-01
553,1606867200000,0.02623021790257463,11783005.01137142,2020-12-02
554,1606953600000,0.02889914304477782,12896031.626364684,2020-12-03
555,1607040000000,0.029093802272515807,13072853.017237257,2020-12-04
556,1607126400000,0.026248496665010848,11849333.70448494,2020-12-05
557,1607212800000,0.027454469331583183,12297840.883155068,2020-12-06
558,1607299200000,0.026643555486781854,11918552.848471021,2020-12-07
559,1607385600000,0.02771698714681318,12420998.493545346,2020-12-08
560,1607472000000,0.025468916796056475,11476708.318177547,2020-12-09
561,1607558400000,0.028030911176059006,12586009.017095413,2020-12-10
562,1607644800000,0.027257215238131217,12300033.822130393,2020-12-11
563,1607731200000,0.02598988750156528,11691450.450930439,2020-12-12
564,1607817600000,0.026864173095194312,12064305.508422885,2020-12-13
565,1607904000000,0.026960423272520666,12098455.589511978,2020-12-14
566,1607990400000,0.026915001733308505,12103778.522089448,2020-12-15
567,1608076800000,0.026697024650809437,11961824.872591333,2020-12-16
568,1608163200000,0.026889999797406205,12055874.623744845,2020-12-17
569,1608249600000,0.02587103562773992,11672783.659346435,2020-12-18
570,1608336000000,0.026932316798009902,12085502.745908856,2020-12-19
571,1608422400000,0.02649515729030785,11920045.470437868,2020-12-20
572,1608508800000,0.027952998536858713,12490315.444690272,2020-12-21
573,1608595200000,0.02605045334570742,11734498.657130389,2020-12-22
574,1608681600000,0.025056168458160777,11292643.792817727,2020-12-23
575,1608768000000,0.020456657444290084,9202214.031270133,2020-12-24
576,1608854400000,0.022407281854004247,10152455.88993936,2020-12-25
577,1608940800000,0.021934667776743393,9855923.22032658,2020-12-26
578,1609027200000,0.02167898629826235,9729545.221845224,2020-12-27
579,1609113600000,0.021496429069092934,9677375.6921074,2020-12-28
580,1609200000000,0.02244578615139521,10132646.624513814,2020-12-29
581,1609286400000,0.021737089349523894,9795954.969139503,2020-12-30
582,1609372800000,0.020901127861831896,9400813.97060705,2020-12-31
583,1609459200000,0.021236636121983662,9582860.176823338,2021-01-01
584,1609545600000,0.02307887880466355,10366093.7270689,2021-01-02
585,1609632000000,0.02182095860458076,9795346.533052137,2021-01-03
586,1609718400000,0.02216422905937198,10079294.534445018,2021-01-04
587,1609804800000,0.022340984728020437,10054376.008193664,2021-01-05
588,1609891200000,0.023230011696392897,10378055.286006287,2021-01-06
589,1609977600000,0.026118799480646913,11812028.423215916,2021-01-07
590,1610064000000,0.02452141909635937,10959248.789008958,2021-01-08
591,1610150400000,0.02525728130674879,11305860.713040153,2021-01-09
592,1610236800000,0.029574738131271556,13293034.229212184,2021-01-10
593,1610323200000,0.027181771229301384,12188993.31477417,2021-01-11
594,1610409600000,0.023618342362595954,10536324.769249726,2021-01-12
595,1610496000000,0.023065344979732973,10354673.752935162,2021-01-13
596,1610582400000,0.02419679193470683,10890857.588624846,2021-01-14
597,1610668800000,0.02521702842644546,11329935.207185436,2021-01-15
598,1610755200000,0.024348350095410424,10963965.983765794,2021-01-16
599,1610841600000,0.026220308933451748,11772463.407109587,2021-01-17
600,1610928000000,0.02711780224830507,12416411.53878501,2021-01-18
601,1611014400000,0.029318032163148988,13082654.502946435,2021-01-19
602,1611100800000,0.03271753463536264,14835132.74037604,2021-01-20
603,1611187200000,0.03394516746618439,15286149.644994443,2021-01-21
604,1611273600000,0.03148441824394338,14233840.894897263,2021-01-22
605,1611360000000,0.030023500794665613,13515556.467694286,2021-01-23
606,1611446400000,0.03314328383209743,14897405.448157055,2021-01-24
607,1611532800000,0.03115916698755232,13999246.703491954,2021-01-25
608,1611619200000,0.030072839860632146,13565481.153542874,2021-01-26
609,1611705600000,0.03162366557461931,14228215.460675118,2021-01-27
610,1611792000000,0.03502505290050947,15579754.477278486,2021-01-28
611,1611878400000,0.03363030220133331,15191136.933156803,2021-01-29
612,1611964800000,0.03324448993856469,14924904.460617084,2021-01-30
613,1612051200000,0.03283913655276458,14654428.928404436,2021-01-31
614,1612137600000,0.037535540514867446,16836458.04933405,2021-02-01
615,1612224000000,0.03634300861864781,16368069.417470658,2021-02-02
616,1612310400000,0.03644653837722141,16407211.522986468,2021-02-03
617,1612396800000,0.03767483103277714,16911990.921976183,2021-02-04
618,1612483200000,0.0390847755733009,17667172.604547225,2021-02-05
619,1612569600000,0.042832498149650795,19268008.520325042,2021-02-06
620,1612656000000,0.04085380671363731,18302078.173338607,2021-02-07
621,1612742400000,0.03886910775100934,17542529.20391274,2021-02-08
622,1612828800000,0.042038165174540655,18712816.095873974,2021-02-09
623,1612915200000,0.05116526233975786,23225438.249535173,2021-02-10
624,1613001600000,0.06466005513747702,29588948.50471883,2021-02-11
625,1613088000000,0.0629940394731102,28181645.567754492,2021-02-12
626,1613174400000,0.0643071619473996,28960231.819725122,2021-02-13
627,1613260800000,0.06621434730338839,29902394.164116304,2021-02-14
628,1613347200000,0.06370817279592038,28667285.346477028,2021-02-15
629,1613433600000,0.0601285652292335,27022137.940124523,2021-02-16
630,1613520000000,0.057312289329123085,25831050.96449333,2021-02-17
631,1613606400000,0.06045561186959155,27383854.716092136,2021-02-18
632,1613692800000,0.0656102282816986,29471467.913169153,2021-02-19
633,1613779200000,0.06188476005562192,27737583.648562185,2021-02-20
634,1613865600000,0.06065822549617735,27144789.00072467,2021-02-21
635,1613952000000,0.06514390194888124,29220574.542875253,2021-02-22
636,1614038400000,0.060388014871698883,26950775.1704507,2021-02-23
637,1614124800000,0.050315885462613286,22585272.755129907,2021-02-24
638,1614211200000,0.053607699448420414,24039840.785717122,2021-02-25
639,1614297600000,0.05119832137509909,23312601.56293336,2021-02-26
640,1614384000000,0.04905024204117984,22074634.025994048,2021-02-27
641,1614470400000,0.05634396477590224,25215993.473623063,2021-02-28
642,1614556800000,0.05045442330928549,22820403.106597308,2021-03-01
643,1614643200000,0.05552139741623621,24907325.98723686,2021-03-02
644,1614729600000,0.05554398114045214,24768198.13133309,2021-03-03
645,1614816000000,0.06843967362436683,30766173.326443855,2021-03-04
646,1614902400000,0.08868753004134036,40054392.909240685,2021-03-05
647,1614988800000,0.07439525351014574,33493881.943987984,2021-03-06
648,1615075200000,0.07248129528350947,32678003.11411816,2021-03-07
649,1615161600000,0.08299406965567244,37224035.566748105,2021-03-08
650,1615248000000,0.12715299366312435,56957460.59421493,2021-03-09
651,1615334400000,0.2219200773545369,100251461.5199941,2021-03-10
652,1615420800000,0.30082848070144275,135711907.9427474,2021-03-11
653,1615507200000,0.4389005359374447,197747147.07464007,2021-03-12
654,1615593600000,0.5752703783650102,259096510.75217766,2021-03-13
655,1615680000000,0.5141396562776112,233069176.47010234,2021-03-14
656,1615766400000,0.5185204765315337,232247144.72496647,2021-03-15
657,1615852800000,0.48177591046827867,219480387.95606837,2021-03-16
658,1615939200000,0.3983347200013918,178904236.47216037,2021-03-17
659,1616025600000,0.4111690426294757,183562242.40837157,2021-03-18
660,1616112000000,0.39025526176763226,175902943.56985658,2021-03-19
661,1616198400000,0.3978073074001752,179476163.5908004,2021-03-20
662,1616284800000,0.3842770402132548,174263050.08196315,2021-03-21
663,1616371200000,0.402268653996404,180846261.4991921,2021-03-22
664,1616457600000,0.38104518733518933,172388090.91352636,2021-03-23
665,1616544000000,0.3339805284212756,149184499.96619618,2021-03-24
666,1616630400000,0.30456359252928206,138531353.7074872,2021-03-25
667,1616716800000,0.2867595030614614,129365019.29287362,2021-03-26
668,1616803200000,0.394048901000615,175815899.26786214,2021-03-27
669,1616889600000,0.3694256260766705,169548968.70305046,2021-03-28
670,1616976000000,0.383273383505881,177797214.72316957,2021-03-29
671,1617062400000,0.4072398407822636,182519625.0093957,2021-03-30
672,1617148800000,0.4477403739232221,199649201.65894023,2021-03-31
673,1617235200000,0.415149772873357,186157566.47489253,2021-04-01
674,1617321600000,0.391327875644157,178308168.75086862,2021-04-02
675,1617408000000,0.37983354613328446,171173351.88424972,2021-04-03
676,1617494400000,0.3355261639173747,152226142.39609718,2021-04-04
677,1617580800000,0.36083150418042803,161905303.82818666,2021-04-05
678,1617667200000,0.3540919706905221,159087703.30171707,2021-04-06
679,1617753600000,0.3379965663594897,154010209.71631235,2021-04-07
680,1617840000000,0.3174107567067513,141111952.25801352,2021-04-08
681,1617926400000,0.35438797852623716,158088016.9601435,2021-04-09
682,1618012800000,0.3603078016265299,161855439.6145363,2021-04-10
683,1618099200000,0.3388612902258141,153375494.62100354,2021-04-11
684,1618185600000,0.34864495143559254,156245371.8323987,2021-04-12
685,1618272000000,0.3686017768930424,166021303.80278313,2021-04-13
686,1618358400000,0.34432887428805575,153552298.76609984,2021-04-14
687,1618444800000,0.34403710095576323,155366037.93874988,2021-04-15
688,1618531200000,0.3686596852907742,165660097.6153507,2021-04-16
689,1618617600000,0.43396057494842466,195465325.0521154,2021-04-17
690,1618704000000,0.4000409722356324,180615096.88943812,2021-04-18
691,1618790400000,0.32782061099844784,147976233.18791047,2021-04-19
692,1618876800000,0.2853213664972101,127820828.8075206,2021-04-20
693,1618963200000,0.2943854079305511,131254137.84573622,2021-04-21
694,1619049600000,0.28084399281899997,126449839.28748648,2021-04-22
695,1619136000000,0.24086201496044274,108871734.74815854,2021-04-23
696,1619222400000,0.2230977978052698,99142311.3539972,2021-04-24
697,1619308800000,0.2461287425096078,113792964.97231625,2021-04-25
698,1619395200000,0.23040064598822974,103782584.16872142,2021-04-26
699,1619481600000,0.29268113603353907,131460144.61580971,2021-04-27
700,1619568000000,0.308064793811506,141613673.02718675,2021-04-28
701,1619654400000,0.30135452648816974,134648429.2391269,2021-04-29
702,1619740800000,0.37577117485506123,171394863.85899502,2021-04-30
703,1619827200000,0.3566024523790656,163507676.6264417,2021-05-01
704,1619913600000,0.4320143143289964,192158283.64697883,2021-05-02
705,1620000000000,0.4278771121769612,193343767.1576648,2021-05-03
706,1620086400000,0.3993001103951757,179408228.58147883,2021-05-04
707,1620172800000,0.35794298284130155,162166541.24451646,2021-05-05
708,1620259200000,0.36320766488421347,164256457.89163423,2021-05-06
709,1620345600000,0.3431348438018502,154501167.41507006,2021-05-07
710,1620432000000,0.3523657693698176,158506932.14255393,2021-05-08
711,1620518400000,0.3448058092733691,154216429.6632883,2021-05-09
712,1620604800000,0.330152240694476,148878371.19122255,2021-05-10
713,1620691200000,0.29773357231424596,133308551.70544103,2021-05-11
714,1620777600000,0.32799856489972146,146806170.07800186,2021-05-12
715,1620864000000,0.28415854745954106,132536740.19889303,2021-05-13
716,1620950400000,0.3200548015482045,143457291.1303109,2021-05-14
717,1621036800000,0.3366493223920691,151698353.90184838,2021-05-15
718,1621123200000,0.30859936908056335,139082615.64655218,2021-05-16
719,1621209600000,0.30625636256444766,136833265.35532832,2021-05-17
720,1621296000000,0.2939284037117959,134189575.79773974,2021-05-18
721,1621382400000,0.2940860538229386,130676049.77372454,2021-05-19
722,1621468800000,0.18313239066668968,84162973.95817323,2021-05-20
723,1621555200000,0.21303099078855392,95689564.60284181,2021-05-21
724,1621641600000,0.17699328491374272,79880229.33535317,2021-05-22
725,1621728000000,0.16807444835057897,75606358.2614082,2021-05-23
726,1621814400000,0.13922904153528967,61669959.71296757,2021-05-24
727,1621900800000,0.16775216647970126,74786881.6812533,2021-05-25
728,1621987200000,0.22477724620502598,101638406.23605739,2021-05-26
729,1622073600000,0.22993282716915542,101305408.98692223,2021-05-27
730,1622160000000,0.22345045102841346,100714605.6762512,2021-05-28
731,1622246400000,0.19538884299662798,87655246.6569696,2021-05-29
732,1622332800000,0.18235202012755475,82306800.53766476,2021-05-30
733,1622419200000,0.18732166263607078,84180368.93856783,2021-05-31
734,1622505600000,0.21425746705666307,97571753.70269291,2021-06-01
735,1622592000000,0.20268291145268352,90935729.02578926,2021-06-02
736,1622678400000,0.22129707864261183,100467999.14744295,2021-06-03
737,1622764800000,0.22324490950356624,101301325.75668244,2021-06-04
738,1622851200000,0.20399113873718897,91821906.54112136,2021-06-05
739,1622937600000,0.18901359076314864,84665318.3696868,2021-06-06
740,1623024000000,0.2047445275720908,91027428.93139212,2021-06-07
741,1623110400000,0.17931833576489947,81852266.57619251,2021-06-08
742,1623196800000,0.18372081121890213,82485517.82409044,2021-06-09
743,1623283200000,0.1844027645807589,83225965.11754523,2021-06-10
744,1623369600000,0.18914147944702278,85965607.87086965,2021-06-11
745,1623456000000,0.19298786866123954,86303084.62820113,2021-06-12
746,1623542400000,0.18144975435721902,82165510.06108867,2021-06-13
747,1623628800000,0.19381908844753537,86592088.7580035,2021-06-14
748,1623715200000,0.19398396353980019,87118116.98056974,2021-06-15
749,1623801600000,0.19490541562475214,87640972.71295369,2021-06-16
750,1623888000000,0.20013885416834348,89783128.0248406,2021-06-17
751,1623974400000,0.19586626004017704,87461502.44791989,2021-06-18
752,1624060800000,0.17870555499482554,80558538.57912976,2021-06-19
753,1624147200000,0.17323093073684745,77947329.4856777,2021-06-20
754,1624233600000,0.17402301990464453,78100230.10797985,2021-06-21
755,1624320000000,0.1365871540767022,61929772.01315016,2021-06-22
756,1624406400000,0.13273622776023997,59651240.67227241,2021-06-23
757,1624492800000,0.14340920833919957,64261454.380226396,2021-06-24
758,1624579200000,0.14658998231638104,65845272.82279708,2021-06-25
759,1624665600000,0.13098554397226933,58751701.240479894,2021-06-26
760,1624752000000,0.1349944133682778,60531834.37196944,2021-06-27
761,1624838400000,0.13693458105211462,61297352.482547976,2021-06-28
762,1624924800000,0.1455903154944134,65313478.20535325,2021-06-29
763,1625011200000,0.14608315288410523,66082896.952379316,2021-06-30
764,1625097600000,0.1492920008270688,67123763.5281957,2021-07-01
765,1625184000000,0.1379499759297864,61908762.4102921,2021-07-02
766,1625270400000,0.13619583827816426,61041745.64221504,2021-07-03
767,1625356800000,0.1414534206465801,63376780.8837855,2021-07-04
768,1625443200000,0.1520624217232308,68427917.90976097,2021-07-05
769,1625529600000,0.14215773592547415,64014092.12745537,2021-07-06
770,1625616000000,0.14862259190568017,66887146.133303955,2021-07-07
771,1625702400000,0.1593789936559312,71628603.3719287,2021-07-08
772,1625788800000,0.15353425941358065,68994768.38958822,2021-07-09
773,1625875200000,0.15656955989718685,70539962.90198721,2021-07-10
774,1625961600000,0.18986316065548806,85360408.82912526,2021-07-11
775,1626048000000,0.17659394282597138,79344888.76175427,2021-07-12
776,1626134400000,0.16544250433372285,74362083.66280937,2021-07-13
777,1626220800000,0.2029300388397616,91254347.27088885,2021-07-14
778,1626307200000,0.2501731144151483,110858842.272239,2021-07-15
779,1626393600000,0.25255834421157125,113638229.90569043,2021-07-16
780,1626480000000,0.2104918931897534,117935487.2130302,2021-07-17
781,1626566400000,0.1969214366079038,110393237.71589677,2021-07-18
782,1626652800000,0.27434901383180854,153708652.66401848,2021-07-19
783,1626739200000,0.22786833844686305,129765155.39949302,2021-07-20
784,1626825600000,0.24435409507506098,137942936.47066277,2021-07-21
785,1626912000000,0.2734453808759253,153010656.87932214,2021-07-22
786,1626998400000,0.27249238689232586,153455750.93584156,2021-07-23
787,1627084800000,0.3316200233083925,186258132.33556482,2021-07-24
788,1627171200000,0.3495463616141908,196631221.62217954,2021-07-25
789,1627257600000,0.4016329346284243,225507549.43526715,2021-07-26
790,1627344000000,0.33091536700994834,187822811.29700822,2021-07-27
791,1627430400000,0.35721958344923,198309546.87349272,2021-07-28
792,1627516800000,0.3408038587884552,192592753.96388537,2021-07-29
793,1627603200000,0.3362202680414335,193163070.02856332,2021-07-30
794,1627689600000,0.32649680200257014,184896074.4823295,2021-07-31
795,1627776000000,0.3257831042128994,184935328.243816,2021-08-01
796,1627862400000,0.30578408239400007,172822228.77009192,2021-08-02
797,1627948800000,0.302263441420268,171968860.65521467,2021-08-03
798,1628035200000,0.29643769889910065,168234593.74258253,2021-08-04
799,1628121600000,0.32183268868071857,181989904.4150259,2021-08-05
800,1628208000000,0.315049294970136,179077597.0029794,2021-08-06
801,1628294400000,0.32125826966205734,182926192.56859836,2021-08-07
802,1628380800000,0.3255085136513817,184389133.3654187,2021-08-08
803,1628467200000,0.30496040363306404,173466844.89884323,2021-08-09
804,1628553600000,0.3098058232533628,175710942.55032572,2021-08-10
805,1628640000000,0.34010231097011645,192696206.07398868,2021-08-11
806,1628726400000,0.33099618864548386,187710453.89560312,2021-08-12
807,1628812800000,0.3184358351347813,180463360.66086227,2021-08-13
808,1628899200000,0.3354062658141745,190342419.4845407,2021-08-14
809,1628985600000,0.3360907524288624,190573283.93267554,2021-08-15
810,1629072000000,0.4201507667912906,238140632.12181577,2021-08-16
811,1629158400000,0.39339014034480857,226366230.55774263,2021-08-17
812,1629244800000,0.35395128373346474,202116441.89161003,2021-08-18
813,1629331200000,0.3674838887413051,210479899.84226173,2021-08-19
814,1629417600000,0.37977500319752433,211057647.0256738,2021-08-20
815,1629504000000,0.3812690914820802,216190353.48721823,2021-08-21
816,1629590400000,0.4019286894329916,228116705.16185713,2021-08-22
817,1629676800000,0.4023080195623973,228052823.12881365,2021-08-23
818,1629763200000,0.4100686989083832,233676209.03031883,2021-08-24
819,1629849600000,0.36682520255931744,208439460.85855228,2021-08-25
820,1629936000000,0.4180841111621731,237556891.45162997,2021-08-26
821,1630022400000,0.3981409949194586,226047685.07531905,2021-08-27
822,1630108800000,0.40624092916899723,230324805.57247224,2021-08-28
823,1630195200000,0.4565507784767826,260446390.84135643,2021-08-29
824,1630281600000,0.4786648273068723,270645759.0500793,2021-08-30
825,1630368000000,0.43614009058959236,247591182.07348,2021-08-31
826,1630454400000,0.435356723774257,247008100.27469325,2021-09-01
827,1630540800000,0.44615434256279674,253011272.57765844,2021-09-02
828,1630627200000,0.4335393609730267,245990949.36198574,2021-09-03
829,1630713600000,0.4330275975635421,245175668.11932793,2021-09-04
830,1630800000000,0.44341616043582366,252644604.60758913,2021-09-05
831,1630886400000,0.4480460570393523,253987892.35554087,2021-09-06
832,1630972800000,0.43294036486398885,245973798.2356553,2021-09-07
833,1631059200000,0.3271375736633448,186625197.0305717,2021-09-08
834,1631145600000,0.3290567129694976,188036989.5748235,2021-09-09
835,1631232000000,0.322800855941228,183477479.639071,2021-09-10
836,1631318400000,0.34125913547514203,192905495.8235568,2021-09-11
837,1631404800000,0.34034221739471276,193101855.17665228,2021-09-12
838,1631491200000,0.33403465986099723,190314009.11611387,2021-09-13
839,1631577600000,0.3151705397049148,178797556.91570827,2021-09-14
840,1631664000000,0.3211348222388457,182452861.51216245,2021-09-15
841,1631750400000,0.3525979022126408,200576348.59931895,2021-09-16
842,1631836800000,0.3452987829823484,195554779.27868998,2021-09-17
843,1631923200000,0.34043292582136364,193039274.4730762,2021-09-18
844,1632009600000,0.33692979774011145,190956733.7729905,2021-09-19
845,1632096000000,0.32723449681683525,185815128.19020745,2021-09-20
846,1632182400000,0.2718640644703266,153576601.09449086,2021-09-21
847,1632268800000,0.25383662954165526,143924956.06792524,2021-09-22
848,1632355200000,0.3054794614852028,173451202.52348414,2021-09-23
849,1632441600000,0.3142266834198311,178340859.80783367,2021-09-24
850,1632528000000,0.28371405747553946,160736628.05511257,2021-09-25
851,1632614400000,0.2840965792005474,161374258.71300414,2021-09-26
852,1632700800000,0.2591169425522312,147686183.44940978,2021-09-27
853,1632787200000,0.26360835364040386,149504461.23476747,2021-09-28
854,1632873600000,0.2538399792353087,144296207.11850968,2021-09-29
855,1632960000000,0.2653726011134836,150292265.60901767,2021-09-30
856,1633046400000,0.2890067002686996,163873563.97534359,2021-10-01
857,1633132800000,0.3387258185919004,192017569.69839612,2021-10-02
858,1633219200000,0.32235143096946095,185182407.1627554,2021-10-03
859,1633305600000,0.34953559638453685,196638891.59958425,2021-10-04
860,1633392000000,0.33260495876008694,189841799.7881473,2021-10-05
861,1633478400000,0.3473764780005727,197378405.54548085,2021-10-06
862,1633564800000,0.34297758866495576,194494402.85276777,2021-10-07
863,1633651200000,0.3587349749021964,203443809.32882962,2021-10-08
864,1633737600000,0.3402047520394661,193366796.4182638,2021-10-09
865,1633824000000,0.34188018754099647,194018011.570238,2021-10-10
866,1633910400000,0.31887722346531866,181385162.3816815,2021-10-11
867,1633996800000,0.3341332251005508,189085816.76921988,2021-10-12
868,1634083200000,0.3267853137436521,184726684.0874702,2021-10-13
869,1634169600000,0.3369840513336338,191250108.12034082,2021-10-14
870,1634256000000,0.3359841484426429,190018659.2636285,2021-10-15
871,1634342400000,0.3691051961433366,206418429.396654,2021-10-16
872,1634428800000,0.36763228337854387,207959237.7315227,2021-10-17
873,1634515200000,0.35158376815729714,199122079.18960842,2021-10-18
874,1634601600000,0.34388650242022617,195708580.79138923,2021-10-19
875,1634688000000,0.34824807884916603,198230435.49768147,2021-10-20
876,1634774400000,0.3612265236582664,205551740.5122565,2021-10-21
877,1634860800000,0.34808551728642656,198125426.09357098,2021-10-22
878,1634947200000,0.36262953466218417,205847735.04109082,2021-10-23
879,1635033600000,0.3684451136848365,208988985.18327275,2021-10-24
880,1635120000000,0.3516931499539689,199663716.5637152,2021-10-25
881,1635206400000,0.357596272913812,202834508.07897034,2021-10-26
882,1635292800000,0.3676950697799332,208907475.3464655,2021-10-27
883,1635379200000,0.31953284062582793,181309929.51746017,2021-10-28
884,1635465600000,0.3392880028097877,192573851.1278287,2021-10-29
885,1635552000000,0.3881160619763811,219772215.03844598,2021-10-30
886,1635638400000,0.4737977722126465,275884271.13286626,2021-10-31
887,1635724800000,0.43710034984719437,246854490.83051422,2021-11-01
888,1635811200000,0.49693706723763553,281728996.0026724,2021-11-02
889,1635897600000,0.7354637581664387,417279660.1156352,2021-11-03
890,1635984000000,0.660406879007181,375173318.2140024,2021-11-04
891,1636070400000,0.7662206783695568,431033687.9796768,2021-11-05
892,1636156800000,0.920323023314221,498870064.4628771,2021-11-06
893,1636243200000,0.8915388930336056,499856800.3959003,2021-11-07
894,1636329600000,0.8366842104877678,473809463.18595105,2021-11-08
895,1636416000000,0.7966051444422234,452546032.3431178,2021-11-09
896,1636502400000,0.774298952127178,442948824.34913623,2021-11-10
897,1636588800000,1.1346329560790296,645507033.2613701,2021-11-11
898,1636675200000,1.0905875662089644,619197847.9443737,2021-11-12
899,1636761600000,1.214286711603592,691014982.0931954,2021-11-13
900,1636848000000,1.1244436206967305,639015340.4954606,2021-11-14
901,1636934400000,1.2289040221673726,702820619.6798652,2021-11-15
902,1637020800000,1.1843203814876253,672507550.4666623,2021-11-16
903,1637107200000,1.1527935177708217,657627595.2070347,2021-11-17
904,1637193600000,1.1116489764447033,621614738.1354332,2021-11-18
905,1637280000000,1.1818779293304553,669751537.994747,2021-11-19
906,1637366400000,1.1715048092723126,662701404.413217,2021-11-20
907,1637452800000,1.4172749873577553,805684415.1976739,2021-11-21
908,1637539200000,1.2396650578288337,706000603.3200567,2021-11-22
909,1637625600000,1.2838956080633104,727231193.4937841,2021-11-23
910,1637712000000,1.2702656046763838,724898880.379804,2021-11-24
911,1637798400000,1.2056408756409347,673897519.9771094,2021-11-25
912,1637884800000,1.1926022230229245,677884569.3794186,2021-11-26
913,1637971200000,1.0281076315884135,590641314.844482,2021-11-27
914,1638057600000,0.9765202757888238,552768271.8641529,2021-11-28
915,1638144000000,1.0325773906298523,586894174.4025071,2021-11-29
916,1638230400000,1.0095619612350668,574563685.6990131,2021-11-30
917,1638316800000,0.9465373798316311,537757007.6724824,2021-12-01
918,1638403200000,0.9265189258367882,526424151.2765901,2021-12-02
919,1638489600000,0.8972124882165456,509668008.2546921,2021-12-03
920,1638576000000,0.8227806025113777,469106706.4649217,2021-12-04
921,1638662400000,0.6731093541199418,381758719.9490798,2021-12-05
922,1638748800000,0.6072548998880052,344045973.2014485,2021-12-06
923,1638835200000,0.6649457785429281,377478173.9055076,2021-12-07
924,1638921600000,0.6462564622474983,366618219.9238349,2021-12-08
925,1639008000000,0.6647368767627277,373388222.2871389,2021-12-09
926,1639094400000,0.5962347664626931,340356970.78972816,2021-12-10
927,1639180800000,0.5566232905322663,322663264.77907556,2021-12-11
928,1639267200000,0.5842059832895469,331784258.1039853,2021-12-12
929,1639353600000,0.6126966938658222,347161725.1237115,2021-12-13
930,1639440000000,0.5305000200219909,301903073.07414085,2021-12-14
931,1639526400000,0.5328159331016575,301548710.27567095,2021-12-15
932,1639612800000,0.5518315827792583,316590313.46569276,2021-12-16
933,1639699200000,0.5708199549479148,324727332.4468987,2021-12-17
934,1639785600000,0.5578796274428346,316580443.39648473,2021-12-18
935,1639872000000,0.5826228403227421,329469163.8716273,2021-12-19
936,1639958400000,0.581647480713282,331174471.7176934,2021-12-20
937,1640044800000,0.5561898209988221,317106076.88351554,2021-12-21
938,1640131200000,0.6534069863193606,374429813.4632537,2021-12-22
939,1640217600000,0.6652597572683012,377680458.736228,2021-12-23
940,1640304000000,0.7204315003675369,408833418.3518021,2021-12-24
941,1640390400000,0.7919150931262338,448713864.62150747,2021-12-25
942,1640476800000,0.8221810695333487,466910937.13442135,2021-12-26
943,1640563200000,0.8121033981397412,458498989.8177425,2021-12-27
944,1640649600000,0.7695019159208081,439335552.79364437,2021-12-28
945,1640736000000,0.714268853983751,406547271.72143364,2021-12-29
946,1640822400000,0.7128796672757342,401633492.8094649,2021-12-30
947,1640908800000,0.7640852022490213,434091379.58357424,2021-12-31
948,1640995200000,0.8164821583353541,464730826.6522621,2022-01-01
949,1641081600000,0.9238668246489955,523404605.4444642,2022-01-02
950,1641168000000,0.8813549274027317,499943908.228803,2022-01-03
951,1641254400000,0.8319568484730628,472528869.1596512,2022-01-04
952,1641340800000,0.872020795691359,508170541.53363043,2022-01-05
953,1641427200000,0.7657887241896729,435503946.92147285,2022-01-06
954,1641513600000,0.7707872153616255,436206883.8131558,2022-01-07
955,1641600000000,0.7144225327859258,405402867.11681426,2022-01-08
956,1641686400000,0.6901562967548562,393003284.4413879,2022-01-09
957,1641772800000,0.7062669764215019,395571848.9170149,2022-01-10
958,1641859200000,0.6628304511367206,375908154.6019447,2022-01-11
959,1641945600000,0.7467255105890005,424122794.33179367,2022-01-12
960,1642032000000,0.7784929963229573,442730800.372735,2022-01-13
961,1642118400000,0.7487146843381244,426357201.44052196,2022-01-14
962,1642204800000,0.765992116789509,433517954.79561967,2022-01-15
963,1642291200000,0.8612290733524409,486428544.00764006,2022-01-16
964,1642377600000,0.8773104188224568,497778837.0254468,2022-01-17
965,1642464000000,0.9227843113497296,521795933.86578333,2022-01-18
966,1642550400000,0.8668364889914791,492043771.7550084,2022-01-19
967,1642636800000,0.8141648961373313,462479371.3552473,2022-01-20
968,1642723200000,0.8053150376602439,460812933.10141855,2022-01-21
969,1642809600000,0.705723876710345,400037237.8991694,2022-01-22
970,1642896000000,0.5619321084445564,317721141.81663376,2022-01-23
971,1642982400000,0.5675483989673117,321103202.9779917,2022-01-24
972,1643068800000,0.5186488163406153,294907150.4104545,2022-01-25
973,1643155200000,0.5103514108597195,289316197.531946,2022-01-26
974,1643241600000,0.5227878840578697,299264165.28973687,2022-01-27
975,1643328000000,0.5089604874538427,288768626.40587825,2022-01-28
976,1643414400000,0.518532304165539,293641102.11206293,2022-01-29
977,1643500800000,0.5325421158256956,300718492.5244462,2022-01-30
978,1643587200000,0.5189969093597329,295074458.3557921,2022-01-31
979,1643673600000,0.5476152610896932,310627571.64032376,2022-02-01
980,1643760000000,0.5406045232331361,307019213.8183284,2022-02-02
981,1643846400000,0.5227092743725756,296530452.9920447,2022-02-03
982,1643932800000,0.5153014841060916,293474415.3955995,2022-02-04
983,1644019200000,0.5868384449129019,333010882.7323274,2022-02-05
984,1644105600000,0.6143957634352297,350640936.5435992,2022-02-06
985,1644192000000,0.6276597829891762,356664792.01728976,2022-02-07
986,1644278400000,0.6495172831508613,368721401.66952336,2022-02-08
987,1644364800000,0.6490799713921711,368251869.8213907,2022-02-09
988,1644451200000,0.63256777426641,360239738.78756565,2022-02-10
989,1644537600000,0.5813156021607605,329842202.6611676,2022-02-11
990,1644624000000,0.5271202094192194,298945718.5681909,2022-02-12
991,1644710400000,0.5261577040265489,298266359.17807645,2022-02-13
992,1644796800000,0.5093258012267333,289157858.95328677,2022-02-14
993,1644883200000,0.5252037651681989,297712316.9013651,2022-02-15
994,1644969600000,0.57109294456795,324475555.560904,2022-02-16
995,1645056000000,0.5592701981392888,317303497.4655414,2022-02-17
996,1645142400000,0.5021610501166238,286737643.63548386,2022-02-18
997,1645228800000,0.49115141258156214,279756933.56934327,2022-02-19
998,1645315200000,0.4853834631097849,274545454.25298965,2022-02-20
999,1645401600000,0.42598741943608687,243031593.59585527,2022-02-21
1000,1645488000000,0.3792205730618699,215161587.62697846,2022-02-22
1001,1645574400000,0.39657675280687255,224258429.12512827,2022-02-23
1002,1645660800000,0.3827120538532265,217082624.0950242,2022-02-24
1003,1645747200000,0.3687338591576235,208890357.22112182,2022-02-25
1004,1645833600000,0.4031001130913953,227900205.42330936,2022-02-26
1005,1645920000000,0.3893885095354425,219942521.604923,2022-02-27
1006,1646006400000,0.3777797461186065,214456601.48646125,2022-02-28
1007,1646092800000,0.4266377471659516,241289258.8790137,2022-03-01
1008,1646179200000,0.43232639741441836,245023017.88362607,2022-03-02
1009,1646265600000,0.4218443293776372,240249328.7914078,2022-03-03
1010,1646352000000,0.40206768975625595,228501551.48439002,2022-03-04
1011,1646438400000,0.375903310208127,213758144.78721023,2022-03-05
1012,1646524800000,0.3959966750886379,224286607.07603723,2022-03-06
1013,1646611200000,0.3683791497404458,209317463.69868052,2022-03-07
1014,1646697600000,0.36441506378124516,206920642.4305008,2022-03-08
1015,1646784000000,0.3680570931435135,208312724.62846777,2022-03-09
1016,1646870400000,0.39149766983725076,222292228.9382415,2022-03-10
1017,1646956800000,0.3741666678975238,212644263.7960206,2022-03-11
1018,1647043200000,0.3557846590110738,203234207.302807,2022-03-12
1019,1647129600000,0.3568050893467856,202942793.17762527,2022-03-13
1020,1647216000000,0.34285044540666804,194806896.86883602,2022-03-14
1021,1647302400000,0.352977874639812,200148425.82652307,2022-03-15
1022,1647388800000,0.36105304384937437,205316983.56346038,2022-03-16
1023,1647475200000,0.39116482442153977,221212970.48019528,2022-03-17
1024,1647561600000,0.39823792913411676,225833644.5640662,2022-03-18
1025,1647648000000,0.4050751805092764,230050584.11830083,2022-03-19
1026,1647734400000,0.4326015859322302,245911382.8553524,2022-03-20
1027,1647820800000,0.40098360295801994,227960252.3231797,2022-03-21
1028,1647907200000,0.4046984172480011,229505626.75612202,2022-03-22
1029,1647993600000,0.4096855337447237,231926333.1008759,2022-03-23
1030,1648080000000,0.46954646763116875,267002044.7469525,2022-03-24
1031,1648166400000,0.47487995091496504,269899089.94693303,2022-03-25
1032,1648252800000,0.4573620967670621,258835388.48663837,2022-03-26
1033,1648339200000,0.4586134108687893,260458773.67469913,2022-03-27
1034,1648425600000,0.4827788172265141,273835232.4762539,2022-03-28
1035,1648512000000,0.5178662596988681,297691956.0843243,2022-03-29
1036,1648598400000,0.5517161685832287,311698925.81337696,2022-03-30
1037,1648684800000,0.5511487522719676,313192368.05396944,2022-03-31
1038,1648771200000,0.5174038158297443,292395145.43026924,2022-04-01
1039,1648857600000,0.5488014733586063,311195598.6702343,2022-04-02
1040,1648944000000,0.5867081724452584,332650809.6894275,2022-04-03
1041,1649030400000,0.6124475296484884,346257287.78457,2022-04-04
1042,1649116800000,0.6441593481829383,365954501.14326435,2022-04-05
1043,1649203200000,0.5847798816770878,333607732.59947276,2022-04-06
1044,1649289600000,0.4977291131003232,283635692.6391179,2022-04-07
1045,1649376000000,0.5204380304017913,295723443.52600783,2022-04-08
1046,1649462400000,0.48951578678250934,276400270.47401476,2022-04-09
1047,1649548800000,0.5108099351814941,289712353.42026,2022-04-10
1048,1649635200000,0.48153853625908183,273494255.442904,2022-04-11
1049,1649721600000,0.4111973795486624,233593757.0181945,2022-04-12
1050,1649808000000,0.42592898450782596,241659089.13298467,2022-04-13
1051,1649894400000,0.4418754402790318,250632656.96469763,2022-04-14
1052,1649980800000,0.41984894369355213,238454741.1323149,2022-04-15
1053,1650067200000,0.42853447619731855,243025953.6614194,2022-04-16
1054,1650153600000,0.4247441786199819,241968310.908087,2022-04-17
1055,1650240000000,0.3994389994501112,226969567.83283713,2022-04-18
1056,1650326400000,0.419263164927061,236937215.32013983,2022-04-19
1057,1650412800000,0.43715131537727253,248073070.57402468,2022-04-20
1058,1650499200000,0.43018271434449157,244072525.44545877,2022-04-21
1059,1650585600000,0.4115415068422841,233076597.20133084,2022-04-22
1060,1650672000000,0.4162632814409622,236626040.95415705,2022-04-23
1061,1650758400000,0.41261459353182267,234616004.09964553,2022-04-24
1062,1650844800000,0.4274231827476904,243403227.11036876,2022-04-25
1063,1650931200000,0.4107390179113275,233160064.33352792,2022-04-26
1064,1651017600000,0.3650529384915506,207129159.41403756,2022-04-27
1065,1651104000000,0.38555206442008405,218481968.1887395,2022-04-28
1066,1651190400000,0.4116908808018053,233562942.74137276,2022-04-29
1067,1651276800000,0.3803539658205568,216205623.85202533,2022-04-30
1068,1651363200000,0.3352316393136732,189403944.84139302,2022-05-01
1069,1651449600000,0.3568734094911512,202814487.018055,2022-05-02
1070,1651536000000,0.34585800370382574,195649659.39546534,2022-05-03
1071,1651622400000,0.3439028010214389,195178316.24093923,2022-05-04
1072,1651708800000,0.3792642579638822,215883406.58617732,2022-05-05
1073,1651795200000,0.3452497397146099,195187455.87215278,2022-05-06
1074,1651881600000,0.3352174457163865,190622316.91062033,2022-05-07
1075,1651968000000,0.3100772949938487,176548780.05475527,2022-05-08
1076,1652054400000,0.3091654780915939,175080829.64981338,2022-05-09
1077,1652140800000,0.2602886527624849,148692719.5336867,2022-05-10
1078,1652227200000,0.27249148044511423,153853871.7007246,2022-05-11
1079,1652313600000,0.17852095178548133,97326565.50350466,2022-05-12
1080,1652400000000,0.19558561181973372,112716591.29622418,2022-05-13
1081,1652486400000,0.21326869739517892,120656699.98997483,2022-05-14
1082,1652572800000,0.22478899134066063,127623264.38023695,2022-05-15
1083,1652659200000,0.25105724038968413,142445776.1962132,2022-05-16
1084,1652745600000,0.21946146714955977,124776996.78026651,2022-05-17
1085,1652832000000,0.2325686577313382,131805076.64211304,2022-05-18
1086,1652918400000,0.19941401723858132,114326145.91199505,2022-05-19
1087,1653004800000,0.2217985167683188,125830109.30157202,2022-05-20
1088,1653091200000,0.2115587244992196,120310911.65370047,2022-05-21
1089,1653177600000,0.22911480085925245,129679546.16596168,2022-05-22
1090,1653264000000,0.22476660668408577,127236607.50058867,2022-05-23
1091,1653350400000,0.21290835054225052,120797691.47502357,2022-05-24
1092,1653436800000,0.2219135692841046,125764455.8700413,2022-05-25
1093,1653523200000,0.2142214685848149,121853341.40150817,2022-05-26
1094,1653609600000,0.20387053300901997,115985573.7973015,2022-05-27
1095,1653696000000,0.19942068981641484,112944781.87975049,2022-05-28
1096,1653782400000,0.2076082577429189,118108540.51949568,2022-05-29
1097,1653868800000,0.2146962924960235,121805366.8319402,2022-05-30
1098,1653955200000,0.2371094723457699,134497218.58622342,2022-05-31
1099,1654041600000,0.26745056404144824,151567339.62415266,2022-06-01
1100,1654128000000,0.23224632186043448,132189550.50629164,2022-06-02
1101,1654214400000,0.24301945023825905,138217240.46203348,2022-06-03
1102,1654300800000,0.22990980752801995,130300388.92757314,2022-06-04
1103,1654387200000,0.2328375313559788,131998247.10190274,2022-06-05
1104,1654473600000,0.23298055493914682,132791454.0102212,2022-06-06
1105,1654560000000,0.23272297588594565,132271335.29123943,2022-06-07
1106,1654646400000,0.23269284094151252,132775960.50382605,2022-06-08
1107,1654732800000,0.23561988175104523,133683520.203197,2022-06-09
1108,1654819200000,0.23132182272251267,131277551.37969519,2022-06-10
1109,1654905600000,0.2157270482608352,122596941.55829819,2022-06-11
1110,1654992000000,0.19740184978768424,111883795.41518961,2022-06-12
1111,1655078400000,0.1834594336982626,105453139.64255933,2022-06-13
1112,1655164800000,0.16582325412573096,93590796.72548549,2022-06-14
1113,1655251200000,0.1665212793373986,94343005.61084019,2022-06-15
1114,1655337600000,0.17822216486295958,100514171.01616573,2022-06-16
1115,1655424000000,0.15842192618926546,89664516.2292783,2022-06-17
1116,1655510400000,0.16847505626867404,95777041.86841242,2022-06-18
1117,1655596800000,0.161794453473027,91728581.21517664,2022-06-19
1118,1655683200000,0.172351194672108,97557368.17828959,2022-06-20
1119,1655769600000,0.1820569363739058,103355505.82638295,2022-06-21
1120,1655856000000,0.19722910098001661,111765859.40206233,2022-06-22
1121,1655942400000,0.19261946827384777,109591113.00722975,2022-06-23
1122,1656028800000,0.21014410786484652,119517285.5889074,2022-06-24
1123,1656115200000,0.22293070295253256,126821631.5781218,2022-06-25
1124,1656201600000,0.22112695640390537,125433427.51147844,2022-06-26
1125,1656288000000,0.20882105680203025,118886555.86813448,2022-06-27
1126,1656374400000,0.2102748794859256,119167197.96332973,2022-06-28
1127,1656460800000,0.19953327349844127,113179806.85631697,2022-06-29
1128,1656547200000,0.1996802298744861,113452544.43074991,2022-06-30
1129,1656633600000,0.18467192959612605,104228118.15706268,2022-07-01
1130,1656720000000,0.1816552512079579,103646141.837678,2022-07-02
1131,1656806400000,0.17985277497354688,102046450.9268234,2022-07-03
1132,1656892800000,0.179757521417718,101910647.36389989,2022-07-04
1133,1656979200000,0.18850052254766647,106671008.64615086,2022-07-05
1134,1657065600000,0.17927407989324978,101847847.20863658,2022-07-06
1135,1657152000000,0.18215466878240572,103622217.21897887,2022-07-07
1136,1657238400000,0.19229491383370217,108304591.49752988,2022-07-08
1137,1657324800000,0.18901031166118445,106526626.48370913,2022-07-09
1138,1657411200000,0.19359751320628468,109064519.07387148,2022-07-10
1139,1657497600000,0.18654089705670301,104846248.3183552,2022-07-11
1140,1657584000000,0.16766932513651786,94624074.82658364,2022-07-12
1141,1657670400000,0.16675686369436296,94798387.03174666,2022-07-13
1142,1657756800000,0.17205837051683634,96619649.61130208,2022-07-14
1143,1657843200000,0.17625823427609047,99493645.006588,2022-07-15
1144,1657929600000,0.17634547505793352,99108240.5404172,2022-07-16
1145,1658016000000,0.18101075007621314,101951924.92266984,2022-07-17
1146,1658102400000,0.18708915868949816,105868459.71112889,2022-07-18
1147,1658188800000,0.20451544445578376,114884100.46344435,2022-07-19
1148,1658275200000,0.2111471665130011,118763913.90670478,2022-07-20
1149,1658361600000,0.19724766616676706,111265831.392219,2022-07-21
1150,1658448000000,0.19846691687210383,111743737.61367002,2022-07-22
1151,1658534400000,0.19184533607138873,107835760.97323304,2022-07-23
1152,1658620800000,0.19329418097904685,108651864.41834822,2022-07-24
1153,1658707200000,0.19497796130691553,110204232.11903498,2022-07-25
1154,1658793600000,0.17894047008715885,102236019.54578137,2022-07-26
1155,1658880000000,0.18159431876839133,101996042.88582373,2022-07-27
1156,1658966400000,0.19479386024567966,109149711.66140668,2022-07-28
1157,1659052800000,0.21791294664747993,122673522.19089772,2022-07-29
1158,1659139200000,0.2205808920085124,125104919.90233816,2022-07-30
1159,1659225600000,0.215671519869126,121101605.36447608,2022-07-31
1160,1659312000000,0.20829096142717382,117116698.80734625,2022-08-01
1161,1659398400000,0.20952575249274147,117153383.54222156,2022-08-02
1162,1659484800000,0.2025563601007359,114384015.44387363,2022-08-03
1163,1659571200000,0.1993299912355044,111913865.01839486,2022-08-04
1164,1659657600000,0.20109360264323203,112491915.60825342,2022-08-05
1165,1659744000000,0.22052071583098354,123358774.60788971,2022-08-06
1166,1659830400000,0.2152719431265594,121072370.20961992,2022-08-07
1167,1659916800000,0.21588143817437244,121283440.91711959,2022-08-08
1168,1660003200000,0.22798727416639927,128522397.59064957,2022-08-09
1169,1660089600000,0.2181730483668027,122921083.07571344,2022-08-10
1170,1660176000000,0.2379785207641246,133524283.87256612,2022-08-11
1171,1660262400000,0.22319243999455024,125387281.72553392,2022-08-12
1172,1660348800000,0.22454971874605673,126038281.63229242,2022-08-13
1173,1660435200000,0.2200504758135768,123414383.90908648,2022-08-14
1174,1660521600000,0.21080740603075118,118346065.97252798,2022-08-15
1175,1660608000000,0.21192490476261663,119135698.28074147,2022-08-16
1176,1660694400000,0.21351825712491454,119820696.08503039,2022-08-17
1177,1660780800000,0.19558811181289348,109978503.66478041,2022-08-18
1178,1660867200000,0.18065688555430617,101750786.57373512,2022-08-19
1179,1660953600000,0.17165541493618425,96585700.46206315,2022-08-20
1180,1661040000000,0.16920969346874684,95039977.72036059,2022-08-21
1181,1661126400000,0.1755147399743047,98686617.1908982,2022-08-22
1182,1661212800000,0.1696465039281907,95111874.1097688,2022-08-23
1183,1661299200000,0.1750628185802717,98571629.78767693,2022-08-24
1184,1661385600000,0.17420356298973355,97904486.40181205,2022-08-25
1185,1661472000000,0.18646255783748128,104909920.836312,2022-08-26
1186,1661558400000,0.1640770639625748,92069356.15547298,2022-08-27
1187,1661644800000,0.17154062986166757,96648608.85547666,2022-08-28
1188,1661731200000,0.16103648103074666,90855041.60585801,2022-08-29
1189,1661817600000,0.17603995003146458,99015365.96418826,2022-08-30
1190,1661904000000,0.1820777096189687,102649695.9422507,2022-08-31
1191,1661990400000,0.1806759282239817,101278678.30215147,2022-09-01
1192,1662076800000,0.1831180908672207,102629983.88082537,2022-09-02
1193,1662163200000,0.17750881205046082,99658212.57954654,2022-09-03
1194,1662249600000,0.1762546108765988,99191334.75643337,2022-09-04
1195,1662336000000,0.1805201926936629,101505856.17999852,2022-09-05
1196,1662422400000,0.18847729878188882,106105113.04506624,2022-09-06
1197,1662508800000,0.18332524250491822,103711924.63865691,2022-09-07
1198,1662595200000,0.17923955821739995,101029692.52746372,2022-09-08
1199,1662681600000,0.17885801188680334,100531274.55945048,2022-09-09
1200,1662768000000,0.1877852967900803,105748953.2824912,2022-09-10
1201,1662854400000,0.18668263548660521,104989746.06220844,2022-09-11
1202,1662940800000,0.1859336962792385,104457790.38571578,2022-09-12
1203,1663027200000,0.1853122354147737,104183888.37433621,2022-09-13
1204,1663113600000,0.1653414423716597,92818506.99905507,2022-09-14
1205,1663200000000,0.16605231827407946,93109166.62137541,2022-09-15
1206,1663286400000,0.15729492831997713,88577416.45356871,2022-09-16
1207,1663372800000,0.15900377464290977,89288194.66413476,2022-09-17
1208,1663459200000,0.17055561379351628,95804898.14512387,2022-09-18
1209,1663545600000,0.14891785540807628,83797610.82915188,2022-09-19
1210,1663632000000,0.15634759112586444,88008189.4393757,2022-09-20
1211,1663718400000,0.1457287747332758,81867971.16117479,2022-09-21
1212,1663804800000,0.14181716893234012,79573492.774428,2022-09-22
1213,1663891200000,0.15164391846162242,84885088.9476438,2022-09-23
1214,1663977600000,0.15422021111046666,86836950.29109836,2022-09-24
1215,1664064000000,0.15219929227590165,85578335.22499844,2022-09-25
1216,1664150400000,0.14842079433237898,83371213.00380531,2022-09-26
1217,1664236800000,0.15054844077587348,84506022.0024497,2022-09-27
1218,1664323200000,0.15037606487590555,84647329.87832966,2022-09-28
1219,1664409600000,0.15124844338958757,85071086.65227357,2022-09-29
1220,1664496000000,0.15171611139334287,85359096.59604815,2022-09-30
1221,1664582400000,0.15404246916319023,86649222.63139,2022-10-01
1222,1664668800000,0.1530685367452919,86021488.39503153,2022-10-02
1223,1664755200000,0.1477101294659685,83391295.7148946,2022-10-03
1224,1664841600000,0.15927978537238502,89797447.41242602,2022-10-04
1225,1664928000000,0.1612312009571574,90659583.15804724,2022-10-05
1226,1665014400000,0.1611875499333495,90681898.22804214,2022-10-06
1227,1665100800000,0.15998252498497922,89940910.30276614,2022-10-07
1228,1665187200000,0.15912308994264224,89474171.01985364,2022-10-08
1229,1665273600000,0.16025051670177873,90084940.140096,2022-10-09
1230,1665360000000,0.16125978364480253,90413496.94293904,2022-10-10
1231,1665446400000,0.15521350991478702,87455566.44618994,2022-10-11
1232,1665532800000,0.1486901961437948,83396901.80788936,2022-10-12
1233,1665619200000,0.1497776466125785,84198404.69573335,2022-10-13
1234,1665705600000,0.14216625695237042,79924143.92177922,2022-10-14
1235,1665792000000,0.14183381670830042,79626991.54306774,2022-10-15
1236,1665878400000,0.1414657928180289,79616421.39512183,2022-10-16
1237,1665964800000,0.14538587396593736,81675333.88145088,2022-10-17
1238,1666051200000,0.1457586017715298,81948941.65204157,2022-10-18
1239,1666137600000,0.14291272337529656,80337264.437192,2022-10-19
1240,1666224000000,0.13635299903952802,76575294.30221611,2022-10-20
1241,1666310400000,0.13856092475735368,77863525.1481608,2022-10-21
1242,1666396800000,0.13621824876467073,76584469.54904872,2022-10-22
1243,1666483200000,0.1367439591253776,76888746.97837977,2022-10-23
1244,1666569600000,0.13931937598825284,78263113.78129496,2022-10-24
1245,1666656000000,0.13732488607665513,77221507.45352498,2022-10-25
1246,1666742400000,0.1424821965430029,80151621.91524231,2022-10-26
1247,1666828800000,0.14479793400629565,81301431.78635617,2022-10-27
1248,1666915200000,0.1490711901534598,83930831.90141037,2022-10-28
1249,1667001600000,0.15236234744352367,85652918.3073256,2022-10-29
1250,1667088000000,0.15334829399905178,86079270.96846828,2022-10-30
1251,1667174400000,0.15174221268891214,85171463.86777394,2022-10-31
1252,1667260800000,0.15193534039722584,85550812.35888083,2022-11-01
1253,1667347200000,0.15097725978175625,84880409.48125166,2022-11-02
1254,1667433600000,0.1444929806692838,81229865.05846073,2022-11-03
1255,1667520000000,0.15448494193087964,86674824.2959962,2022-11-04
1256,1667606400000,0.16785720854489442,94003869.16508509,2022-11-05
1257,1667692800000,0.16405198210782065,92243843.59581514,2022-11-06
1258,1667779200000,0.1547603421272167,86890920.22467624,2022-11-07
1259,1667865600000,0.15446445686206925,86792631.03943692,2022-11-08
1260,1667952000000,0.13160260134383614,74238985.08231188,2022-11-09
1261,1668038400000,0.10513750180179571,59269880.080736876,2022-11-10
1262,1668124800000,0.11930896411548725,67123197.61757536,2022-11-11
1263,1668211200000,0.11811730565912006,66175395.00701252,2022-11-12
1264,1668297600000,0.11152095843690456,62702873.95345476,2022-11-13
1265,1668384000000,0.11357860762934566,63746478.475658864,2022-11-14
1266,1668470400000,0.11235204792528525,63233242.96913051,2022-11-15
1267,1668556800000,0.11552549914948973,64820936.1768952,2022-11-16
1268,1668643200000,0.11394736545100907,63991597.48375663,2022-11-17
1269,1668729600000,0.11516089676736958,64763530.77822895,2022-11-18
1270,1668816000000,0.11623732242029337,65325584.558908835,2022-11-19
1271,1668902400000,0.11267955154210635,63384487.51759955,2022-11-20
