,Time,open,mktcap,Date
0,1626998400000,0.742326369942498,135654496.4278994,2021-07-23
1,1627084800000,0.742326369942498,135654496.4278994,2021-07-24
2,1627171200000,2.0369036223948425,355688827.9931604,2021-07-25
3,1627257600000,1.4656673726324985,274945043.8095673,2021-07-26
4,1627344000000,1.287672756598279,239559254.189429,2021-07-27
5,1627430400000,1.2624532018763153,233275985.71359953,2021-07-28
6,1627516800000,1.149134966823328,212518440.03954756,2021-07-29
7,1627603200000,1.0500211366275014,194812341.74397916,2021-07-30
8,1627689600000,1.245911709927003,230426745.37898898,2021-07-31
9,1627776000000,1.282614527756979,236240018.73296365,2021-08-01
10,1627862400000,1.143851769611922,211555203.8538207,2021-08-02
11,1627948800000,1.1483894633321758,211435538.84500527,2021-08-03
12,1628035200000,1.1511325186975345,212996841.49126184,2021-08-04
13,1628121600000,1.1449252282030744,211815487.69705015,2021-08-05
14,1628208000000,1.1048744074229426,204494173.28787366,2021-08-06
15,1628294400000,1.1080928427874879,205106620.76487133,2021-08-07
16,1628380800000,1.1225349880771651,207266992.50659624,2021-08-08
17,1628467200000,1.2415194106704686,231617093.11445922,2021-08-09
18,1628553600000,1.2031987463442038,220267801.38820064,2021-08-10
19,1628640000000,1.1713310459673913,216703787.3151683,2021-08-11
20,1628726400000,1.1796333766032052,215949898.1172199,2021-08-12
21,1628812800000,1.150308555594243,212815195.47229162,2021-08-13
22,1628899200000,1.1882638202311087,220332568.31165895,2021-08-14
23,1628985600000,1.7268665641156289,312686201.7867521,2021-08-15
24,1629072000000,1.4980195398636809,277068192.11765283,2021-08-16
25,1629158400000,1.4782602512523622,272941438.2370062,2021-08-17
26,1629244800000,1.448448280783171,271825571.3873231,2021-08-18
27,1629331200000,1.8509147210589318,342514571.03169686,2021-08-19
28,1629417600000,1.769608881972246,321604617.5271416,2021-08-20
29,1629504000000,2.623379175509127,484888547.07428896,2021-08-21
30,1629590400000,2.776318027433374,521129018.41928697,2021-08-22
31,1629676800000,3.1529181522122998,581635584.0536519,2021-08-23
32,1629763200000,3.2044016301576885,586332487.3181111,2021-08-24
33,1629849600000,5.155001783906784,992542556.2181948,2021-08-25
34,1629936000000,5.222274230087133,960685048.6608628,2021-08-26
35,1630022400000,4.940759090916235,914736078.7275152,2021-08-27
36,1630108800000,5.34346881347409,991775749.2841612,2021-08-28
37,1630195200000,4.977128967298995,916084190.9219365,2021-08-29
38,1630281600000,4.872984477934578,905745281.3059747,2021-08-30
39,1630368000000,4.59281460176505,839239577.3750188,2021-08-31
40,1630454400000,4.330560762315229,800939846.4244733,2021-09-01
41,1630540800000,4.283275094783663,792293877.5299749,2021-09-02
42,1630627200000,4.639999545385609,858269634.6344852,2021-09-03
43,1630713600000,4.575550697420986,844861329.5823375,2021-09-04
44,1630800000000,4.491116441291268,831901899.70642,2021-09-05
45,1630886400000,4.580817609453809,847237500.9970571,2021-09-06
46,1630972800000,4.382282514793922,810884572.5526134,2021-09-07
47,1631059200000,3.421935011353527,634058062.1823322,2021-09-08
48,1631145600000,3.7805085540530508,700926670.1538829,2021-09-09
49,1631232000000,4.120132742464767,764996684.6731989,2021-09-10
50,1631318400000,3.7303917812618232,689933518.9929056,2021-09-11
51,1631404800000,3.733203871792374,690524519.5241218,2021-09-12
52,1631491200000,3.7454976832247193,695032161.369326,2021-09-13
53,1631577600000,3.4502577526907263,632847621.630274,2021-09-14
54,1631664000000,3.7788659141420764,699990101.7507284,2021-09-15
55,1631750400000,4.030811622096436,748008766.9014843,2021-09-16
56,1631836800000,3.8280211473003143,708380281.960759,2021-09-17
57,1631923200000,3.6626759543249636,677570338.0655582,2021-09-18
58,1632009600000,4.012204644075782,741328909.6590964,2021-09-19
59,1632096000000,3.921694506272086,727513736.7546045,2021-09-20
60,1632182400000,3.308272172581305,611386797.6934179,2021-09-21
61,1632268800000,3.1179518213928676,574615817.0749248,2021-09-22
62,1632355200000,3.511564831346426,649106414.3034714,2021-09-23
63,1632441600000,3.5632770863960985,654091656.7208792,2021-09-24
64,1632528000000,3.1853798833843463,590727425.958786,2021-09-25
65,1632614400000,3.1416409376503887,581128206.4386598,2021-09-26
66,1632700800000,2.944710419385105,540336991.9505917,2021-09-27
67,1632787200000,2.914601716354949,539201317.5256655,2021-09-28
68,1632873600000,2.790852826531738,516181770.49364704,2021-09-29
69,1632960000000,3.0742015516542476,568609164.9478822,2021-09-30
70,1633046400000,3.1097335527881533,575417958.070313,2021-10-01
71,1633132800000,3.342546291597372,617824394.0985894,2021-10-02
72,1633219200000,3.731749944905244,690384161.0742775,2021-10-03
73,1633305600000,3.8255424508639098,707838274.0834273,2021-10-04
74,1633392000000,3.743673919224194,692170572.5723232,2021-10-05
75,1633478400000,3.7217866180736636,688693812.7878033,2021-10-06
76,1633564800000,3.5286846018634797,653131547.0072019,2021-10-07
77,1633651200000,3.5860482877279654,661618890.0640373,2021-10-08
78,1633737600000,3.541468133628055,655880070.0608804,2021-10-09
79,1633824000000,3.536281013647041,654598590.3349875,2021-10-10
80,1633910400000,3.2953313597896643,609583653.6834544,2021-10-11
81,1633996800000,3.2456717482029935,600449273.4175539,2021-10-12
82,1634083200000,3.336569720351388,617588979.3417383,2021-10-13
83,1634169600000,3.6990259712559825,684487686.8481729,2021-10-14
84,1634256000000,3.5929168380828655,663318658.9337682,2021-10-15
85,1634342400000,3.540760049249262,654597312.2706094,2021-10-16
86,1634428800000,3.519420824651009,651991584.8635805,2021-10-17
87,1634515200000,3.3770885019428833,624774927.2349201,2021-10-18
88,1634601600000,3.4097288667871544,634423209.8441596,2021-10-19
89,1634688000000,3.405516790136857,629625340.7836837,2021-10-20
90,1634774400000,3.539630906901535,657133588.0624659,2021-10-21
91,1634860800000,3.4980488728190853,645164061.4908297,2021-10-22
92,1634947200000,3.583132546827648,662837839.5227567,2021-10-23
93,1635033600000,3.823758615486323,706404298.440673,2021-10-24
94,1635120000000,3.7926685267847975,701613518.0711133,2021-10-25
95,1635206400000,4.037875020203184,745990122.3630396,2021-10-26
96,1635292800000,4.092028035170483,756807344.3756527,2021-10-27
97,1635379200000,3.505812531982843,649622565.9893899,2021-10-28
98,1635465600000,3.6354366364699815,670874314.4633514,2021-10-29
99,1635552000000,3.7079046862982565,685509770.0452676,2021-10-30
100,1635638400000,3.6103106880840756,667679342.4877176,2021-10-31
101,1635724800000,3.6721500063571053,680045192.4407172,2021-11-01
102,1635811200000,3.742100444909139,692287822.9404671,2021-11-02
103,1635897600000,3.737801008673864,689250155.4732107,2021-11-03
104,1635984000000,4.1684369832559,761686545.8900815,2021-11-04
105,1636070400000,3.915469187521237,718195671.1678225,2021-11-05
106,1636156800000,3.8652878645091864,714513475.0354012,2021-11-06
107,1636243200000,3.8727489113947753,715811811.2838444,2021-11-07
108,1636329600000,3.916844269629238,721427343.1701193,2021-11-08
109,1636416000000,4.029568032863153,746054313.0265994,2021-11-09
110,1636502400000,4.254726354514147,789476293.7834762,2021-11-10
111,1636588800000,3.8393813270835007,706734734.0055221,2021-11-11
112,1636675200000,3.8931111536034706,721540211.6909184,2021-11-12
113,1636761600000,3.7615027874172253,695400581.2672824,2021-11-13
114,1636848000000,3.8128546721723553,704968557.1632725,2021-11-14
115,1636934400000,3.8126007248044926,703699719.0580161,2021-11-15
116,1637020800000,3.7253974409808506,688754954.160776,2021-11-16
117,1637107200000,3.2619441630529056,603974639.9911602,2021-11-17
118,1637193600000,3.330325887456779,617263313.419669,2021-11-18
119,1637280000000,3.03008059695541,560283126.1755053,2021-11-19
120,1637366400000,3.2792788602956024,606221972.0951777,2021-11-20
121,1637452800000,3.334925127874219,617282864.8039296,2021-11-21
122,1637539200000,3.315644434867745,615668404.6571454,2021-11-22
123,1637625600000,3.1479375270747516,582313336.924192,2021-11-23
124,1637712000000,3.2044944929465413,597798251.5490406,2021-11-24
125,1637798400000,3.1744785982278474,587385114.1869425,2021-11-25
126,1637884800000,3.2995194277765756,611708167.9619938,2021-11-26
127,1637971200000,2.9644205193249276,547954158.7088248,2021-11-27
128,1638057600000,2.969177019405009,547883273.3538756,2021-11-28
129,1638144000000,2.9914963783837663,554230864.8190447,2021-11-29
130,1638230400000,3.028013596163021,562704931.1324563,2021-11-30
131,1638316800000,3.039639092513512,563241283.134693,2021-12-01
132,1638403200000,3.1197162963923626,576995669.1483635,2021-12-02
133,1638489600000,3.1693123115399042,586392103.6173189,2021-12-03
134,1638576000000,2.9695031481470884,550685529.1560793,2021-12-04
135,1638662400000,2.3755327427617376,439128018.36555815,2021-12-05
136,1638748800000,2.2039303650425204,407744955.5727604,2021-12-06
137,1638835200000,2.238874579227679,412941211.2704567,2021-12-07
138,1638921600000,2.222171856107898,411150253.5982049,2021-12-08
139,1639008000000,2.3338919181827222,432137392.8947337,2021-12-09
140,1639094400000,2.130769932331436,395696981.51237875,2021-12-10
141,1639180800000,2.09757239041786,390207043.32164294,2021-12-11
142,1639267200000,2.176857931969731,403052156.5794896,2021-12-12
143,1639353600000,2.2187356708601373,410223878.57265073,2021-12-13
144,1639440000000,2.0125904296879544,372569110.5533054,2021-12-14
145,1639526400000,2.055894801143989,379991772.96660846,2021-12-15
146,1639612800000,2.110550177090008,389399271.54063505,2021-12-16
147,1639699200000,2.045626205540882,377857253.724606,2021-12-17
148,1639785600000,1.9861945053095018,367270644.491781,2021-12-18
149,1639872000000,2.0015238298977627,370753749.4865424,2021-12-19
150,1639958400000,1.9731564685296008,367490115.1377173,2021-12-20
151,1640044800000,1.949504158928815,363166147.5954308,2021-12-21
152,1640131200000,2.011976987990392,373458178.4296266,2021-12-22
153,1640217600000,2.1446079696484106,396714980.3193009,2021-12-23
154,1640304000000,2.4039204025612007,440881244.46393645,2021-12-24
155,1640390400000,2.431405580921654,449436806.6555572,2021-12-25
156,1640476800000,2.3983271320387067,443636697.3341709,2021-12-26
157,1640563200000,2.5646664071216567,474254001.87906754,2021-12-27
158,1640649600000,2.6687745966958407,494219827.85187256,2021-12-28
159,1640736000000,2.789853375504471,521524880.07685983,2021-12-29
160,1640822400000,2.475321288834772,455460492.88549984,2021-12-30
161,1640908800000,2.4494686295898926,452428739.32518554,2021-12-31
162,1640995200000,2.38846673122836,443029682.0219577,2022-01-01
163,1641081600000,2.5076691376811224,461856784.1709395,2022-01-02
164,1641168000000,2.464296563828022,456297506.26420826,2022-01-03
165,1641254400000,2.377716468988868,440294902.8913921,2022-01-04
166,1641340800000,2.5543259886156084,473381459.03093916,2022-01-05
167,1641427200000,2.475272297827449,458489524.6853698,2022-01-06
168,1641513600000,2.4024028794690007,445896515.9481375,2022-01-07
169,1641600000000,2.537005072024675,465744205.2212729,2022-01-08
170,1641686400000,2.321174980805377,432056503.9637394,2022-01-09
171,1641772800000,2.2988721129114986,420882422.7409879,2022-01-10
172,1641859200000,2.248976605787614,416140467.68834877,2022-01-11
173,1641945600000,2.424264205797042,449165444.04044783,2022-01-12
174,1642032000000,2.5277929328477353,467761379.0914663,2022-01-13
175,1642118400000,2.3178832148624937,429487451.34138155,2022-01-14
176,1642204800000,2.4247234644459756,448321148.23690534,2022-01-15
177,1642291200000,2.401761407017208,443808544.6734291,2022-01-16
178,1642377600000,2.450955108909901,452941415.36734915,2022-01-17
179,1642464000000,2.2555332081423756,417441379.9032415,2022-01-18
180,1642550400000,2.3076024813958806,427754316.5335546,2022-01-19
181,1642636800000,2.2169915720392805,410845853.02157885,2022-01-20
182,1642723200000,2.1165461149891467,394053962.97273535,2022-01-21
183,1642809600000,1.8308896748279166,338757213.0970885,2022-01-22
184,1642896000000,1.5723278112971275,290613035.25748205,2022-01-23
185,1642982400000,1.618028743159488,297584359.4930883,2022-01-24
186,1643068800000,1.5098945938584398,279636201.1644677,2022-01-25
187,1643155200000,1.532758664911115,284108372.06416786,2022-01-26
188,1643241600000,1.5939388640251309,297134987.14738804,2022-01-27
189,1643328000000,1.5263393083603711,281179322.8366697,2022-01-28
190,1643414400000,1.5962156629045139,295248090.52963567,2022-01-29
191,1643500800000,1.6207598601625737,299127223.2365297,2022-01-30
192,1643587200000,1.5776769793310592,292415833.0639507,2022-01-31
193,1643673600000,1.651739282832135,305399519.7179956,2022-02-01
194,1643760000000,1.6889555239877054,312314707.12168944,2022-02-02
195,1643846400000,1.5824908537118998,292877257.37930846,2022-02-03
196,1643932800000,1.6441187572532494,304299428.4722421,2022-02-04
197,1644019200000,1.760709128810909,324614785.17617464,2022-02-05
198,1644105600000,1.7698220532567244,328516360.0487453,2022-02-06
199,1644192000000,1.8040168478615655,333718409.42123723,2022-02-07
200,1644278400000,1.8869992138445506,349009872.8362916,2022-02-08
201,1644364800000,1.777318719643059,328844732.7688262,2022-02-09
202,1644451200000,1.9084161400037027,353278013.1633955,2022-02-10
203,1644537600000,1.9742198375523965,365404879.60601616,2022-02-11
204,1644624000000,1.709841522155324,316199891.85154337,2022-02-12
205,1644710400000,1.695578210351039,311975324.8386504,2022-02-13
206,1644796800000,1.6287046945899806,301115750.53676903,2022-02-14
207,1644883200000,1.6409371764086793,303434235.26583576,2022-02-15
208,1644969600000,1.8373351247327783,341373036.05179316,2022-02-16
209,1645056000000,1.8233371521644548,338197548.42671967,2022-02-17
210,1645142400000,1.6154627881390713,299460293.65071875,2022-02-18
211,1645228800000,1.5821508895955954,293077106.67904323,2022-02-19
212,1645315200000,1.602505452186744,296340949.3455642,2022-02-20
213,1645401600000,1.4882560463695378,276199287.8877423,2022-02-21
214,1645488000000,1.3262969986036317,246083468.01784045,2022-02-22
215,1645574400000,1.3824270090750173,255861405.96523812,2022-02-23
216,1645660800000,1.3051917745048276,241539051.04283363,2022-02-24
217,1645747200000,1.2778036628895406,236561506.07250017,2022-02-25
218,1645833600000,1.3842581928239026,255789799.39726546,2022-02-26
219,1645920000000,1.3251803282979213,244558840.06590816,2022-02-27
220,1646006400000,1.264657973867529,233330781.159335,2022-02-28
221,1646092800000,1.4105643224419004,260394908.29685318,2022-03-01
222,1646179200000,1.4744724909313134,272273951.17364556,2022-03-02
223,1646265600000,1.4709781354436282,271972878.21175694,2022-03-03
224,1646352000000,1.5165588948892292,281518289.110073,2022-03-04
225,1646438400000,1.3318716437673803,246845927.94627777,2022-03-05
226,1646524800000,1.3411365108706599,247195415.0889298,2022-03-06
227,1646611200000,1.2349212885212275,228626509.99033487,2022-03-07
228,1646697600000,1.2308734840516005,228561115.88890937,2022-03-08
229,1646784000000,1.2587550108119092,232962160.89517248,2022-03-09
230,1646870400000,1.324916499963229,245172544.05857256,2022-03-10
231,1646956800000,1.2317377756237582,227778815.56444392,2022-03-11
232,1647043200000,1.211312475897194,224765355.52244446,2022-03-12
233,1647129600000,1.2148926845501082,225654397.8070824,2022-03-13
234,1647216000000,1.1678682131773586,216116485.69914326,2022-03-14
235,1647302400000,1.2214932003489827,225966432.53841144,2022-03-15
236,1647388800000,1.3172878157562662,244413444.41488388,2022-03-16
237,1647475200000,1.3657313418279264,250548189.18958798,2022-03-17
238,1647561600000,1.3476171961837327,249320963.25483397,2022-03-18
239,1647648000000,1.4192891838791608,262713969.91337457,2022-03-19
240,1647734400000,1.5318187991401873,282733041.94522715,2022-03-20
241,1647820800000,1.610221499464775,299022909.0457402,2022-03-21
242,1647907200000,1.5291211014622341,282336793.8986797,2022-03-22
243,1647993600000,1.5820031590802246,292841748.77028257,2022-03-23
244,1648080000000,1.6398149669685183,303297484.1788405,2022-03-24
245,1648166400000,1.624639885838362,300787349.56508005,2022-03-25
246,1648252800000,1.5338678200470068,283270661.0863633,2022-03-26
247,1648339200000,1.590663302803226,294219185.3738885,2022-03-27
248,1648425600000,1.6929295733625336,312967405.688445,2022-03-28
249,1648512000000,1.6180518043520804,302051676.3998734,2022-03-29
250,1648598400000,1.660819939870922,306526943.3427228,2022-03-30
251,1648684800000,1.7812653052607716,330593111.8999952,2022-03-31
252,1648771200000,1.6979665738371539,313966276.2427022,2022-04-01
253,1648857600000,1.804382145814609,333157484.5315461,2022-04-02
254,1648944000000,1.7436390162762938,323816810.05875784,2022-04-03
255,1649030400000,1.837836985672124,339699431.9080952,2022-04-04
256,1649116800000,1.7902096877981102,331030088.35870576,2022-04-05
257,1649203200000,1.702580190009974,316061382.82436115,2022-04-06
258,1649289600000,1.5107122597340579,281496976.40455234,2022-04-07
259,1649376000000,1.623379637469063,299966277.6116124,2022-04-08
260,1649462400000,1.538948969445284,284143647.3340509,2022-04-09
261,1649548800000,1.6017077623834306,296110512.365673,2022-04-10
262,1649635200000,1.526335425865817,283088207.246654,2022-04-11
263,1649721600000,1.3777356109527947,255422826.67888,2022-04-12
264,1649808000000,1.5661730771158449,288925416.58591825,2022-04-13
265,1649894400000,1.6296457520398553,301977143.1458299,2022-04-14
266,1649980800000,1.5900149386239324,294224267.62406546,2022-04-15
267,1650067200000,1.5395477171609389,284517673.8524577,2022-04-16
268,1650153600000,1.5697920785096182,291142679.5613629,2022-04-17
269,1650240000000,1.486857283531994,274832059.29571486,2022-04-18
270,1650326400000,1.5154603357631442,280022994.6893869,2022-04-19
271,1650412800000,1.6116931524471332,297588609.2471797,2022-04-20
272,1650499200000,1.5685649103273058,289948507.4484772,2022-04-21
273,1650585600000,1.4887832485435977,274823153.14403385,2022-04-22
274,1650672000000,1.515367097193375,280346005.11755866,2022-04-23
275,1650758400000,1.4747646025705012,273205509.77172726,2022-04-24
276,1650844800000,1.4374540852093103,266972116.2663752,2022-04-25
277,1650931200000,1.3943660231604147,257928511.64352036,2022-04-26
278,1651017600000,1.3175083633224693,243601062.14987805,2022-04-27
279,1651104000000,1.3018102517770664,240802043.29130176,2022-04-28
280,1651190400000,1.3189499353849696,242681599.3823136,2022-04-29
281,1651276800000,1.2790586309561491,237391926.44037807,2022-04-30
282,1651363200000,1.1182902107326849,206385903.74863994,2022-05-01
283,1651449600000,1.1815640167331927,218177955.39601576,2022-05-02
284,1651536000000,1.1527627521614774,213319197.0905942,2022-05-03
285,1651622400000,1.1437859127111525,211650663.512872,2022-05-04
286,1651708800000,1.2497717601359613,230590679.45632976,2022-05-05
287,1651795200000,1.1327944600507707,209416868.735261,2022-05-06
288,1651881600000,1.1145981278751926,206656749.2639147,2022-05-07
289,1651968000000,1.0552579426342692,195590935.9079117,2022-05-08
290,1652054400000,1.0247211423790308,189585296.8729327,2022-05-09
291,1652140800000,0.8401955430536316,155735301.0600905,2022-05-10
292,1652227200000,0.8258602462896166,152179844.5271679,2022-05-11
293,1652313600000,0.5159058755560647,95906036.3313312,2022-05-12
294,1652400000000,0.4305199945704851,79628462.2487867,2022-05-13
295,1652486400000,0.4813848933273193,88942943.65751538,2022-05-14
296,1652572800000,0.5184766143199663,95864447.5887816,2022-05-15
297,1652659200000,0.5502319867155788,101419588.54316717,2022-05-16
298,1652745600000,0.4802592961440439,88807824.95460844,2022-05-17
299,1652832000000,0.5315682393766399,98351574.00866324,2022-05-18
300,1652918400000,0.4643741050531584,86172515.8079369,2022-05-19
301,1653004800000,0.49727031280755574,91960484.65480264,2022-05-20
302,1653091200000,0.4863018324407966,90031702.95243292,2022-05-21
303,1653177600000,0.6010817424575342,111520415.57811446,2022-05-22
304,1653264000000,0.6012796366621603,111038072.53008345,2022-05-23
305,1653350400000,0.6166239062785038,113990682.55923101,2022-05-24
306,1653436800000,0.7332184208211863,136177187.22529447,2022-05-25
307,1653523200000,0.6578509850817088,121707118.0566261,2022-05-26
308,1653609600000,0.59248674087437,110301956.8271633,2022-05-27
309,1653696000000,0.5416121106412077,100193554.09789813,2022-05-28
310,1653782400000,0.5600167098855194,104379305.02381109,2022-05-29
311,1653868800000,0.5700611863599633,105353348.5825288,2022-05-30
312,1653955200000,0.7368701159182891,135145554.39015254,2022-05-31
313,1654041600000,0.694535078977793,129259858.89683956,2022-06-01
314,1654128000000,0.6384686967434758,118504369.83711147,2022-06-02
315,1654214400000,0.6512561650493978,120761948.48105493,2022-06-03
316,1654300800000,0.596967397710885,109280474.41320984,2022-06-04
317,1654387200000,0.6216734687545863,114704250.66609563,2022-06-05
318,1654473600000,0.6376021721802876,118116594.22569457,2022-06-06
319,1654560000000,0.7144081510806626,132437469.6341353,2022-06-07
320,1654646400000,0.6917710457767072,128495214.49667731,2022-06-08
321,1654732800000,0.6981155169175614,129815651.64234914,2022-06-09
322,1654819200000,0.7126239761153729,131747884.8087385,2022-06-10
323,1654905600000,0.6580765230418737,121762022.77317815,2022-06-11
324,1654992000000,0.6090656058281095,112532796.04748926,2022-06-12
325,1655078400000,0.5463400477809316,101945791.93594994,2022-06-13
326,1655164800000,0.4611767984069866,83846060.96013303,2022-06-14
327,1655251200000,0.4971352312153369,91871099.55718598,2022-06-15
328,1655337600000,0.5288679367469268,97758082.48501812,2022-06-16
329,1655424000000,0.47317485839640294,87452142.5050256,2022-06-17
330,1655510400000,0.49912542510375935,92618759.68323237,2022-06-18
331,1655596800000,0.46153357675273027,85424480.8918421,2022-06-19
332,1655683200000,0.49183932493990257,90660671.15879281,2022-06-20
333,1655769600000,0.5185997167661246,95590943.74949437,2022-06-21
334,1655856000000,0.5290583041549689,97966099.91401581,2022-06-22
335,1655942400000,0.511512031074751,95085298.33021459,2022-06-23
336,1656028800000,0.536457188566448,99268899.65066053,2022-06-24
337,1656115200000,0.5495036634511443,102253395.46101694,2022-06-25
338,1656201600000,0.5420114393646844,99979369.7117187,2022-06-26
339,1656288000000,0.5111636188673856,94638086.62198234,2022-06-27
340,1656374400000,0.501420601472602,92679384.30383201,2022-06-28
341,1656460800000,0.47562094046255576,87983207.09974332,2022-06-29
342,1656547200000,0.4694441900050089,86988394.0847265,2022-06-30
343,1656633600000,0.46280429662557543,84971873.53510246,2022-07-01
344,1656720000000,0.4650900263512524,87151475.77012977,2022-07-02
345,1656806400000,0.47627362918969696,88030927.78122158,2022-07-03
346,1656892800000,0.47414919871977373,87672544.09524691,2022-07-04
347,1656979200000,0.4928598336522582,90972892.48257919,2022-07-05
348,1657065600000,0.48436224563955005,89791178.65876953,2022-07-06
349,1657152000000,0.5113756476566174,94741850.30356696,2022-07-07
350,1657238400000,0.5220871622661777,96671042.22239673,2022-07-08
351,1657324800000,0.5165232618147299,96292875.56005211,2022-07-09
352,1657411200000,0.5232379213322573,97077290.06306815,2022-07-10
353,1657497600000,0.49272111024744497,91208830.67582431,2022-07-11
354,1657584000000,0.45427468869522497,84132031.98890308,2022-07-12
355,1657670400000,0.4479101169786161,83846507.07448813,2022-07-13
356,1657756800000,0.4524405254015081,83721090.13423981,2022-07-14
357,1657843200000,0.46333051816788456,86189443.91986823,2022-07-15
358,1657929600000,0.4730992467643187,87528348.3011223,2022-07-16
359,1658016000000,0.47909081844650186,88816736.34139,2022-07-17
360,1658102400000,0.48067264381129443,89397223.04211916,2022-07-18
361,1658188800000,0.5195770804146803,95948836.02087373,2022-07-19
362,1658275200000,0.5542302747291814,102484260.67799261,2022-07-20
363,1658361600000,0.4998469785282009,93232960.3299736,2022-07-21
364,1658448000000,0.4954323880080097,91747043.3418877,2022-07-22
365,1658534400000,0.475051279372144,87897000.63332967,2022-07-23
366,1658620800000,0.49169787222679046,90980769.79482073,2022-07-24
367,1658707200000,0.4842674954080595,90060206.36906049,2022-07-25
368,1658793600000,0.4359729274891009,82488142.72791384,2022-07-26
369,1658880000000,0.43443190247710384,80182995.32018457,2022-07-27
370,1658966400000,0.4686344715498659,86675801.65487123,2022-07-28
371,1659052800000,0.5002302590050495,92340484.78795652,2022-07-29
372,1659139200000,0.499009747024886,93423944.42878695,2022-07-30
373,1659225600000,0.5076534159788965,93616640.00959419,2022-07-31
374,1659312000000,0.5073494355356847,94156764.62454902,2022-08-01
375,1659398400000,0.49705205691452037,91571343.40639964,2022-08-02
376,1659484800000,0.483010404232083,89629762.62553325,2022-08-03
377,1659571200000,0.474233806654183,87590160.6866042,2022-08-04
378,1659657600000,0.5712646552561491,105555619.59682113,2022-08-05
379,1659744000000,0.5945637941947961,110031083.69788867,2022-08-06
380,1659830400000,0.5694227934485822,105677758.55753428,2022-08-07
381,1659916800000,0.5879852962147617,108290879.33953404,2022-08-08
382,1660003200000,0.5810265850446443,107353490.81764725,2022-08-09
383,1660089600000,0.5198780263080196,96788547.35277167,2022-08-10
384,1660176000000,0.5468212847778385,101000997.91204925,2022-08-11
385,1660262400000,0.5516666650550721,101960262.89183699,2022-08-12
386,1660348800000,0.5595980953515256,103301925.07418215,2022-08-13
387,1660435200000,0.5564848552795894,102841329.78640349,2022-08-14
388,1660521600000,0.5341704388643568,98905437.24933659,2022-08-15
389,1660608000000,0.5252358029607248,97202043.02123113,2022-08-16
390,1660694400000,0.5065838488581118,93770712.42096488,2022-08-17
391,1660780800000,0.46955725169260354,86898837.7309235,2022-08-18
392,1660867200000,0.437554299281525,80810675.40549658,2022-08-19
393,1660953600000,0.40003864673548983,74179674.17266229,2022-08-20
394,1661040000000,0.40972175905910796,75768454.5625555,2022-08-21
395,1661126400000,0.42779788146241715,79238808.06900539,2022-08-22
396,1661212800000,0.40152768934306843,74025164.3758062,2022-08-23
397,1661299200000,0.41071900513922494,89127655.98539555,2022-08-24
398,1661385600000,0.4112913199427876,89132472.88431673,2022-08-25
399,1661472000000,0.4237705633123105,92185859.65839586,2022-08-26
400,1661558400000,0.38678316263979984,83723940.49416925,2022-08-27
401,1661644800000,0.37618985371155367,81646583.52921897,2022-08-28
402,1661731200000,0.3680769584816463,80234744.49089211,2022-08-29
403,1661817600000,0.42400633001177823,91970347.44592862,2022-08-30
404,1661904000000,0.4317135912808837,94298205.43794064,2022-08-31
405,1661990400000,0.43731817959068897,94799493.81962232,2022-09-01
406,1662076800000,0.42664584318428267,92400691.88383718,2022-09-02
407,1662163200000,0.4363908354755355,94823034.92327319,2022-09-03
408,1662249600000,0.4426093422636284,96099820.04170562,2022-09-04
409,1662336000000,0.43395678157700385,94113812.63147223,2022-09-05
410,1662422400000,0.4302710277851713,93263761.94996183,2022-09-06
411,1662508800000,0.3902366361549326,84901393.91393532,2022-09-07
412,1662595200000,0.40219755556703746,87511541.83853854,2022-09-08
413,1662681600000,0.39904968111980166,86465033.283605,2022-09-09
414,1662768000000,0.45231287819849414,98057874.7968634,2022-09-10
415,1662854400000,0.44390585187838,96396571.136655,2022-09-11
416,1662940800000,0.44354731731889563,96100346.00413543,2022-09-12
417,1663027200000,0.44294247279683535,96111828.5205644,2022-09-13
418,1663113600000,0.4024049894071684,87209376.38012476,2022-09-14
419,1663200000000,0.4061236767765911,87878409.36350757,2022-09-15
420,1663286400000,0.39186470359979636,85164174.76563577,2022-09-16
421,1663372800000,0.44180447546800605,96264185.36655611,2022-09-17
422,1663459200000,0.4513088066229091,97860635.41882017,2022-09-18
423,1663545600000,0.38573874611889425,83666144.39945316,2022-09-19
424,1663632000000,0.39330610108301417,85375324.33095518,2022-09-20
425,1663718400000,0.37211169008878014,80853154.28182527,2022-09-21
426,1663804800000,0.35862720008457344,77739318.85262299,2022-09-22
427,1663891200000,0.3861510857789491,83594499.52205148,2022-09-23
428,1663977600000,0.369941472209849,91954226.17324348,2022-09-24
429,1664064000000,0.3628484834545396,90382875.41986726,2022-09-25
430,1664150400000,0.35331365949844007,87851337.65977816,2022-09-26
431,1664236800000,0.3600816033245782,89340646.62378079,2022-09-27
432,1664323200000,0.35046701565166344,87361123.54119213,2022-09-28
433,1664409600000,0.34956259294267317,86988234.39814302,2022-09-29
434,1664496000000,0.356771184804734,88815735.08179697,2022-09-30
435,1664582400000,0.3618935607026052,90007286.8523373,2022-10-01
436,1664668800000,0.36017818473149926,89577092.77524051,2022-10-02
437,1664755200000,0.35601291247095784,88764842.30749814,2022-10-03
438,1664841600000,0.36752391992312533,91691823.62964752,2022-10-04
439,1664928000000,0.3725456084794982,92754667.24935102,2022-10-05
440,1665014400000,0.3654191957290866,90882147.15827566,2022-10-06
441,1665100800000,0.35969537226162146,89515059.15537369,2022-10-07
442,1665187200000,0.39862224682331865,99236012.95644227,2022-10-08
443,1665273600000,0.3597032864489955,89671013.05389725,2022-10-09
444,1665360000000,0.3786432886854311,93417343.88518408,2022-10-10
445,1665446400000,0.3445852083930163,85828214.90738124,2022-10-11
446,1665532800000,0.35512246292931987,88088279.13305916,2022-10-12
447,1665619200000,0.33999713756571703,84647082.61708689,2022-10-13
448,1665705600000,0.32696584127607914,81426849.12441319,2022-10-14
449,1665792000000,0.324825341901429,80695629.07322332,2022-10-15
450,1665878400000,0.3241060309996658,80653893.29933895,2022-10-16
451,1665964800000,0.3335555318805742,83014106.8303971,2022-10-17
452,1666051200000,0.3402037498394303,84764212.46709974,2022-10-18
453,1666137600000,0.33396980235283086,83160369.33518842,2022-10-19
454,1666224000000,0.3150753515602633,78900765.55339941,2022-10-20
455,1666310400000,0.30946500504663044,77033864.69580962,2022-10-21
456,1666396800000,0.3132791144698721,77980984.63282701,2022-10-22
457,1666483200000,0.3131495381536398,77828698.36010651,2022-10-23
458,1666569600000,0.311223449121693,87409240.76610821,2022-10-24
459,1666656000000,0.29432336148701516,82581853.79754585,2022-10-25
460,1666742400000,0.29959637022309277,84228239.48563859,2022-10-26
461,1666828800000,0.3052190506160986,85678937.86236395,2022-10-27
462,1666915200000,0.3111885760734931,87541679.14076014,2022-10-28
463,1667001600000,0.3291961272896306,92453134.08253404,2022-10-29
464,1667088000000,0.3368767040715041,94574986.94563684,2022-10-30
465,1667174400000,0.33072010106305166,93024529.69850624,2022-10-31
466,1667260800000,0.3210569832022353,90198827.95543717,2022-11-01
467,1667347200000,0.31289900728932535,87890171.33222622,2022-11-02
468,1667433600000,0.3028409580908,85060706.66164011,2022-11-03
469,1667520000000,0.32392451553050133,90843651.65991105,2022-11-04
470,1667606400000,0.35084229504809855,98448058.41058032,2022-11-05
471,1667692800000,0.3367543057300102,94648452.56015989,2022-11-06
472,1667779200000,0.3208727639186957,90155634.22188382,2022-11-07
473,1667865600000,0.3200639490053545,89785534.74152352,2022-11-08
474,1667952000000,0.2354843862200523,66528232.37224952,2022-11-09
475,1668038400000,0.17914663755603402,50366781.792616814,2022-11-10
476,1668124800000,0.21853698612521935,61336378.55629807,2022-11-11
477,1668211200000,0.21648168685834854,60540826.24799393,2022-11-12
478,1668297600000,0.20390861782326555,57199077.56486332,2022-11-13
479,1668384000000,0.26509729512384705,74768876.10173368,2022-11-14
480,1668470400000,0.3236355113823285,91029969.18915032,2022-11-15
481,1668556800000,0.28903834010549984,81146082.62904319,2022-11-16
482,1668643200000,0.2717687515310328,76040561.89816628,2022-11-17
483,1668729600000,0.26148411439751434,73567700.06013471,2022-11-18
484,1668816000000,0.2687225517907612,75452237.83614537,2022-11-19
485,1668902400000,0.264978122500809,74485825.2249655,2022-11-20
