,Time,open,mktcap,Date
0,1637280000000,0.004315005935858876,0.0,2021-11-19
1,1637366400000,0.004315005935858876,0.0,2021-11-20
2,1637452800000,0.004565007084004651,0.0,2021-11-21
3,1637539200000,0.0017035478223600936,0.0,2021-11-22
4,1637625600000,0.004222554829248723,0.0,2021-11-23
5,1637712000000,0.004444972357426297,0.0,2021-11-24
6,1637798400000,0.019178631846812257,0.0,2021-11-25
7,1637884800000,0.02788814207425389,0.0,2021-11-26
8,1637971200000,0.05234502021136161,0.0,2021-11-27
9,1638057600000,0.11056556185398639,0.0,2021-11-28
10,1638144000000,0.09312712042265057,0.0,2021-11-29
11,1638230400000,0.06530492224587284,0.0,2021-11-30
12,1638316800000,0.06298841893936413,0.0,2021-12-01
13,1638403200000,0.061329816949427164,0.0,2021-12-02
14,1638489600000,0.06146617928125333,0.0,2021-12-03
15,1638576000000,0.043191784130893446,0.0,2021-12-04
16,1638662400000,0.05824100701726486,0.0,2021-12-05
17,1638748800000,0.047118351670470786,0.0,2021-12-06
18,1638835200000,0.043004864078915885,0.0,2021-12-07
19,1638921600000,0.058219651922063374,0.0,2021-12-08
20,1639008000000,0.08638093087830019,0.0,2021-12-09
21,1639094400000,0.1312884778916551,0.0,2021-12-10
22,1639180800000,0.12182407256756528,0.0,2021-12-11
23,1639267200000,0.159704921156617,0.0,2021-12-12
24,1639353600000,0.1653308688890529,0.0,2021-12-13
25,1639440000000,0.12060098847636089,602365055.18339,2021-12-14
26,1639526400000,0.10225678616026408,515961044.9574208,2021-12-15
27,1639612800000,0.1533750868564634,780530744.7194612,2021-12-16
28,1639699200000,0.1286453250341395,648188342.243532,2021-12-17
29,1639785600000,0.138827506326039,702319395.4384942,2021-12-18
30,1639872000000,0.14004476926362566,708023392.7523507,2021-12-19
31,1639958400000,0.11166336480869213,564156476.5455257,2021-12-20
32,1640044800000,0.11779585197051139,595284109.5284427,2021-12-21
33,1640131200000,0.12772091393469848,646163739.3941908,2021-12-22
34,1640217600000,0.13804131177281706,696836593.7793297,2021-12-23
35,1640304000000,0.16849951496368018,855594331.0705882,2021-12-24
36,1640390400000,0.15786784243751467,796575748.0621661,2021-12-25
37,1640476800000,0.1471326938284131,741924770.9501122,2021-12-26
38,1640563200000,0.14865160570654667,743613470.985554,2021-12-27
39,1640649600000,0.14842443668531716,757668318.3463396,2021-12-28
40,1640736000000,0.12517252087742659,635256587.6902258,2021-12-29
41,1640822400000,0.11345220784074048,567106843.175847,2021-12-30
42,1640908800000,0.12544185269470556,629237831.8241938,2021-12-31
43,1640995200000,0.11731917925146484,595860505.086717,2022-01-01
44,1641081600000,0.12544318018994033,630539204.9581212,2022-01-02
45,1641168000000,0.12034350006353482,609488040.3967296,2022-01-03
46,1641254400000,0.12359203271827518,626192398.9549086,2022-01-04
47,1641340800000,0.11954162724647616,611659035.8105773,2022-01-05
48,1641427200000,0.10212705956045426,516934449.34717447,2022-01-06
49,1641513600000,0.10131358395936041,513882660.6423412,2022-01-07
50,1641600000000,0.10037126054339553,507449645.0302036,2022-01-08
51,1641686400000,0.09485429817432936,481368016.60067743,2022-01-09
52,1641772800000,0.08965805714616032,452599250.3551955,2022-01-10
53,1641859200000,0.0775696466008223,392649874.5258649,2022-01-11
54,1641945600000,0.07676779933250671,388169946.5976409,2022-01-12
55,1642032000000,0.08232172327942672,418965627.3593651,2022-01-13
56,1642118400000,0.07966857629611526,403470142.4467448,2022-01-14
57,1642204800000,0.07823065508216043,395502208.04299414,2022-01-15
58,1642291200000,0.07568364353457493,384425386.9909565,2022-01-16
59,1642377600000,0.0803011040588749,404738779.4030017,2022-01-17
60,1642464000000,0.06781094236718667,342969048.2847775,2022-01-18
61,1642550400000,0.06311780012047068,319485529.2555424,2022-01-19
62,1642636800000,0.05752266928079075,291563572.48835146,2022-01-20
63,1642723200000,0.05317875814787311,272728325.8225527,2022-01-21
64,1642809600000,0.04102093378664468,206654011.0788961,2022-01-22
65,1642896000000,0.03752423502198531,189488586.42527187,2022-01-23
66,1642982400000,0.03752564982424557,188612836.70871902,2022-01-24
67,1643068800000,0.037668028397263784,191970958.30976307,2022-01-25
68,1643155200000,0.04002762714023832,202588971.62662235,2022-01-26
69,1643241600000,0.04385087706560545,226585149.61318618,2022-01-27
70,1643328000000,0.052906089456337235,267825886.47413537,2022-01-28
71,1643414400000,0.05570827191371828,280851584.0106217,2022-01-29
72,1643500800000,0.09096981839150221,458936466.03349286,2022-01-30
73,1643587200000,0.07644135135559474,389333527.0845687,2022-01-31
74,1643673600000,0.09751932209589612,495589864.11211914,2022-02-01
75,1643760000000,0.08658435761798744,438546608.3816589,2022-02-02
76,1643846400000,0.07827625490644427,394416636.7573261,2022-02-03
77,1643932800000,0.07705985354835768,390498296.5197295,2022-02-04
78,1644019200000,0.07957937603603307,396625515.25234205,2022-02-05
79,1644105600000,0.10902970940202328,555815749.8584864,2022-02-06
80,1644192000000,0.09378430184234596,477840901.15653735,2022-02-07
81,1644278400000,0.08995211703849312,454106226.49094534,2022-02-08
82,1644364800000,0.08035371892014567,406226506.807392,2022-02-09
83,1644451200000,0.08488243487483643,430280534.55631155,2022-02-10
84,1644537600000,0.07362472177918293,371184428.4502972,2022-02-11
85,1644624000000,0.06542153819718494,330671576.60962045,2022-02-12
86,1644710400000,0.06785918264261545,344081110.5332738,2022-02-13
87,1644796800000,0.06289761174503157,318337133.7563057,2022-02-14
88,1644883200000,0.06889745968693084,348249621.6414678,2022-02-15
89,1644969600000,0.07286366716375,369087032.7947353,2022-02-16
90,1645056000000,0.06961637036959857,353112557.457086,2022-02-17
91,1645142400000,0.06110216478784942,309697731.4526616,2022-02-18
92,1645228800000,0.06041025367254905,307290102.32745117,2022-02-19
93,1645315200000,0.059693711277768284,301886949.3109785,2022-02-20
94,1645401600000,0.05330538364002916,270737759.39913565,2022-02-21
95,1645488000000,0.04755203761025571,242279175.97720346,2022-02-22
96,1645574400000,0.049988417283845114,253700207.37577847,2022-02-23
97,1645660800000,0.048186872870450516,245177809.9901068,2022-02-24
98,1645747200000,0.052893996436981755,267567787.4499399,2022-02-25
99,1645833600000,0.06942019739876384,350527753.56041306,2022-02-26
100,1645920000000,0.07011712031149261,354477255.4713391,2022-02-27
101,1646006400000,0.06052515328492261,305795064.44381744,2022-02-28
102,1646092800000,0.07004988521399248,354415803.4131569,2022-03-01
103,1646179200000,0.07037098405208957,355735155.4284844,2022-03-02
104,1646265600000,0.06550896582159514,331673106.6455629,2022-03-03
105,1646352000000,0.06409250839621965,325345154.08376163,2022-03-04
106,1646438400000,0.05652908998897073,286939522.69951063,2022-03-05
107,1646524800000,0.057371758141885484,290460495.48462117,2022-03-06
108,1646611200000,0.052401553705259125,265137196.27559796,2022-03-07
109,1646697600000,0.05450098991982031,277264562.30175316,2022-03-08
110,1646784000000,0.056359176088018444,285906288.47188646,2022-03-09
111,1646870400000,0.06451600054503476,328661553.4657359,2022-03-10
112,1646956800000,0.05896328432635685,297899569.62826294,2022-03-11
113,1647043200000,0.05782948932958029,294296143.0174992,2022-03-12
114,1647129600000,0.05394167922565758,273469472.4847992,2022-03-13
115,1647216000000,0.05402836319380814,273358503.29960126,2022-03-14
116,1647302400000,0.055703845172482766,282377189.00592947,2022-03-15
117,1647388800000,0.05441914247926512,276400989.405639,2022-03-16
118,1647475200000,0.06189986592862264,310500640.1100478,2022-03-17
119,1647561600000,0.06040078513823025,306473433.7397228,2022-03-18
120,1647648000000,0.06331220533108536,321927014.16065896,2022-03-19
121,1647734400000,0.06593990664822778,333376635.30515796,2022-03-20
122,1647820800000,0.06569285551484305,333147615.67604667,2022-03-21
123,1647907200000,0.06253562688484453,316623756.9420381,2022-03-22
124,1647993600000,0.06561045983550941,331990145.4768122,2022-03-23
125,1648080000000,0.06549350410161753,331749205.35780007,2022-03-24
126,1648166400000,0.06604010302783363,335356824.13631207,2022-03-25
127,1648252800000,0.08039102262447884,404766939.65052646,2022-03-26
128,1648339200000,0.07935731850149312,402111462.7508933,2022-03-27
129,1648425600000,0.08024930763860677,406777952.0412575,2022-03-28
130,1648512000000,0.08046912072804485,413755048.14722544,2022-03-29
131,1648598400000,0.08047711894562644,407221763.70083594,2022-03-30
132,1648684800000,0.08086339192630641,410290699.20586884,2022-03-31
133,1648771200000,0.06859332960247753,350816615.0188791,2022-04-01
134,1648857600000,0.07146218062288344,362742292.3318458,2022-04-02
135,1648944000000,0.0669901310101078,339355864.1096028,2022-04-03
136,1649030400000,0.06976507058070859,352326646.121846,2022-04-04
137,1649116800000,0.06788097327316667,343845511.688995,2022-04-05
138,1649203200000,0.06238290647828152,314703674.6561452,2022-04-06
139,1649289600000,0.05614333107838408,286234519.1780328,2022-04-07
140,1649376000000,0.05885737362579501,298190645.7814236,2022-04-08
141,1649462400000,0.05502451816358906,277706440.01468813,2022-04-09
142,1649548800000,0.05864823209162862,296894871.44944113,2022-04-10
143,1649635200000,0.05675743734656515,288805390.5221541,2022-04-11
144,1649721600000,0.04934462973438417,251087667.82574606,2022-04-12
145,1649808000000,0.05247774316285685,265578020.55169055,2022-04-13
146,1649894400000,0.054105593775793076,274103053.7092193,2022-04-14
147,1649980800000,0.0522436174672078,264705660.39450225,2022-04-15
148,1650067200000,0.05340361715175122,269803689.09175366,2022-04-16
149,1650153600000,0.05260668192988071,266406091.8842833,2022-04-17
150,1650240000000,0.04933950182518287,249609144.12791872,2022-04-18
151,1650326400000,0.05046064465015403,255114159.37141976,2022-04-19
152,1650412800000,0.05468387203581532,277340267.67637235,2022-04-20
153,1650499200000,0.053236126100480216,269877649.70595044,2022-04-21
154,1650585600000,0.049290535870921005,249241670.18046215,2022-04-22
155,1650672000000,0.049777283485142154,252690249.0268887,2022-04-23
156,1650758400000,0.048902068270976755,247624727.17775387,2022-04-24
157,1650844800000,0.04805110850657378,244497604.89643022,2022-04-25
158,1650931200000,0.047948412897872474,242909247.19602203,2022-04-26
159,1651017600000,0.04217268869981549,213295547.7954719,2022-04-27
160,1651104000000,0.045255466092393434,229776578.5630095,2022-04-28
161,1651190400000,0.045495657043391695,229814844.22718173,2022-04-29
162,1651276800000,0.041939967233514765,212273259.2018042,2022-04-30
163,1651363200000,0.035948278452955056,180160906.74146655,2022-05-01
164,1651449600000,0.038275073621892364,193640419.58001947,2022-05-02
165,1651536000000,0.03704852093575836,187732471.09752247,2022-05-03
166,1651622400000,0.03489870702755199,176935765.02654496,2022-05-04
167,1651708800000,0.043960692792027814,223443619.8105689,2022-05-05
168,1651795200000,0.037000165451771566,187078439.42049256,2022-05-06
169,1651881600000,0.03719524429603724,188191248.4497297,2022-05-07
170,1651968000000,0.034656447094341555,175863171.56540987,2022-05-08
171,1652054400000,0.0346238792027373,175212181.99049592,2022-05-09
172,1652140800000,0.02945789846539002,149547587.360636,2022-05-10
173,1652227200000,0.027116536483548368,136916947.2283394,2022-05-11
174,1652313600000,0.013665360710703912,69669146.56720679,2022-05-12
175,1652400000000,0.01665250711401985,83477903.98300627,2022-05-13
176,1652486400000,0.016210258992712084,82001327.09490673,2022-05-14
177,1652572800000,0.017053680717917317,85199112.02338699,2022-05-15
178,1652659200000,0.01733387003625559,87806431.67711082,2022-05-16
179,1652745600000,0.015266317656427119,77643559.29580465,2022-05-17
180,1652832000000,0.016635518238863525,84151394.23468462,2022-05-18
181,1652918400000,0.014436307428227546,73440909.10900359,2022-05-19
182,1653004800000,0.018159115703511086,91864693.93438064,2022-05-20
183,1653091200000,0.022438584948639876,111803257.57438308,2022-05-21
184,1653177600000,0.032108726822695104,159914886.12667495,2022-05-22
185,1653264000000,0.029310435148074705,149179330.81086448,2022-05-23
186,1653350400000,0.025560070736256775,129204035.68097875,2022-05-24
187,1653436800000,0.027107912303474962,137990461.22550645,2022-05-25
188,1653523200000,0.024089624509420333,122237845.9711853,2022-05-26
189,1653609600000,0.02155293428548212,110290859.12954247,2022-05-27
190,1653696000000,0.019113684662002563,96925970.17844778,2022-05-28
191,1653782400000,0.02392403459995544,122488104.42463589,2022-05-29
192,1653868800000,0.022473606851698268,114446428.13351019,2022-05-30
193,1653955200000,0.02386964125175234,120972631.14024368,2022-05-31
194,1654041600000,0.02314566270283961,118552022.55740795,2022-06-01
195,1654128000000,0.02007116057987762,101984672.505801,2022-06-02
196,1654214400000,0.020998258835269484,106534606.72068116,2022-06-03
197,1654300800000,0.01974577771601537,99460680.48140901,2022-06-04
198,1654387200000,0.020321024844779857,102339910.58254291,2022-06-05
199,1654473600000,0.01979776342348462,100043369.64427994,2022-06-06
200,1654560000000,0.023978391116869075,123114821.6505351,2022-06-07
201,1654646400000,0.023376229967478644,118329338.07446744,2022-06-08
202,1654732800000,0.020667797955219402,105234115.72556822,2022-06-09
203,1654819200000,0.020600896484958543,104541131.09643076,2022-06-10
204,1654905600000,0.020040154951947213,101536176.16876453,2022-06-11
205,1654992000000,0.01769015137889579,89349585.49416232,2022-06-12
206,1655078400000,0.01863090401195981,94871062.50326747,2022-06-13
207,1655164800000,0.017973806012320993,90007382.54249656,2022-06-14
208,1655251200000,0.020310841702358882,103485931.55130187,2022-06-15
209,1655337600000,0.025162019383469767,128170901.8787059,2022-06-16
210,1655424000000,0.020603285875854933,104223529.2242589,2022-06-17
211,1655510400000,0.022053027462189494,112185372.97093704,2022-06-18
212,1655596800000,0.02419839909806068,120776141.71334642,2022-06-19
213,1655683200000,0.02717002935366726,137065208.27413073,2022-06-20
214,1655769600000,0.02481550840875969,125944002.8928241,2022-06-21
215,1655856000000,0.023512111228836237,119169238.01731312,2022-06-22
216,1655942400000,0.02389605705220359,120647992.93480368,2022-06-23
217,1656028800000,0.02481145730137912,125674101.50349951,2022-06-24
218,1656115200000,0.028403120782818113,145298643.24710816,2022-06-25
219,1656201600000,0.026462052343984434,133919743.86103909,2022-06-26
220,1656288000000,0.023913554795314103,122047175.15877092,2022-06-27
221,1656374400000,0.025540957474407187,128906387.1874753,2022-06-28
222,1656460800000,0.023343169977797087,118139527.37404023,2022-06-29
223,1656547200000,0.02458232330167307,124409682.24666756,2022-06-30
224,1656633600000,0.02311745621881253,117358635.70795494,2022-07-01
225,1656720000000,0.022640589446109322,115854086.31771174,2022-07-02
226,1656806400000,0.02297369736717285,116205717.44445117,2022-07-03
227,1656892800000,0.023419017494241755,118730959.19677907,2022-07-04
228,1656979200000,0.024612971947710574,124360884.70069152,2022-07-05
229,1657065600000,0.02449977946700706,124290304.72772823,2022-07-06
230,1657152000000,0.025201493159868558,128051588.19140013,2022-07-07
231,1657238400000,0.025280491225984164,128170640.27294296,2022-07-08
232,1657324800000,0.024154523607657376,123073061.74953774,2022-07-09
233,1657411200000,0.024249415071313177,122974623.9085906,2022-07-10
234,1657497600000,0.02612139154376993,132621005.64538513,2022-07-11
235,1657584000000,0.0227170593982297,115117820.67853019,2022-07-12
236,1657670400000,0.022779750256802785,116229607.62915604,2022-07-13
237,1657756800000,0.023631474181248974,119788654.20945719,2022-07-14
238,1657843200000,0.023638234891346047,119989599.0271337,2022-07-15
239,1657929600000,0.023480386898383696,119090433.45793398,2022-07-16
240,1658016000000,0.02382652551030278,120833250.561366,2022-07-17
241,1658102400000,0.023015108761109335,116960202.93086962,2022-07-18
242,1658188800000,0.026347273410653745,133107356.59195639,2022-07-19
243,1658275200000,0.025856666583619212,130573655.35911147,2022-07-20
244,1658361600000,0.024692756938911948,125992458.40422696,2022-07-21
245,1658448000000,0.025694063153201756,131037005.23410511,2022-07-22
246,1658534400000,0.02605152968105978,133022133.84407057,2022-07-23
247,1658620800000,0.027427425445783023,138920399.19334346,2022-07-24
248,1658707200000,0.02628873652218002,133794378.80056854,2022-07-25
249,1658793600000,0.024543752087493424,126908123.47230424,2022-07-26
250,1658880000000,0.025001503593560338,126168308.62903911,2022-07-27
251,1658966400000,0.02678806427970699,135678544.87715894,2022-07-28
252,1659052800000,0.02728373336309181,138114727.02981985,2022-07-29
253,1659139200000,0.030145425452168577,152593484.39608487,2022-07-30
254,1659225600000,0.03322062845180364,167766164.37911037,2022-07-31
255,1659312000000,0.03441624549419519,175836865.4769608,2022-08-01
256,1659398400000,0.036924485352736534,185791962.1755418,2022-08-02
257,1659484800000,0.03868828734537225,195815087.97148973,2022-08-03
258,1659571200000,0.037437449494441805,189999491.91856778,2022-08-04
259,1659657600000,0.03499788614950633,176535110.39323914,2022-08-05
260,1659744000000,0.03606705606107388,182937610.6452362,2022-08-06
261,1659830400000,0.03523408535548118,178669624.39167273,2022-08-07
262,1659916800000,0.034398090742333826,173813333.43345296,2022-08-08
263,1660003200000,0.035086374862275435,177994139.7373083,2022-08-09
264,1660089600000,0.03225612857466832,163536910.21661466,2022-08-10
265,1660176000000,0.03293922005855915,166354711.15994337,2022-08-11
266,1660262400000,0.03161987865669931,159971851.85512653,2022-08-12
267,1660348800000,0.03265916666056176,165600828.99961078,2022-08-13
268,1660435200000,0.031221940063040063,157657277.01747212,2022-08-14
269,1660521600000,0.029262974878784508,148233073.10275346,2022-08-15
270,1660608000000,0.028810840086610605,145663714.566961,2022-08-16
271,1660694400000,0.02796930573058658,141271144.90277854,2022-08-17
272,1660780800000,0.02567022331883283,130414242.52039549,2022-08-18
273,1660867200000,0.023645682907767536,120113312.2121005,2022-08-19
274,1660953600000,0.022363078855905417,113247401.460447,2022-08-20
275,1661040000000,0.021521028151044695,108763489.41528389,2022-08-21
276,1661126400000,0.022698865269321505,115342621.51884647,2022-08-22
277,1661212800000,0.022553379221610412,114252780.14999244,2022-08-23
278,1661299200000,0.023559857225327708,119204473.43674074,2022-08-24
279,1661385600000,0.023926010694402564,121423699.19698314,2022-08-25
280,1661472000000,0.02395336983964358,121540692.52373874,2022-08-26
281,1661558400000,0.021852959552804405,110081992.22487572,2022-08-27
282,1661644800000,0.023166030363594006,117503487.04699905,2022-08-28
283,1661731200000,0.021750666804170253,110423663.20901138,2022-08-29
284,1661817600000,0.022716152873860647,115163818.01808573,2022-08-30
285,1661904000000,0.020403235716828238,104226246.33279465,2022-08-31
286,1661990400000,0.020209084929627336,102201247.0691798,2022-09-01
287,1662076800000,0.02059335498825806,104028500.17488244,2022-09-02
288,1662163200000,0.020252954067243086,102604542.44630085,2022-09-03
289,1662249600000,0.020619171764505166,104528510.19158997,2022-09-04
290,1662336000000,0.021501037246954777,108785398.39074327,2022-09-05
291,1662422400000,0.021392511585969293,108601067.48884389,2022-09-06
292,1662508800000,0.019196826271145686,97434188.94973755,2022-09-07
293,1662595200000,0.02143832567806305,108909688.78794077,2022-09-08
294,1662681600000,0.020929311684737304,106016473.22752488,2022-09-09
295,1662768000000,0.023536737707070855,118901690.29815553,2022-09-10
296,1662854400000,0.023100241769173243,116782408.61431207,2022-09-11
297,1662940800000,0.02327003373725168,117847930.82799761,2022-09-12
298,1663027200000,0.022715485594031182,114989462.32089014,2022-09-13
299,1663113600000,0.020439486824406695,103680199.0457542,2022-09-14
300,1663200000000,0.020637002434383378,104288975.2197643,2022-09-15
301,1663286400000,0.019690782841834717,99929566.44722798,2022-09-16
302,1663372800000,0.020487846324774177,103793832.99942769,2022-09-17
303,1663459200000,0.0211054735186967,106999793.60771649,2022-09-18
304,1663545600000,0.019141132854019197,97109969.89997673,2022-09-19
305,1663632000000,0.02240819954593788,113775938.16884828,2022-09-20
306,1663718400000,0.02258504722125622,114081649.45053025,2022-09-21
307,1663804800000,0.02121233254518734,107365818.36630887,2022-09-22
308,1663891200000,0.02214580953169717,112126658.50850831,2022-09-23
309,1663977600000,0.023659577496768287,120147870.13006155,2022-09-24
310,1664064000000,0.022852401452717795,115884875.2906635,2022-09-25
311,1664150400000,0.022797401265746708,115231228.62858798,2022-09-26
312,1664236800000,0.022989424685565373,116330248.07908702,2022-09-27
313,1664323200000,0.022381495853665553,113467123.5473223,2022-09-28
314,1664409600000,0.023888106870195564,121468074.84854926,2022-09-29
315,1664496000000,0.023020594469541234,116718257.54795201,2022-09-30
316,1664582400000,0.0228243954203576,115604569.67323335,2022-10-01
317,1664668800000,0.02235383378508965,112967231.73571101,2022-10-02
318,1664755200000,0.02192447552811791,111444583.42728582,2022-10-03
319,1664841600000,0.022580988832267244,114593658.37595727,2022-10-04
320,1664928000000,0.02267439301195618,114955633.69448794,2022-10-05
321,1665014400000,0.022319464809721426,113001580.19637747,2022-10-06
322,1665100800000,0.02189807161009855,110860609.25822642,2022-10-07
323,1665187200000,0.02168459372399468,109859105.4983821,2022-10-08
324,1665273600000,0.021609018276218916,109531824.96998557,2022-10-09
325,1665360000000,0.021795931856405285,110213065.78244348,2022-10-10
326,1665446400000,0.02176450425161677,110202007.81841959,2022-10-11
327,1665532800000,0.022185106237892112,112334854.41544534,2022-10-12
328,1665619200000,0.021020040701168956,106561877.76345623,2022-10-13
329,1665705600000,0.01981070200538105,100316526.12926364,2022-10-14
330,1665792000000,0.019856172088082446,100042638.41910899,2022-10-15
331,1665878400000,0.019522513482056466,98906188.39827204,2022-10-16
332,1665964800000,0.019860994399480636,100554015.35235205,2022-10-17
333,1666051200000,0.019907778024579135,100998168.90960012,2022-10-18
334,1666137600000,0.019261263728318448,97641032.16127266,2022-10-19
335,1666224000000,0.017140432169092196,86504089.57888518,2022-10-20
336,1666310400000,0.017158569398419914,86829486.54253808,2022-10-21
337,1666396800000,0.01718694263133432,87078243.85259168,2022-10-22
338,1666483200000,0.01695849124143957,85847032.29141352,2022-10-23
339,1666569600000,0.01745860756243923,88499695.6059025,2022-10-24
340,1666656000000,0.016926252859905205,85714341.11852725,2022-10-25
341,1666742400000,0.017988501176419137,91135563.9737327,2022-10-26
342,1666828800000,0.018385558111737404,93235256.13343234,2022-10-27
343,1666915200000,0.01860536558881965,94692870.84837928,2022-10-28
344,1667001600000,0.018782085748894665,95176582.28330009,2022-10-29
345,1667088000000,0.021084080432707347,107152992.86389697,2022-10-30
346,1667174400000,0.01960049327860426,99096654.07300833,2022-10-31
347,1667260800000,0.019861777947611237,100645173.1683588,2022-11-01
348,1667347200000,0.019514350970989296,98725301.01254682,2022-11-02
349,1667433600000,0.023544730100392063,121537009.47021589,2022-11-03
350,1667520000000,0.026898709414877844,136584040.55275622,2022-11-04
351,1667606400000,0.0275775842186245,139643397.60982686,2022-11-05
352,1667692800000,0.02816007094301717,142817860.0678458,2022-11-06
353,1667779200000,0.026854433964865098,136600880.59489906,2022-11-07
354,1667865600000,0.025015177951286598,126793668.96067639,2022-11-08
355,1667952000000,0.019310238321367315,98288822.95848621,2022-11-09
356,1668038400000,0.018717684575423898,94899340.65836416,2022-11-10
357,1668124800000,0.02222403055725428,112600239.20812736,2022-11-11
358,1668211200000,0.02329282315586101,117697540.0471511,2022-11-12
359,1668297600000,0.021785920301509724,109703616.09106472,2022-11-13
360,1668384000000,0.022246062489068973,112510785.33381036,2022-11-14
361,1668470400000,0.021229323684562287,107501881.23293625,2022-11-15
362,1668556800000,0.023492010078634516,118998234.54079542,2022-11-16
363,1668643200000,0.023927289906486748,120315545.3021988,2022-11-17
364,1668729600000,0.02352960800837216,119302566.59812696,2022-11-18
365,1668816000000,0.023238205487179937,117019071.11090751,2022-11-19
366,1668902400000,0.023821146358466137,121327944.13667324,2022-11-20
