,Time,open,mktcap,Date
0,1621814400000,1.536825654395172,15314127.665367462,2021-05-24
1,1621900800000,1.536825654395172,15314127.665367462,2021-05-25
2,1621987200000,1.5833447070090683,16076642.000666037,2021-05-26
3,1622073600000,1.9069201347055194,21081504.72117981,2021-05-27
4,1622160000000,1.8345212150365346,21643833.31249871,2021-05-28
5,1622246400000,1.6054305393018795,20351435.197750535,2021-05-29
6,1622332800000,1.7297962631024504,24015114.36429243,2021-05-30
7,1622419200000,1.7318367895366642,27817924.10001384,2021-05-31
8,1622505600000,1.9911456988853982,35644350.65169662,2021-06-01
9,1622592000000,2.1224091382198376,41904128.29810768,2021-06-02
10,1622678400000,2.3303432496473153,60829203.019878745,2021-06-03
11,1622764800000,2.5151603790687664,73902247.41745514,2021-06-04
12,1622851200000,2.5765069463915946,78712466.08458859,2021-06-05
13,1622937600000,2.4512681952348077,75413433.58552523,2021-06-06
14,1623024000000,2.4073781673575434,75609460.04838306,2021-06-07
15,1623110400000,2.13000671781173,68407657.01825808,2021-06-08
16,1623196800000,2.2979083345677247,76106659.16704272,2021-06-09
17,1623283200000,2.4980573146631477,84424396.76608373,2021-06-10
18,1623369600000,2.182146258718726,75095300.71371411,2021-06-11
19,1623456000000,2.099742003961635,70951226.83092168,2021-06-12
20,1623542400000,2.010885971261695,70353499.86544374,2021-06-13
21,1623628800000,2.154956910120977,76293720.32642946,2021-06-14
22,1623715200000,2.1583749028446535,76716226.72692946,2021-06-15
23,1623801600000,2.231125868665114,81502051.61564854,2021-06-16
24,1623888000000,1.9523609933827895,71598279.2081648,2021-06-17
25,1623974400000,2.04322209636498,76351107.24162626,2021-06-18
26,1624060800000,1.9000057216920967,72970022.15628935,2021-06-19
27,1624147200000,1.8750148037001895,74230809.95491059,2021-06-20
28,1624233600000,1.8772066094012891,76947985.3636069,2021-06-21
29,1624320000000,1.51030795658477,63263184.60907308,2021-06-22
30,1624406400000,1.3684626978900107,59005513.87855162,2021-06-23
31,1624492800000,1.5003928068245538,69024362.51392637,2021-06-24
32,1624579200000,1.6427074966453856,77085343.14563635,2021-06-25
33,1624665600000,1.4329478794717991,68544349.18063149,2021-06-26
34,1624752000000,1.4212593349374452,71273193.72911413,2021-06-27
35,1624838400000,1.527708566627997,75279050.53846592,2021-06-28
36,1624924800000,1.5853715612686607,77837102.9861009,2021-06-29
37,1625011200000,1.7683612561780282,91054108.17130716,2021-06-30
38,1625097600000,1.8513549106769382,97075307.33558899,2021-07-01
39,1625184000000,1.6939570453170412,90296068.14746143,2021-07-02
40,1625270400000,1.6142441185744114,87938922.17324759,2021-07-03
41,1625356800000,1.7933320947739309,98361409.46410118,2021-07-04
42,1625443200000,1.868504168579047,104665091.65018222,2021-07-05
43,1625529600000,1.7562612911651108,101886245.23105344,2021-07-06
44,1625616000000,1.915306636163822,109638986.05654839,2021-07-07
45,1625702400000,1.8584440042554953,107591214.26997347,2021-07-08
46,1625788800000,1.6905193694010623,97797726.96110895,2021-07-09
47,1625875200000,1.743175312667337,101909510.10521239,2021-07-10
48,1625961600000,1.7276372773234985,98999996.95652167,2021-07-11
49,1626048000000,1.7585979167744688,105926318.1164459,2021-07-12
50,1626134400000,1.58960936189301,97122658.69827908,2021-07-13
51,1626220800000,1.5523644297572048,94643926.214941,2021-07-14
52,1626307200000,1.5341515190588508,92900903.89314973,2021-07-15
53,1626393600000,1.4479660332400586,88775354.44390698,2021-07-16
54,1626480000000,1.3087329744041352,83778544.52045783,2021-07-17
55,1626566400000,1.3907332175649878,85248870.6432475,2021-07-18
56,1626652800000,1.3721185417259205,84466190.85096501,2021-07-19
57,1626739200000,1.3249471101599675,81727810.9133251,2021-07-20
58,1626825600000,1.241572407488608,76573502.13326792,2021-07-21
59,1626912000000,1.3923081811585754,86191991.8152645,2021-07-22
60,1626998400000,1.5217533062852815,96591282.45203109,2021-07-23
61,1627084800000,1.5891042182452952,104168822.75640589,2021-07-24
62,1627171200000,1.5435497534268776,101943648.84608737,2021-07-25
63,1627257600000,1.5167093577250241,100774831.42021112,2021-07-26
64,1627344000000,1.5118021784799687,100722770.84063986,2021-07-27
65,1627430400000,1.5215756876280937,101716514.90486285,2021-07-28
66,1627516800000,1.525211537450736,103983432.91580041,2021-07-29
67,1627603200000,1.594293068551364,109147380.81784038,2021-07-30
68,1627689600000,1.649476571503911,112000190.50688377,2021-07-31
69,1627776000000,1.705785471971265,118651831.3723042,2021-08-01
70,1627862400000,1.609434971413381,113212541.73464748,2021-08-02
71,1627948800000,1.5814548049232224,111390564.41539638,2021-08-03
72,1628035200000,1.5392519434742062,108700157.35282685,2021-08-04
73,1628121600000,1.5894487535576372,113581492.02507764,2021-08-05
74,1628208000000,1.7295434382042327,123794014.19710055,2021-08-06
75,1628294400000,1.8601312917900248,135396454.496632,2021-08-07
76,1628380800000,1.8123857813093096,131366167.10850313,2021-08-08
77,1628467200000,1.7727679620776338,131723219.60146081,2021-08-09
78,1628553600000,1.8556032435484824,134657685.6296589,2021-08-10
79,1628640000000,1.987434067610708,147583261.0809562,2021-08-11
80,1628726400000,2.0024801556734437,149833729.5236495,2021-08-12
81,1628812800000,2.021217328958194,147083249.93822107,2021-08-13
82,1628899200000,2.3481115541775126,178521448.66448894,2021-08-14
83,1628985600000,2.2176703539867413,170657328.84305832,2021-08-15
84,1629072000000,2.1612856584682696,167304158.56991565,2021-08-16
85,1629158400000,2.1090044353599438,165656757.6332577,2021-08-17
86,1629244800000,1.8355799359289222,145282651.73552048,2021-08-18
87,1629331200000,1.894093159219009,151383915.09060842,2021-08-19
88,1629417600000,2.0789714520773637,167247076.5643858,2021-08-20
89,1629504000000,2.3338704715745315,194267887.38843435,2021-08-21
90,1629590400000,2.1673228668494935,185394551.09111527,2021-08-22
91,1629676800000,2.4040545618579756,203839144.48763183,2021-08-23
92,1629763200000,2.333431259699533,201122113.22155935,2021-08-24
93,1629849600000,2.075211223073854,181081231.2622212,2021-08-25
94,1629936000000,2.2218371901549787,194077448.39220393,2021-08-26
95,1630022400000,2.0303692804649467,178532404.52992097,2021-08-27
96,1630108800000,2.203383072968391,196865396.1703288,2021-08-28
97,1630195200000,2.0552522232162276,184807810.7172576,2021-08-29
98,1630281600000,2.084499598321291,188499932.75831443,2021-08-30
99,1630368000000,2.056953625968355,185649090.16222554,2021-08-31
100,1630454400000,2.1206479587467024,195884145.61130628,2021-09-01
101,1630540800000,2.208684773458828,200257338.24254096,2021-09-02
102,1630627200000,2.103351772256858,197109228.62762585,2021-09-03
103,1630713600000,2.0485199592757617,184231842.42736232,2021-09-04
104,1630800000000,2.248951634426514,204049991.5374119,2021-09-05
105,1630886400000,2.435948119078085,222728044.88683906,2021-09-06
106,1630972800000,2.4711343473153775,228672270.67464972,2021-09-07
107,1631059200000,1.954540349877539,182652647.32466918,2021-09-08
108,1631145600000,1.947199954517352,183082633.88779482,2021-09-09
109,1631232000000,2.374174300211401,222058209.70198148,2021-09-10
110,1631318400000,2.1148266409523897,201413827.38604465,2021-09-11
111,1631404800000,2.270733914211782,218777151.77199957,2021-09-12
112,1631491200000,2.4200566309662035,234124211.96882492,2021-09-13
113,1631577600000,2.3653706020742473,234456409.15222865,2021-09-14
114,1631664000000,2.780323838981398,277779906.21079224,2021-09-15
115,1631750400000,2.9827744857535894,300220809.28258824,2021-09-16
116,1631836800000,3.0990917226300745,313148661.8704927,2021-09-17
117,1631923200000,2.774347022310269,282371496.71777517,2021-09-18
118,1632009600000,2.865584512219335,288620927.8174527,2021-09-19
119,1632096000000,3.0419521401232767,311321889.83723056,2021-09-20
120,1632182400000,2.376842451655347,243729067.20780775,2021-09-21
121,1632268800000,2.1624094711377606,223341756.4215407,2021-09-22
122,1632355200000,2.4071222052122887,250485356.21738636,2021-09-23
123,1632441600000,2.7871232295506356,293194316.1137659,2021-09-24
124,1632528000000,2.4128374768721277,257582238.02731013,2021-09-25
125,1632614400000,2.309159027019625,245552155.18794188,2021-09-26
126,1632700800000,2.5360658643330973,267227209.33274058,2021-09-27
127,1632787200000,2.4440397034111276,265459006.8237622,2021-09-28
128,1632873600000,2.2442938801957197,246883903.49583262,2021-09-29
129,1632960000000,2.2585970656619474,247098384.78829747,2021-09-30
130,1633046400000,2.2661482885763355,247927270.33422786,2021-10-01
131,1633132800000,2.4908519633883732,276596588.8917524,2021-10-02
132,1633219200000,2.5068160733136473,279444555.2852685,2021-10-03
133,1633305600000,2.831144782973775,322749885.5640068,2021-10-04
134,1633392000000,2.798779208435316,318835673.07243264,2021-10-05
135,1633478400000,2.8970296946490395,332005183.522153,2021-10-06
136,1633564800000,2.719940222444128,312839806.9066648,2021-10-07
137,1633651200000,2.724867530190438,314450702.0862599,2021-10-08
138,1633737600000,2.8977699004668547,335347742.6484392,2021-10-09
139,1633824000000,2.871201220968918,334623083.8541966,2021-10-10
140,1633910400000,2.6715292546576372,313606058.17776465,2021-10-11
141,1633996800000,2.632835029344991,304881246.65959907,2021-10-12
142,1634083200000,2.651474201622239,313716544.3371108,2021-10-13
143,1634169600000,2.9786415031391784,353124509.7375424,2021-10-14
144,1634256000000,2.8785460174089152,344712172.8452565,2021-10-15
145,1634342400000,2.836351124015554,338604998.85013175,2021-10-16
146,1634428800000,2.8804243110571535,346340687.20965344,2021-10-17
147,1634515200000,2.790147302458212,337512269.6891023,2021-10-18
148,1634601600000,2.7472145555713356,331309227.2693265,2021-10-19
149,1634688000000,2.7378668117482023,340854464.60802823,2021-10-20
150,1634774400000,2.8798847043288953,355248332.8616623,2021-10-21
151,1634860800000,2.83760330699051,358430315.9566983,2021-10-22
152,1634947200000,3.3241060038770245,420769815.1372066,2021-10-23
153,1635033600000,3.6044805049436066,462087597.35196716,2021-10-24
154,1635120000000,3.4475069950471204,461516857.58056885,2021-10-25
155,1635206400000,4.485962734442802,567471347.2923414,2021-10-26
156,1635292800000,4.491642405903364,589146575.2877084,2021-10-27
157,1635379200000,4.4745520444568445,587375421.8531735,2021-10-28
158,1635465600000,4.516978489046403,596568746.7725103,2021-10-29
159,1635552000000,4.508663923848403,597204681.7581376,2021-10-30
160,1635638400000,4.6433305363270705,607740282.195963,2021-10-31
161,1635724800000,4.242124536062165,564106219.1815236,2021-11-01
162,1635811200000,4.33701867865354,557145994.2692686,2021-11-02
163,1635897600000,4.17872737964171,558684567.2644079,2021-11-03
164,1635984000000,4.2318932829202955,569177684.3053458,2021-11-04
165,1636070400000,4.072868322464838,555131694.8857019,2021-11-05
166,1636156800000,3.9487851503073155,536340969.06977314,2021-11-06
167,1636243200000,4.066047438993237,550492160.1116041,2021-11-07
168,1636329600000,4.48326554983768,599925253.1291977,2021-11-08
169,1636416000000,4.575203505979566,618897755.4727682,2021-11-09
170,1636502400000,4.405706947206224,606671592.4969705,2021-11-10
171,1636588800000,3.9536308544979044,537133387.5302532,2021-11-11
172,1636675200000,4.072605894227623,563925353.1474268,2021-11-12
173,1636761600000,3.9339237216903697,546841981.8912443,2021-11-13
174,1636848000000,4.165220032752028,579508237.6610768,2021-11-14
175,1636934400000,4.010878390164498,557153073.0957283,2021-11-15
176,1637020800000,3.8534717994235983,540503265.149819,2021-11-16
177,1637107200000,3.665706958653025,515105722.9863499,2021-11-17
178,1637193600000,3.9460222500506354,543589863.2826345,2021-11-18
179,1637280000000,4.004343441770255,568049276.4360846,2021-11-19
180,1637366400000,3.969066972145277,561370629.5692568,2021-11-20
181,1637452800000,3.906767344115608,553521255.3761566,2021-11-21
182,1637539200000,3.7797489467973002,537851996.8543292,2021-11-22
183,1637625600000,4.110984010573135,586276873.8326211,2021-11-23
184,1637712000000,4.928187836049909,703634791.5721977,2021-11-24
185,1637798400000,4.607526684524529,658298796.0766094,2021-11-25
186,1637884800000,5.354791402269322,771627999.9301156,2021-11-26
187,1637971200000,4.73157555583641,678875053.8171622,2021-11-27
188,1638057600000,4.513986832066316,649615495.2420729,2021-11-28
189,1638144000000,4.620632830241351,661339723.6160363,2021-11-29
190,1638230400000,4.5935168513139795,662167170.203867,2021-11-30
191,1638316800000,4.737147544557104,685731858.5723432,2021-12-01
192,1638403200000,4.8123208476924555,695731302.6346627,2021-12-02
193,1638489600000,4.5671812219199905,660448507.0175046,2021-12-03
194,1638576000000,4.313597287065039,618851186.4212866,2021-12-04
195,1638662400000,3.6560120080629783,530529586.0414521,2021-12-05
196,1638748800000,3.420961486268995,500867109.8034705,2021-12-06
197,1638835200000,3.6336791173958902,535402791.30711114,2021-12-07
198,1638921600000,4.112212467661851,604213888.7440406,2021-12-08
199,1639008000000,4.142212470116984,614128583.5407557,2021-12-09
200,1639094400000,3.660801929354152,543912361.0997807,2021-12-10
201,1639180800000,3.385786334771174,507311685.03808343,2021-12-11
202,1639267200000,3.7467526459072187,562971618.8653216,2021-12-12
203,1639353600000,3.828571893470721,577619240.6202964,2021-12-13
204,1639440000000,3.323768681471495,505973408.7217975,2021-12-14
205,1639526400000,3.373165505197501,511676295.2627962,2021-12-15
206,1639612800000,3.657498146769594,554647227.1524953,2021-12-16
207,1639699200000,3.854909866884332,588722851.520605,2021-12-17
208,1639785600000,4.224613088089396,647912908.0500729,2021-12-18
209,1639872000000,4.477047938306866,686754704.0049381,2021-12-19
210,1639958400000,4.120791540220455,641147478.5009844,2021-12-20
211,1640044800000,4.097651724680577,635245657.1829556,2021-12-21
212,1640131200000,4.54587128352351,707663620.7298611,2021-12-22
213,1640217600000,4.9448253788169305,799507059.3226464,2021-12-23
214,1640304000000,5.0654561603550174,814496539.1756487,2021-12-24
215,1640390400000,5.034034829576926,809495250.7004998,2021-12-25
216,1640476800000,5.757503939994071,944877251.9208362,2021-12-26
217,1640563200000,5.587533713193832,929438562.1218107,2021-12-27
218,1640649600000,5.164234890971442,857508719.0545096,2021-12-28
219,1640736000000,4.700320280972442,786891332.0657834,2021-12-29
220,1640822400000,4.661575962032494,785493371.9495876,2021-12-30
221,1640908800000,4.9865437382697895,842724804.868597,2021-12-31
222,1640995200000,5.3662530792975165,907850767.892556,2022-01-01
223,1641081600000,6.1110868343699405,1037019550.1023284,2022-01-02
224,1641168000000,5.838805614695177,982299118.2283072,2022-01-03
225,1641254400000,6.164645365484558,1054059678.8310843,2022-01-04
226,1641340800000,5.983034638715586,1032010019.8391325,2022-01-05
227,1641427200000,5.202769226179799,903344497.6066886,2022-01-06
228,1641513600000,5.204950310995704,882542098.559157,2022-01-07
229,1641600000000,4.820675549718145,831658641.0840874,2022-01-08
230,1641686400000,4.537269945259643,783633778.0529788,2022-01-09
231,1641772800000,4.422728769860063,767271580.6326224,2022-01-10
232,1641859200000,4.182558407444289,716677366.2311227,2022-01-11
233,1641945600000,4.454664420700668,787970543.2093506,2022-01-12
234,1642032000000,4.788746863514491,838118423.1877555,2022-01-13
235,1642118400000,4.871209012065267,856536250.5571009,2022-01-14
236,1642204800000,5.249003278991584,926464669.3710803,2022-01-15
237,1642291200000,5.225594829543598,927009871.2245756,2022-01-16
238,1642377600000,5.031783730779851,879517144.0615079,2022-01-17
239,1642464000000,4.581093253651373,812411106.9881299,2022-01-18
240,1642550400000,4.410306050849705,784932789.0995502,2022-01-19
241,1642636800000,3.96713126553373,708004406.8156338,2022-01-20
242,1642723200000,3.727233847239264,674105870.322164,2022-01-21
243,1642809600000,3.1426503791468607,563974701.8233144,2022-01-22
244,1642896000000,2.766462632907362,489174739.6782721,2022-01-23
245,1642982400000,2.9000722765719873,518431728.5970075,2022-01-24
246,1643068800000,2.5928937864943493,462890338.0846952,2022-01-25
247,1643155200000,2.88175576030347,518754323.9960024,2022-01-26
248,1643241600000,2.7590043892192884,498585975.94962025,2022-01-27
249,1643328000000,2.6046279219516766,466002755.893873,2022-01-28
250,1643414400000,2.851965452020734,512245868.96635437,2022-01-29
251,1643500800000,2.9318073908953846,526369308.82150716,2022-01-30
252,1643587200000,3.1339669393129355,564743433.865844,2022-01-31
253,1643673600000,3.140294929288298,566003129.5644233,2022-02-01
254,1643760000000,3.4222714467989688,618254357.9182156,2022-02-02
255,1643846400000,3.0579997440436055,554162934.1031426,2022-02-03
256,1643932800000,3.0010422576685967,544869032.9735084,2022-02-04
257,1644019200000,3.3144744077181443,599710360.3110033,2022-02-05
258,1644105600000,3.369947499124566,614028507.6144894,2022-02-06
259,1644192000000,3.286068410951111,599460524.3899055,2022-02-07
260,1644278400000,3.481075478993039,635120009.8209274,2022-02-08
261,1644364800000,3.3137760783574346,608323564.7555152,2022-02-09
262,1644451200000,3.454340532585955,634272448.1416516,2022-02-10
263,1644537600000,3.0955007713561566,568795776.2762474,2022-02-11
264,1644624000000,2.7883565418783838,513498829.49109876,2022-02-12
265,1644710400000,2.80903751929308,519168835.5433022,2022-02-13
266,1644796800000,2.6723456161651464,494186500.98105896,2022-02-14
267,1644883200000,2.817686957218,522144394.39010394,2022-02-15
268,1644969600000,3.0787752173799494,571757208.0592862,2022-02-16
269,1645056000000,3.103584875033535,576891814.8631608,2022-02-17
270,1645142400000,2.8171737820583704,523101658.6873765,2022-02-18
271,1645228800000,2.7201791070418846,506466467.60690063,2022-02-19
272,1645315200000,2.7036936265358613,501526313.53227633,2022-02-20
273,1645401600000,2.4515123569110284,456816793.3952993,2022-02-21
274,1645488000000,2.240108644425704,420278971.9929235,2022-02-22
275,1645574400000,2.235578532087248,416096806.34144527,2022-02-23
276,1645660800000,2.1960290463581438,404742840.48129094,2022-02-24
277,1645747200000,2.1618510414995447,400598780.8587695,2022-02-25
278,1645833600000,2.2906962713630277,421235480.4126633,2022-02-26
279,1645920000000,2.2943700834821295,424883815.9250806,2022-02-27
280,1646006400000,2.105940566882394,393244188.2275611,2022-02-28
281,1646092800000,2.3180294805162194,432514607.4227636,2022-03-01
282,1646179200000,2.4603491188309885,458271569.58816427,2022-03-02
283,1646265600000,2.49163556222277,465280079.82130647,2022-03-03
284,1646352000000,2.4162595982132786,451811586.50472057,2022-03-04
285,1646438400000,2.117920593036089,395300335.17132217,2022-03-05
286,1646524800000,2.1234090094188622,396452832.3003856,2022-03-06
287,1646611200000,1.9445306288043867,363776733.0479081,2022-03-07
288,1646697600000,1.8824338762830632,353224063.0776831,2022-03-08
289,1646784000000,1.93347941467036,362338598.98780006,2022-03-09
290,1646870400000,2.0543317792737352,384767310.60775983,2022-03-10
291,1646956800000,1.971650143774868,369741983.26567847,2022-03-11
292,1647043200000,1.8964691091499908,356575748.34491044,2022-03-12
293,1647129600000,1.9189192778675634,360637250.7544337,2022-03-13
294,1647216000000,1.8502236963068976,346901015.04007375,2022-03-14
295,1647302400000,1.8722815127756565,351077395.0948646,2022-03-15
296,1647388800000,1.8946522436262079,355816747.99661624,2022-03-16
297,1647475200000,2.0096148210708145,368890669.3811522,2022-03-17
298,1647561600000,2.081486756585015,390996200.72658384,2022-03-18
299,1647648000000,2.1649197016961397,407495792.19910353,2022-03-19
300,1647734400000,2.2059156729861584,415958459.01746434,2022-03-20
301,1647820800000,2.094755393384722,394572765.3832951,2022-03-21
302,1647907200000,2.1074520550948606,398249435.30077314,2022-03-22
303,1647993600000,2.204954158881999,417167152.03635854,2022-03-23
304,1648080000000,2.3117605250690625,438898755.8100434,2022-03-24
305,1648166400000,2.360031743008898,450516992.9734278,2022-03-25
306,1648252800000,2.2406941541193013,426969385.3736155,2022-03-26
307,1648339200000,2.3720338375891963,453234123.8470159,2022-03-27
308,1648425600000,2.555294735692686,489754569.082653,2022-03-28
309,1648512000000,2.561761630758078,497842978.83472127,2022-03-29
310,1648598400000,2.7267790128299896,521722948.42509884,2022-03-30
311,1648684800000,2.7738142168954445,533679757.83485794,2022-03-31
312,1648771200000,2.5703597178996844,496861568.8537515,2022-04-01
313,1648857600000,2.770622721186362,533415551.9047851,2022-04-02
314,1648944000000,2.8330461633161983,549396773.081705,2022-04-03
315,1649030400000,2.899639022577942,559747289.4512541,2022-04-04
316,1649116800000,2.8218015751909604,548559137.4957125,2022-04-05
317,1649203200000,2.7852800364093557,545562765.3059214,2022-04-06
318,1649289600000,2.4920163726341555,488391561.79117805,2022-04-07
319,1649376000000,2.527898888773284,493620789.6842761,2022-04-08
320,1649462400000,2.319661481551932,454720062.38768363,2022-04-09
321,1649548800000,2.472975065970762,486365857.6419817,2022-04-10
322,1649635200000,2.411491079306006,476649215.46584976,2022-04-11
323,1649721600000,2.164095292011441,426351039.951785,2022-04-12
324,1649808000000,2.1973370645201076,434214874.287508,2022-04-13
325,1649894400000,2.277720044964846,451996153.1906975,2022-04-14
326,1649980800000,2.2071429102294866,438081802.7758416,2022-04-15
327,1650067200000,2.2031091943560845,438111231.1512955,2022-04-16
328,1650153600000,2.2137266328075746,440488607.30958056,2022-04-17
329,1650240000000,2.2234720924700007,442605872.0229671,2022-04-18
330,1650326400000,2.180074755323601,434685725.198097,2022-04-19
331,1650412800000,2.2705940938498026,454431694.6773218,2022-04-20
332,1650499200000,2.353301826779144,471928878.37949073,2022-04-21
333,1650585600000,2.2134534308211498,446303637.1807087,2022-04-22
334,1650672000000,2.484381509616088,527084168.26094955,2022-04-23
335,1650758400000,2.6733070107211194,573574614.3492217,2022-04-24
336,1650844800000,2.6628548828118985,575583355.4323882,2022-04-25
337,1650931200000,2.7132303732285226,585171013.931399,2022-04-26
338,1651017600000,2.384714676059569,513538373.5652406,2022-04-27
339,1651104000000,2.4741167633192283,535992229.10414433,2022-04-28
340,1651190400000,2.4024638359546695,520875762.30132663,2022-04-29
341,1651276800000,2.257717564758902,490794042.379247,2022-04-30
342,1651363200000,1.9723078861761898,429911608.84049386,2022-05-01
343,1651449600000,2.0771085438199015,452335536.52705824,2022-05-02
344,1651536000000,2.097378656533593,458858857.2227339,2022-05-03
345,1651622400000,2.1328588027545092,468318027.95084363,2022-05-04
346,1651708800000,2.5982632645552926,571206567.7668326,2022-05-05
347,1651795200000,2.438340873480383,536088222.3607487,2022-05-06
348,1651881600000,2.2931073721111157,509206552.82794374,2022-05-07
349,1651968000000,2.2495564113762847,499629468.60621715,2022-05-08
350,1652054400000,2.354617533626122,526766324.79239666,2022-05-09
351,1652140800000,1.9171941272343127,431344434.3762858,2022-05-10
352,1652227200000,1.9616779618595301,439079719.8976096,2022-05-11
353,1652313600000,1.4437696655435064,322383279.5857601,2022-05-12
354,1652400000000,1.3002308971762269,294079343.48992443,2022-05-13
355,1652486400000,1.303691345832954,295191096.01021916,2022-05-14
356,1652572800000,1.3868284399164956,312877944.84685606,2022-05-15
357,1652659200000,1.4830263049647454,333676674.5229203,2022-05-16
358,1652745600000,1.3611959694779947,310721052.8949733,2022-05-17
359,1652832000000,1.3840584350262108,318229349.6976847,2022-05-18
360,1652918400000,1.2191254835873082,280436029.8314647,2022-05-19
361,1653004800000,1.0322830610210922,238076734.48359695,2022-05-20
362,1653091200000,1.084535568636543,250643917.88226765,2022-05-21
363,1653177600000,1.1855159521434326,274425358.62031466,2022-05-22
364,1653264000000,1.2388784564124233,287025672.5577356,2022-05-23
365,1653350400000,1.2375664651798888,286644457.7257821,2022-05-24
366,1653436800000,1.2025914850050525,278617723.38383347,2022-05-25
367,1653523200000,1.2252788669422254,284208791.9556924,2022-05-26
368,1653609600000,1.187581489358872,275983607.7031678,2022-05-27
369,1653696000000,1.1650858103010744,270958483.1350402,2022-05-28
370,1653782400000,1.20295039719318,286890863.5716537,2022-05-29
371,1653868800000,1.228325757529113,286807147.43010557,2022-05-30
372,1653955200000,1.3578357213598364,317157451.3281014,2022-05-31
373,1654041600000,1.3479126162893424,317305835.04431546,2022-06-01
374,1654128000000,1.2320317708698039,290819398.7296412,2022-06-02
375,1654214400000,1.2387412342053734,291167598.3458562,2022-06-03
376,1654300800000,1.144278143139758,268349093.85630023,2022-06-04
377,1654387200000,1.15007897300631,269306616.1262349,2022-06-05
378,1654473600000,1.1686334907757627,275183262.62958074,2022-06-06
379,1654560000000,1.2352077367001986,290105429.7622159,2022-06-07
380,1654646400000,1.1517146289496862,271454847.29858667,2022-06-08
381,1654732800000,1.127049189520113,263414774.58758575,2022-06-09
382,1654819200000,1.0943479521334927,257464060.17411512,2022-06-10
383,1654905600000,0.9877316353869028,232161399.10744938,2022-06-11
384,1654992000000,0.8739594894471423,205657662.68985194,2022-06-12
385,1655078400000,0.8537419166105318,202545186.52755108,2022-06-13
386,1655164800000,0.6853903262593634,157997798.38970226,2022-06-14
387,1655251200000,0.7008901663431362,164648808.97734076,2022-06-15
388,1655337600000,0.7558521019084766,177345128.97744545,2022-06-16
389,1655424000000,0.6426791048179349,151647663.8483106,2022-06-17
390,1655510400000,0.6381283421388202,151428696.25868776,2022-06-18
391,1655596800000,0.5662135858027206,133150680.87888584,2022-06-19
392,1655683200000,0.6037867852005304,143171571.95294467,2022-06-20
393,1655769600000,0.6847497373479344,163241221.2864403,2022-06-21
394,1655856000000,0.7051110854077651,167530327.28595954,2022-06-22
395,1655942400000,0.7402687167717931,176467474.94520527,2022-06-23
396,1656028800000,0.8275517999286811,196178468.46612176,2022-06-24
397,1656115200000,0.8374794249027513,201533201.02605513,2022-06-25
398,1656201600000,0.8024071018366854,190749415.17262217,2022-06-26
399,1656288000000,0.757485549207325,180741494.0812473,2022-06-27
400,1656374400000,0.6964304478963833,166277762.90709892,2022-06-28
401,1656460800000,0.6890711487654353,164466418.00647634,2022-06-29
402,1656547200000,0.6559137018815473,157089965.7736784,2022-06-30
403,1656633600000,0.6991728845592653,165219466.84020534,2022-07-01
404,1656720000000,0.7680780896079208,192633320.54293928,2022-07-02
405,1656806400000,0.7850996718129737,198752377.9487813,2022-07-03
406,1656892800000,0.7760544739411278,199919974.78087443,2022-07-04
407,1656979200000,0.8537728027076303,222131567.25253013,2022-07-05
408,1657065600000,0.9725160513215126,263459259.1984776,2022-07-06
409,1657152000000,0.9604642395608245,262711148.32914132,2022-07-07
410,1657238400000,1.037572151701096,282488929.01779497,2022-07-08
411,1657324800000,0.9884809569514095,273594948.67792606,2022-07-09
412,1657411200000,0.9956541629110138,273426411.4762118,2022-07-10
413,1657497600000,0.9100490977354261,249569632.53316113,2022-07-11
414,1657584000000,0.8812072456794018,240431258.74479985,2022-07-12
415,1657670400000,0.8630160607020632,238304804.16381943,2022-07-13
416,1657756800000,1.0299459141628677,282679952.9317408,2022-07-14
417,1657843200000,1.147375820105771,314059911.20143217,2022-07-15
418,1657929600000,1.06756826685312,295696138.9349158,2022-07-16
419,1658016000000,1.1559134284147263,317409998.66493285,2022-07-17
420,1658102400000,1.0636747844685563,295140261.2179351,2022-07-18
421,1658188800000,1.2923877535317945,359033554.93413734,2022-07-19
422,1658275200000,1.1915616299605256,328099922.05664253,2022-07-20
423,1658361600000,1.0992086919387092,305869192.5720117,2022-07-21
424,1658448000000,1.352817655006798,373380222.9174542,2022-07-22
425,1658534400000,1.400985371397823,387604131.70667803,2022-07-23
426,1658620800000,1.3442640580601741,371525370.33134556,2022-07-24
427,1658707200000,1.3225057819934953,368602922.697653,2022-07-25
428,1658793600000,1.1297503854842972,317581595.00763655,2022-07-26
429,1658880000000,1.1332986966679575,313506033.44489783,2022-07-27
430,1658966400000,1.268108761363361,351679857.39536613,2022-07-28
431,1659052800000,1.499143600757292,414363879.8573758,2022-07-29
432,1659139200000,1.4043484113546336,393690404.4108641,2022-07-30
433,1659225600000,1.3215398496138397,366792250.5747449,2022-07-31
434,1659312000000,1.2893714780153633,357769892.0035551,2022-08-01
435,1659398400000,1.2783640011841506,351872667.1379876,2022-08-02
436,1659484800000,1.2911400535860533,360928310.7950118,2022-08-03
437,1659571200000,1.301658415954529,361737413.575998,2022-08-04
438,1659657600000,1.2773052232320645,354617471.2705726,2022-08-05
439,1659744000000,1.370746748973049,380794739.00344455,2022-08-06
440,1659830400000,1.3382342158348093,373181059.28175104,2022-08-07
441,1659916800000,1.3482625265569335,374678479.84393567,2022-08-08
442,1660003200000,1.3691621469545405,381371861.53340846,2022-08-09
443,1660089600000,1.2439179087874068,346292840.11212707,2022-08-10
444,1660176000000,1.335927090186074,371852901.36583847,2022-08-11
445,1660262400000,1.3204694751000403,367145506.63177913,2022-08-12
446,1660348800000,1.3604952567142394,379887372.1292559,2022-08-13
447,1660435200000,1.350893217405543,377620814.4573299,2022-08-14
448,1660521600000,1.3445402875149142,375808274.87135583,2022-08-15
449,1660608000000,1.2799643675535344,358162521.0165862,2022-08-16
450,1660694400000,1.2283761028886757,343615529.1395971,2022-08-17
451,1660780800000,1.1565564823424714,324227706.0002192,2022-08-18
452,1660867200000,1.110473865979265,310596732.8854726,2022-08-19
453,1660953600000,1.000709941109285,281320483.0173116,2022-08-20
454,1661040000000,0.9710706049969114,271767988.08805746,2022-08-21
455,1661126400000,0.9901739970034485,277501270.22160435,2022-08-22
456,1661212800000,1.0522439078796653,294592233.99688417,2022-08-23
457,1661299200000,1.1459997465006433,322184251.1367656,2022-08-24
458,1661385600000,1.1465452511474084,322786313.37669283,2022-08-25
459,1661472000000,1.1800384192366844,330585141.2812361,2022-08-26
460,1661558400000,1.05304279234136,295376264.3420063,2022-08-27
461,1661644800000,1.0500168481273027,296466479.59479827,2022-08-28
462,1661731200000,0.9941023885613105,281205245.8310214,2022-08-29
463,1661817600000,1.080465510735263,304554717.659355,2022-08-30
464,1661904000000,1.0567593188483693,299662129.9815327,2022-08-31
465,1661990400000,1.1510608300543335,323985024.6917686,2022-09-01
466,1662076800000,1.1332165664736236,319074387.77619636,2022-09-02
467,1662163200000,1.0418149215989652,293945219.0332282,2022-09-03
468,1662249600000,1.0209012030429925,288089525.0710149,2022-09-04
469,1662336000000,1.0278419865469366,289894617.92999804,2022-09-05
470,1662422400000,1.034663595902376,294029379.06830466,2022-09-06
471,1662508800000,1.0332728390505064,290759643.5118701,2022-09-07
472,1662595200000,1.0640250812604812,299046468.32507735,2022-09-08
473,1662681600000,1.062265254944154,300453248.9229237,2022-09-09
474,1662768000000,1.1131421708719509,314111610.89682734,2022-09-10
475,1662854400000,1.1429513646489264,322660421.9754034,2022-09-11
476,1662940800000,1.1124859559872486,315259839.5274097,2022-09-12
477,1663027200000,1.1108874672253657,313026250.5538559,2022-09-13
478,1663113600000,1.0588249743453493,298814825.2727613,2022-09-14
479,1663200000000,1.060188580346849,299105446.1233911,2022-09-15
480,1663286400000,1.0043012028641278,285121508.9273154,2022-09-16
481,1663372800000,0.9992462687110442,283344010.7771525,2022-09-17
482,1663459200000,1.0013102407684826,282888283.44050527,2022-09-18
483,1663545600000,0.9455878012357264,268118175.53233004,2022-09-19
484,1663632000000,0.8995481565701176,253780733.59372115,2022-09-20
485,1663718400000,0.9036722930107765,256198350.19698173,2022-09-21
486,1663804800000,0.8352476103594682,236963651.30402088,2022-09-22
487,1663891200000,0.8740673439866469,246958946.98823655,2022-09-23
488,1663977600000,0.9017146947367856,254659105.74671036,2022-09-24
489,1664064000000,0.8876698528785091,251273651.8444425,2022-09-25
490,1664150400000,0.8503182607102744,241164485.20980603,2022-09-26
491,1664236800000,0.8921590974684859,252407972.46610627,2022-09-27
492,1664323200000,0.8659754498011742,244752524.8473697,2022-09-28
493,1664409600000,0.8895298573714108,251966778.79709575,2022-09-29
494,1664496000000,0.8796213758080051,249403892.8297268,2022-09-30
495,1664582400000,0.8809511034771185,249693029.40357965,2022-10-01
496,1664668800000,0.8566332016562076,242619400.67127696,2022-10-02
497,1664755200000,0.8385604194730546,238057269.15946078,2022-10-03
498,1664841600000,0.8504308204093135,240303881.1106607,2022-10-04
499,1664928000000,0.8862427296062166,251614233.015551,2022-10-05
500,1665014400000,0.856053391250181,242528368.0849402,2022-10-06
501,1665100800000,0.8733361886893817,246685054.97534198,2022-10-07
502,1665187200000,0.8561932326695469,242295429.4672722,2022-10-08
503,1665273600000,0.8610292309012929,244722724.4214307,2022-10-09
504,1665360000000,0.8625102220936931,243753442.34532264,2022-10-10
505,1665446400000,0.8195517269764083,232707783.44562447,2022-10-11
506,1665532800000,0.7966660040633248,226179997.75284457,2022-10-12
507,1665619200000,0.7958789650729587,225168053.28489622,2022-10-13
508,1665705600000,0.7776911626788312,218270743.30157778,2022-10-14
509,1665792000000,0.7835647427350063,222267404.46698156,2022-10-15
510,1665878400000,0.7846962037937996,223526112.65391794,2022-10-16
511,1665964800000,0.7842603589876692,222629524.79561818,2022-10-17
512,1666051200000,0.8647948400658056,245504667.60272115,2022-10-18
513,1666137600000,0.8756175767176726,248988498.52076593,2022-10-19
514,1666224000000,0.8364511982216442,238041646.33146682,2022-10-20
515,1666310400000,0.8254935353288699,234774277.70259678,2022-10-21
516,1666396800000,0.8539302020869363,241984404.85246179,2022-10-22
517,1666483200000,0.8439942544767757,239966596.06980938,2022-10-23
518,1666569600000,0.8774365523497455,248721708.1218576,2022-10-24
519,1666656000000,0.8557628724379001,243622732.20464855,2022-10-25
520,1666742400000,0.887938898349714,252504226.0962238,2022-10-26
521,1666828800000,0.9038645386339547,257333690.0340559,2022-10-27
522,1666915200000,0.8737272840345385,248723847.2662093,2022-10-28
523,1667001600000,0.8992958190077412,255918660.66727325,2022-10-29
524,1667088000000,0.9044577752372965,257479033.19259092,2022-10-30
525,1667174400000,0.8712408725052269,248848080.52522793,2022-10-31
526,1667260800000,0.8454897440425564,240857408.22277355,2022-11-01
527,1667347200000,0.8505258186981286,242304688.2920624,2022-11-02
528,1667433600000,0.8311049525818319,236875139.13365713,2022-11-03
529,1667520000000,0.8743232892585417,248960778.71798024,2022-11-04
530,1667606400000,0.9715856539914536,276496977.9793378,2022-11-05
531,1667692800000,0.9592126792373751,273724407.11929727,2022-11-06
532,1667779200000,0.9172890780025553,264561197.92711815,2022-11-07
533,1667865600000,0.9585805494503328,273377464.207144,2022-11-08
534,1667952000000,0.7221171226052657,205271891.87503254,2022-11-09
535,1668038400000,0.5110101602031527,147185916.28094095,2022-11-10
536,1668124800000,0.642255453398777,183483092.64468107,2022-11-11
537,1668211200000,0.6094577967455105,174260040.80946994,2022-11-12
538,1668297600000,0.5726622337942319,163486788.45625722,2022-11-13
539,1668384000000,0.5834750147230308,166345925.72017023,2022-11-14
540,1668470400000,0.5707997585347729,163028803.56791005,2022-11-15
541,1668556800000,0.5747597600640152,165238683.1712606,2022-11-16
542,1668643200000,0.5614098254109882,160512737.2395059,2022-11-17
543,1668729600000,0.5314898083874579,152008480.8234576,2022-11-18
544,1668816000000,0.5273701641329076,150590646.88672203,2022-11-19
545,1668902400000,0.5288945339988937,152476373.97246832,2022-11-20
