,Time,open,mktcap,Date
0,1567555200000,0.02051024921658727,0.0,2019-09-04
1,1567641600000,0.02033516612972532,31853368.93159091,2019-09-05
2,1567728000000,0.020410756079083884,31853368.93159091,2019-09-06
3,1567814400000,0.02052071958948644,31853368.93159091,2019-09-07
4,1567900800000,0.020500775519305275,31853368.93159091,2019-09-08
5,1567987200000,0.020341083341071917,31853368.93159091,2019-09-09
6,1568073600000,0.020504521587209154,31853368.93159091,2019-09-10
7,1568160000000,0.020409847157683285,31853368.93159091,2019-09-11
8,1568246400000,0.02050586594824776,31853368.93159091,2019-09-12
9,1568332800000,0.020567564414589293,31853368.93159091,2019-09-13
10,1568419200000,0.020744165077204512,31853368.93159091,2019-09-14
11,1568505600000,0.020583877534610554,31853368.93159091,2019-09-15
12,1568592000000,0.020556790786452697,31853368.93159091,2019-09-16
13,1568678400000,0.020556790786452697,31853368.93159091,2019-09-17
14,1568764800000,0.020959378460831218,31853368.93159091,2019-09-18
15,1568851200000,0.02062041372886279,31853368.93159091,2019-09-19
16,1568937600000,0.020603066970253464,31853368.93159091,2019-09-20
17,1569024000000,0.020570180574561225,31853368.93159091,2019-09-21
18,1569110400000,0.020439992000259907,31853368.93159091,2019-09-22
19,1569196800000,0.0355207442310542,31853368.93159091,2019-09-23
20,1569283200000,0.020465919497575636,31853368.93159091,2019-09-24
21,1569369600000,0.020428866371198028,31853368.93159091,2019-09-25
22,1569456000000,0.020814021082307118,0.0,2019-09-26
23,1569542400000,0.020931614867478576,0.0,2019-09-27
24,1569628800000,0.02040747447288327,0.0,2019-09-28
25,1569715200000,0.021011027726372016,0.0,2019-09-29
26,1569801600000,0.035072323263004954,0.0,2019-09-30
27,1569888000000,0.02065514242252257,0.0,2019-10-01
28,1569974400000,0.020755144692919943,0.0,2019-10-02
29,1570060800000,0.020755144692919943,0.0,2019-10-03
30,1570147200000,0.02046527021198659,0.0,2019-10-04
31,1570233600000,0.020434134965345387,0.0,2019-10-05
32,1570320000000,0.020752309246075653,0.0,2019-10-06
33,1570406400000,0.020447273646212683,0.0,2019-10-07
34,1570492800000,0.020481521640153738,0.0,2019-10-08
35,1570579200000,0.020776817116992946,0.0,2019-10-09
36,1570665600000,0.020582258086780346,0.0,2019-10-10
37,1570752000000,0.020529634652664754,0.0,2019-10-11
38,1570838400000,0.02061089696839596,0.0,2019-10-12
39,1570924800000,0.020579084380138335,0.0,2019-10-13
40,1571011200000,0.020583932417125136,0.0,2019-10-14
41,1571097600000,0.02074356848919653,0.0,2019-10-15
42,1571184000000,0.02089284474325908,0.0,2019-10-16
43,1571270400000,0.02086602389812802,0.0,2019-10-17
44,1571356800000,0.020773809905255864,0.0,2019-10-18
45,1571443200000,0.020672613516097994,0.0,2019-10-19
46,1571529600000,0.020686614383738495,0.0,2019-10-20
47,1571616000000,0.02065923109694531,0.0,2019-10-21
48,1571702400000,0.020603776290040718,0.0,2019-10-22
49,1571788800000,0.020467298842525797,0.0,2019-10-23
50,1571875200000,0.02079778900899783,0.0,2019-10-24
51,1571961600000,0.020654944352827657,0.0,2019-10-25
52,1572048000000,0.020936785849181364,0.0,2019-10-26
53,1572134400000,0.020563529751958277,0.0,2019-10-27
54,1572220800000,0.020347576692350378,0.0,2019-10-28
55,1572307200000,0.02073197875589521,0.0,2019-10-29
56,1572393600000,0.020650573121961387,0.0,2019-10-30
57,1572480000000,0.020757807187523517,0.0,2019-10-31
58,1572566400000,0.02048019434537641,0.0,2019-11-01
59,1572652800000,0.02082754286116881,0.0,2019-11-02
60,1572739200000,0.02059191190898511,0.0,2019-11-03
61,1572825600000,0.020651637995085088,0.0,2019-11-04
62,1572912000000,0.020693514443343657,0.0,2019-11-05
63,1572998400000,0.020885880623551414,0.0,2019-11-06
64,1573084800000,0.02066971292313336,0.0,2019-11-07
65,1573171200000,0.02066922032895596,0.0,2019-11-08
66,1573257600000,0.020956035865227693,0.0,2019-11-09
67,1573344000000,0.02086155433200544,0.0,2019-11-10
68,1573430400000,0.020737846515367083,0.0,2019-11-11
69,1573516800000,0.020643634838365975,0.0,2019-11-12
70,1573603200000,0.020715347949544875,0.0,2019-11-13
71,1573689600000,0.020824917341591018,0.0,2019-11-14
72,1573776000000,0.02067693225435498,0.0,2019-11-15
73,1573862400000,0.02077130277634114,0.0,2019-11-16
74,1573948800000,0.02092727768019644,0.0,2019-11-17
75,1574035200000,0.020767226032473524,0.0,2019-11-18
76,1574121600000,0.02069297171997234,0.0,2019-11-19
77,1574208000000,0.020820536297197788,0.0,2019-11-20
78,1574294400000,0.020753847251542095,0.0,2019-11-21
79,1574380800000,0.020673542363543435,0.0,2019-11-22
80,1574467200000,0.02074760385217823,0.0,2019-11-23
81,1574553600000,0.020927539941350094,0.0,2019-11-24
82,1574640000000,0.020840046279142127,0.0,2019-11-25
83,1574726400000,0.020757599934276293,0.0,2019-11-26
84,1574812800000,0.020881845662583966,0.0,2019-11-27
85,1574899200000,0.020684554533170207,0.0,2019-11-28
86,1574985600000,0.020705391381973408,0.0,2019-11-29
87,1575072000000,0.02080479614526139,0.0,2019-11-30
88,1575158400000,0.020822459923650463,0.0,2019-12-01
89,1575244800000,0.020958647884216187,0.0,2019-12-02
90,1575331200000,0.0207931059397305,0.0,2019-12-03
91,1575417600000,0.020737728404948308,0.0,2019-12-04
92,1575504000000,0.020605183311436456,0.0,2019-12-05
93,1575590400000,0.02085732483724253,0.0,2019-12-06
94,1575676800000,0.020749503915483126,0.0,2019-12-07
95,1575763200000,0.02065297783760087,0.0,2019-12-08
96,1575849600000,0.021185169275508096,0.0,2019-12-09
97,1575936000000,0.0209115026932401,0.0,2019-12-10
98,1576022400000,0.02058522759689229,0.0,2019-12-11
99,1576108800000,0.020779277064587983,0.0,2019-12-12
100,1576195200000,0.020848472144984392,0.0,2019-12-13
101,1576281600000,0.020917413803132907,0.0,2019-12-14
102,1576368000000,0.02077979034140137,0.0,2019-12-15
103,1576454400000,0.020880021755846027,0.0,2019-12-16
104,1576540800000,0.020806170961851184,0.0,2019-12-17
105,1576627200000,0.020697518821857726,0.0,2019-12-18
106,1576713600000,0.021019435095761905,0.0,2019-12-19
107,1576800000000,0.021076988593611772,0.0,2019-12-20
108,1576886400000,0.02085015695901775,0.0,2019-12-21
109,1576972800000,0.02079136013866129,0.0,2019-12-22
110,1577059200000,0.020770737456012996,0.0,2019-12-23
111,1577145600000,0.02063197531826277,0.0,2019-12-24
112,1577232000000,0.02071131495104428,0.0,2019-12-25
113,1577318400000,0.020900713686575832,0.0,2019-12-26
114,1577404800000,0.020847087096902174,0.0,2019-12-27
115,1577491200000,0.020950065688643618,0.0,2019-12-28
116,1577577600000,0.020753906718365103,0.0,2019-12-29
117,1577664000000,0.020637809289943677,0.0,2019-12-30
118,1577750400000,0.02081124999946058,0.0,2019-12-31
119,1577836800000,0.020696757359850073,0.0,2020-01-01
120,1577923200000,0.02061975950874783,0.0,2020-01-02
121,1578009600000,0.020755528831064213,0.0,2020-01-03
122,1578096000000,0.020980234838027263,0.0,2020-01-04
123,1578182400000,0.02096260848867634,0.0,2020-01-05
124,1578268800000,0.020832632706439164,0.0,2020-01-06
125,1578355200000,0.020728489386848643,0.0,2020-01-07
126,1578441600000,0.020588388901938627,0.0,2020-01-08
127,1578528000000,0.021110808251725025,0.0,2020-01-09
128,1578614400000,0.0208472805730606,0.0,2020-01-10
129,1578700800000,0.02077054897141169,0.0,2020-01-11
130,1578787200000,0.020771710573227433,0.0,2020-01-12
131,1578873600000,0.02087132462553834,0.0,2020-01-13
132,1578960000000,0.020913087449980515,0.0,2020-01-14
133,1579046400000,0.021228672355761584,0.0,2020-01-15
134,1579132800000,0.020836774007640016,0.0,2020-01-16
135,1579219200000,0.021067151665911228,0.0,2020-01-17
136,1579305600000,0.020920707109328824,0.0,2020-01-18
137,1579392000000,0.02096313947378498,0.0,2020-01-19
138,1579478400000,0.021081394313232978,0.0,2020-01-20
139,1579564800000,0.02082755684857659,0.0,2020-01-21
140,1579651200000,0.02107463868388862,0.0,2020-01-22
141,1579737600000,0.020992562346560644,0.0,2020-01-23
142,1579824000000,0.02105302200514823,0.0,2020-01-24
143,1579910400000,0.020746656280647646,0.0,2020-01-25
144,1579996800000,0.021013602941149134,0.0,2020-01-26
145,1580083200000,0.021048105568908692,0.0,2020-01-27
146,1580169600000,0.02075071914960898,0.0,2020-01-28
147,1580256000000,0.02160756628771762,0.0,2020-01-29
148,1580342400000,0.020929592470631253,0.0,2020-01-30
149,1580428800000,0.020858390141665108,0.0,2020-01-31
150,1580515200000,0.0207847708701133,0.0,2020-02-01
151,1580601600000,0.02096302867759957,0.0,2020-02-02
152,1580688000000,0.020838500878865372,0.0,2020-02-03
153,1580774400000,0.020959553201460798,0.0,2020-02-04
154,1580860800000,0.020912519444715442,0.0,2020-02-05
155,1580947200000,0.020630268918492626,0.0,2020-02-06
156,1581033600000,0.020910893356958702,0.0,2020-02-07
157,1581120000000,0.020966930637283325,0.0,2020-02-08
158,1581206400000,0.020889755621142588,0.0,2020-02-09
159,1581292800000,0.020909619448936236,0.0,2020-02-10
160,1581379200000,0.020985790834258777,0.0,2020-02-11
161,1581465600000,0.020972371015509878,0.0,2020-02-12
162,1581552000000,0.02085089965753791,0.0,2020-02-13
163,1581638400000,0.021008514457933954,0.0,2020-02-14
164,1581724800000,0.02093439010727907,0.0,2020-02-15
165,1581811200000,0.02086498618009344,0.0,2020-02-16
166,1581897600000,0.021533150149780415,0.0,2020-02-17
167,1581984000000,0.02238082597705481,0.0,2020-02-18
168,1582070400000,0.021025391256815244,0.0,2020-02-19
169,1582156800000,0.02015559917114096,0.0,2020-02-20
170,1582243200000,0.02103920241742774,0.0,2020-02-21
171,1582329600000,0.02101050580018116,0.0,2020-02-22
172,1582416000000,0.02092079032306118,0.0,2020-02-23
173,1582502400000,0.021091167821348598,0.0,2020-02-24
174,1582588800000,0.02110081439784138,0.0,2020-02-25
175,1582675200000,0.021117990832978707,0.0,2020-02-26
176,1582761600000,0.02078421162326073,0.0,2020-02-27
177,1582848000000,0.020758062850018005,0.0,2020-02-28
178,1582934400000,0.021141782730652033,0.0,2020-02-29
179,1583020800000,0.020671327886950783,0.0,2020-03-01
180,1583107200000,0.02113749904594213,0.0,2020-03-02
181,1583193600000,0.02097555627835589,0.0,2020-03-03
182,1583280000000,0.020981414343429455,0.0,2020-03-04
183,1583366400000,0.021010555527559226,0.0,2020-03-05
184,1583452800000,0.020975830680104442,0.0,2020-03-06
185,1583539200000,0.02111551483837848,0.0,2020-03-07
186,1583625600000,0.021016831130215973,0.0,2020-03-08
187,1583712000000,0.021049577219989367,0.0,2020-03-09
188,1583798400000,0.021060753728058358,0.0,2020-03-10
189,1583884800000,0.021040131993540906,0.0,2020-03-11
190,1583971200000,0.021034603252784733,0.0,2020-03-12
191,1584057600000,0.021178681007451933,0.0,2020-03-13
192,1584144000000,0.020970879660274295,0.0,2020-03-14
193,1584230400000,0.021105060465718528,0.0,2020-03-15
194,1584316800000,0.021110798360849222,0.0,2020-03-16
195,1584403200000,0.021135694885154117,0.0,2020-03-17
196,1584489600000,0.02088210498139015,0.0,2020-03-18
197,1584576000000,0.02104409837034945,0.0,2020-03-19
198,1584662400000,0.020968780929179278,0.0,2020-03-20
199,1584748800000,0.02099538701225706,0.0,2020-03-21
200,1584835200000,0.020892297016084284,0.0,2020-03-22
201,1584921600000,0.02101620987950156,0.0,2020-03-23
202,1585008000000,0.020941052342304842,0.0,2020-03-24
203,1585094400000,0.020945617359251427,0.0,2020-03-25
204,1585180800000,0.020980576085950945,0.0,2020-03-26
205,1585267200000,0.020966922099611398,0.0,2020-03-27
206,1585353600000,0.021065920929158048,0.0,2020-03-28
207,1585440000000,0.021055622484896185,0.0,2020-03-29
208,1585526400000,0.02096393572541284,0.0,2020-03-30
209,1585612800000,0.0209386800284418,0.0,2020-03-31
210,1585699200000,0.020990031489140373,0.0,2020-04-01
211,1585785600000,0.020967504234674045,36450620.806193314,2020-04-02
212,1585872000000,0.02098107151487444,36407028.016563,2020-04-03
213,1585958400000,0.020990654977013877,36388009.76196945,2020-04-04
214,1586044800000,0.02089558001513743,35578534.23757728,2020-04-05
215,1586131200000,0.020968324531052154,35817953.80365295,2020-04-06
216,1586217600000,0.020975211735606597,34349915.808759324,2020-04-07
217,1586304000000,0.021002767385636868,42562474.77243556,2020-04-08
218,1586390400000,0.021160446601946607,42890959.91500346,2020-04-09
219,1586476800000,0.020984246776882827,42645746.69017505,2020-04-10
220,1586563200000,0.02101575999361924,42530370.27803337,2020-04-11
221,1586649600000,0.0209944085336949,42779861.39384481,2020-04-12
222,1586736000000,0.02107541391257886,42049277.42482614,2020-04-13
223,1586822400000,0.020994907148079285,43465324.08972855,2020-04-14
224,1586908800000,0.02097615159122747,43366771.67228409,2020-04-15
225,1586995200000,0.02099568208369232,41568030.44284932,2020-04-16
226,1587081600000,0.020968113280485073,41772634.10819327,2020-04-17
227,1587168000000,0.021023147276935533,42229207.36832128,2020-04-18
228,1587254400000,0.020982970638930176,40723099.59440442,2020-04-19
229,1587340800000,0.020994573383649694,38474342.92502161,2020-04-20
230,1587427200000,0.021028078204555926,37455070.4740193,2020-04-21
231,1587513600000,0.0209868714990174,36530416.40611514,2020-04-22
232,1587600000000,0.020991706602614207,36277688.422397204,2020-04-23
233,1587686400000,0.02065625280632962,32818037.058065105,2020-04-24
234,1587772800000,0.020995784209600285,33091680.71361766,2020-04-25
235,1587859200000,0.020996703735858446,32835533.49192747,2020-04-26
236,1587945600000,0.020979644202684337,33233420.061774515,2020-04-27
237,1588032000000,0.020996335584388598,34145370.724430986,2020-04-28
238,1588118400000,0.021008582984034654,34186068.741355464,2020-04-29
239,1588204800000,0.02099466231765507,32240395.247715138,2020-04-30
240,1588291200000,0.021006268568616846,32116743.981512833,2020-05-01
241,1588377600000,0.021013726664004237,34588349.753623985,2020-05-02
242,1588464000000,0.020989840150037877,25211928.302626245,2020-05-03
243,1588550400000,0.021015948406891916,24643901.753114853,2020-05-04
244,1588636800000,0.02099924454958825,23979124.920132086,2020-05-05
245,1588723200000,0.021050625002108282,23199703.45885941,2020-05-06
246,1588809600000,0.020960114135881152,24094913.459454946,2020-05-07
247,1588896000000,0.02093400964790554,21859266.788797628,2020-05-08
248,1588982400000,0.020990190920667368,23801779.715120465,2020-05-09
249,1589068800000,0.02099501809393244,24029854.622595675,2020-05-10
250,1589155200000,0.021046119256596954,28874661.104598746,2020-05-11
251,1589241600000,0.02095895852102306,28411978.77095134,2020-05-12
252,1589328000000,0.020961355229060608,28527992.87455456,2020-05-13
253,1589414400000,0.02101141980092119,31741917.14036329,2020-05-14
254,1589500800000,0.02098787804664736,28556998.41433994,2020-05-15
255,1589587200000,0.021024804496947512,28677676.58934732,2020-05-16
256,1589673600000,0.021034518209226086,31302128.987231307,2020-05-17
257,1589760000000,0.021013139515487462,31149357.60634537,2020-05-18
258,1589846400000,0.020995673239285112,27970655.202050325,2020-05-19
259,1589932800000,0.020963942547619106,26793759.33940431,2020-05-20
260,1590019200000,0.021081971170333884,26768607.97725058,2020-05-21
261,1590105600000,0.021049315016096425,29938557.643388666,2020-05-22
262,1590192000000,0.021031483487371272,24245264.797687724,2020-05-23
263,1590278400000,0.02100039615298294,25017242.55906235,2020-05-24
264,1590364800000,0.020989953746824646,20154913.57019884,2020-05-25
265,1590451200000,0.02103188242891135,20086334.142646827,2020-05-26
266,1590537600000,0.021073510589114153,22598254.05506418,2020-05-27
267,1590624000000,0.021031512663264928,22769594.37079406,2020-05-28
268,1590710400000,0.020946564290640256,19588885.290707767,2020-05-29
269,1590796800000,0.021022489366250542,19833890.700733215,2020-05-30
270,1590883200000,0.020975096493351105,19984854.922645796,2020-05-31
271,1590969600000,0.021100218868133673,21303023.803711865,2020-06-01
272,1591056000000,0.020977729600699293,21290895.74975425,2020-06-02
273,1591142400000,0.02107818547200647,21265457.22385749,2020-06-03
274,1591228800000,0.021048605441566438,21313171.717916448,2020-06-04
275,1591315200000,0.021045471113796586,21542450.429511596,2020-06-05
276,1591401600000,0.021068364404874293,21749292.994363427,2020-06-06
277,1591488000000,0.021049616802686105,21937577.020844173,2020-06-07
278,1591574400000,0.02103962826787012,21746096.219506837,2020-06-08
279,1591660800000,0.021052142818667963,21831919.78393564,2020-06-09
280,1591747200000,0.021057351716904135,20884769.10070061,2020-06-10
281,1591833600000,0.021049735835421773,21578055.187608283,2020-06-11
282,1591920000000,0.021062164485616378,25405400.2714196,2020-06-12
283,1592006400000,0.02107086013338547,25563179.213757552,2020-06-13
284,1592092800000,0.0210581275601515,25231254.266424853,2020-06-14
285,1592179200000,0.021089592093812465,27259520.27361852,2020-06-15
286,1592265600000,0.02104164533536277,37954181.76626946,2020-06-16
287,1592352000000,0.02105269253632037,60412460.07481552,2020-06-17
288,1592438400000,0.021075639237229733,93580905.90632875,2020-06-18
289,1592524800000,0.02108756416001378,128610169.65946017,2020-06-19
290,1592611200000,0.021115638473233934,176035784.63779223,2020-06-20
291,1592697600000,0.021075577343474806,193805888.12706858,2020-06-21
292,1592784000000,0.021104245907712177,211811556.04586723,2020-06-22
293,1592870400000,0.021036556447060723,201094007.93166906,2020-06-23
294,1592956800000,0.02105750045917536,215185938.78322822,2020-06-24
295,1593043200000,0.02107857214288206,195308786.0704624,2020-06-25
296,1593129600000,0.02107622883542799,200270335.84184462,2020-06-26
297,1593216000000,0.021086377708578817,208460000.99872535,2020-06-27
298,1593302400000,0.021097349301864854,227414158.7582163,2020-06-28
299,1593388800000,0.0210598118912412,228663128.52153,2020-06-29
300,1593475200000,0.021067752780926652,228884693.92199615,2020-06-30
301,1593561600000,0.02107261271958866,230841856.16339794,2020-07-01
302,1593648000000,0.021056397074883892,221707898.49129966,2020-07-02
303,1593734400000,0.021070601065947415,374688581.5202501,2020-07-03
304,1593820800000,0.021080740468009947,418089739.96183467,2020-07-04
305,1593907200000,0.021059975879102986,423916205.3043431,2020-07-05
306,1593993600000,0.021053289190991108,429688778.6909061,2020-07-06
307,1594080000000,0.021082113149185903,431500307.8359576,2020-07-07
308,1594166400000,0.021075493825631644,370416374.16354114,2020-07-08
309,1594252800000,0.021033404987926514,382228351.8988291,2020-07-09
310,1594339200000,0.021085060362687452,399628920.90801907,2020-07-10
311,1594425600000,0.02107269333963534,407537682.5894513,2020-07-11
312,1594512000000,0.021088725441049037,417645812.0624871,2020-07-12
313,1594598400000,0.021063113601425737,419228389.7697686,2020-07-13
314,1594684800000,0.02107730311105998,416640485.9214311,2020-07-14
315,1594771200000,0.021067055201818303,418915451.6427651,2020-07-15
316,1594857600000,0.021094045990591986,423618485.46072835,2020-07-16
317,1594944000000,0.02109257078671562,425098597.5541643,2020-07-17
318,1595030400000,0.021093015541250152,384939666.58228135,2020-07-18
319,1595116800000,0.021060497566688808,370763478.7807487,2020-07-19
320,1595203200000,0.021060194224016334,342456888.24166656,2020-07-20
321,1595289600000,0.021078682541115702,259281145.6872201,2020-07-21
322,1595376000000,0.02107088039472686,265570180.95153043,2020-07-22
323,1595462400000,0.021048267518899273,269715154.5412663,2020-07-23
324,1595548800000,0.02108944580387097,211297627.17812,2020-07-24
325,1595635200000,0.02105768234849639,218676034.98238388,2020-07-25
326,1595721600000,0.02106086799408794,202696858.50277144,2020-07-26
327,1595808000000,0.021061202719392227,270453148.588506,2020-07-27
328,1595894400000,0.02101589982046211,273571710.5047789,2020-07-28
329,1595980800000,0.02102932055946907,271002808.1780798,2020-07-29
330,1596067200000,0.02107916036298464,252190690.87474892,2020-07-30
331,1596153600000,0.021070765873478125,185633016.69918293,2020-07-31
332,1596240000000,0.0210673828386516,161954580.48080122,2020-08-01
333,1596326400000,0.02113930105684997,188780817.06797713,2020-08-02
334,1596412800000,0.02103579682126454,167757733.34474558,2020-08-03
335,1596499200000,0.02108230364643432,175696392.4437035,2020-08-04
336,1596585600000,0.02106978052617755,177673750.35951176,2020-08-05
337,1596672000000,0.02111718093477569,174579336.36504155,2020-08-06
338,1596758400000,0.021103747393932233,171477494.46406272,2020-08-07
339,1596844800000,0.0211021852294899,163807498.24711502,2020-08-08
340,1596931200000,0.021126612355080177,183943200.3001338,2020-08-09
341,1597017600000,0.021093220428033146,191561265.8585459,2020-08-10
342,1597104000000,0.021085100377895773,177445751.9100909,2020-08-11
343,1597190400000,0.02113266205177664,176430006.63593194,2020-08-12
344,1597276800000,0.021100826187023063,168914878.94535768,2020-08-13
345,1597363200000,0.021082321834286984,204976441.76838306,2020-08-14
346,1597449600000,0.02108862722576679,137374951.31676707,2020-08-15
347,1597536000000,0.021114706774277226,120258436.95538697,2020-08-16
348,1597622400000,0.021108205034665112,115997524.79833646,2020-08-17
349,1597708800000,0.021084676167586604,124490819.99998492,2020-08-18
350,1597795200000,0.021051072364245697,137125284.05930197,2020-08-19
351,1597881600000,0.02116191077607241,140556668.18259028,2020-08-20
352,1597968000000,0.02112114311749436,179263577.1633532,2020-08-21
353,1598054400000,0.021153041909030366,181606251.31402275,2020-08-22
354,1598140800000,0.021137973664207475,187922550.2244455,2020-08-23
355,1598227200000,0.021141263518390702,187658497.87683663,2020-08-24
356,1598313600000,0.02113769091077908,217289546.4501875,2020-08-25
357,1598400000000,0.021130207511338192,196492455.01089996,2020-08-26
358,1598486400000,0.021143290880922972,198769020.03392875,2020-08-27
359,1598572800000,0.02114386690158152,173620648.51787564,2020-08-28
360,1598659200000,0.02115408450842279,196688842.08903098,2020-08-29
361,1598745600000,0.021135481623157166,202119798.59386304,2020-08-30
362,1598832000000,0.02114946474369607,192171148.70383853,2020-08-31
363,1598918400000,0.02114542721345666,196773763.8670482,2020-09-01
364,1599004800000,0.021148035238888654,186946995.29711443,2020-09-02
365,1599091200000,0.02114740776115953,194230463.31575814,2020-09-03
366,1599177600000,0.021152118991034915,214911396.86344752,2020-09-04
367,1599264000000,0.021188475931489335,216321108.88601783,2020-09-05
368,1599350400000,0.021305111408881826,208297097.48517618,2020-09-06
369,1599436800000,0.021253197422693965,207975885.8603784,2020-09-07
370,1599523200000,0.02115490290807525,192575075.44033393,2020-09-08
371,1599609600000,0.02118413431018761,189969413.19210824,2020-09-09
372,1599696000000,0.02117216120370954,163705702.53885257,2020-09-10
373,1599782400000,0.021229412729819507,160928411.0534531,2020-09-11
374,1599868800000,0.02117017543030945,165905511.8571259,2020-09-12
375,1599955200000,0.02118235538782372,165509411.18944734,2020-09-13
376,1600041600000,0.021189339630230515,167548616.03181437,2020-09-14
377,1600128000000,0.021165134734734612,202692519.77399218,2020-09-15
378,1600214400000,0.02118952102942276,199617065.69311905,2020-09-16
379,1600300800000,0.021189663354282025,178163526.92857438,2020-09-17
380,1600387200000,0.02118321276417001,171515912.27204704,2020-09-18
381,1600473600000,0.021191816834525354,179139182.45927808,2020-09-19
382,1600560000000,0.02120673731623928,182189090.19011447,2020-09-20
383,1600646400000,0.021260547257941003,201000375.36305514,2020-09-21
384,1600732800000,0.021219438436382236,192587138.60550642,2020-09-22
385,1600819200000,0.021235358836568085,196836147.33089384,2020-09-23
386,1600905600000,0.0211905183305801,184438475.12940454,2020-09-24
387,1600992000000,0.02118288053718704,195880676.97215325,2020-09-25
388,1601078400000,0.02117969918599465,204779414.89262304,2020-09-26
389,1601164800000,0.021176300509011606,203213831.59225038,2020-09-27
390,1601251200000,0.021189238495170144,189148879.79275504,2020-09-28
391,1601337600000,0.02121500997180006,188737622.2043964,2020-09-29
392,1601424000000,0.02119217457250228,187431141.99228755,2020-09-30
393,1601510400000,0.021183162854675468,188470299.55499986,2020-10-01
394,1601596800000,0.02121224690241613,203949128.240063,2020-10-02
395,1601683200000,0.021189408564862185,198957951.45341367,2020-10-03
396,1601769600000,0.021194376184827567,206516169.37441802,2020-10-04
397,1601856000000,0.02118484220721816,203967711.07189566,2020-10-05
398,1601942400000,0.021203067910165498,201501439.1852637,2020-10-06
399,1602028800000,0.02119181880932323,207685001.27092862,2020-10-07
400,1602115200000,0.021210414639143048,209246313.62588304,2020-10-08
401,1602201600000,0.02118088403934318,234012878.67335102,2020-10-09
402,1602288000000,0.02119188128072795,233200688.45635933,2020-10-10
403,1602374400000,0.021213892166837646,236967136.82756248,2020-10-11
404,1602460800000,0.021174748808539194,225004843.5026046,2020-10-12
405,1602547200000,0.021197741553409255,225300710.91047862,2020-10-13
406,1602633600000,0.02119663822938662,204785771.94386205,2020-10-14
407,1602720000000,0.02118765625191694,201993689.39980918,2020-10-15
408,1602806400000,0.02119671742434985,202040029.58732265,2020-10-16
409,1602892800000,0.021196570860433375,194813320.76256055,2020-10-17
410,1602979200000,0.0204587784052268,190364698.75931147,2020-10-18
411,1603065600000,0.021207024085843365,194815688.24843812,2020-10-19
412,1603152000000,0.02119330219885831,204308012.9826003,2020-10-20
413,1603238400000,0.021177970562549744,210638068.72307444,2020-10-21
414,1603324800000,0.021078411171732904,206167886.31399208,2020-10-22
415,1603411200000,0.02113496789703504,217137380.4965741,2020-10-23
416,1603497600000,0.021184385807360314,237184416.1385444,2020-10-24
417,1603584000000,0.021180091563537826,255908252.0205905,2020-10-25
418,1603670400000,0.021176355058207422,252041276.79366592,2020-10-26
419,1603756800000,0.021188084553474453,241176373.54581466,2020-10-27
420,1603843200000,0.021202867122826555,237785535.90686548,2020-10-28
421,1603929600000,0.021229609593041647,239919046.4217067,2020-10-29
422,1604016000000,0.021188806848229907,233998858.96822158,2020-10-30
423,1604102400000,0.021192000548149917,233634662.21449426,2020-10-31
424,1604188800000,0.02117672552576393,227706248.24328363,2020-11-01
425,1604275200000,0.021178071986286302,223520936.0115529,2020-11-02
426,1604361600000,0.021205168476993996,229445106.0843773,2020-11-03
427,1604448000000,0.021189242188532128,263663561.19235393,2020-11-04
428,1604534400000,0.021205360761241854,260363268.14167434,2020-11-05
429,1604620800000,0.021174484170975505,286587715.414388,2020-11-06
430,1604707200000,0.021222905300815022,290606901.7529524,2020-11-07
431,1604793600000,0.02119700959458411,291844334.42812824,2020-11-08
432,1604880000000,0.02121158968492146,298395995.62726086,2020-11-09
433,1604966400000,0.021190004748810855,331306107.3535535,2020-11-10
434,1605052800000,0.021201654979717318,333416296.74258304,2020-11-11
435,1605139200000,0.02123307709747744,334234524.0664078,2020-11-12
436,1605225600000,0.021211600981759022,322610378.7342695,2020-11-13
437,1605312000000,0.021220369400408716,352370206.5290441,2020-11-14
438,1605398400000,0.021234634272432846,346272315.9319744,2020-11-15
439,1605484800000,0.02124465219746276,350479180.46803963,2020-11-16
440,1605571200000,0.021231897548805338,344579777.13322866,2020-11-17
441,1605657600000,0.021228208860338896,328685041.44601595,2020-11-18
442,1605744000000,0.02125094682868717,347317664.73314446,2020-11-19
443,1605830400000,0.02120255946891486,334495571.6734812,2020-11-20
444,1605916800000,0.021246704584522873,351402360.4162571,2020-11-21
445,1606003200000,0.021161167039234433,370133824.91795015,2020-11-22
446,1606089600000,0.02123508934524382,406738343.5628796,2020-11-23
447,1606176000000,0.02121830422685966,417752476.98291963,2020-11-24
448,1606262400000,0.02121705717853456,420565507.7087001,2020-11-25
449,1606348800000,0.021274628461988913,399996051.2963071,2020-11-26
450,1606435200000,0.021325580189364892,378659492.52374643,2020-11-27
451,1606521600000,0.021287414560530498,457223517.59813464,2020-11-28
452,1606608000000,0.0212824343356121,459731523.70380765,2020-11-29
453,1606694400000,0.021257776538277505,456437932.6880997,2020-11-30
454,1606780800000,0.021260871845409396,449225628.2238007,2020-12-01
455,1606867200000,0.021285103503091096,460843404.4672333,2020-12-02
456,1606953600000,0.021297496427516677,454618021.4778744,2020-12-03
457,1607040000000,0.02128624038763874,460057631.9172698,2020-12-04
458,1607126400000,0.021285076403692208,468615613.8398998,2020-12-05
459,1607212800000,0.021299869787257553,487636423.5233296,2020-12-06
460,1607299200000,0.02129413530232715,487944061.4978162,2020-12-07
461,1607385600000,0.021306166824219746,526994097.133988,2020-12-08
462,1607472000000,0.01952223412108025,514205044.4116929,2020-12-09
463,1607558400000,0.021318615437725223,556900788.2020692,2020-12-10
464,1607644800000,0.02130835763551027,602372483.511884,2020-12-11
465,1607731200000,0.021317166438257432,700957691.3315035,2020-12-12
466,1607817600000,0.021305420152861295,735906751.5744698,2020-12-13
467,1607904000000,0.021310858816957854,758051624.0958853,2020-12-14
468,1607990400000,0.021317694275814394,770464920.686898,2020-12-15
469,1608076800000,0.021309419243354354,822663061.2774793,2020-12-16
470,1608163200000,0.021243451632834722,833553169.8816044,2020-12-17
471,1608249600000,0.021294156325842917,805254448.2688221,2020-12-18
472,1608336000000,0.021296014747061283,850694341.6605648,2020-12-19
473,1608422400000,0.02130392271352215,860051024.8229004,2020-12-20
474,1608508800000,0.021330370542804605,853906558.7048895,2020-12-21
475,1608595200000,0.02133172338131562,855075870.7283673,2020-12-22
476,1608681600000,0.02135898814146087,889195973.5535749,2020-12-23
477,1608768000000,0.02140950549386515,892314277.0846202,2020-12-24
478,1608854400000,0.021398784061047473,877534845.7873281,2020-12-25
479,1608940800000,0.02133379817546982,889448342.9294143,2020-12-26
480,1609027200000,0.021395664630429558,890445764.5344981,2020-12-27
481,1609113600000,0.021373458447255647,891133266.8193316,2020-12-28
482,1609200000000,0.021447727507998397,912386159.6527448,2020-12-29
483,1609286400000,0.021419155955463284,866294596.3849338,2020-12-30
484,1609372800000,0.02138343880530991,730797462.2482114,2020-12-31
485,1609459200000,0.021384283667986736,723688693.9542425,2021-01-01
486,1609545600000,0.02135338250761433,729001675.5425863,2021-01-02
487,1609632000000,0.021360808331514308,1421583389.598359,2021-01-03
488,1609718400000,0.021574128777590275,1116761364.2195635,2021-01-04
489,1609804800000,0.020996670998896395,762919291.6106791,2021-01-05
490,1609891200000,0.02139754526846742,800784462.3619766,2021-01-06
491,1609977600000,0.021373883747446788,812708823.3508946,2021-01-07
492,1610064000000,0.02151319294235669,816242245.9813306,2021-01-08
493,1610150400000,0.02143799296768368,834714640.1693788,2021-01-09
494,1610236800000,0.021407948262401087,858226697.2715824,2021-01-10
495,1610323200000,0.021432097160403417,879278004.1391656,2021-01-11
496,1610409600000,0.02146198807307477,843645757.4455363,2021-01-12
497,1610496000000,0.021614180525873845,893802440.4739077,2021-01-13
498,1610582400000,0.02150694655643062,891444411.5899562,2021-01-14
499,1610668800000,0.021539937174782826,928181402.9398854,2021-01-15
500,1610755200000,0.021465712714411774,1413079194.2018871,2021-01-16
501,1610841600000,0.021444105278120053,1393759709.1575568,2021-01-17
502,1610928000000,0.02141306480969646,1402781179.675412,2021-01-18
503,1611014400000,0.021417325201645486,1374671774.735395,2021-01-19
504,1611100800000,0.02145569486045868,1420991938.4601686,2021-01-20
505,1611187200000,0.02152373698627849,1439063079.2595928,2021-01-21
506,1611273600000,0.02149554196691898,1481419317.4472995,2021-01-22
507,1611360000000,0.021460430448211325,976528856.8045563,2021-01-23
508,1611446400000,0.0214832455219386,1017568439.4897614,2021-01-24
509,1611532800000,0.0214759339846051,1037639418.0308837,2021-01-25
510,1611619200000,0.021547191106659955,1051121678.4942511,2021-01-26
511,1611705600000,0.02148033465834763,1089981849.466338,2021-01-27
512,1611792000000,0.021265636321639907,1111795857.9076207,2021-01-28
513,1611878400000,0.021479230391310677,1116971131.282274,2021-01-29
514,1611964800000,0.021460267370292965,1129024431.6275954,2021-01-30
515,1612051200000,0.021452224183179654,1155667068.167529,2021-01-31
516,1612137600000,0.021516035576593633,1118059453.7178743,2021-02-01
517,1612224000000,0.021465847003699703,1175590831.35787,2021-02-02
518,1612310400000,0.021498163904671425,1241912410.737167,2021-02-03
519,1612396800000,0.021529213553375903,1246910547.1410306,2021-02-04
520,1612483200000,0.021511968458142114,1241849446.065193,2021-02-05
521,1612569600000,0.021570433637322185,1259585182.9188685,2021-02-06
522,1612656000000,0.021532365936250655,1276752944.3340693,2021-02-07
523,1612742400000,0.021502878571107158,1279307417.4942188,2021-02-08
524,1612828800000,0.021587995549182868,1327698506.6713977,2021-02-09
525,1612915200000,0.02158866355946849,1367237610.302259,2021-02-10
526,1613001600000,0.021538679659352633,1398349646.6861289,2021-02-11
527,1613088000000,0.021503780902950114,1455651618.1374767,2021-02-12
528,1613174400000,0.021574254405073073,1442778490.5332875,2021-02-13
529,1613260800000,0.021539280743171196,1493294210.8877954,2021-02-14
530,1613347200000,0.02154927906901793,1551608233.2060254,2021-02-15
531,1613433600000,0.021647373030595943,1556830438.7914288,2021-02-16
532,1613520000000,0.02164542033117714,1646498546.0484974,2021-02-17
533,1613606400000,0.021622238976746748,1668938655.4293761,2021-02-18
534,1613692800000,0.021692213655609787,1734059335.8449051,2021-02-19
535,1613779200000,0.02176179870950573,1787611650.0497112,2021-02-20
536,1613865600000,0.021807634806721377,1867753243.56389,2021-02-21
537,1613952000000,0.021710152288694055,1872710612.0344276,2021-02-22
538,1614038400000,0.021754093778381545,1805841540.4217072,2021-02-23
539,1614124800000,0.022432203178148872,1825098240.8381352,2021-02-24
540,1614211200000,0.02178783889585274,1746515004.3069828,2021-02-25
541,1614297600000,0.02150275647661654,1803860092.6019347,2021-02-26
542,1614384000000,0.021769811813005937,1821698375.3488772,2021-02-27
543,1614470400000,0.02179362452414301,1869759261.1934536,2021-02-28
544,1614556800000,0.021794979523293945,1873924046.420675,2021-03-01
545,1614643200000,0.02171033049065965,1909720933.2989826,2021-03-02
546,1614729600000,0.021798511666033655,1938242090.7205515,2021-03-03
547,1614816000000,0.021595696449226053,1995812045.5260255,2021-03-04
548,1614902400000,0.0219468877266765,2052006721.6806014,2021-03-05
549,1614988800000,0.021754336536284655,2072972576.6319299,2021-03-06
550,1615075200000,0.021773981615322607,2093029421.1697662,2021-03-07
551,1615161600000,0.021730660889797773,2016693575.7892747,2021-03-08
552,1615248000000,0.02175071672709386,1969607937.8317769,2021-03-09
553,1615334400000,0.021733560772641887,2040966580.4114108,2021-03-10
554,1615420800000,0.021679501751884697,2052418380.9400015,2021-03-11
555,1615507200000,0.021762903471525222,2063648099.2478344,2021-03-12
556,1615593600000,0.02179690975887283,2374264712.9379134,2021-03-13
557,1615680000000,0.02171495373510187,2429774108.8446274,2021-03-14
558,1615766400000,0.02171657520542142,2536978875.3258343,2021-03-15
559,1615852800000,0.02171878470684595,2542280606.6181393,2021-03-16
560,1615939200000,0.02176849179354521,2486476949.1033916,2021-03-17
561,1616025600000,0.021821102223082332,2568688230.220366,2021-03-18
562,1616112000000,0.02180673281831827,2605894432.8494344,2021-03-19
563,1616198400000,0.021944724433437306,2648735721.4718738,2021-03-20
564,1616284800000,0.021777890686805343,2781271547.902509,2021-03-21
565,1616371200000,0.021862372453366263,2727148967.498774,2021-03-22
566,1616457600000,0.021051815172789715,2697967611.947948,2021-03-23
567,1616544000000,0.021769880690625614,2843311850.061665,2021-03-24
568,1616630400000,0.021849470700079567,2941719369.56113,2021-03-25
569,1616716800000,0.02187935626855089,2949260187.403892,2021-03-26
570,1616803200000,0.02180170125818779,3012887383.291236,2021-03-27
571,1616889600000,0.021801729000422536,2560440187.7333283,2021-03-28
572,1616976000000,0.021817986792118514,2674347432.219578,2021-03-29
573,1617062400000,0.021891546310233462,2728496827.7817764,2021-03-30
574,1617148800000,0.021831228303554426,2794041662.866569,2021-03-31
575,1617235200000,0.02183022972314575,2776642990.6147733,2021-04-01
576,1617321600000,0.02179934764715929,2847407021.690994,2021-04-02
577,1617408000000,0.02181409851178159,2843346212.78924,2021-04-03
578,1617494400000,0.021837021275463202,2859709800.059655,2021-04-04
579,1617580800000,0.021845915471221986,2924103850.043136,2021-04-05
580,1617667200000,0.021838588835344973,2936569127.709557,2021-04-06
581,1617753600000,0.021858942383856543,3019909042.2671285,2021-04-07
582,1617840000000,0.021909280352870514,3039726400.9501295,2021-04-08
583,1617926400000,0.02185695695975116,3094565115.665472,2021-04-09
584,1618012800000,0.02187165290196333,3147768948.278559,2021-04-10
585,1618099200000,0.021903511392387224,3138770920.8559575,2021-04-11
586,1618185600000,0.021933037862334612,3199893600.819588,2021-04-12
587,1618272000000,0.02189412716822489,3367749168.6540337,2021-04-13
588,1618358400000,0.022651843584862046,3478059900.4407525,2021-04-14
589,1618444800000,0.02191343651055578,4088538175.793309,2021-04-15
590,1618531200000,0.021926513323266304,4045517210.107228,2021-04-16
591,1618617600000,0.021916731633897544,4081149037.8466496,2021-04-17
592,1618704000000,0.02191958524776776,4056054230.2888107,2021-04-18
593,1618790400000,0.022006481989793134,3477130473.4487767,2021-04-19
594,1618876800000,0.022026962559501363,3726373401.742191,2021-04-20
595,1618963200000,0.021920978695605074,3664098707.2038856,2021-04-21
596,1619049600000,0.021881400553060454,4466505225.635447,2021-04-22
597,1619136000000,0.022003271133692073,4508933759.786299,2021-04-23
598,1619222400000,0.02191722786926243,4451723245.693644,2021-04-24
599,1619308800000,0.02200356695924321,4461104961.860827,2021-04-25
600,1619395200000,0.02194217099715828,4490718614.680069,2021-04-26
601,1619481600000,0.021919486860904364,4443476841.894365,2021-04-27
602,1619568000000,0.02187224979664657,4418583201.542343,2021-04-28
603,1619654400000,0.021948381660374272,4479054150.384233,2021-04-29
604,1619740800000,0.02193629619439728,4456498726.307562,2021-04-30
605,1619827200000,0.022000970048851643,4430009152.185061,2021-05-01
606,1619913600000,0.02193329339974577,4465194295.147543,2021-05-02
607,1620000000000,0.021957716496573437,4463053259.020646,2021-05-03
608,1620086400000,0.02193746914896988,4516102411.359691,2021-05-04
609,1620172800000,0.021785296283707206,4552082036.740541,2021-05-05
610,1620259200000,0.021981160669972334,4298684768.5943775,2021-05-06
611,1620345600000,0.02199289746584195,4266741546.3286138,2021-05-07
612,1620432000000,0.022043820584956485,4402606278.931297,2021-05-08
613,1620518400000,0.02194958845731601,4398745461.065106,2021-05-09
614,1620604800000,0.02191216226967151,4458634429.744691,2021-05-10
615,1620691200000,0.021957762116434604,4452387899.15444,2021-05-11
616,1620777600000,0.022040177558686643,4607898955.99621,2021-05-12
617,1620864000000,0.02218189788793989,4265139880.079874,2021-05-13
618,1620950400000,0.022132861355115198,4394267865.090015,2021-05-14
619,1621036800000,0.022029471575041308,4009175860.221314,2021-05-15
620,1621123200000,0.022023926984354247,4006789853.909757,2021-05-16
621,1621209600000,0.022159075712201038,3953180674.8143964,2021-05-17
622,1621296000000,0.022213417815434646,3983424745.182698,2021-05-18
623,1621382400000,0.022117149402565966,4066128772.31706,2021-05-19
624,1621468800000,0.021596177687581822,3783270817.5458655,2021-05-20
625,1621555200000,0.021829320872287998,3889753693.198392,2021-05-21
626,1621641600000,0.021975893969198582,3672607699.291709,2021-05-22
627,1621728000000,0.022014273780368396,3262150626.1221733,2021-05-23
628,1621814400000,0.022116894063979656,3142757126.226803,2021-05-24
629,1621900800000,0.02199521412268401,3228868326.490929,2021-05-25
630,1621987200000,0.02233409783686392,3282052837.3851614,2021-05-26
631,1622073600000,0.02207656708815309,3299264179.5342116,2021-05-27
632,1622160000000,0.02202331725396574,3324257571.8997216,2021-05-28
633,1622246400000,0.022155244678239608,3493275251.991328,2021-05-29
634,1622332800000,0.02183526837233055,2319612271.014519,2021-05-30
635,1622419200000,0.022037260659081508,3113326459.553099,2021-05-31
636,1622505600000,0.022033973257057287,3145876289.984798,2021-06-01
637,1622592000000,0.021994602212773308,3148949557.6276402,2021-06-02
638,1622678400000,0.02204047745518601,3138492720.779072,2021-06-03
639,1622764800000,0.022087409067984433,3217188947.483613,2021-06-04
640,1622851200000,0.02226429480185457,3211636620.9949613,2021-06-05
641,1622937600000,0.02209939018147622,3146361713.5854287,2021-06-06
642,1623024000000,0.022201995664420097,3189276356.2049584,2021-06-07
643,1623110400000,0.021989479852119614,3583898150.1352596,2021-06-08
644,1623196800000,0.02200328043544976,3552817518.158462,2021-06-09
645,1623283200000,0.022101179711658838,3031922741.690603,2021-06-10
646,1623369600000,0.02202416032503601,3056945035.5804214,2021-06-11
647,1623456000000,0.022054655319058224,3003425667.5658326,2021-06-12
648,1623542400000,0.022121885928012546,3047038088.8094964,2021-06-13
649,1623628800000,0.022070035256716816,3105157224.1335254,2021-06-14
650,1623715200000,0.02211560378121641,3150732311.71668,2021-06-15
651,1623801600000,0.022135622057815635,3170084104.8248944,2021-06-16
652,1623888000000,0.022018778543020808,3263610155.278308,2021-06-17
653,1623974400000,0.022192297629468026,3352711906.4411077,2021-06-18
654,1624060800000,0.02203422401502233,3328512513.5486293,2021-06-19
655,1624147200000,0.022132701898027924,3306538028.3027625,2021-06-20
656,1624233600000,0.022152999735867457,3341504944.194063,2021-06-21
657,1624320000000,0.022066411037389756,2926803682.2699633,2021-06-22
658,1624406400000,0.022102832410197865,2899553181.3628736,2021-06-23
659,1624492800000,0.022132441625260433,2928790845.5359516,2021-06-24
660,1624579200000,0.022049239500146433,3538605612.1233387,2021-06-25
661,1624665600000,0.0221034041618098,3552512184.2244377,2021-06-26
662,1624752000000,0.02214763823847142,3567440786.053698,2021-06-27
663,1624838400000,0.022162764801988373,3568810026.0956855,2021-06-28
664,1624924800000,0.02211706486932543,3577666861.4089713,2021-06-29
665,1625011200000,0.02191057712871819,2190751259.1034594,2021-06-30
666,1625097600000,0.022137728003198312,2440338317.321478,2021-07-01
667,1625184000000,0.022194037812049882,2533105905.244332,2021-07-02
668,1625270400000,0.022160313712943427,2671613507.0403485,2021-07-03
669,1625356800000,0.022148995159327767,2702543241.2784395,2021-07-04
670,1625443200000,0.022129856384150107,2804824652.2746716,2021-07-05
671,1625529600000,0.02212980079842743,3113800062.772178,2021-07-06
672,1625616000000,0.0221464889635094,3153762048.168186,2021-07-07
673,1625702400000,0.022066087051178473,3184656831.219521,2021-07-08
674,1625788800000,0.022121193242591895,3210012365.6330843,2021-07-09
675,1625875200000,0.022128452980037364,4101408575.2871284,2021-07-10
676,1625961600000,0.02211908110364209,4329771803.138228,2021-07-11
677,1626048000000,0.022096933273435104,4328079433.187551,2021-07-12
678,1626134400000,0.022148296952958474,4294715804.4248166,2021-07-13
679,1626220800000,0.02215672808849453,4307993461.763213,2021-07-14
680,1626307200000,0.022117105872788635,4471383434.459731,2021-07-15
681,1626393600000,0.022182852502906997,4506455212.548929,2021-07-16
682,1626480000000,0.02211178376896925,4580156222.454306,2021-07-17
683,1626566400000,0.02211895900566167,4682880502.0674305,2021-07-18
684,1626652800000,0.022200721347513917,4734541221.512894,2021-07-19
685,1626739200000,0.022107751104690137,4802491975.316187,2021-07-20
686,1626825600000,0.022140295125939288,4893300661.61388,2021-07-21
687,1626912000000,0.022260414058426575,4930637221.615732,2021-07-22
688,1626998400000,0.022146681787119128,4941287392.514466,2021-07-23
689,1627084800000,0.022044584663749225,4954046958.41503,2021-07-24
690,1627171200000,0.022310998858441476,5010550026.668799,2021-07-25
691,1627257600000,0.022135754342931347,4976989254.838694,2021-07-26
692,1627344000000,0.02190094204532149,4855929835.790577,2021-07-27
693,1627430400000,0.022100326978056424,4895546048.437761,2021-07-28
694,1627516800000,0.0220960255735835,4945779646.4813795,2021-07-29
695,1627603200000,0.022056635280187274,4973707935.07086,2021-07-30
696,1627689600000,0.02218476929480677,5032050418.42505,2021-07-31
697,1627776000000,0.022108590192148343,5009351997.634624,2021-08-01
698,1627862400000,0.02210948339704938,4948640868.654497,2021-08-02
699,1627948800000,0.022182063794789653,5031701700.012216,2021-08-03
700,1628035200000,0.02215522438051474,4953689967.152776,2021-08-04
701,1628121600000,0.022066434306161505,4940043070.225581,2021-08-05
702,1628208000000,0.022120458790817036,5023840839.157232,2021-08-06
703,1628294400000,0.022118364572367426,5045955766.86896,2021-08-07
704,1628380800000,0.02211616271917826,5094402843.38415,2021-08-08
705,1628467200000,0.022209409909272865,5102226666.343892,2021-08-09
706,1628553600000,0.022072499677303677,5137739177.066107,2021-08-10
707,1628640000000,0.02204681426117881,5119798123.396473,2021-08-11
708,1628726400000,0.022118756005312486,5050361736.972316,2021-08-12
709,1628812800000,0.022109902664959855,5041031301.035214,2021-08-13
710,1628899200000,0.02214423312898678,4956901587.607184,2021-08-14
711,1628985600000,0.022133961041498857,4944176046.145543,2021-08-15
712,1629072000000,0.02209334306639239,4980232362.176077,2021-08-16
713,1629158400000,0.022087519482161037,5016479332.350809,2021-08-17
714,1629244800000,0.022144742050432042,5023751934.144534,2021-08-18
715,1629331200000,0.022148872199057125,4972077393.107094,2021-08-19
716,1629417600000,0.02213153689848693,4837268568.489569,2021-08-20
717,1629504000000,0.022179980296381116,4799649636.794773,2021-08-21
718,1629590400000,0.02211598177010112,4794264918.0666,2021-08-22
719,1629676800000,0.022089924612927678,4748233680.386622,2021-08-23
720,1629763200000,0.022179419094441218,4748945904.777225,2021-08-24
721,1629849600000,0.02230021477832461,4738526443.268789,2021-08-25
722,1629936000000,0.02215109489430664,4775316278.639985,2021-08-26
723,1630022400000,0.022128925218265257,4726391308.531106,2021-08-27
724,1630108800000,0.022132586513511517,4728907839.234602,2021-08-28
725,1630195200000,0.02218982138424008,4726320161.5989275,2021-08-29
726,1630281600000,0.022163404827349093,4733515005.225097,2021-08-30
727,1630368000000,0.02218296733567016,4737170235.045474,2021-08-31
728,1630454400000,0.02216227890488635,4798301786.504897,2021-09-01
729,1630540800000,0.02207249977390429,4762668609.294482,2021-09-02
730,1630627200000,0.02213013966842485,5004845179.334827,2021-09-03
731,1630713600000,0.02217097138550519,5076724513.562327,2021-09-04
732,1630800000000,0.022159968438456298,5153064706.579845,2021-09-05
733,1630886400000,0.022126722739161355,5134103932.345324,2021-09-06
734,1630972800000,0.022160994215634416,5183841219.869702,2021-09-07
735,1631059200000,0.022254576243100985,5190076278.43942,2021-09-08
736,1631145600000,0.022159139511084384,5182464524.683394,2021-09-09
737,1631232000000,0.0222851845215783,5162475008.488525,2021-09-10
738,1631318400000,0.022142538599286138,5135450704.856939,2021-09-11
739,1631404800000,0.022213202759958816,5142887873.135163,2021-09-12
740,1631491200000,0.022155056710647762,5074339411.83069,2021-09-13
741,1631577600000,0.022217876589502743,5014204541.734337,2021-09-14
742,1631664000000,0.022208447790359995,4501377349.846985,2021-09-15
743,1631750400000,0.022221308194140383,4480793745.759711,2021-09-16
744,1631836800000,0.02221540774019474,4486117245.931188,2021-09-17
745,1631923200000,0.022268897935714328,4498665001.51074,2021-09-18
746,1632009600000,0.02227623389480183,4503848354.111314,2021-09-19
747,1632096000000,0.02226035327879214,4497281872.151235,2021-09-20
748,1632182400000,0.02214237725721064,4410998041.879197,2021-09-21
749,1632268800000,0.022103508033330093,4470703471.271972,2021-09-22
750,1632355200000,0.022198571912344846,4490069781.382631,2021-09-23
751,1632441600000,0.02225908215199364,4543593259.846725,2021-09-24
752,1632528000000,0.02225371338655819,4528067696.109967,2021-09-25
753,1632614400000,0.02225840294084282,4506439225.4272375,2021-09-26
754,1632700800000,0.02224489065081787,4515489745.501901,2021-09-27
755,1632787200000,0.022079842043573557,4453729469.92474,2021-09-28
756,1632873600000,0.02205430153713015,4548360819.774889,2021-09-29
757,1632960000000,0.022280620982381275,4541090691.710222,2021-09-30
758,1633046400000,0.022250322851725426,2936068878.0927052,2021-10-01
759,1633132800000,0.022261933758845276,2892292097.6862726,2021-10-02
760,1633219200000,0.022240124084961652,2955589097.6790085,2021-10-03
761,1633305600000,0.022258214397279992,2920068708.308791,2021-10-04
762,1633392000000,0.022261887745274662,2889154384.423566,2021-10-05
763,1633478400000,0.02223568153124495,2800098855.5059285,2021-10-06
764,1633564800000,0.02229121435339366,2743364315.553577,2021-10-07
765,1633651200000,0.022283600340916112,2732398574.9230084,2021-10-08
766,1633737600000,0.022285247325137248,2718482423.6415815,2021-10-09
767,1633824000000,0.022288356420699373,2778355058.4988937,2021-10-10
768,1633910400000,0.022265346046090227,2792265786.3860393,2021-10-11
769,1633996800000,0.02241818346719347,2842525678.256795,2021-10-12
770,1634083200000,0.02228867879108897,2970946846.139502,2021-10-13
771,1634169600000,0.02232227943884927,3985442576.0430245,2021-10-14
772,1634256000000,0.022297982146081148,3921684378.835159,2021-10-15
773,1634342400000,0.02233376438291201,3849173899.42873,2021-10-16
774,1634428800000,0.02229480698868805,3769092000.141697,2021-10-17
775,1634515200000,0.02234286597092345,3767039732.5340433,2021-10-18
776,1634601600000,0.022262366669891342,3779997131.165296,2021-10-19
777,1634688000000,0.02224136373366047,3753835660.47068,2021-10-20
778,1634774400000,0.022316255098919876,3698128763.3562,2021-10-21
779,1634860800000,0.02233390337783447,3580134427.9999714,2021-10-22
780,1634947200000,0.02238424318625685,3631645347.8062277,2021-10-23
781,1635033600000,0.022403372901165078,3679342614.882132,2021-10-24
782,1635120000000,0.02240715817641104,3702052350.8990245,2021-10-25
783,1635206400000,0.022384781635760048,3715438277.1284423,2021-10-26
784,1635292800000,0.022377585887916003,3703656624.1177564,2021-10-27
785,1635379200000,0.022266420418641644,3709207533.855784,2021-10-28
786,1635465600000,0.022354815418948664,3697392304.2894588,2021-10-29
787,1635552000000,0.022336831028511632,3694194829.421279,2021-10-30
788,1635638400000,0.02234529975028605,3740814660.8595986,2021-10-31
789,1635724800000,0.022284650745930053,3725366687.5043344,2021-11-01
790,1635811200000,0.022318556802812403,3769309356.62084,2021-11-02
791,1635897600000,0.02240230160275918,3841661025.3876286,2021-11-03
792,1635984000000,0.02231646340128997,3748276754.943679,2021-11-04
793,1636070400000,0.022459641868053586,3724364832.3450575,2021-11-05
794,1636156800000,0.022367104809116696,3758249862.5479507,2021-11-06
795,1636243200000,0.022414724422003297,3741103469.710724,2021-11-07
796,1636329600000,0.022319646892622003,3754749495.010078,2021-11-08
797,1636416000000,0.022334938015826797,3736832608.021026,2021-11-09
798,1636502400000,0.022394241362119992,3731986059.351559,2021-11-10
799,1636588800000,0.022428247818620132,3665307769.63817,2021-11-11
800,1636675200000,0.022395935242551967,3635343335.8179665,2021-11-12
801,1636761600000,0.022482756175996356,3569528395.939385,2021-11-13
802,1636848000000,0.02241205021531375,3574058930.962697,2021-11-14
803,1636934400000,0.02250451325641587,3539767341.782517,2021-11-15
804,1637020800000,0.022432804525204988,3593873271.3661013,2021-11-16
805,1637107200000,0.022458424457814565,3622123964.631001,2021-11-17
806,1637193600000,0.022446195476421613,3421054885.473191,2021-11-18
807,1637280000000,0.022361911514026975,3544529407.4814634,2021-11-19
808,1637366400000,0.022462094078056168,3617134949.380463,2021-11-20
809,1637452800000,0.02253443590141348,3822959918.2238555,2021-11-21
810,1637539200000,0.02244133114707614,3865691712.284931,2021-11-22
811,1637625600000,0.022380253957046434,3797882072.4192142,2021-11-23
812,1637712000000,0.02236753103247315,3742057559.5540223,2021-11-24
813,1637798400000,0.02237104264054446,3849910620.3269405,2021-11-25
814,1637884800000,0.02228391473952474,3857542972.9685025,2021-11-26
815,1637971200000,0.022400409911104067,4025463339.5469117,2021-11-27
816,1638057600000,0.022340509609670826,4020919830.023296,2021-11-28
817,1638144000000,0.02237861719635928,3978543882.7853107,2021-11-29
818,1638230400000,0.022326098254517375,3813531138.089831,2021-11-30
819,1638316800000,0.02231760630480867,3765174693.3218637,2021-12-01
820,1638403200000,0.022408747746440305,3768987518.822243,2021-12-02
821,1638489600000,0.02237815409775566,3826031844.766316,2021-12-03
822,1638576000000,0.02244044417686397,3838137905.5066624,2021-12-04
823,1638662400000,0.022367014858570518,3701423135.8243136,2021-12-05
824,1638748800000,0.02240730278134352,3699267718.393509,2021-12-06
825,1638835200000,0.022416595237350453,3754415521.5730333,2021-12-07
826,1638921600000,0.022393136017532463,3762179342.238595,2021-12-08
827,1639008000000,0.022375116157342206,3814869959.834606,2021-12-09
828,1639094400000,0.02241151308567563,3869540975.159418,2021-12-10
829,1639180800000,0.022407352395461565,3824939032.489892,2021-12-11
830,1639267200000,0.02225906476402459,3760010720.1485233,2021-12-12
831,1639353600000,0.022388678295057366,3810383069.064366,2021-12-13
832,1639440000000,0.022381013801587718,3747933128.720395,2021-12-14
833,1639526400000,0.022374862176790952,3701219822.6248474,2021-12-15
834,1639612800000,0.02236971417613416,3703319693.7399945,2021-12-16
835,1639699200000,0.02242629295219237,3658381627.35191,2021-12-17
836,1639785600000,0.022385810414699267,3663297034.7045374,2021-12-18
837,1639872000000,0.022434333644447014,3612885692.695761,2021-12-19
838,1639958400000,0.02238230014827773,3543610807.1812177,2021-12-20
839,1640044800000,0.022500680652687528,3566242849.4538035,2021-12-21
840,1640131200000,0.022412598808407392,3565558872.3372126,2021-12-22
841,1640217600000,0.02248963125545999,3472458728.1736665,2021-12-23
842,1640304000000,0.022527736020272308,3448448350.821265,2021-12-24
843,1640390400000,0.022437986165768663,3470765232.8374195,2021-12-25
844,1640476800000,0.022402528009783918,3329249955.765304,2021-12-26
845,1640563200000,0.02243757703490614,3289136821.326212,2021-12-27
846,1640649600000,0.022409076853970193,3230797366.4732504,2021-12-28
847,1640736000000,0.022428909307427206,3234398678.7460155,2021-12-29
848,1640822400000,0.022525629199990217,3205584155.703333,2021-12-30
849,1640908800000,0.02250744682571666,3130324339.30516,2021-12-31
850,1640995200000,0.013478977570500364,2904012348.020299,2022-01-01
851,1641081600000,0.022540929530959194,2838987863.8426957,2022-01-02
852,1641168000000,0.022463456697509165,2977574986.5792212,2022-01-03
853,1641254400000,0.022462984359742647,2962322146.3687057,2022-01-04
854,1641340800000,0.022471603269210508,2941229008.6379094,2022-01-05
855,1641427200000,0.0224674535436767,2861993449.956353,2022-01-06
856,1641513600000,0.022423932213644145,2851118341.703855,2022-01-07
857,1641600000000,0.022536533624582914,3028616164.139493,2022-01-08
858,1641686400000,0.022453242152616605,2993177632.4134808,2022-01-09
859,1641772800000,0.022248723726848184,2949353680.730107,2022-01-10
860,1641859200000,0.02244971086884582,2890985871.274064,2022-01-11
861,1641945600000,0.02243560452664566,2885199052.01978,2022-01-12
862,1642032000000,0.022514895887075937,2874198244.4991755,2022-01-13
863,1642118400000,0.0224509314113345,2914376180.5065126,2022-01-14
864,1642204800000,0.022428222670641238,2894838729.747372,2022-01-15
865,1642291200000,0.022476528853496464,2920071690.999344,2022-01-16
866,1642377600000,0.022429194681781037,2933319904.9733825,2022-01-17
867,1642464000000,0.022509772529789737,2978136503.9223256,2022-01-18
868,1642550400000,0.022453104502475892,2977735587.589014,2022-01-19
869,1642636800000,0.022444779563041906,3010302591.4946685,2022-01-20
870,1642723200000,0.022559021308719913,3004291092.898662,2022-01-21
871,1642809600000,0.02248745317856155,2781586844.671268,2022-01-22
872,1642896000000,0.022579113160214933,2398548833.81982,2022-01-23
873,1642982400000,0.02255131935657928,2382522481.5918527,2022-01-24
874,1643068800000,0.022473192669531256,2327198972.983836,2022-01-25
875,1643155200000,0.022597743374264186,2390728057.560648,2022-01-26
876,1643241600000,0.02253641029921637,2366706543.0295076,2022-01-27
877,1643328000000,0.022544781328133194,2417192825.1199036,2022-01-28
878,1643414400000,0.022503997374462945,2200436127.4845395,2022-01-29
879,1643500800000,0.022528381800267002,2229852072.8887963,2022-01-30
880,1643587200000,0.022524572722414607,2227491779.637353,2022-01-31
881,1643673600000,0.02251232281619027,2302648872.3744307,2022-02-01
882,1643760000000,0.022503246369050812,2104688652.804932,2022-02-02
883,1643846400000,0.02252332252952947,2283687023.976637,2022-02-03
884,1643932800000,0.022477576625120583,2504176715.003525,2022-02-04
885,1644019200000,0.02247369260048446,2514000983.7537293,2022-02-05
886,1644105600000,0.02243934129029975,2531124708.793823,2022-02-06
887,1644192000000,0.022481282214035222,2528294783.080086,2022-02-07
888,1644278400000,0.022482460573058517,2589764250.8341866,2022-02-08
889,1644364800000,0.022506066790387757,2597496885.2257605,2022-02-09
890,1644451200000,0.02252368455943548,2553615492.034338,2022-02-10
891,1644537600000,0.022525916157112146,2700355461.1465983,2022-02-11
892,1644624000000,0.022490301366961164,2697450767.2604194,2022-02-12
893,1644710400000,0.022530130142412494,2788298827.4044094,2022-02-13
894,1644796800000,0.022517972497090602,2769643926.155604,2022-02-14
895,1644883200000,0.0225045757484058,2769820229.8618174,2022-02-15
896,1644969600000,0.02247537791357581,2639098424.76063,2022-02-16
897,1645056000000,0.02244468713006678,2634059220.9438076,2022-02-17
898,1645142400000,0.022503049797996878,2635132456.189191,2022-02-18
899,1645228800000,0.022513721297321206,2605099496.968678,2022-02-19
900,1645315200000,0.02257654762205197,2604857119.244272,2022-02-20
901,1645401600000,0.022534886651336475,2565526686.9461617,2022-02-21
902,1645488000000,0.022496512235915204,2569116532.420838,2022-02-22
903,1645574400000,0.022447775614431755,2532887334.6290402,2022-02-23
904,1645660800000,0.02250776890926996,2509706515.138214,2022-02-24
905,1645747200000,0.022529685858686036,2700648913.4324036,2022-02-25
906,1645833600000,0.022493605125903166,2831299998.6056175,2022-02-26
907,1645920000000,0.02250839574946233,2832146626.32751,2022-02-27
908,1646006400000,0.02245935793473846,2820429688.5099945,2022-02-28
909,1646092800000,0.02256502145769299,2807856788.792026,2022-03-01
910,1646179200000,0.022492463147960277,2789786361.899129,2022-03-02
911,1646265600000,0.02255116347961364,2800084335.126209,2022-03-03
912,1646352000000,0.022499209672000933,2785644083.8525705,2022-03-04
913,1646438400000,0.02255900985301261,2582648261.3723583,2022-03-05
914,1646524800000,0.022521989215865026,2597576885.3266687,2022-03-06
915,1646611200000,0.02248508928574041,2594725231.6623135,2022-03-07
916,1646697600000,0.02251397804548827,2592226259.251433,2022-03-08
917,1646784000000,0.02250902281011255,2579876583.4754014,2022-03-09
918,1646870400000,0.022540719098961222,2579993952.4279094,2022-03-10
919,1646956800000,0.02253376423406981,2581265131.5753617,2022-03-11
920,1647043200000,0.02253588776843535,2573607547.296194,2022-03-12
921,1647129600000,0.022538254225007995,2572261957.0689816,2022-03-13
922,1647216000000,0.022724398890032433,2592541018.189684,2022-03-14
923,1647302400000,0.0225789148449563,2504887443.6402373,2022-03-15
924,1647388800000,0.022511126467634087,2470150611.0459905,2022-03-16
925,1647475200000,0.02251135313546354,2452180888.1352634,2022-03-17
926,1647561600000,0.022524493151290747,2467433641.2632527,2022-03-18
927,1647648000000,0.022522307259811903,2486107322.9349785,2022-03-19
928,1647734400000,0.022516156528713475,2463095492.5971994,2022-03-20
929,1647820800000,0.022529558996692872,2535221127.926409,2022-03-21
930,1647907200000,0.022532151700834002,2526496873.250979,2022-03-22
931,1647993600000,0.022521755417613927,2529117098.8926015,2022-03-23
932,1648080000000,0.02252146933417052,2515832982.3880157,2022-03-24
933,1648166400000,0.02251019288613699,2510443079.6782446,2022-03-25
934,1648252800000,0.02254073995635176,2456978422.8104954,2022-03-26
935,1648339200000,0.02252838038134966,2457567442.8119917,2022-03-27
936,1648425600000,0.022557038041424227,2450091820.4194436,2022-03-28
937,1648512000000,0.02257871086826234,2265754148.2772017,2022-03-29
938,1648598400000,0.022556494347259266,1965366178.7224731,2022-03-30
939,1648684800000,0.022714296068035895,1907552713.0007474,2022-03-31
940,1648771200000,0.022682047661338352,1903168406.689708,2022-04-01
941,1648857600000,0.0227089152477984,1869606614.0378592,2022-04-02
942,1648944000000,0.022633551265146563,1848863150.9135876,2022-04-03
943,1649030400000,0.022597332438304012,1858933671.628914,2022-04-04
944,1649116800000,0.022547802935254668,1852211853.2678652,2022-04-05
945,1649203200000,0.02255976311716789,1922148130.5172377,2022-04-06
946,1649289600000,0.022395489886692547,1927149844.614214,2022-04-07
947,1649376000000,0.022487128317627225,1887373739.2959218,2022-04-08
948,1649462400000,0.022532255492639933,2016234238.7252073,2022-04-09
949,1649548800000,0.02249986373487612,2000413602.6376684,2022-04-10
950,1649635200000,0.022491916067933774,1993125324.2703424,2022-04-11
951,1649721600000,0.02248679700530322,1992501999.360218,2022-04-12
952,1649808000000,0.022443721519387266,1968169894.356719,2022-04-13
953,1649894400000,0.022576363083515467,1905276943.1418173,2022-04-14
954,1649980800000,0.022558123427396132,1924710576.5809512,2022-04-15
955,1650067200000,0.0225672357029875,1932971079.138335,2022-04-16
956,1650153600000,0.02254629046800242,1930497944.5906823,2022-04-17
957,1650240000000,0.02253879238442482,1935849963.1331918,2022-04-18
958,1650326400000,0.02253089118169381,1920872216.247161,2022-04-19
959,1650412800000,0.022586298480490617,1921722204.9840775,2022-04-20
960,1650499200000,0.022558176174412446,1939944241.0968924,2022-04-21
961,1650585600000,0.022571055175962928,1947131149.114261,2022-04-22
962,1650672000000,0.022574961297169634,1960122141.7455516,2022-04-23
963,1650758400000,0.022598610177699912,1964528770.4515715,2022-04-24
964,1650844800000,0.022606725992072838,1965761364.3058503,2022-04-25
965,1650931200000,0.022558316020850996,2007968066.4638276,2022-04-26
966,1651017600000,0.022523621007764,1971661537.7063105,2022-04-27
967,1651104000000,0.02254885646819589,1963117987.9722033,2022-04-28
968,1651190400000,0.0225905330598477,1540952802.5725904,2022-04-29
969,1651276800000,0.022531214477020715,1530567157.167461,2022-04-30
970,1651363200000,0.022474384856443742,1533173704.2368894,2022-05-01
971,1651449600000,0.022540491815926694,1533268194.5382705,2022-05-02
972,1651536000000,0.022553196757712776,1528435119.2663991,2022-05-03
973,1651622400000,0.0225789070154669,1524019657.1470094,2022-05-04
974,1651708800000,0.022602808490666242,1526702415.370916,2022-05-05
975,1651795200000,0.022595125396791652,1509570834.2254167,2022-05-06
976,1651881600000,0.022537665669830596,1504473245.4126465,2022-05-07
977,1651968000000,0.022654062265713742,1526710519.066913,2022-05-08
978,1652054400000,0.022557899303269003,1475445671.6250975,2022-05-09
979,1652140800000,0.022585537153127087,1408736549.451387,2022-05-10
980,1652227200000,0.022809859140736095,1436073105.7440066,2022-05-11
981,1652313600000,0.022663744385637792,1468055167.8993866,2022-05-12
982,1652400000000,0.02268129737897025,1232256491.6553483,2022-05-13
983,1652486400000,0.02261724427386798,1310066132.937888,2022-05-14
984,1652572800000,0.02273001815354328,1147701690.5811462,2022-05-15
985,1652659200000,0.02270523005308397,1142811163.7452135,2022-05-16
986,1652745600000,0.02265381013395384,1156448148.280513,2022-05-17
987,1652832000000,0.022740958655282913,1084825837.693669,2022-05-18
988,1652918400000,0.02265840057784968,1073363747.4598573,2022-05-19
989,1653004800000,0.02263947049870829,1114713401.064385,2022-05-20
990,1653091200000,0.022649577676368108,1115137145.092119,2022-05-21
991,1653177600000,0.022687727263636978,1114270570.3031366,2022-05-22
992,1653264000000,0.02270623851821478,1110564557.6841383,2022-05-23
993,1653350400000,0.022609740868293295,1119556840.9205894,2022-05-24
994,1653436800000,0.02264567206274879,1121356893.7090774,2022-05-25
995,1653523200000,0.02261398909333815,1108634883.2406723,2022-05-26
996,1653609600000,0.022641843656987147,1095933542.667569,2022-05-27
997,1653696000000,0.022592373492147662,1176600596.3321838,2022-05-28
998,1653782400000,0.022653400669594415,1168991127.0869775,2022-05-29
999,1653868800000,0.02268090783852113,1181276611.9410162,2022-05-30
1000,1653955200000,0.022656096286420114,1177043466.3167005,2022-05-31
1001,1654041600000,0.022625367086339904,1172888220.729822,2022-06-01
1002,1654128000000,0.02270351507937823,1189745852.4705415,2022-06-02
1003,1654214400000,0.022649791249454487,1176654184.706838,2022-06-03
1004,1654300800000,0.02261865729356818,1179942734.7725637,2022-06-04
1005,1654387200000,0.022613382668218763,1179103776.8087392,2022-06-05
1006,1654473600000,0.022684944048307395,1176340662.0581522,2022-06-06
1007,1654560000000,0.022667549909456793,1166953177.9132226,2022-06-07
1008,1654646400000,0.022767657700061287,1122284563.6308186,2022-06-08
1009,1654732800000,0.022631895959037897,1142189281.400793,2022-06-09
1010,1654819200000,0.02264102982652116,1148019637.9958138,2022-06-10
1011,1654905600000,0.02264385455212575,1157659858.064184,2022-06-11
1012,1654992000000,0.022626313012117764,1156416293.2704444,2022-06-12
1013,1655078400000,0.02264868244330365,1154014729.9084928,2022-06-13
1014,1655164800000,0.022690392319320525,996367998.6124032,2022-06-14
1015,1655251200000,0.022643786425074273,942839279.0054159,2022-06-15
1016,1655337600000,0.02273194051799391,878571640.9705892,2022-06-16
1017,1655424000000,0.022639244605672702,870715196.8324355,2022-06-17
1018,1655510400000,0.022664742864681453,893497410.5962495,2022-06-18
1019,1655596800000,0.02264681413763503,896286131.779871,2022-06-19
1020,1655683200000,0.02259556837450858,890930798.5332692,2022-06-20
1021,1655769600000,0.022675801994713116,890266451.8665496,2022-06-21
1022,1655856000000,0.02264292651836511,885130323.557881,2022-06-22
1023,1655942400000,0.022622502639801357,844444873.8636147,2022-06-23
1024,1656028800000,0.0226722389408708,885796611.8244724,2022-06-24
1025,1656115200000,0.022672743073284762,892091068.0267087,2022-06-25
1026,1656201600000,0.02267353637284371,802558727.8903601,2022-06-26
1027,1656288000000,0.02259227584862661,808756045.3327404,2022-06-27
1028,1656374400000,0.02262868325251946,779209381.1005039,2022-06-28
1029,1656460800000,0.02264132314717289,778367403.630331,2022-06-29
1030,1656547200000,0.022624365479729017,844510568.639232,2022-06-30
1031,1656633600000,0.022678827738390982,876211695.6224409,2022-07-01
1032,1656720000000,0.022666741752231535,838082748.6464949,2022-07-02
1033,1656806400000,0.0226383289155798,821934307.9758921,2022-07-03
1034,1656892800000,0.022649365623881555,817410092.4636613,2022-07-04
1035,1656979200000,0.022681377484527657,859796406.7215213,2022-07-05
1036,1657065600000,0.022647995907222107,911653167.4337904,2022-07-06
1037,1657152000000,0.022703473604097014,912351780.581222,2022-07-07
1038,1657238400000,0.022660211222109098,904385397.2049171,2022-07-08
1039,1657324800000,0.022665605800151624,905629781.9056847,2022-07-09
1040,1657411200000,0.02261067316006685,915328707.0477602,2022-07-10
1041,1657497600000,0.022664459520984614,918178900.6018373,2022-07-11
1042,1657584000000,0.022658421601012186,907676549.1179096,2022-07-12
1043,1657670400000,0.022645139122527774,920059629.3900381,2022-07-13
1044,1657756800000,0.022634584483325386,928609951.0257963,2022-07-14
1045,1657843200000,0.02266254861136071,930448013.5182705,2022-07-15
1046,1657929600000,0.022628230105732266,932659190.5536492,2022-07-16
1047,1658016000000,0.02260047921577069,937037840.1928461,2022-07-17
1048,1658102400000,0.022612894451225392,942072648.4596868,2022-07-18
1049,1658188800000,0.022688434032048864,990033652.9165475,2022-07-19
1050,1658275200000,0.02266362457540582,982817516.898308,2022-07-20
1051,1658361600000,0.02264219198816306,999790971.9732397,2022-07-21
1052,1658448000000,0.022642648114098576,1002253584.392314,2022-07-22
1053,1658534400000,0.022651837347889826,1008779098.4353099,2022-07-23
1054,1658620800000,0.022644625693441292,1011989886.0553348,2022-07-24
1055,1658707200000,0.022786969164442932,1021624626.6302711,2022-07-25
1056,1658793600000,0.022624222568328092,1011412809.7718011,2022-07-26
1057,1658880000000,0.02260663888374681,1015442109.9007797,2022-07-27
1058,1658966400000,0.022605169355458928,1024785995.1911114,2022-07-28
1059,1659052800000,0.022643605985983098,1027753261.9327122,2022-07-29
1060,1659139200000,0.022618039712287256,1027623564.749334,2022-07-30
1061,1659225600000,0.022657610229747445,1033943928.9477865,2022-07-31
1062,1659312000000,0.022578915707289468,1030660232.0275848,2022-08-01
1063,1659398400000,0.022650557997288694,1026371621.0299155,2022-08-02
1064,1659484800000,0.02264460352589543,1018888958.8522314,2022-08-03
1065,1659571200000,0.02270957939472808,1007845183.4703923,2022-08-04
1066,1659657600000,0.02263370734404504,1010221903.77728,2022-08-05
1067,1659744000000,0.022620728793439168,1035592408.6218822,2022-08-06
1068,1659830400000,0.022622062517226135,1045141273.6585263,2022-08-07
1069,1659916800000,0.022641903022087184,1049932732.1977086,2022-08-08
1070,1660003200000,0.022651561419817293,1063354173.8157961,2022-08-09
1071,1660089600000,0.022665622961076857,1058752270.7977122,2022-08-10
1072,1660176000000,0.022693675562192324,1045570453.2290461,2022-08-11
1073,1660262400000,0.022763860658156873,1035952479.7790055,2022-08-12
1074,1660348800000,0.02264970190972656,1025848991.7062738,2022-08-13
1075,1660435200000,0.02266564932631365,1004686350.3996521,2022-08-14
1076,1660521600000,0.022648612233221625,1013599787.0646906,2022-08-15
1077,1660608000000,0.022670800253215457,1010191791.8506962,2022-08-16
1078,1660694400000,0.02265253687473076,1018504545.9047198,2022-08-17
1079,1660780800000,0.022649701383545842,1018272000.2586777,2022-08-18
1080,1660867200000,0.022620004044956937,1014930560.5804209,2022-08-19
1081,1660953600000,0.022649722709374504,1010947975.270266,2022-08-20
1082,1661040000000,0.022639965362591233,1007228992.3977408,2022-08-21
1083,1661126400000,0.022686087464136265,1006968411.2359891,2022-08-22
1084,1661212800000,0.0226639952826855,1004878279.4653611,2022-08-23
1085,1661299200000,0.022624341835759253,997365738.5741614,2022-08-24
1086,1661385600000,0.02269211370005409,996458535.5741161,2022-08-25
1087,1661472000000,0.022660758657237583,987506644.5518872,2022-08-26
1088,1661558400000,0.022677314167502623,994852426.2729007,2022-08-27
1089,1661644800000,0.022661389835912316,985969365.0438366,2022-08-28
1090,1661731200000,0.02264863182918411,996942581.5100602,2022-08-29
1091,1661817600000,0.02264731133341781,1023112141.7966366,2022-08-30
1092,1661904000000,0.022678312605897418,1021058987.4678277,2022-08-31
1093,1661990400000,0.02268311079848899,1002560936.5106779,2022-09-01
1094,1662076800000,0.022648492550576303,999603329.8437351,2022-09-02
1095,1662163200000,0.022598512078251094,950636551.0633626,2022-09-03
1096,1662249600000,0.022656518712056605,956026484.5906968,2022-09-04
1097,1662336000000,0.022632743681320223,954878767.6483874,2022-09-05
1098,1662422400000,0.02263641962283427,959622073.4838029,2022-09-06
1099,1662508800000,0.02264257235182042,957928362.8873031,2022-09-07
1100,1662595200000,0.022646982584223124,994344525.437951,2022-09-08
1101,1662681600000,0.022653927664992583,1000337001.2648575,2022-09-09
1102,1662768000000,0.02265955225037195,1034291774.8445203,2022-09-10
1103,1662854400000,0.022625920713958955,1012386223.3991388,2022-09-11
1104,1662940800000,0.022666328758567156,1015560961.0024956,2022-09-12
1105,1663027200000,0.022678143677357432,965116690.940064,2022-09-13
1106,1663113600000,0.022653655607464677,899505729.552157,2022-09-14
1107,1663200000000,0.022637310183658242,996468876.4930236,2022-09-15
1108,1663286400000,0.022664714711719203,870066597.1114801,2022-09-16
1109,1663372800000,0.022652902971336458,888924541.0860804,2022-09-17
1110,1663459200000,0.02267482092138662,891815654.8909093,2022-09-18
1111,1663545600000,0.022616252657207132,870777077.5575116,2022-09-19
1112,1663632000000,0.02263673638721951,879286747.7985564,2022-09-20
1113,1663718400000,0.02264014615876368,893010078.5306821,2022-09-21
1114,1663804800000,0.022680771614783234,928783235.2750939,2022-09-22
1115,1663891200000,0.022666907020894612,924189542.7989802,2022-09-23
1116,1663977600000,0.02269051321610302,939435840.9717706,2022-09-24
1117,1664064000000,0.022666521427471865,945008010.6176709,2022-09-25
1118,1664150400000,0.022692409341654608,920942422.283069,2022-09-26
1119,1664236800000,0.022624405061769513,943040870.0762554,2022-09-27
1120,1664323200000,0.022631669442812398,953591923.7708173,2022-09-28
1121,1664409600000,0.02268451390776971,946202083.7221831,2022-09-29
1122,1664496000000,0.0226617813646943,944514349.3849841,2022-09-30
1123,1664582400000,0.02267330403759334,954020650.487643,2022-10-01
1124,1664668800000,0.022637236681270267,956669179.5772969,2022-10-02
1125,1664755200000,0.022673135041803325,944723807.8186325,2022-10-03
1126,1664841600000,0.022673927275588673,955489068.624384,2022-10-04
1127,1664928000000,0.022653585407024387,950641074.9995568,2022-10-05
1128,1665014400000,0.02263144467341365,966998920.6554118,2022-10-06
1129,1665100800000,0.022656366625948145,971338918.3948585,2022-10-07
1130,1665187200000,0.022659431405614775,971419357.3833187,2022-10-08
1131,1665273600000,0.022656334954999004,966986428.6496451,2022-10-09
1132,1665360000000,0.02270098449461981,966880959.9459364,2022-10-10
1133,1665446400000,0.02269251919041455,962983572.8632559,2022-10-11
1134,1665532800000,0.022684725355055033,960276390.9284126,2022-10-12
1135,1665619200000,0.0226559954016389,953254388.0373684,2022-10-13
1136,1665705600000,0.0226635504427369,950891528.4824538,2022-10-14
1137,1665792000000,0.022661101134794963,951111123.1654569,2022-10-15
1138,1665878400000,0.022698175786656484,955934072.2466269,2022-10-16
1139,1665964800000,0.022639950296336565,947795796.1169275,2022-10-17
1140,1666051200000,0.02268302313498188,955978496.2517271,2022-10-18
1141,1666137600000,0.022666418667205174,957885194.7387228,2022-10-19
1142,1666224000000,0.022677796194489033,970591404.8650215,2022-10-20
1143,1666310400000,0.022655510268339826,967817564.8734294,2022-10-21
1144,1666396800000,0.02266703251318978,962442148.6933854,2022-10-22
1145,1666483200000,0.02269016297297335,951995835.1757292,2022-10-23
1146,1666569600000,0.022647575517880495,940190793.6855487,2022-10-24
1147,1666656000000,0.022671833476423552,938120991.2918714,2022-10-25
1148,1666742400000,0.022664402439618175,923154726.0631799,2022-10-26
1149,1666828800000,0.02267522494273805,935298886.5767628,2022-10-27
1150,1666915200000,0.022650175135320784,932666156.7911242,2022-10-28
1151,1667001600000,0.022665697347490524,932195420.3882223,2022-10-29
1152,1667088000000,0.022661103992332957,930749563.057472,2022-10-30
1153,1667174400000,0.022700139824148147,923683130.0182312,2022-10-31
1154,1667260800000,0.02267565812491091,861763390.9040866,2022-11-01
1155,1667347200000,0.022660253307054366,783960718.9290434,2022-11-02
1156,1667433600000,0.022658831428039556,781446280.659911,2022-11-03
1157,1667520000000,0.022686795991018024,778735887.4205532,2022-11-04
1158,1667606400000,0.022690389683958492,780902839.0035751,2022-11-05
1159,1667692800000,0.022710707359915056,783110204.3296679,2022-11-06
1160,1667779200000,0.02268584227662231,783748622.7598076,2022-11-07
1161,1667865600000,0.02263418603562408,788268757.8888954,2022-11-08
1162,1667952000000,0.022749312067100645,868831632.5169185,2022-11-09
1163,1668038400000,0.022754772685108622,929330561.254576,2022-11-10
1164,1668124800000,0.022800456827291902,854177768.6458262,2022-11-11
1165,1668211200000,0.022647811840578815,844146646.7739638,2022-11-12
1166,1668297600000,0.022727037383407988,834606766.4496721,2022-11-13
1167,1668384000000,0.02269850143647218,633364519.9544544,2022-11-14
1168,1668470400000,0.02269827347025986,673269756.3503511,2022-11-15
1169,1668556800000,0.02270683316732681,730100496.9939783,2022-11-16
1170,1668643200000,0.02258469250639577,717868691.4139405,2022-11-17
1171,1668729600000,0.022712046521661432,715915013.2706852,2022-11-18
1172,1668816000000,0.022722717079956437,717702592.8726902,2022-11-19
1173,1668902400000,0.022725658955565435,709892113.0035849,2022-11-20
