,Time,open,mktcap,Date
0,1612828800000,2.8736550402127516,47146036.60738146,2021-02-09
1,1612915200000,2.8736550402127516,47146036.60738146,2021-02-10
2,1613001600000,3.220045583072844,53000046.84447986,2021-02-11
3,1613088000000,3.035329057160203,49502501.21882677,2021-02-12
4,1613174400000,2.7700995872914924,46070550.638595216,2021-02-13
5,1613260800000,2.760080285501457,45411831.82130149,2021-02-14
6,1613347200000,3.2714745738455457,53583523.026817806,2021-02-15
7,1613433600000,4.042577903649229,67200677.44385721,2021-02-16
8,1613520000000,5.153460363254936,85195638.8217806,2021-02-17
9,1613606400000,6.161030737666308,101347278.1384557,2021-02-18
10,1613692800000,5.5659471899713235,90293529.53053343,2021-02-19
11,1613779200000,4.725265849742954,77654857.80406706,2021-02-20
12,1613865600000,5.749094691459475,93577175.60689543,2021-02-21
13,1613952000000,5.357469010272184,87831857.4311806,2021-02-22
14,1614038400000,4.6763181659769355,86059368.11428806,2021-02-23
15,1614124800000,4.008042795766073,73713940.83813551,2021-02-24
16,1614211200000,4.262027553054593,78470912.71489452,2021-02-25
17,1614297600000,3.5001349085598052,64434663.987206206,2021-02-26
18,1614384000000,3.273151834899486,59591684.552492306,2021-02-27
19,1614470400000,3.286113273244743,60472113.15379224,2021-02-28
20,1614556800000,3.1934182617536715,59336068.71999544,2021-03-01
21,1614643200000,4.080297991010927,76690090.8922716,2021-03-02
22,1614729600000,3.8354515443942736,71819202.99367043,2021-03-03
23,1614816000000,3.8959661158369525,72640533.0741056,2021-03-04
24,1614902400000,3.5113202358615285,65425368.71528917,2021-03-05
25,1614988800000,3.5512895623830225,66128215.75896171,2021-03-06
26,1615075200000,3.4917413858092368,66582031.19023905,2021-03-07
27,1615161600000,3.6685993883312116,68558988.64553748,2021-03-08
28,1615248000000,3.964768754322294,73952762.48842382,2021-03-09
29,1615334400000,4.394136646672941,82308935.89176498,2021-03-10
30,1615420800000,4.321059527334725,81788166.69952129,2021-03-11
31,1615507200000,4.467257846780094,83601518.5469916,2021-03-12
32,1615593600000,4.0851090120926825,76866925.5969148,2021-03-13
33,1615680000000,4.080060643120179,76804863.33339167,2021-03-14
34,1615766400000,3.997308057870504,74846652.02985822,2021-03-15
35,1615852800000,5.389947334641476,101493141.91700247,2021-03-16
36,1615939200000,4.919005305163477,92485006.68982655,2021-03-17
37,1616025600000,5.2253175388324,98678010.39267126,2021-03-18
38,1616112000000,5.624527948393695,105708849.67829339,2021-03-19
39,1616198400000,7.166470393858309,141189054.1583767,2021-03-20
40,1616284800000,7.67824082664669,148862572.0165811,2021-03-21
41,1616371200000,7.5385390467671005,146103584.20323378,2021-03-22
42,1616457600000,7.555808130902596,147722542.86941776,2021-03-23
43,1616544000000,8.154427451680604,157026424.6178072,2021-03-24
44,1616630400000,7.318246148804217,143105234.549847,2021-03-25
45,1616716800000,6.517239667224272,127098399.37353586,2021-03-26
46,1616803200000,7.313385438255432,141694185.64664814,2021-03-27
47,1616889600000,7.070602752239877,138351520.07190597,2021-03-28
48,1616976000000,6.722557093595643,131493363.87226734,2021-03-29
49,1617062400000,6.942818948111323,135260463.22126868,2021-03-30
50,1617148800000,6.859491311033432,133620243.89608237,2021-03-31
51,1617235200000,7.1431863313211785,139479548.1921416,2021-04-01
52,1617321600000,7.335866356944696,142944904.50597125,2021-04-02
53,1617408000000,7.813603775905273,152104755.6930254,2021-04-03
54,1617494400000,6.850428956806955,133678830.6065982,2021-04-04
55,1617580800000,7.062306037445325,137939301.65811715,2021-04-05
56,1617667200000,7.1431641147813485,139594009.16360655,2021-04-06
57,1617753600000,6.8215913009000415,133219409.99601193,2021-04-07
58,1617840000000,6.571811506317851,128566532.07374476,2021-04-08
59,1617926400000,6.492891027989054,127087308.1003186,2021-04-09
60,1618012800000,6.559528719547382,128558946.93772337,2021-04-10
61,1618099200000,7.060181420994158,137311133.44468,2021-04-11
62,1618185600000,7.730349308987612,151771049.2199231,2021-04-12
63,1618272000000,7.40317391045621,145106376.17974433,2021-04-13
64,1618358400000,7.661899033531603,149813188.8928261,2021-04-14
65,1618444800000,7.888600348139977,154829329.60581106,2021-04-15
66,1618531200000,7.392751753554602,144877812.1318973,2021-04-16
67,1618617600000,7.099941480623987,139996978.8967373,2021-04-17
68,1618704000000,7.082736494002801,139844904.7404807,2021-04-18
69,1618790400000,6.9123097209950926,136014753.60571334,2021-04-19
70,1618876800000,7.172322887457678,141446082.55119583,2021-04-20
71,1618963200000,8.243723357917588,161857152.89188606,2021-04-21
72,1619049600000,7.818880563206466,154499122.5960528,2021-04-22
73,1619136000000,7.010197811540573,139325255.72004208,2021-04-23
74,1619222400000,7.123598870642887,142078928.25488213,2021-04-24
75,1619308800000,6.9909813685336495,139950689.1698462,2021-04-25
76,1619395200000,6.57980809554815,130459810.698922,2021-04-26
77,1619481600000,7.143710080716618,142339986.71420676,2021-04-27
78,1619568000000,7.24746253888489,144755657.08413565,2021-04-28
79,1619654400000,7.229462138996934,144232836.0015944,2021-04-29
80,1619740800000,7.091571561646552,141907401.5635605,2021-04-30
81,1619827200000,7.42717546239955,148713507.4909995,2021-05-01
82,1619913600000,7.700628818357602,153939336.56219292,2021-05-02
83,1620000000000,7.044810279466353,140987913.66615745,2021-05-03
84,1620086400000,7.249679022071585,144291992.8182511,2021-05-04
85,1620172800000,6.512227245426352,131690772.1089892,2021-05-05
86,1620259200000,6.074610049154029,120760077.04699427,2021-05-06
87,1620345600000,5.382160098114197,107747141.93895917,2021-05-07
88,1620432000000,5.230441984357134,104395083.22619508,2021-05-08
89,1620518400000,5.129017910918552,102437540.13800795,2021-05-09
90,1620604800000,5.06154088529877,101269235.96987744,2021-05-10
91,1620691200000,4.789417123147152,171311599.24614492,2021-05-11
92,1620777600000,4.902015924137285,174688508.63003898,2021-05-12
93,1620864000000,4.673044621224763,168275930.85220647,2021-05-13
94,1620950400000,4.527336631623072,160646776.3606173,2021-05-14
95,1621036800000,4.971749318137156,177301947.80310643,2021-05-15
96,1621123200000,4.695153360817234,167903673.7656349,2021-05-16
97,1621209600000,4.76457936256411,169410699.47063285,2021-05-17
98,1621296000000,4.698132439089595,167482984.5032916,2021-05-18
99,1621382400000,4.774775376376773,169951759.9924285,2021-05-19
100,1621468800000,3.920270666219592,141016070.27786073,2021-05-20
101,1621555200000,3.9981167717963664,142530406.16941297,2021-05-21
102,1621641600000,3.380149650790428,120144280.87805378,2021-05-22
103,1621728000000,3.137522812925258,113021476.66276234,2021-05-23
104,1621814400000,2.626950483023664,93312415.98866056,2021-05-24
105,1621900800000,3.3054135911451152,117128552.95181082,2021-05-25
106,1621987200000,3.224834388059552,115252937.93565103,2021-05-26
107,1622073600000,3.518627750326771,125273577.65839183,2021-05-27
108,1622160000000,3.4600922931107867,122399410.0457705,2021-05-28
109,1622246400000,3.0009843289925837,106339783.68646458,2021-05-29
110,1622332800000,2.8620786140106094,102715528.81347759,2021-05-30
111,1622419200000,3.1392248722587537,111655828.61679721,2021-05-31
112,1622505600000,3.257487586968984,115186785.14483427,2021-06-01
113,1622592000000,3.3051162748488077,117460758.40590633,2021-06-02
114,1622678400000,2.939812068967392,109922239.51003687,2021-06-03
115,1622764800000,2.982838560583422,106766394.68917453,2021-06-04
116,1622851200000,2.8055419082519872,99714319.10882275,2021-06-05
117,1622937600000,2.7144666661843293,97107225.63621052,2021-06-06
118,1623024000000,2.94430457822632,105004572.2350903,2021-06-07
119,1623110400000,2.869235141088676,103314940.85767154,2021-06-08
120,1623196800000,2.919074559052699,103740665.27974336,2021-06-09
121,1623283200000,3.070236199669077,110013758.8325158,2021-06-10
122,1623369600000,2.724543170855297,98447717.70537366,2021-06-11
123,1623456000000,2.5861009529058556,92184734.40135095,2021-06-12
124,1623542400000,2.5608925508270435,91236546.11631675,2021-06-13
125,1623628800000,2.662238336174043,94604634.7341498,2021-06-14
126,1623715200000,2.791289919049913,99310168.04921769,2021-06-15
127,1623801600000,2.957321622000101,105290900.2731412,2021-06-16
128,1623888000000,2.9723522339204878,105595963.83979584,2021-06-17
129,1623974400000,2.9705294023761155,106077212.66948153,2021-06-18
130,1624060800000,2.8012532413185913,99557423.55836694,2021-06-19
131,1624147200000,2.6760992644924775,95057950.63440959,2021-06-20
132,1624233600000,2.74896936645248,97755401.30530494,2021-06-21
133,1624320000000,2.1364173170521275,76707247.52258438,2021-06-22
134,1624406400000,1.9328168487551465,68060857.33871365,2021-06-23
135,1624492800000,2.154452825175244,76259482.055677,2021-06-24
136,1624579200000,2.2594003191450125,80341905.67192437,2021-06-25
137,1624665600000,2.107361128256636,74807876.625027,2021-06-26
138,1624752000000,2.084786872932958,74274927.94199985,2021-06-27
139,1624838400000,2.172502029278776,76852532.39234419,2021-06-28
140,1624924800000,2.103477411275078,74513518.56658891,2021-06-29
141,1625011200000,2.181623156616219,77561092.29144028,2021-06-30
142,1625097600000,2.1119675813614154,74970342.1995116,2021-07-01
143,1625184000000,1.9778872423600473,70139663.2224786,2021-07-02
144,1625270400000,1.9157608685830017,67927187.06705256,2021-07-03
145,1625356800000,1.9974581997251848,71004800.12570922,2021-07-04
146,1625443200000,2.0064462697317347,71325671.58706738,2021-07-05
147,1625529600000,1.9838589026706552,70432946.15407139,2021-07-06
148,1625616000000,2.0387365728928684,72357745.82754616,2021-07-07
149,1625702400000,1.9830886938071262,70394920.94670694,2021-07-08
150,1625788800000,1.8846910396690584,66946511.23079887,2021-07-09
151,1625875200000,1.839066199631509,65351822.46298934,2021-07-10
152,1625961600000,1.8048573062460342,64065957.62304621,2021-07-11
153,1626048000000,1.7509986272282771,62192874.69519336,2021-07-12
154,1626134400000,1.615614041393052,57308240.79876343,2021-07-13
155,1626220800000,1.5091356254800568,53509301.64680435,2021-07-14
156,1626307200000,1.4935401075230763,52945322.07881666,2021-07-15
157,1626393600000,1.5109716340821089,53689073.19287699,2021-07-16
158,1626480000000,1.46288916083952,51882265.228896655,2021-07-17
159,1626566400000,1.4640252408516932,51954193.233442135,2021-07-18
160,1626652800000,1.4915986661231926,52859687.07628326,2021-07-19
161,1626739200000,1.4630808763984464,51910298.12284429,2021-07-20
162,1626825600000,1.3248138901890825,47048968.859791175,2021-07-21
163,1626912000000,1.2840570824363104,45277041.4331122,2021-07-22
164,1626998400000,1.2792156706238031,45318899.023930125,2021-07-23
165,1627084800000,1.3362692987645066,47334538.92317453,2021-07-24
166,1627171200000,1.4424832850078757,51158558.27250788,2021-07-25
167,1627257600000,1.6362920756472388,57992694.074338436,2021-07-26
168,1627344000000,1.682619159321737,59797494.21080523,2021-07-27
169,1627430400000,1.692464672821476,59981608.0705152,2021-07-28
170,1627516800000,1.8957917200222414,67241523.0763166,2021-07-29
171,1627603200000,2.049985064669252,72877434.55858381,2021-07-30
172,1627689600000,1.9985840446213494,70894853.86275472,2021-07-31
173,1627776000000,2.216218849728469,78618941.51504399,2021-08-01
174,1627862400000,2.2655330238203386,80287266.17457211,2021-08-02
175,1627948800000,2.259903509230717,80195507.64528409,2021-08-03
176,1628035200000,2.1371532567434723,75805408.72321889,2021-08-04
177,1628121600000,2.2202990206151174,79033302.61852637,2021-08-05
178,1628208000000,1.9834433683645925,70353749.0350723,2021-08-06
179,1628294400000,2.0387485447354043,72233040.0460574,2021-08-07
180,1628380800000,1.9076710239241192,67446046.49167968,2021-08-08
181,1628467200000,1.7924996624679845,63576991.77596544,2021-08-09
182,1628553600000,1.855843049701885,66254075.99244202,2021-08-10
183,1628640000000,1.7760745317920679,62905470.599643275,2021-08-11
184,1628726400000,1.9719140412118925,97827549.12336853,2021-08-12
185,1628812800000,2.0570928076778436,102215233.32201014,2021-08-13
186,1628899200000,2.15232558257389,106676455.40427208,2021-08-14
187,1628985600000,2.173766844014611,107757400.79619572,2021-08-15
188,1629072000000,2.1751133499616766,107789657.4029318,2021-08-16
189,1629158400000,2.139191228099706,106767196.77145746,2021-08-17
190,1629244800000,1.9918266167886736,99011617.41839646,2021-08-18
191,1629331200000,1.9944009165899996,98929171.79408315,2021-08-19
192,1629417600000,2.0090971861687765,98824190.76183128,2021-08-20
193,1629504000000,2.174488213359422,107786771.35037051,2021-08-21
194,1629590400000,2.3841831700484577,118105943.47549932,2021-08-22
195,1629676800000,2.2351540141941904,110766914.1282305,2021-08-23
196,1629763200000,2.3739654965958863,117502024.2001733,2021-08-24
197,1629849600000,2.3093176665315847,114574126.72550042,2021-08-25
198,1629936000000,2.493459603632442,123700763.99658822,2021-08-26
199,1630022400000,2.29516103264169,114016560.99314018,2021-08-27
200,1630108800000,2.3392738426370396,115891623.53957078,2021-08-28
201,1630195200000,2.343100282380484,116087210.15210173,2021-08-29
202,1630281600000,2.465840947637289,122402433.07258794,2021-08-30
203,1630368000000,2.418074320508404,119618408.63553551,2021-08-31
204,1630454400000,2.4563678480342928,121813810.62884443,2021-09-01
205,1630540800000,2.464748454771083,122132321.76757017,2021-09-02
206,1630627200000,2.777706192677123,137868744.26790902,2021-09-03
207,1630713600000,2.8780671054921707,142662526.49918082,2021-09-04
208,1630800000000,2.646156804934658,131207291.88819806,2021-09-05
209,1630886400000,2.5950981892193092,128640534.37852,2021-09-06
210,1630972800000,2.484120081563348,123019399.75897773,2021-09-07
211,1631059200000,2.332903303825507,115488732.7426657,2021-09-08
212,1631145600000,2.527068186666708,126994417.93670647,2021-09-09
213,1631232000000,2.7519218368795775,138171202.11266708,2021-09-10
214,1631318400000,2.359319387617294,118351491.29326701,2021-09-11
215,1631404800000,2.367909456756409,118703701.70826949,2021-09-12
216,1631491200000,2.3253087899003093,116980330.46619251,2021-09-13
217,1631577600000,2.248969607173768,112995369.07313208,2021-09-14
218,1631664000000,2.2575852221792787,113266571.10874265,2021-09-15
219,1631750400000,2.3571177979004703,118464298.26612191,2021-09-16
220,1631836800000,2.428749837699342,121501010.13110751,2021-09-17
221,1631923200000,2.4016953722095575,121107136.62381284,2021-09-18
222,1632009600000,2.3720653888843812,118933689.50378542,2021-09-19
223,1632096000000,2.3963213299321295,120279472.97807665,2021-09-20
224,1632182400000,2.1586596287990227,108314089.37334068,2021-09-21
225,1632268800000,2.0649912053097403,103647690.56987073,2021-09-22
226,1632355200000,2.3141577486063336,116110941.54133758,2021-09-23
227,1632441600000,2.5944052247545435,130198411.03177927,2021-09-24
228,1632528000000,2.458664159114831,123805006.15617903,2021-09-25
229,1632614400000,2.5031564662487757,125786002.17372182,2021-09-26
230,1632700800000,2.4302041775927563,121779624.12835471,2021-09-27
231,1632787200000,2.4919470124082883,127006580.94952008,2021-09-28
232,1632873600000,2.5525293396460835,130289265.589423,2021-09-29
233,1632960000000,2.9204206490147726,149446606.4862155,2021-09-30
234,1633046400000,3.069729918982071,156743892.5998571,2021-10-01
235,1633132800000,3.4881133964861557,177725286.5028254,2021-10-02
236,1633219200000,3.6307969652399903,184724391.9857201,2021-10-03
237,1633305600000,3.483558142589518,177986670.49824965,2021-10-04
238,1633392000000,3.2474244288105036,165724967.08283317,2021-10-05
239,1633478400000,3.278991444723443,167905470.04221547,2021-10-06
240,1633564800000,3.113909396505562,159008452.18305013,2021-10-07
241,1633651200000,2.9635415797575004,151435777.86605662,2021-10-08
242,1633737600000,3.0041244582963005,155508943.134541,2021-10-09
243,1633824000000,3.2248583544564666,166482987.9712288,2021-10-10
244,1633910400000,3.0013357052132155,154925660.25874668,2021-10-11
245,1633996800000,2.9781659312121294,153462414.262651,2021-10-12
246,1634083200000,2.9428497622877408,152048807.23807317,2021-10-13
247,1634169600000,2.8186744039418814,146269932.88685688,2021-10-14
248,1634256000000,2.903464849843175,149916835.46082458,2021-10-15
249,1634342400000,2.700360467536144,139820375.27026197,2021-10-16
250,1634428800000,2.8002118932874107,144795323.9552739,2021-10-17
251,1634515200000,2.825775152951944,146100641.75807005,2021-10-18
252,1634601600000,2.8326476275055876,146317285.56672594,2021-10-19
253,1634688000000,2.832403367045464,145914430.07765108,2021-10-20
254,1634774400000,2.826388292542668,146577990.6271172,2021-10-21
255,1634860800000,2.7947170221965254,144727019.71602437,2021-10-22
256,1634947200000,2.8251758360406765,145624396.83130208,2021-10-23
257,1635033600000,2.7860384247961423,144602298.15358466,2021-10-24
258,1635120000000,2.825532483988995,146021983.67856705,2021-10-25
259,1635206400000,2.9205520060203547,150891610.91200995,2021-10-26
260,1635292800000,2.785378006732039,143921013.9470183,2021-10-27
261,1635379200000,2.5358027264884173,131050321.50319855,2021-10-28
262,1635465600000,2.5511242626261375,131423071.88926359,2021-10-29
263,1635552000000,2.5544582279242745,131555283.60277842,2021-10-30
264,1635638400000,2.411231163367212,124581562.76392642,2021-10-31
265,1635724800000,2.5208131699908254,130430544.10765734,2021-11-01
266,1635811200000,2.625618151901573,134817819.6419915,2021-11-02
267,1635897600000,2.597094615142374,133201934.78521162,2021-11-03
268,1635984000000,2.5822014364339463,133415118.05651997,2021-11-04
269,1636070400000,2.6397641966263827,133780202.46712568,2021-11-05
270,1636156800000,2.5921748200991135,133911388.04354014,2021-11-06
271,1636243200000,2.892162030875992,195949053.77624854,2021-11-07
272,1636329600000,2.9780633992671897,199979973.52131343,2021-11-08
273,1636416000000,3.1605726497344726,216343214.33441252,2021-11-09
274,1636502400000,3.570295866938382,243080121.17244038,2021-11-10
275,1636588800000,3.6442751066816514,246504599.05611756,2021-11-11
276,1636675200000,3.812958011033208,256661727.7617104,2021-11-12
277,1636761600000,3.77339622331941,255062736.2168358,2021-11-13
278,1636848000000,3.8296885326963386,259216347.65218207,2021-11-14
279,1636934400000,4.040732337296738,273591998.988253,2021-11-15
280,1637020800000,4.10417364600024,278122185.62132585,2021-11-16
281,1637107200000,4.013377650442926,271471285.6802002,2021-11-17
282,1637193600000,4.475183071742445,300149221.2631617,2021-11-18
283,1637280000000,4.167121934572992,277172782.51456803,2021-11-19
284,1637366400000,4.7212284130051465,287466861.17538184,2021-11-20
285,1637452800000,4.612999986344343,281170291.66516644,2021-11-21
286,1637539200000,5.326839912833887,323154736.0786241,2021-11-22
287,1637625600000,5.2054053324730045,352475770.4789567,2021-11-23
288,1637712000000,4.995764778606855,336503740.7080941,2021-11-24
289,1637798400000,5.109159746230354,345591458.00570285,2021-11-25
290,1637884800000,5.422939759631112,367097634.85745513,2021-11-26
291,1637971200000,4.20528098512144,282527901.96330684,2021-11-27
292,1638057600000,5.2287596960649125,352960500.5984901,2021-11-28
293,1638144000000,5.005688935160904,339771818.0590886,2021-11-29
294,1638230400000,5.17003284007287,350094750.6534818,2021-11-30
295,1638316800000,5.358884608576984,362622961.0523657,2021-12-01
296,1638403200000,5.692539892366597,384841604.29132587,2021-12-02
297,1638489600000,5.937782946350001,401781183.56675506,2021-12-03
298,1638576000000,5.795201331734133,394194436.7238734,2021-12-04
299,1638662400000,5.8454438299352445,396310263.57232225,2021-12-05
300,1638748800000,6.022708574891443,406971858.80929375,2021-12-06
301,1638835200000,5.887068647727755,401162836.08403516,2021-12-07
302,1638921600000,5.863872425632328,400096548.4812476,2021-12-08
303,1639008000000,6.211629626319296,424270349.4370766,2021-12-09
304,1639094400000,5.645387745333777,383083831.25044745,2021-12-10
305,1639180800000,5.127872317756937,351224076.75918585,2021-12-11
306,1639267200000,4.86884684553423,332383968.99500644,2021-12-12
307,1639353600000,5.22954286138192,356598246.7775654,2021-12-13
308,1639440000000,4.752967182589706,324676796.78849703,2021-12-14
309,1639526400000,4.808128379738845,328176510.8677103,2021-12-15
310,1639612800000,4.929843465171972,335911446.6850139,2021-12-16
311,1639699200000,4.96062843724919,338803912.5898678,2021-12-17
312,1639785600000,4.790118201214683,327780350.58414036,2021-12-18
313,1639872000000,4.964831940274186,339178071.3169078,2021-12-19
314,1639958400000,4.717530603101357,321071623.6550656,2021-12-20
315,1640044800000,4.608866208192397,316501397.37556523,2021-12-21
316,1640131200000,4.928878444367783,337022394.5591627,2021-12-22
317,1640217600000,4.771715558488093,325754089.72959286,2021-12-23
318,1640304000000,4.87735444139009,333047661.0569398,2021-12-24
319,1640390400000,4.865777923829928,331863453.64725655,2021-12-25
320,1640476800000,4.695459970267554,319554325.6414477,2021-12-26
321,1640563200000,4.705040349757369,319619547.99133015,2021-12-27
322,1640649600000,4.752673211281629,323071878.70631164,2021-12-28
323,1640736000000,4.390488679727954,299599206.1037346,2021-12-29
324,1640822400000,4.173833908604854,284867195.921096,2021-12-30
325,1640908800000,4.415462379516236,300867210.16235095,2021-12-31
326,1640995200000,4.245016102130871,289872429.8237833,2022-01-01
327,1641081600000,4.64645817610776,317346441.46049756,2022-01-02
328,1641168000000,4.437512470438409,303766416.88781744,2022-01-03
329,1641254400000,4.60394865534952,314651081.27636284,2022-01-04
330,1641340800000,4.982004436952958,334746417.25035775,2022-01-05
331,1641427200000,4.590666553799743,316871071.98197895,2022-01-06
332,1641513600000,4.5195207510795985,311985959.49113065,2022-01-07
333,1641600000000,4.509179654760641,310443787.38034046,2022-01-08
334,1641686400000,4.398118583117892,303921544.9763661,2022-01-09
335,1641772800000,4.446164086409925,306659875.7277957,2022-01-10
336,1641859200000,4.441839958221996,306067811.2454534,2022-01-11
337,1641945600000,4.668966234362224,321401136.2163653,2022-01-12
338,1642032000000,4.923249460050188,341011493.7468233,2022-01-13
339,1642118400000,4.6308254530200355,318869405.0181664,2022-01-14
340,1642204800000,4.639483979509977,319169217.9226769,2022-01-15
341,1642291200000,4.654705070822588,319875925.092193,2022-01-16
342,1642377600000,4.4699998694856,307847033.4710512,2022-01-17
343,1642464000000,4.1252162741078084,283897798.98374504,2022-01-18
344,1642550400000,3.751766957351563,258547240.32458693,2022-01-19
345,1642636800000,4.43546438183587,310960085.30494064,2022-01-20
346,1642723200000,3.8914995177819574,268892630.63421214,2022-01-21
347,1642809600000,3.508487871224105,241961291.28247836,2022-01-22
348,1642896000000,2.9545778461301473,203220954.32287627,2022-01-23
349,1642982400000,3.0707544254001675,210840804.8385539,2022-01-24
350,1643068800000,2.80800422123789,193001993.91106686,2022-01-25
351,1643155200000,2.857977554747506,196738364.9687471,2022-01-26
352,1643241600000,2.6957138556510714,185730915.12592885,2022-01-27
353,1643328000000,2.6153250183754255,180033397.18653652,2022-01-28
354,1643414400000,2.6054593718727563,179545918.33212245,2022-01-29
355,1643500800000,2.5547945410025723,175825500.589757,2022-01-30
356,1643587200000,2.522822246894446,173642908.49801135,2022-01-31
357,1643673600000,2.3381558043681387,161355327.9832378,2022-02-01
358,1643760000000,2.3339047557875525,160875758.85310277,2022-02-02
359,1643846400000,2.181952321167266,150730930.13807192,2022-02-03
360,1643932800000,2.144833905977521,147957311.00132823,2022-02-04
361,1644019200000,2.274358221794398,203900054.82415777,2022-02-05
362,1644105600000,2.36094308114349,209796375.10153687,2022-02-06
363,1644192000000,2.399516330561982,213679184.88715127,2022-02-07
364,1644278400000,2.3832523159020456,212072760.75138947,2022-02-08
365,1644364800000,2.209457135095388,198535395.82618728,2022-02-09
366,1644451200000,2.270555258492068,201764488.95318988,2022-02-10
367,1644537600000,2.208006711218881,195558730.72664326,2022-02-11
368,1644624000000,2.1019923098630593,187234443.86796728,2022-02-12
369,1644710400000,2.096539010690738,186325486.45610827,2022-02-13
370,1644796800000,2.2144417915496426,197078259.75574258,2022-02-14
371,1644883200000,2.1578880937410356,192197504.6314672,2022-02-15
372,1644969600000,2.2701145849256816,202254085.97479096,2022-02-16
373,1645056000000,2.4074548542880163,214657332.77024537,2022-02-17
374,1645142400000,2.2396712326501245,199215438.21368912,2022-02-18
375,1645228800000,2.1967476952104326,195674861.73691308,2022-02-19
376,1645315200000,2.1305836631070645,189333797.45277703,2022-02-20
377,1645401600000,2.1182070732904275,188479259.24719724,2022-02-21
378,1645488000000,2.043326919354213,182087995.3869059,2022-02-22
379,1645574400000,2.0803928488633527,185541363.7063382,2022-02-23
380,1645660800000,2.0570910475727504,183165897.5098139,2022-02-24
381,1645747200000,1.9677935085835643,175253495.4261322,2022-02-25
382,1645833600000,2.028976519292694,180296696.16702387,2022-02-26
383,1645920000000,2.1195231181661445,188412631.10768926,2022-02-27
384,1646006400000,2.0069504417769872,178534318.67366108,2022-02-28
385,1646092800000,2.1880741154857084,194403559.1666817,2022-03-01
386,1646179200000,2.272383184068194,202326271.23893222,2022-03-02
387,1646265600000,2.4348858422058335,215565050.36943835,2022-03-03
388,1646352000000,2.311091280965467,204809104.1681469,2022-03-04
389,1646438400000,2.1688076543766877,193069071.82590958,2022-03-05
390,1646524800000,2.238245940860256,198778752.1690714,2022-03-06
391,1646611200000,2.3227660188153787,209805941.98232704,2022-03-07
392,1646697600000,2.268484161004206,205140247.10731798,2022-03-08
393,1646784000000,2.282422675325519,207654988.3580758,2022-03-09
394,1646870400000,2.312217902436357,208963699.80402705,2022-03-10
395,1646956800000,2.124413878345043,191722120.67722958,2022-03-11
396,1647043200000,2.34428061939875,213189426.2451667,2022-03-12
397,1647129600000,2.2216632151663975,200319296.65161237,2022-03-13
398,1647216000000,2.176500074812355,196951826.734613,2022-03-14
399,1647302400000,2.228542816362383,200344861.35894218,2022-03-15
400,1647388800000,2.1886555546302695,197942086.83344924,2022-03-16
401,1647475200000,2.2128072109856443,197787402.48235422,2022-03-17
402,1647561600000,2.188216484925149,198123218.1617983,2022-03-18
403,1647648000000,2.183486543214545,197055159.57394695,2022-03-19
404,1647734400000,2.167233014595338,195450554.91327652,2022-03-20
405,1647820800000,2.1558783120718825,194627947.17597714,2022-03-21
406,1647907200000,2.147100538035977,193833144.75012773,2022-03-22
407,1647993600000,2.1757365528867907,196502307.40494636,2022-03-23
408,1648080000000,2.191499278278743,198109467.32251558,2022-03-24
409,1648166400000,2.295471055647603,207437782.1961182,2022-03-25
410,1648252800000,2.3131683871616247,208584503.54703522,2022-03-26
411,1648339200000,2.5469671366730195,230159935.2798404,2022-03-27
412,1648425600000,2.6390928844037234,238242874.6430826,2022-03-28
413,1648512000000,2.7300526246625267,246679568.02580604,2022-03-29
414,1648598400000,2.609638833331562,235070802.58068186,2022-03-30
415,1648684800000,2.694214675243868,243808102.57521942,2022-03-31
416,1648771200000,2.524381026257552,228311074.87056917,2022-04-01
417,1648857600000,2.676052906176062,242713589.53966612,2022-04-02
418,1648944000000,2.7601664255122733,249378541.6746361,2022-04-03
419,1649030400000,2.715647324314575,245415143.19825587,2022-04-04
420,1649116800000,2.7292606631899883,246506814.87900242,2022-04-05
421,1649203200000,2.7392737529159548,250791167.5142636,2022-04-06
422,1649289600000,2.575350303801736,235460994.25974518,2022-04-07
423,1649376000000,2.600442300812173,237680569.76128754,2022-04-08
424,1649462400000,2.504629942451795,229647371.1413914,2022-04-09
425,1649548800000,2.4862250868154234,227907578.44222176,2022-04-10
426,1649635200000,2.502808417974772,229509026.19244215,2022-04-11
427,1649721600000,2.3767245793839,218720915.20980555,2022-04-12
428,1649808000000,2.702791562280042,245784601.599062,2022-04-13
429,1649894400000,2.7692461741505148,253982085.9303056,2022-04-14
430,1649980800000,2.687976208659311,246316835.82663125,2022-04-15
431,1650067200000,2.771976628374576,254021089.80846357,2022-04-16
432,1650153600000,2.746370438458109,251709751.1488503,2022-04-17
433,1650240000000,2.7735845672254946,254379855.98699766,2022-04-18
434,1650326400000,2.6996755825431187,247531737.47915176,2022-04-19
435,1650412800000,2.7326889130534866,250131217.1927587,2022-04-20
436,1650499200000,2.8751689879926907,263675448.63031498,2022-04-21
437,1650585600000,2.7783556595001513,254588086.42168134,2022-04-22
438,1650672000000,2.698467961215745,247375460.91968724,2022-04-23
439,1650758400000,2.8117077826270247,258174857.06277525,2022-04-24
440,1650844800000,2.8119088434396233,258447796.0088999,2022-04-25
441,1650931200000,2.7696372170303514,254005852.65692326,2022-04-26
442,1651017600000,2.768081501281164,252823749.5501724,2022-04-27
443,1651104000000,2.8674138286826,262076931.8437689,2022-04-28
444,1651190400000,2.9708734109837573,272749226.8953327,2022-04-29
445,1651276800000,2.9752656097584347,272439381.5907572,2022-04-30
446,1651363200000,2.9842198726681555,273730337.0501826,2022-05-01
447,1651449600000,2.97799518423834,272758259.9797729,2022-05-02
448,1651536000000,3.1873177617909767,291970322.7988194,2022-05-03
449,1651622400000,3.2595662419615645,298648651.28182775,2022-05-04
450,1651708800000,3.5356891956511998,323944748.5580818,2022-05-05
451,1651795200000,3.288573411298799,309925101.23706174,2022-05-06
452,1651881600000,3.0814205112142545,290661565.3904455,2022-05-07
453,1651968000000,3.0203864036692902,285848455.8731425,2022-05-08
454,1652054400000,2.7645294056300136,260886964.4276977,2022-05-09
455,1652140800000,2.492573008544871,236644255.11627188,2022-05-10
456,1652227200000,2.607603588668963,246455020.67246523,2022-05-11
457,1652313600000,1.9603777239199884,185880965.8913711,2022-05-12
458,1652400000000,1.7344841157737911,164550102.83386198,2022-05-13
459,1652486400000,1.92233865034987,181628368.56084833,2022-05-14
460,1652572800000,2.047428044566221,193465555.3403813,2022-05-15
461,1652659200000,2.02662117680978,191474267.26058772,2022-05-16
462,1652745600000,1.947340812376195,183977400.40071636,2022-05-17
463,1652832000000,1.8452321507031757,174463856.7090624,2022-05-18
464,1652918400000,1.5826794312997141,149709378.79804668,2022-05-19
465,1653004800000,1.6506514964180563,155874087.48246515,2022-05-20
466,1653091200000,1.6850307927498325,159315197.92547685,2022-05-21
467,1653177600000,1.7912561243459963,169708342.80846238,2022-05-22
468,1653264000000,1.8643252911805839,176116448.16737685,2022-05-23
469,1653350400000,1.802242706244402,170782975.420935,2022-05-24
470,1653436800000,1.8203183042909772,171541559.38533142,2022-05-25
471,1653523200000,1.8952908776030717,178782075.85429707,2022-05-26
472,1653609600000,1.797290358307473,169545274.93549344,2022-05-27
473,1653696000000,1.8366529600219819,173446354.94230142,2022-05-28
474,1653782400000,1.8069733275070075,170763090.69797677,2022-05-29
475,1653868800000,1.8852609444636168,178134618.14546207,2022-05-30
476,1653955200000,2.1242182995655665,201403468.56799337,2022-05-31
477,1654041600000,2.11195564831452,199707870.31819847,2022-06-01
478,1654128000000,1.968280585131868,186348918.30146798,2022-06-02
479,1654214400000,2.0373400191318196,192710698.34755024,2022-06-03
480,1654300800000,1.983719057285663,187649983.49684536,2022-06-04
481,1654387200000,1.9737635114551157,189240011.43016854,2022-06-05
482,1654473600000,1.9936769438923354,191129322.2732633,2022-06-06
483,1654560000000,2.0035113067330936,191673493.8533003,2022-06-07
484,1654646400000,1.993148704450068,190840938.45841256,2022-06-08
485,1654732800000,1.9715462695951789,189074185.56452125,2022-06-09
486,1654819200000,1.9579366463890477,187799910.16527942,2022-06-10
487,1654905600000,1.8818446311907306,179740274.9922727,2022-06-11
488,1654992000000,1.7944493665203083,171905378.756232,2022-06-12
489,1655078400000,1.6977813430501876,163803622.78982756,2022-06-13
490,1655164800000,1.5107996177961336,144740060.58032632,2022-06-14
491,1655251200000,1.5631246311300961,149630779.93731937,2022-06-15
492,1655337600000,1.4662166709093016,140318674.65113866,2022-06-16
493,1655424000000,1.3748141416169073,131851379.94125953,2022-06-17
494,1655510400000,1.3709744464724838,131256398.7066868,2022-06-18
495,1655596800000,1.2465267854917728,119405236.0572524,2022-06-19
496,1655683200000,1.3281756135991207,127459056.45699064,2022-06-20
497,1655769600000,1.314988159586918,125421631.5724146,2022-06-21
498,1655856000000,1.3438120293148133,128893473.82122503,2022-06-22
499,1655942400000,1.2555964753151172,120362530.81432879,2022-06-23
500,1656028800000,1.3225530815504463,126506664.66018458,2022-06-24
501,1656115200000,1.3078425753405294,125150168.83598985,2022-06-25
502,1656201600000,1.3591436654594506,129672339.53488655,2022-06-26
503,1656288000000,1.345447951529883,129073769.32836945,2022-06-27
504,1656374400000,1.3469317731511337,129234071.75909247,2022-06-28
505,1656460800000,1.2934107873130452,124143547.86580893,2022-06-29
506,1656547200000,1.2887868455666387,123603960.3277534,2022-06-30
507,1656633600000,1.2299641880222587,118449746.88091062,2022-07-01
508,1656720000000,1.261455726022889,120447081.9332106,2022-07-02
509,1656806400000,1.2879783115287764,123313464.36118342,2022-07-03
510,1656892800000,1.2386328874909933,118460283.11903504,2022-07-04
511,1656979200000,1.2363498270854827,119152648.994884,2022-07-05
512,1657065600000,1.255126010317203,121388140.97245309,2022-07-06
513,1657152000000,1.332338363717531,129608622.66639146,2022-07-07
514,1657238400000,1.3595671584717395,131787511.05418776,2022-07-08
515,1657324800000,1.4268285058328165,138149553.05816808,2022-07-09
516,1657411200000,1.2978423682002969,126132107.49548315,2022-07-10
517,1657497600000,1.2866901027051418,125306478.21896599,2022-07-11
518,1657584000000,1.257775066425177,123107585.01365283,2022-07-12
519,1657670400000,1.2649699868116668,122433215.40452313,2022-07-13
520,1657756800000,1.32394172999253,128717635.76678127,2022-07-14
521,1657843200000,1.2924392265036733,125490044.68582286,2022-07-15
522,1657929600000,1.4010582392536177,136377056.6206509,2022-07-16
523,1658016000000,1.3726540937704292,133188851.94986889,2022-07-17
524,1658102400000,1.3852222216913617,134564581.9912854,2022-07-18
525,1658188800000,1.439101064872732,139376623.10827088,2022-07-19
526,1658275200000,1.5102942276612996,146803373.8793311,2022-07-20
527,1658361600000,1.5378816806898343,149372939.1955941,2022-07-21
528,1658448000000,1.5895216386284028,154925575.9810446,2022-07-22
529,1658534400000,1.6344873751193987,159076164.45186102,2022-07-23
530,1658620800000,1.530617605259286,148753698.452358,2022-07-24
531,1658707200000,1.478075654008957,144015058.11508772,2022-07-25
532,1658793600000,1.383847361534102,134349699.1122343,2022-07-26
533,1658880000000,1.3674364627463853,132458407.47085008,2022-07-27
534,1658966400000,1.4380514901965482,139848582.3190949,2022-07-28
535,1659052800000,1.4854138041745908,144552935.1975268,2022-07-29
536,1659139200000,1.4537118227313868,141540888.7809698,2022-07-30
537,1659225600000,1.4839127858831387,144241012.55565664,2022-07-31
538,1659312000000,1.4759658341436719,143396212.82525957,2022-08-01
539,1659398400000,1.4633065131173975,142450983.24220178,2022-08-02
540,1659484800000,1.4760822285503392,143303629.79080877,2022-08-03
541,1659571200000,1.4908341775142286,165530401.26955655,2022-08-04
542,1659657600000,1.5103227070147769,166471564.84183645,2022-08-05
543,1659744000000,1.5335758135274398,169698950.9286849,2022-08-06
544,1659830400000,1.5103731763244486,167277287.22743118,2022-08-07
545,1659916800000,1.5184926953224076,168398544.39953816,2022-08-08
546,1660003200000,1.9592910086672255,217627007.09731394,2022-08-09
547,1660089600000,2.0373951430208392,226743098.32026032,2022-08-10
548,1660176000000,2.035596828777595,225660795.32228458,2022-08-11
549,1660262400000,1.9416373098110045,215238423.4521164,2022-08-12
550,1660348800000,1.9429433010715667,215204037.84109285,2022-08-13
551,1660435200000,1.96091342669869,217629623.23729548,2022-08-14
552,1660521600000,1.940888480838151,215242936.23457024,2022-08-15
553,1660608000000,2.1316712232831176,235661537.7595289,2022-08-16
554,1660694400000,2.0741893261246975,230787667.13632244,2022-08-17
555,1660780800000,2.07387708905018,228466227.41794366,2022-08-18
556,1660867200000,2.0427468725083964,227563775.70200032,2022-08-19
557,1660953600000,1.845272481056778,204735172.17805433,2022-08-20
558,1661040000000,1.7206759943340768,192209074.2365854,2022-08-21
559,1661126400000,1.7410880517534648,193013354.0786253,2022-08-22
560,1661212800000,1.7051151717100812,188736733.36697137,2022-08-23
561,1661299200000,1.7346341489137174,192741230.65513146,2022-08-24
562,1661385600000,1.7225106255053046,190781199.64284438,2022-08-25
563,1661472000000,1.757674477337453,194801140.2365738,2022-08-26
564,1661558400000,1.734279054524634,191824307.59139192,2022-08-27
565,1661644800000,1.704317893031365,188767454.84453923,2022-08-28
566,1661731200000,1.7134873574535665,190283310.37109756,2022-08-29
567,1661817600000,1.7606332451674265,195788019.22293514,2022-08-30
568,1661904000000,1.7168464658311633,190076172.92171466,2022-08-31
569,1661990400000,1.7005569588195877,188518485.54208136,2022-09-01
570,1662076800000,1.6847250796321185,186458809.07647085,2022-09-02
571,1662163200000,1.7196125708617231,192558511.98851696,2022-09-03
572,1662249600000,1.7100603223146402,192088772.71708652,2022-09-04
573,1662336000000,1.7481704967108036,195480567.40476495,2022-09-05
574,1662422400000,1.7358385297337835,194364072.76217532,2022-09-06
575,1662508800000,1.7499256647333632,196607136.1265665,2022-09-07
576,1662595200000,1.7632690989083266,198056245.66333553,2022-09-08
577,1662681600000,1.7647646249637532,197849229.20154056,2022-09-09
578,1662768000000,1.8483792661340979,207799843.8735221,2022-09-10
579,1662854400000,1.7698357770230222,198191294.79005328,2022-09-11
580,1662940800000,1.747729243157454,196056475.52823216,2022-09-12
581,1663027200000,1.7072350956945186,191714967.53756613,2022-09-13
582,1663113600000,1.7014451969044493,191112224.517695,2022-09-14
583,1663200000000,1.7020886188569513,190892528.4317712,2022-09-15
584,1663286400000,1.694856303086513,190038327.810548,2022-09-16
585,1663372800000,1.650625644859779,185400330.86483735,2022-09-17
586,1663459200000,1.6518546579285982,185287446.9012681,2022-09-18
587,1663545600000,1.6056558878691969,180086530.94802245,2022-09-19
588,1663632000000,1.6070139059046533,180259718.92054248,2022-09-20
589,1663718400000,1.5929085330120076,178834578.0968719,2022-09-21
590,1663804800000,1.554040591958745,174164157.12054726,2022-09-22
591,1663891200000,1.562572970186685,175113078.70268968,2022-09-23
592,1663977600000,1.5577426017649456,174442155.02695334,2022-09-24
593,1664064000000,1.5120001539163355,169584402.84802645,2022-09-25
594,1664150400000,1.4410098068704216,162031410.2824825,2022-09-26
595,1664236800000,1.526496602001675,171237573.9302916,2022-09-27
596,1664323200000,1.4809017850592694,165951417.51720914,2022-09-28
597,1664409600000,1.4325520383341221,160723154.83592442,2022-09-29
598,1664496000000,1.401310693490877,157036709.50013962,2022-09-30
599,1664582400000,1.3893036344523455,155933031.07662922,2022-10-01
600,1664668800000,1.3985632766204021,156974358.67534453,2022-10-02
601,1664755200000,1.3864667671333952,157388325.19079578,2022-10-03
602,1664841600000,1.377059188412007,156382616.47131804,2022-10-04
603,1664928000000,1.4227165393221781,161339182.98362425,2022-10-05
604,1665014400000,1.3939456252940496,158272854.9013205,2022-10-06
605,1665100800000,1.370456681662111,155553612.4393418,2022-10-07
606,1665187200000,1.4069918291992483,159689613.35628846,2022-10-08
607,1665273600000,1.3390062147532913,151850002.720414,2022-10-09
608,1665360000000,1.3120522991253967,148692538.79102123,2022-10-10
609,1665446400000,1.3121579204676777,148931684.9352738,2022-10-11
610,1665532800000,1.3405691384930063,152160509.32476,2022-10-12
611,1665619200000,1.314813611802484,149255026.13533297,2022-10-13
612,1665705600000,1.2698634761972214,144363046.5211943,2022-10-14
613,1665792000000,1.316556216489999,149119118.65143296,2022-10-15
614,1665878400000,1.3504952950612144,153169620.69954354,2022-10-16
615,1665964800000,1.3511809473668739,153364744.16248432,2022-10-17
616,1666051200000,1.3589399624875496,154244679.3753098,2022-10-18
617,1666137600000,1.2771120211015161,144999298.79725936,2022-10-19
618,1666224000000,1.2478476030129948,141713854.2931639,2022-10-20
619,1666310400000,1.2774287818267374,145259694.08102864,2022-10-21
620,1666396800000,1.2587113396375085,142779863.61104518,2022-10-22
621,1666483200000,1.2476395330363244,141399821.71278927,2022-10-23
622,1666569600000,1.2594355833174384,142795207.6702378,2022-10-24
623,1666656000000,1.2633915947751242,143392209.49025708,2022-10-25
624,1666742400000,1.2975283643332656,147308199.1946568,2022-10-26
625,1666828800000,1.3718459956014555,155566216.80376148,2022-10-27
626,1666915200000,1.3341268629581922,151454513.3176088,2022-10-28
627,1667001600000,1.3428865158943588,152441549.35481817,2022-10-29
628,1667088000000,1.3229113010120825,150150575.34187162,2022-10-30
629,1667174400000,1.2976918593617752,147221604.99604365,2022-10-31
630,1667260800000,1.2959468313132438,147141433.25564975,2022-11-01
631,1667347200000,1.2900278126478777,161180456.77698606,2022-11-02
632,1667433600000,1.2636962606035032,157864893.7387171,2022-11-03
633,1667520000000,1.235159687908092,154256573.73160368,2022-11-04
634,1667606400000,1.320703881724205,165124824.63053232,2022-11-05
635,1667692800000,1.2953487791528882,161938648.34903467,2022-11-06
636,1667779200000,1.2967828874136051,161937924.2104832,2022-11-07
637,1667865600000,1.259165861815201,157511953.19491616,2022-11-08
638,1667952000000,1.2084800919362433,151190771.9102809,2022-11-09
639,1668038400000,1.0652135678287136,133297653.18326272,2022-11-10
640,1668124800000,1.0514492491493987,131373690.57868014,2022-11-11
641,1668211200000,1.0792405103271756,133924019.51319459,2022-11-12
642,1668297600000,1.0449546242340118,130243688.3090954,2022-11-13
643,1668384000000,0.8331474949008008,104169463.48025909,2022-11-14
644,1668470400000,0.8562152576232847,107680329.93216264,2022-11-15
645,1668556800000,0.8319351633213581,103861619.90950713,2022-11-16
646,1668643200000,0.8470960929649535,105880068.16659021,2022-11-17
647,1668729600000,0.8280170355526483,103533995.32275313,2022-11-18
648,1668816000000,0.8179309179734106,102202922.67941377,2022-11-19
649,1668902400000,0.818932914965926,102314729.14994033,2022-11-20
