,Time,open,mktcap,Date
0,1566086400000,0.013317643863149965,0.0,2019-08-18
1,1566172800000,0.014036956412845369,0.0,2019-08-19
2,1566259200000,0.01427694383722295,0.0,2019-08-20
3,1566345600000,0.013838826808778425,0.0,2019-08-21
4,1566432000000,0.012942361074256259,0.0,2019-08-22
5,1566518400000,0.013574899075998827,0.0,2019-08-23
6,1566604800000,0.013526980474551078,0.0,2019-08-24
7,1566691200000,0.014422129859879281,0.0,2019-08-25
8,1566777600000,0.014305931528128828,2638152.372817722,2019-08-26
9,1566864000000,0.014279201082812608,2642445.4827088625,2019-08-27
10,1566950400000,0.01423133013007332,2633586.6969767134,2019-08-28
11,1567036800000,0.013123818244485663,2428635.4702137494,2019-08-29
12,1567123200000,0.01492930166476668,2762750.206770677,2019-08-30
13,1567209600000,0.015734505328511825,2911757.6177304555,2019-08-31
14,1567296000000,0.015196610322514794,2807670.808473967,2019-09-01
15,1567382400000,0.014886636834336211,2754854.842892285,2019-09-02
16,1567468800000,0.01568510398928288,2902615.6254769526,2019-09-03
17,1567555200000,0.016642212392026925,3079733.852233902,2019-09-04
18,1567641600000,0.01539730679767761,2849357.156429338,2019-09-05
19,1567728000000,0.015795202022598497,2923377.675065999,2019-09-06
20,1567814400000,0.01466313991974411,2737072.81245027,2019-09-07
21,1567900800000,0.015672545720645602,2901539.375772172,2019-09-08
22,1567987200000,0.015657643386018185,2897533.8882965315,2019-09-09
23,1568073600000,0.01590387206259257,2943099.872720584,2019-09-10
24,1568160000000,0.015500723008186371,2947898.8908731807,2019-09-11
25,1568246400000,0.015123445238807726,2792516.0279676192,2019-09-12
26,1568332800000,0.015457860561146905,2860562.9667413076,2019-09-13
27,1568419200000,0.015145439783014462,2823541.8964553457,2019-09-14
28,1568505600000,0.016044850780611793,2969188.7676403685,2019-09-15
29,1568592000000,0.016090508097684322,2977637.9077954246,2019-09-16
30,1568678400000,0.016788081951336548,3068061.8377160793,2019-09-17
31,1568764800000,0.01758252484106817,3253618.788663884,2019-09-18
32,1568851200000,0.01711090774338684,3166826.4861559905,2019-09-19
33,1568937600000,0.01819556302607775,3367190.0160770733,2019-09-20
34,1569024000000,0.01726788427099402,3191812.9762525563,2019-09-21
35,1569110400000,0.01730084025093315,3174131.2276827963,2019-09-22
36,1569196800000,0.0170498186581147,3142532.500245113,2019-09-23
37,1569283200000,0.01637985221828617,3017671.9142151703,2019-09-24
38,1569369600000,0.013835055554705145,2560253.8854614818,2019-09-25
39,1569456000000,0.013977744687882482,2586659.302207795,2019-09-26
40,1569542400000,0.013397326221242038,2435381.572358793,2019-09-27
41,1569628800000,0.01415133829061758,2629931.4051046586,2019-09-28
42,1569715200000,0.014464982873913838,2690515.6157009555,2019-09-29
43,1569801600000,0.013165114913987412,2436533.786943006,2019-09-30
44,1569888000000,0.012580182539954403,2517931.0683449837,2019-10-01
45,1569974400000,0.012737677089922943,2357177.9045106927,2019-10-02
46,1570060800000,0.012737677089922943,2357177.9045106927,2019-10-03
47,1570147200000,0.011754439632506058,2175224.351037124,2019-10-04
48,1570233600000,0.01123221651679004,2160700.458289754,2019-10-05
49,1570320000000,0.011181468768480021,2152160.1074683745,2019-10-06
50,1570406400000,0.010689688627571123,1979813.1562496908,2019-10-07
51,1570492800000,0.011738356099824144,2176177.0517209154,2019-10-08
52,1570579200000,0.012401641619710147,2092987.9679966534,2019-10-09
53,1570665600000,0.012887677732580332,2389416.5068621365,2019-10-10
54,1570752000000,0.012315362880659132,2279026.3140904037,2019-10-11
55,1570838400000,0.011562253380421316,2127664.957065638,2019-10-12
56,1570924800000,0.01187240538070844,2197054.5680530434,2019-10-13
57,1571011200000,0.012262593990098422,2264510.576707711,2019-10-14
58,1571097600000,0.012518214654353186,2317195.5027574543,2019-10-15
59,1571184000000,0.012463547702306602,2306448.738517194,2019-10-16
60,1571270400000,0.012360522794458961,2287383.407006724,2019-10-17
61,1571356800000,0.01249502336658855,2317819.8480485263,2019-10-18
62,1571443200000,0.012272329578315835,2271062.7624376453,2019-10-19
63,1571529600000,0.01219168914703913,2256428.1274429457,2019-10-20
64,1571616000000,0.012472453929315272,2305626.3085838174,2019-10-21
65,1571702400000,0.012308017979229374,2275533.1183804204,2019-10-22
66,1571788800000,0.012013257718499173,2223005.5696434146,2019-10-23
67,1571875200000,0.011617244309001422,2152928.942314644,2019-10-24
68,1571961600000,0.011521879716346776,2156603.903407399,2019-10-25
69,1572048000000,0.012738712663788577,2326488.0953881764,2019-10-26
70,1572134400000,0.012753284434843188,2359390.67141632,2019-10-27
71,1572220800000,0.013327131767717524,2466259.7671139673,2019-10-28
72,1572307200000,0.012891538094830806,2386318.275973856,2019-10-29
73,1572393600000,0.014059765120609507,2601837.638915319,2019-10-30
74,1572480000000,0.013163171199510784,2427264.6287209517,2019-10-31
75,1572566400000,0.013360691874783998,2460433.3845664053,2019-11-01
76,1572652800000,0.013549142935992008,2507344.167096539,2019-11-02
77,1572739200000,0.013595392887506764,2515902.9775472693,2019-11-03
78,1572825600000,0.013787089577509171,2549973.7458081064,2019-11-04
79,1572912000000,0.013752866583582022,2545044.3597875126,2019-11-05
80,1572998400000,0.014472965777384095,2678302.7158208177,2019-11-06
81,1573084800000,0.013920390744350804,2567161.680810682,2019-11-07
82,1573171200000,0.013555003656505884,2508428.7259844965,2019-11-08
83,1573257600000,0.013719433634955406,2538857.4069209155,2019-11-09
84,1573344000000,0.013848714534840883,2562781.555612546,2019-11-10
85,1573430400000,0.014469131442807504,2677593.150907321,2019-11-11
86,1573516800000,0.013997435522154808,2600740.3627942144,2019-11-12
87,1573603200000,0.013650611497073261,2548491.5478650457,2019-11-13
88,1573689600000,0.014073840415339146,2570862.228459714,2019-11-14
89,1573776000000,0.013892400473485259,2561135.1358806724,2019-11-15
90,1573862400000,0.013432509863007626,2497130.6069960073,2019-11-16
91,1573948800000,0.013908155596386826,2585008.4601272563,2019-11-17
92,1574035200000,0.013985753160758754,2566833.311138784,2019-11-18
93,1574121600000,0.01333095313175384,2508223.367371898,2019-11-19
94,1574208000000,0.013016782908177453,2423746.1790731745,2019-11-20
95,1574294400000,0.012319403911218928,2277423.370198144,2019-11-21
96,1574380800000,0.010790130605213485,1999459.9090503787,2019-11-22
97,1574467200000,0.010757166857662693,1983029.6938491703,2019-11-23
98,1574553600000,0.010988489233372584,2046784.1945991137,2019-11-24
99,1574640000000,0.009763841352762148,1838001.2925109738,2019-11-25
100,1574726400000,0.010503618098437743,1947550.4172486765,2019-11-26
101,1574812800000,0.01049005660536738,1934870.0675045217,2019-11-27
102,1574899200000,0.0108143897476847,2001262.8977834731,2019-11-28
103,1574985600000,0.01107289761830633,2042361.2708158032,2019-11-29
104,1575072000000,0.014542578044228177,2613609.5366080096,2019-11-30
105,1575158400000,0.014429028520607566,2673171.73905766,2019-12-01
106,1575244800000,0.014407704430313783,2605880.9701031623,2019-12-02
107,1575331200000,0.01845203215787627,3419073.9198713405,2019-12-03
108,1575417600000,0.019368191775947965,3683345.0051399698,2019-12-04
109,1575504000000,0.019390904852486478,3556647.8914280524,2019-12-05
110,1575590400000,0.014534732478839161,2635829.204491226,2019-12-06
111,1575676800000,0.014239340473753106,2649557.5518872333,2019-12-07
112,1575763200000,0.014361510311410811,2657677.262696635,2019-12-08
113,1575849600000,0.016290814368928038,3034102.1947912434,2019-12-09
114,1575936000000,0.017511321276283024,3240567.2792488756,2019-12-10
115,1576022400000,0.017269145096075706,3184771.466582645,2019-12-11
116,1576108800000,0.015904291919883344,2953358.426825853,2019-12-12
117,1576195200000,0.016524185056384172,3057892.2381200185,2019-12-13
118,1576281600000,0.01607121146922691,2976785.734242487,2019-12-14
119,1576368000000,0.015787115899905235,2916257.9090096545,2019-12-15
120,1576454400000,0.01567744167431703,2905664.198666693,2019-12-16
121,1576540800000,0.014839758399222129,2762875.313728965,2019-12-17
122,1576627200000,0.013376580415746256,2475828.6602614853,2019-12-18
123,1576713600000,0.014301773648653272,2646622.6614104495,2019-12-19
124,1576800000000,0.014217971586308534,2593999.889857168,2019-12-20
125,1576886400000,0.013914594680699603,2577886.714214417,2019-12-21
126,1576972800000,0.01366408710414751,2525109.393813356,2019-12-22
127,1577059200000,0.014723152981894179,2717924.260189862,2019-12-23
128,1577145600000,0.013689042398150521,2533432.584801785,2019-12-24
129,1577232000000,0.013742767808882051,2539881.4886855953,2019-12-25
130,1577318400000,0.01387034916728773,2565544.8506630138,2019-12-26
131,1577404800000,0.014792106885754448,2738207.2766521983,2019-12-27
132,1577491200000,0.0134920647270982,2493766.1756472695,2019-12-28
133,1577577600000,0.015739418294491617,2912561.113709139,2019-12-29
134,1577664000000,0.016127616018076888,2972512.657185536,2019-12-30
135,1577750400000,0.014691492766352699,2741138.8725956623,2019-12-31
136,1577836800000,0.014522575213710903,2693826.290012112,2020-01-01
137,1577923200000,0.014657393198795377,2724954.771927883,2020-01-02
138,1578009600000,0.014322684140610673,2646773.5520057213,2020-01-03
139,1578096000000,0.015967074597932847,2795290.0676139174,2020-01-04
140,1578182400000,0.016437796517027804,2878792.0366510153,2020-01-05
141,1578268800000,0.013204679925499107,2440412.1184105864,2020-01-06
142,1578355200000,0.01420680163351247,2627555.372661512,2020-01-07
143,1578441600000,0.014431222778238962,2661082.737216581,2020-01-08
144,1578528000000,0.014436265675144461,2678428.2909920146,2020-01-09
145,1578614400000,0.01440056548924738,2642961.661297737,2020-01-10
146,1578700800000,0.01492322608546727,2730370.3685315396,2020-01-11
147,1578787200000,0.013856966515607758,2594233.6046540844,2020-01-12
148,1578873600000,0.014728380005792602,2725568.5376383974,2020-01-13
149,1578960000000,0.014121003014698921,2622171.478471083,2020-01-14
150,1579046400000,0.015370831307049396,2844040.082849695,2020-01-15
151,1579132800000,0.016683305988256937,3087338.450495144,2020-01-16
152,1579219200000,0.016400115684556085,3033710.0079529937,2020-01-17
153,1579305600000,0.016941008225019972,3139852.0302289156,2020-01-18
154,1579392000000,0.017375194654409922,3223538.052945239,2020-01-19
155,1579478400000,0.01582184316399448,2926516.4579251297,2020-01-20
156,1579564800000,0.016299631407216034,3019730.5729908817,2020-01-21
157,1579651200000,0.016990849471716116,3148396.4360802793,2020-01-22
158,1579737600000,0.01599369640257885,2953982.265619693,2020-01-23
159,1579824000000,0.015187572447596684,2798839.260498964,2020-01-24
160,1579910400000,0.014644006767486104,2710655.509131606,2020-01-25
161,1579996800000,0.014721570203306611,2727909.7709559635,2020-01-26
162,1580083200000,0.015034946236461642,2780087.304207867,2020-01-27
163,1580169600000,0.015403993690886473,2849262.320107575,2020-01-28
164,1580256000000,0.015958076284358854,2948130.2787263454,2020-01-29
165,1580342400000,0.0157546272959259,2926947.052059077,2020-01-30
166,1580428800000,0.016514555055428225,3042207.989773066,2020-01-31
167,1580515200000,0.016570970093424855,3066550.069119775,2020-02-01
168,1580601600000,0.01678699028819589,3100874.096988381,2020-02-02
169,1580688000000,0.01710115460737136,3165992.146095674,2020-02-03
170,1580774400000,0.01731468222497382,3200230.7422926477,2020-02-04
171,1580860800000,0.017619048182124612,3260508.9720419664,2020-02-05
172,1580947200000,0.019246500698219652,3560831.187759393,2020-02-06
173,1581033600000,0.020205139450560364,3737461.2452950194,2020-02-07
174,1581120000000,0.020685980575455447,3823436.3795839115,2020-02-08
175,1581206400000,0.020523943324025042,3798069.724588555,2020-02-09
176,1581292800000,0.02122041267040965,3925200.3843990387,2020-02-10
177,1581379200000,0.02252019427992451,4178619.1918723173,2020-02-11
178,1581465600000,0.024893380692239227,4610093.902516654,2020-02-12
179,1581552000000,0.0275213359948502,5126630.663773162,2020-02-13
180,1581638400000,0.027375530021401466,5067208.144141249,2020-02-14
181,1581724800000,0.028712142129022122,5275193.290348027,2020-02-15
182,1581811200000,0.03365233420010407,6261710.878406825,2020-02-16
183,1581897600000,0.0304932907723392,5653812.067801911,2020-02-17
184,1581984000000,0.03257240867726698,5926368.632398488,2020-02-18
185,1582070400000,0.03142604696190803,5893022.408684254,2020-02-19
186,1582156800000,0.03557256253675053,6573327.324825672,2020-02-20
187,1582243200000,0.030054720500804627,10334675.324959358,2020-02-21
188,1582329600000,0.027179385621971676,8927120.247443642,2020-02-22
189,1582416000000,0.02833243701361032,9399387.209629891,2020-02-23
190,1582502400000,0.028823122418870827,9577911.427139087,2020-02-24
191,1582588800000,0.026578201710486107,8821770.063469952,2020-02-25
192,1582675200000,0.02145498612386102,7130550.683338465,2020-02-26
193,1582761600000,0.019300606862998733,6305668.771792261,2020-02-27
194,1582848000000,0.02013097976391514,6690737.103557411,2020-02-28
195,1582934400000,0.02016177169731658,6509193.592631957,2020-02-29
196,1583020800000,0.018551507927477073,6096980.295826509,2020-03-01
197,1583107200000,0.01979089219214252,6567217.671290911,2020-03-02
198,1583193600000,0.021340017481746243,7077733.3379906975,2020-03-03
199,1583280000000,0.019646698437371265,6531978.067215513,2020-03-04
200,1583366400000,0.020281735454250417,6725482.404642481,2020-03-05
201,1583452800000,0.01927521742290175,6384952.072319781,2020-03-06
202,1583539200000,0.020475564455698054,6792063.703527718,2020-03-07
203,1583625600000,0.020790214453815365,6888489.18351221,2020-03-08
204,1583712000000,0.019048029640944538,6391768.347849678,2020-03-09
205,1583798400000,0.019674472761442532,6422746.270960744,2020-03-10
206,1583884800000,0.019011127234584483,6350258.671471746,2020-03-11
207,1583971200000,0.01820070279954947,6079487.918043365,2020-03-12
208,1584057600000,0.008248962459183525,2713807.82872533,2020-03-13
209,1584144000000,0.010943955961463392,3624189.8676339937,2020-03-14
210,1584230400000,0.009911946907568381,3291641.5271102334,2020-03-15
211,1584316800000,0.008880049907329232,2972429.095681183,2020-03-16
212,1584403200000,0.008175953596531532,2731491.774572331,2020-03-17
213,1584489600000,0.0077573615956465615,2591009.3314851695,2020-03-18
214,1584576000000,0.006982868879213381,2312163.2483215295,2020-03-19
215,1584662400000,0.007439090716429491,2475038.1705879127,2020-03-20
216,1584748800000,0.007038720831246596,2330598.907495188,2020-03-21
217,1584835200000,0.007294687529828824,2425545.0648793774,2020-03-22
218,1584921600000,0.006666608162690668,2216001.956197953,2020-03-23
219,1585008000000,0.007516254410703696,2481161.544995133,2020-03-24
220,1585094400000,0.007320430887129412,2437496.8733949857,2020-03-25
221,1585180800000,0.00731945662379405,2428085.834199429,2020-03-26
222,1585267200000,0.00777428874050853,2591539.475976837,2020-03-27
223,1585353600000,0.0071584235953310845,2362165.9621637557,2020-03-28
224,1585440000000,0.007530252708260714,2505496.7777831317,2020-03-29
225,1585526400000,0.007827792621409228,2649069.210814368,2020-03-30
226,1585612800000,0.009323479791088937,3102430.678458273,2020-03-31
227,1585699200000,0.009027885521438381,3044469.6698668236,2020-04-01
228,1585785600000,0.015573218894972393,5173768.303917206,2020-04-02
229,1585872000000,0.016490412796127105,6230945.107323432,2020-04-03
230,1585958400000,0.01828886093162197,7049387.876819391,2020-04-04
231,1586044800000,0.018163820202879606,7011835.281970095,2020-04-05
232,1586131200000,0.016250405797935002,6275857.682644296,2020-04-06
233,1586217600000,0.020922831333700823,7943538.198807002,2020-04-07
234,1586304000000,0.019093268426798416,6457666.6988109,2020-04-08
235,1586390400000,0.020657520526214192,7014931.702518466,2020-04-09
236,1586476800000,0.019136959042718824,6494042.638432925,2020-04-10
237,1586563200000,0.016388762891057722,5554862.685171059,2020-04-11
238,1586649600000,0.01647608121092926,5587578.602554397,2020-04-12
239,1586736000000,0.017404620842066874,5998260.13846161,2020-04-13
240,1586822400000,0.01637228972649696,5561899.9624971,2020-04-14
241,1586908800000,0.017245939392892536,5869664.589867206,2020-04-15
242,1586995200000,0.019037727954452407,6473358.852292747,2020-04-16
243,1587081600000,0.02132895958721671,7246598.293511182,2020-04-17
244,1587168000000,0.020154668325289535,6878862.5610433025,2020-04-18
245,1587254400000,0.02296116416414872,7800486.093860714,2020-04-19
246,1587340800000,0.021415261432601723,7273488.983768672,2020-04-20
247,1587427200000,0.018821634917703698,6393061.306091521,2020-04-21
248,1587513600000,0.018646102164517415,6340546.860580703,2020-04-22
249,1587600000000,0.019646254403863892,6647184.796306153,2020-04-23
250,1587686400000,0.01966208045990313,6695426.865728271,2020-04-24
251,1587772800000,0.019311324764017687,6542975.453295666,2020-04-25
252,1587859200000,0.021614391374848874,7324741.750984092,2020-04-26
253,1587945600000,0.021493280728514804,7306650.815069694,2020-04-27
254,1588032000000,0.021773649675436556,7453202.686569644,2020-04-28
255,1588118400000,0.022687288449007692,7687530.900604118,2020-04-29
256,1588204800000,0.02457634900058524,8340224.52738365,2020-04-30
257,1588291200000,0.021718446332584903,7384337.237181443,2020-05-01
258,1588377600000,0.025245215063327307,8510935.455906818,2020-05-02
259,1588464000000,0.022703541501060468,7750651.958651909,2020-05-03
260,1588550400000,0.02314936370365376,7870896.312430515,2020-05-04
261,1588636800000,0.023163543512591738,7848318.986496018,2020-05-05
262,1588723200000,0.022273648521202304,7570403.11479523,2020-05-06
263,1588809600000,0.022236246820272792,7552839.130356098,2020-05-07
264,1588896000000,0.02057038072388162,7004685.69024233,2020-05-08
265,1588982400000,0.020008037557609406,6795739.094485565,2020-05-09
266,1589068800000,0.015578730212503344,5328115.882105802,2020-05-10
267,1589155200000,0.01524022495469774,5164284.891924892,2020-05-11
268,1589241600000,0.01548213694073864,5254049.754836665,2020-05-12
269,1589328000000,0.015344171179765134,5219145.070820322,2020-05-13
270,1589414400000,0.014567903019033827,4925033.397156201,2020-05-14
271,1589500800000,0.01446486838140821,4912129.932003993,2020-05-15
272,1589587200000,0.013332231634065482,4563206.46585242,2020-05-16
273,1589673600000,0.014122006766246586,4783934.926858541,2020-05-17
274,1589760000000,0.017550788809336,5955307.867154856,2020-05-18
275,1589846400000,0.018171888671758528,6187775.722528802,2020-05-19
276,1589932800000,0.017127223447708693,5907658.980028587,2020-05-20
277,1590019200000,0.014966638213097353,5097787.644115959,2020-05-21
278,1590105600000,0.015443642210350668,5229840.9359571915,2020-05-22
279,1590192000000,0.014892787312051329,4809666.835488868,2020-05-23
280,1590278400000,0.014646120568619282,4979606.473020079,2020-05-24
281,1590364800000,0.015039150615308835,5141519.776315584,2020-05-25
282,1590451200000,0.014556496044370062,5143135.172857464,2020-05-26
283,1590537600000,0.01724531204914931,5867426.318413848,2020-05-27
284,1590624000000,0.018225412179593066,6190624.994023854,2020-05-28
285,1590710400000,0.018612092112824778,6297194.130287162,2020-05-29
286,1590796800000,0.01733426846461235,6150480.425088905,2020-05-30
287,1590883200000,0.018502577825486696,6168302.245954014,2020-05-31
288,1590969600000,0.016432198663659036,5757458.6387908785,2020-06-01
289,1591056000000,0.01677310957723215,5702771.913705078,2020-06-02
290,1591142400000,0.01548128884402986,5254336.116766979,2020-06-03
291,1591228800000,0.01602362197484546,5447949.942329972,2020-06-04
292,1591315200000,0.01586656464651294,5466021.098009415,2020-06-05
293,1591401600000,0.0166232219265246,5828895.0157267945,2020-06-06
294,1591488000000,0.015706438649297983,5374442.054878379,2020-06-07
295,1591574400000,0.016180192628798003,5503555.814895764,2020-06-08
296,1591660800000,0.01647731213156975,5606298.082039175,2020-06-09
297,1591747200000,0.017038387383807137,5790642.173239915,2020-06-10
298,1591833600000,0.016190640267531357,5278532.308317448,2020-06-11
299,1591920000000,0.014002533097927768,4763674.973680191,2020-06-12
300,1592006400000,0.0157036585847315,5336715.793429302,2020-06-13
301,1592092800000,0.015607490765285257,5315108.307454148,2020-06-14
302,1592179200000,0.0167038859679408,5643156.730457468,2020-06-15
303,1592265600000,0.01629132680589364,5769919.809410856,2020-06-16
304,1592352000000,0.0170614020298976,5798461.469787179,2020-06-17
305,1592438400000,0.015304470762731353,5201286.008073457,2020-06-18
306,1592524800000,0.01601989620964852,5325506.402708512,2020-06-19
307,1592611200000,0.01596892563420819,5432397.5412604725,2020-06-20
308,1592697600000,0.01619870674848089,5551806.277719618,2020-06-21
309,1592784000000,0.01671562558127699,5818822.6129648555,2020-06-22
310,1592870400000,0.017329223417393968,5894116.26469205,2020-06-23
311,1592956800000,0.016772975820791448,5697307.144188574,2020-06-24
312,1593043200000,0.01651095124849243,5616054.50022441,2020-06-25
313,1593129600000,0.017167048868151288,5855974.076591779,2020-06-26
314,1593216000000,0.017200718331116607,5892131.633436679,2020-06-27
315,1593302400000,0.015554420719025554,5301852.532555925,2020-06-28
316,1593388800000,0.015434334739218286,5286181.783188973,2020-06-29
317,1593475200000,0.015373522309514446,5268673.193801438,2020-06-30
318,1593561600000,0.0151640102496624,5266422.778624964,2020-07-01
319,1593648000000,0.0145776933039808,4983465.104704733,2020-07-02
320,1593734400000,0.013826131294983637,4816376.491329031,2020-07-03
321,1593820800000,0.014103642545858013,4830641.110500421,2020-07-04
322,1593907200000,0.013924292834087354,4764354.22432618,2020-07-05
323,1593993600000,0.013579095693054813,4653286.453857307,2020-07-06
324,1594080000000,0.013556498302786778,4648215.56179315,2020-07-07
325,1594166400000,0.011914357694008547,4068349.1946533956,2020-07-08
326,1594252800000,0.01236752301414015,4239029.466409799,2020-07-09
327,1594339200000,0.012299308443153578,4209349.274278007,2020-07-10
328,1594425600000,0.011811533551398518,4045557.2806503046,2020-07-11
329,1594512000000,0.012265747896129357,4219643.03952715,2020-07-12
330,1594598400000,0.017523462727264575,5944444.154295215,2020-07-13
331,1594684800000,0.018336981404776263,6373242.430443528,2020-07-14
332,1594771200000,0.01899847209849216,6558313.555609795,2020-07-15
333,1594857600000,0.017423067114233807,5994934.412881309,2020-07-16
334,1594944000000,0.016742081819492834,5767712.916959103,2020-07-17
335,1595030400000,0.01713641591238592,5915437.713376308,2020-07-18
336,1595116800000,0.0175780522303502,6053462.9450802645,2020-07-19
337,1595203200000,0.02125441654702499,7315306.228283628,2020-07-20
338,1595289600000,0.021819548527146546,7502707.497092017,2020-07-21
339,1595376000000,0.023041339717945294,7920149.221153407,2020-07-22
340,1595462400000,0.024572528717992804,8428801.22130338,2020-07-23
341,1595548800000,0.02317530372880406,8000995.683173416,2020-07-24
342,1595635200000,0.025678126810927685,8843226.751237174,2020-07-25
343,1595721600000,0.02520169961939586,8697163.081212915,2020-07-26
344,1595808000000,0.02230362773383362,7694791.524130166,2020-07-27
345,1595894400000,0.019026407334477097,6563755.431106899,2020-07-28
346,1595980800000,0.02018499160691341,6958313.751065951,2020-07-29
347,1596067200000,0.02037986377875995,6991027.879734564,2020-07-30
348,1596153600000,0.01929622854781349,6653115.6162225725,2020-07-31
349,1596240000000,0.01866479055174283,6428177.814876084,2020-08-01
350,1596326400000,0.018671573506519348,6437478.940393876,2020-08-02
351,1596412800000,0.01976034490603263,6806663.525501188,2020-08-03
352,1596499200000,0.01914470656230921,6558332.837937644,2020-08-04
353,1596585600000,0.018746958644441043,6452414.358217806,2020-08-05
354,1596672000000,0.01790447853862558,6160423.298365852,2020-08-06
355,1596758400000,0.017639551269647755,6055605.094853005,2020-08-07
356,1596844800000,0.018007164085606594,6219522.014463287,2020-08-08
357,1596931200000,0.01844865284735716,6346492.527751438,2020-08-09
358,1597017600000,0.017899203540120184,6151900.223332307,2020-08-10
359,1597104000000,0.01931072296810623,6646404.616824902,2020-08-11
360,1597190400000,0.01984942809944136,6828147.620021669,2020-08-12
361,1597276800000,0.02003475071323616,6909364.169076006,2020-08-13
362,1597363200000,0.020984676559423238,7196216.744493496,2020-08-14
363,1597449600000,0.021984105588310012,7512073.70465467,2020-08-15
364,1597536000000,0.021762000788976294,7483995.787769886,2020-08-16
365,1597622400000,0.02325988246741873,8005584.893302901,2020-08-17
366,1597708800000,0.023234661974164062,7986736.452009145,2020-08-18
367,1597795200000,0.02163353153041134,7454548.626477263,2020-08-19
368,1597881600000,0.02080081861371103,7155006.780115229,2020-08-20
369,1597968000000,0.019146702680249816,6587488.465743598,2020-08-21
370,1598054400000,0.017119529416447975,5894099.973913874,2020-08-22
371,1598140800000,0.016936719951465104,5840455.073498505,2020-08-23
372,1598227200000,0.01717149517946276,5911701.993824021,2020-08-24
373,1598313600000,0.018136053796464133,6239199.348320579,2020-08-25
374,1598400000000,0.01785863803048534,6153886.78001123,2020-08-26
375,1598486400000,0.01917874438170112,6600876.0615297835,2020-08-27
376,1598572800000,0.020643250878221987,7116227.321439527,2020-08-28
377,1598659200000,0.018681536790808934,6565983.248007609,2020-08-29
378,1598745600000,0.02046011053814761,7069002.970521763,2020-08-30
379,1598832000000,0.01974737045008547,6787072.393438853,2020-08-31
380,1598918400000,0.019779299393515273,6826273.955230107,2020-09-01
381,1599004800000,0.019192476911454603,6571850.21133503,2020-09-02
382,1599091200000,0.018395875636631313,6332492.639666172,2020-09-03
383,1599177600000,0.01658398790542665,5761040.089800599,2020-09-04
384,1599264000000,0.01696606096206207,5830599.450919101,2020-09-05
385,1599350400000,0.015076047994880005,5168891.88248678,2020-09-06
386,1599436800000,0.015052825631392819,5182989.441556082,2020-09-07
387,1599523200000,0.014663764451896627,5026855.789068964,2020-09-08
388,1599609600000,0.014263778560569606,4903370.536248834,2020-09-09
389,1599696000000,0.0151461039179824,5194570.93988277,2020-09-10
390,1599782400000,0.016067624330462858,5508003.172540395,2020-09-11
391,1599868800000,0.016120518301920326,5548388.838312225,2020-09-12
392,1599955200000,0.01581484177237574,5428647.400342515,2020-09-13
393,1600041600000,0.014459904380211113,4979482.419672471,2020-09-14
394,1600128000000,0.014324282734432961,4931356.524364374,2020-09-15
395,1600214400000,0.015064173477015304,5186075.389412988,2020-09-16
396,1600300800000,0.014752122222548035,5076506.680880287,2020-09-17
397,1600387200000,0.01389839695876264,4789497.550039422,2020-09-18
398,1600473600000,0.01335667574621337,4610334.4555225205,2020-09-19
399,1600560000000,0.013996103836503947,4836557.678099132,2020-09-20
400,1600646400000,0.014328842909704117,4930843.5896331705,2020-09-21
401,1600732800000,0.013296138524307537,4596097.1398029085,2020-09-22
402,1600819200000,0.01345058754634751,4620560.469023767,2020-09-23
403,1600905600000,0.010758752581766525,3708321.9454643065,2020-09-24
404,1600992000000,0.011332187302533171,3907797.1418145993,2020-09-25
405,1601078400000,0.012032507384160882,4142305.1194042647,2020-09-26
406,1601164800000,0.011514069462849994,3964496.8844651207,2020-09-27
407,1601251200000,0.011199907624105256,3849841.220372498,2020-09-28
408,1601337600000,0.011225976579026459,3848875.1274060723,2020-09-29
409,1601424000000,0.011465516770388142,3944478.451300418,2020-09-30
410,1601510400000,0.011385235030177607,3918541.549873775,2020-10-01
411,1601596800000,0.011038405889412755,3806240.3609067965,2020-10-02
412,1601683200000,0.009980044705632742,3436744.56578212,2020-10-03
413,1601769600000,0.009954498601881032,3423021.115398052,2020-10-04
414,1601856000000,0.00982148845641,3373145.606046395,2020-10-05
415,1601942400000,0.01008479702266104,3471620.6067595365,2020-10-06
416,1602028800000,0.010223423182920363,3516091.318384789,2020-10-07
417,1602115200000,0.011448702740465569,3951741.4795590425,2020-10-08
418,1602201600000,0.0130836994369832,4485857.8883548165,2020-10-09
419,1602288000000,0.013793116598199073,4747561.513133607,2020-10-10
420,1602374400000,0.01449528211211907,4986645.069229919,2020-10-11
421,1602460800000,0.013771654047929332,4733369.4578669565,2020-10-12
422,1602547200000,0.012779408331740552,4390516.193326646,2020-10-13
423,1602633600000,0.01168141297469853,3952875.282149178,2020-10-14
424,1602720000000,0.011823071724899123,4069091.3924531224,2020-10-15
425,1602806400000,0.011702215457832205,4030551.85540148,2020-10-16
426,1602892800000,0.010568271330967155,3646349.1154721174,2020-10-17
427,1602979200000,0.010502670022594186,3622973.349847207,2020-10-18
428,1603065600000,0.011150099630733261,3836818.2127850614,2020-10-19
429,1603152000000,0.010762540978684352,3701291.836263641,2020-10-20
430,1603238400000,0.010155208157866902,3495213.6574012507,2020-10-21
431,1603324800000,0.00916148640574355,3152530.8208335126,2020-10-22
432,1603411200000,0.010016069250081612,3443547.524571496,2020-10-23
433,1603497600000,0.00915253146822542,3149010.3762455476,2020-10-24
434,1603584000000,0.009174483171271897,3157675.6866165064,2020-10-25
435,1603670400000,0.009609654697785824,3304837.8923906866,2020-10-26
436,1603756800000,0.009964345666607893,3431091.9653219907,2020-10-27
437,1603843200000,0.009396433395622471,3237445.743735074,2020-10-28
438,1603929600000,0.009500532331515323,3267717.26992778,2020-10-29
439,1604016000000,0.009315798723551334,3212689.263939316,2020-10-30
440,1604102400000,0.008401000027361232,2893776.00908949,2020-10-31
441,1604188800000,0.00784786230935575,2706237.045958656,2020-11-01
442,1604275200000,0.008092852927544622,2785507.496884465,2020-11-02
443,1604361600000,0.008849081531941801,3030252.926320563,2020-11-03
444,1604448000000,0.009107247231024167,3140752.1886640335,2020-11-04
445,1604534400000,0.009776448175041846,3363440.2825679467,2020-11-05
446,1604620800000,0.00973022976177045,3343877.609859565,2020-11-06
447,1604707200000,0.009346498511611493,3210252.741192842,2020-11-07
448,1604793600000,0.008998681557602074,3098714.1236890946,2020-11-08
449,1604880000000,0.009220925151480555,3169096.984245618,2020-11-09
450,1604966400000,0.009274484599636717,3188889.369456214,2020-11-10
451,1605052800000,0.009298600322639978,3214619.974861331,2020-11-11
452,1605139200000,0.00941911272057547,3241389.5475767395,2020-11-12
453,1605225600000,0.011453172337178939,3886206.625503438,2020-11-13
454,1605312000000,0.010402224974225202,3582063.7065804866,2020-11-14
455,1605398400000,0.011622165620235173,3998893.9242174104,2020-11-15
456,1605484800000,0.011136624802519535,3838993.664915301,2020-11-16
457,1605571200000,0.01100919588302984,3791345.729708807,2020-11-17
458,1605657600000,0.01173815180543932,4044501.957851577,2020-11-18
459,1605744000000,0.011852586602108943,4087207.718269906,2020-11-19
460,1605830400000,0.012206803870783212,4204174.02838528,2020-11-20
461,1605916800000,0.013254678148562165,4567314.578400172,2020-11-21
462,1606003200000,0.01327330097508439,4562751.536443933,2020-11-22
463,1606089600000,0.013109741130897176,4531280.986161007,2020-11-23
464,1606176000000,0.013815953390064454,4731470.443085556,2020-11-24
465,1606262400000,0.013439161059364785,4621216.762731082,2020-11-25
466,1606348800000,0.01295244666850808,4479049.939345811,2020-11-26
467,1606435200000,0.011866436469004824,4065429.399839074,2020-11-27
468,1606521600000,0.012041332536697957,4149860.1133833323,2020-11-28
469,1606608000000,0.012550647493605337,4324720.85625999,2020-11-29
470,1606694400000,0.012581759986862473,4326783.733763164,2020-11-30
471,1606780800000,0.012954303280069438,4485575.687244194,2020-12-01
472,1606867200000,0.012709713709316941,4368878.702474519,2020-12-02
473,1606953600000,0.013930744984163612,4780278.477697686,2020-12-03
474,1607040000000,0.01759278529383129,6073071.628944231,2020-12-04
475,1607126400000,0.02045570519711889,7034410.993629759,2020-12-05
476,1607212800000,0.01915452062528751,6593459.112425541,2020-12-06
477,1607299200000,0.017239951897789162,5930432.619082362,2020-12-07
478,1607385600000,0.02229085620404967,7707496.2781557925,2020-12-08
479,1607472000000,0.01915962491619878,6617715.964681337,2020-12-09
480,1607558400000,0.020102776202530318,6922621.633772077,2020-12-10
481,1607644800000,0.01857920999065613,6378437.180221932,2020-12-11
482,1607731200000,0.01857262432211029,6393914.014643515,2020-12-12
483,1607817600000,0.019112072778520336,6580473.826040723,2020-12-13
484,1607904000000,0.020291645959830653,6986749.2417537,2020-12-14
485,1607990400000,0.02144196558320665,16105703.103883907,2020-12-15
486,1608076800000,0.022262998082241633,16711293.730779065,2020-12-16
487,1608163200000,0.019248486670517456,14464897.899086798,2020-12-17
488,1608249600000,0.01634415373994859,12592593.071403699,2020-12-18
489,1608336000000,0.014057834266695221,10543741.232887397,2020-12-19
490,1608422400000,0.013935142868643096,10470413.986644441,2020-12-20
491,1608508800000,0.01680701894281656,12790509.370897913,2020-12-21
492,1608595200000,0.015391193531599703,11581462.671200564,2020-12-22
493,1608681600000,0.016701350325455885,12592940.225092608,2020-12-23
494,1608768000000,0.013906817115340128,10797470.155083867,2020-12-24
495,1608854400000,0.014692263093358717,11008954.026575863,2020-12-25
496,1608940800000,0.015001993966804059,11283131.161620619,2020-12-26
497,1609027200000,0.014702125011606417,11047341.11344843,2020-12-27
498,1609113600000,0.014126980293551214,10638546.37413499,2020-12-28
499,1609200000000,0.014767614522084123,11136864.0222635,2020-12-29
500,1609286400000,0.014536302524120638,10891770.51896324,2020-12-30
501,1609372800000,0.013658236255189984,10282783.78020708,2020-12-31
502,1609459200000,0.012978029184055447,9736070.641974604,2021-01-01
503,1609545600000,0.013302266321972104,10006543.753487287,2021-01-02
504,1609632000000,0.011394272256139393,8568962.97857105,2021-01-03
505,1609718400000,0.011300829764251617,8550512.691674741,2021-01-04
506,1609804800000,0.01141219970419802,8613278.034063824,2021-01-05
507,1609891200000,0.013929118663856929,10501588.797846654,2021-01-06
508,1609977600000,0.014655991655856286,10983268.399337018,2021-01-07
509,1610064000000,0.016691203319979482,12565050.762373414,2021-01-08
510,1610150400000,0.01816679680250352,13689581.964327252,2021-01-09
511,1610236800000,0.017741792420481156,13423488.496118844,2021-01-10
512,1610323200000,0.017674524233067472,13445668.212654531,2021-01-11
513,1610409600000,0.014621460807322439,11051179.703537023,2021-01-12
514,1610496000000,0.014660045437353065,11161882.73490719,2021-01-13
515,1610582400000,0.014078746074721591,10573984.782597594,2021-01-14
516,1610668800000,0.015161116823642365,11422593.57276701,2021-01-15
517,1610755200000,0.01360969989678865,10235315.615006551,2021-01-16
518,1610841600000,0.013625682571438398,10311678.595430724,2021-01-17
519,1610928000000,0.013165039384584565,10000109.871366806,2021-01-18
520,1611014400000,0.01464042548882751,10932347.915194895,2021-01-19
521,1611100800000,0.016103101276514428,12168856.59445964,2021-01-20
522,1611187200000,0.016197979024335996,11963584.223696321,2021-01-21
523,1611273600000,0.014879173863344603,11310976.799824469,2021-01-22
524,1611360000000,0.01619071103741221,12271134.82157305,2021-01-23
525,1611446400000,0.015980317453758924,12081880.990365991,2021-01-24
526,1611532800000,0.01975838800102877,14945709.499923136,2021-01-25
527,1611619200000,0.020550197828775065,15694461.185036892,2021-01-26
528,1611705600000,0.019105295968960132,14532306.600625869,2021-01-27
529,1611792000000,0.01852850513122801,13960072.791606562,2021-01-28
530,1611878400000,0.019056837731666023,14500493.01050206,2021-01-29
531,1611964800000,0.018234215725644886,13807944.280072786,2021-01-30
532,1612051200000,0.0175548659991597,13336968.498805463,2021-01-31
533,1612137600000,0.018912094636713995,14414574.67028871,2021-02-01
534,1612224000000,0.018747112199480335,14276941.320740327,2021-02-02
535,1612310400000,0.018339284932254868,13999931.119113391,2021-02-03
536,1612396800000,0.017565980669232047,13376678.6155391,2021-02-04
537,1612483200000,0.017547823601313038,13392990.83167787,2021-02-05
538,1612569600000,0.0185044006029215,13958351.788403602,2021-02-06
539,1612656000000,0.019029870674942172,14477503.90007611,2021-02-07
540,1612742400000,0.018520602862682194,14216888.998240452,2021-02-08
541,1612828800000,0.01917129182929526,14507336.546357166,2021-02-09
542,1612915200000,0.02121167336691661,16227897.235861197,2021-02-10
543,1613001600000,0.022164703375902973,16738950.92453891,2021-02-11
544,1613088000000,0.024136186101169837,18291343.397769023,2021-02-12
545,1613174400000,0.027941404569662227,20570105.015752677,2021-02-13
546,1613260800000,0.03135099099421978,23749520.842202067,2021-02-14
547,1613347200000,0.028896629888524702,21889228.893533826,2021-02-15
548,1613433600000,0.03020741446408631,22923650.352536175,2021-02-16
549,1613520000000,0.03447813740479043,26074048.025879685,2021-02-17
550,1613606400000,0.03718016174764277,27603383.29263641,2021-02-18
551,1613692800000,0.036603361040139934,28153421.491449784,2021-02-19
552,1613779200000,0.03480540764148296,26296586.44647174,2021-02-20
553,1613865600000,0.03319231161098645,25109744.30507793,2021-02-21
554,1613952000000,0.03423644751496684,25986175.16555491,2021-02-22
555,1614038400000,0.03132337029591675,23560593.614524882,2021-02-23
556,1614124800000,0.02851763835289946,21753468.485314272,2021-02-24
557,1614211200000,0.0296572914036848,22395914.384997692,2021-02-25
558,1614297600000,0.03237481337883499,24626824.104854908,2021-02-26
559,1614384000000,0.030674910070651564,22273919.714884438,2021-02-27
560,1614470400000,0.030042468563098113,22675657.941317078,2021-02-28
561,1614556800000,0.03148652201033142,23829014.431246754,2021-03-01
562,1614643200000,0.0315112313199745,24123716.132959317,2021-03-02
563,1614729600000,0.030244909686630014,22985979.495756567,2021-03-03
564,1614816000000,0.033245797349058165,25428062.45646884,2021-03-04
565,1614902400000,0.03620490678398497,27561804.00519165,2021-03-05
566,1614988800000,0.038152211002612735,29286678.600872464,2021-03-06
567,1615075200000,0.04515999409733473,34463428.64974776,2021-03-07
568,1615161600000,0.05083224297022779,37891796.9500133,2021-03-08
569,1615248000000,0.05587566411920213,42462720.053051665,2021-03-09
570,1615334400000,0.05902126856501282,44706686.84171052,2021-03-10
571,1615420800000,0.06058019603137525,46724446.462683894,2021-03-11
572,1615507200000,0.07632642351771421,58372425.87812379,2021-03-12
573,1615593600000,0.09458020966375467,72274066.24087192,2021-03-13
574,1615680000000,0.10627004627220663,80876084.12799789,2021-03-14
575,1615766400000,0.08909312669086304,68299959.11993413,2021-03-15
576,1615852800000,0.08286979953355299,64890849.72820145,2021-03-16
577,1615939200000,0.08843619161424454,67393853.79310316,2021-03-17
578,1616025600000,0.10345741786265429,78559081.03189076,2021-03-18
579,1616112000000,0.09756376298750184,74397604.38072394,2021-03-19
580,1616198400000,0.09491257732678446,72313836.584222,2021-03-20
581,1616284800000,0.08640552304073348,65574199.06798188,2021-03-21
582,1616371200000,0.07831514403141145,60033263.85356241,2021-03-22
583,1616457600000,0.08089582958444139,61824176.31253786,2021-03-23
584,1616544000000,0.0807761279278268,61584431.9771066,2021-03-24
585,1616630400000,0.07509707701641861,57387561.45521569,2021-03-25
586,1616716800000,0.0705356953108897,53704678.85538585,2021-03-26
587,1616803200000,0.07190364083248799,54642078.999606445,2021-03-27
588,1616889600000,0.08697963531864639,66371522.71640467,2021-03-28
589,1616976000000,0.08694067541444651,66696332.56260332,2021-03-29
590,1617062400000,0.090993667989362,69424164.08941132,2021-03-30
591,1617148800000,0.0871617480720633,66361071.71337296,2021-03-31
592,1617235200000,0.08054418719782525,61435487.30658006,2021-04-01
593,1617321600000,0.08352457159456242,63534811.9090236,2021-04-02
594,1617408000000,0.08767603214434963,66837917.96889681,2021-04-03
595,1617494400000,0.08087174331294339,61612735.17448316,2021-04-04
596,1617580800000,0.07864210536155916,59921402.46703769,2021-04-05
597,1617667200000,0.0834244787640871,63575442.77682757,2021-04-06
598,1617753600000,0.08418708594288186,64368656.27221473,2021-04-07
599,1617840000000,0.08521616516279215,65079544.45108437,2021-04-08
600,1617926400000,0.08802764423916348,67403390.04513012,2021-04-09
601,1618012800000,0.08203258881542386,62516255.832617275,2021-04-10
602,1618099200000,0.08003526560399156,61130772.808156975,2021-04-11
603,1618185600000,0.0778935916271297,59256069.44998609,2021-04-12
604,1618272000000,0.08487049589581741,63833049.24717672,2021-04-13
605,1618358400000,0.08435964843026442,64345285.22168458,2021-04-14
606,1618444800000,0.0822373402897855,62309937.34664947,2021-04-15
607,1618531200000,0.08131266459033643,62161949.781584755,2021-04-16
608,1618617600000,0.0766225542052428,58716323.5577507,2021-04-17
609,1618704000000,0.07612728494585433,58078293.83502021,2021-04-18
610,1618790400000,0.07166125757613065,54617056.24262854,2021-04-19
611,1618876800000,0.06785811225675861,51811656.31711517,2021-04-20
612,1618963200000,0.06383283641200749,48697211.21983368,2021-04-21
613,1619049600000,0.06102217305178529,46555741.36524589,2021-04-22
614,1619136000000,0.07295155826874837,55504846.5649234,2021-04-23
615,1619222400000,0.06627080529474635,50310595.85902524,2021-04-24
616,1619308800000,0.06433066357820308,49195155.710026145,2021-04-25
617,1619395200000,0.06297831266008452,47944864.58891641,2021-04-26
618,1619481600000,0.07477610018690103,56629579.63482582,2021-04-27
619,1619568000000,0.07720412311058286,59341998.15281694,2021-04-28
620,1619654400000,0.07415843565604914,56503474.9903945,2021-04-29
621,1619740800000,0.08994983822038988,69774487.0947539,2021-04-30
622,1619827200000,0.09026205014119036,68624412.52710833,2021-05-01
623,1619913600000,0.09690878379350212,73357860.9704258,2021-05-02
624,1620000000000,0.09900622993311388,75317773.49528788,2021-05-03
625,1620086400000,0.1068369328529628,81641985.10422966,2021-05-04
626,1620172800000,0.11443881424243767,87363069.85852577,2021-05-05
627,1620259200000,0.12119020998197921,92251157.09838526,2021-05-06
628,1620345600000,0.12383827915036717,94441375.84383404,2021-05-07
629,1620432000000,0.11234883265318608,85581761.83091906,2021-05-08
630,1620518400000,0.10228968809319469,77707687.54991664,2021-05-09
631,1620604800000,0.09179195996193401,70059710.25288175,2021-05-10
632,1620691200000,0.09151056019382467,69775943.46148601,2021-05-11
633,1620777600000,0.10584040651811524,80683635.71291083,2021-05-12
634,1620864000000,0.09628009437796012,74100894.89535676,2021-05-13
635,1620950400000,0.09285754100137163,70709847.10835479,2021-05-14
636,1621036800000,0.09165456701026425,70006651.01610678,2021-05-15
637,1621123200000,0.08103389072514311,62251282.031138316,2021-05-16
638,1621209600000,0.0830775977621423,62779390.84459395,2021-05-17
639,1621296000000,0.07202356644048596,54997651.03182632,2021-05-18
640,1621382400000,0.07105580295971158,54022377.66580471,2021-05-19
641,1621468800000,0.048507147822206845,37375242.13218551,2021-05-20
642,1621555200000,0.057538924908855496,43750229.12371842,2021-05-21
643,1621641600000,0.04600302754530533,35014156.056428365,2021-05-22
644,1621728000000,0.04447315995695755,33912163.64877045,2021-05-23
645,1621814400000,0.033920867905463774,25812395.99758874,2021-05-24
646,1621900800000,0.04299329239311335,33177314.715956092,2021-05-25
647,1621987200000,0.04259885497393574,32546088.76843987,2021-05-26
648,1622073600000,0.04255461321387845,31914397.724142972,2021-05-27
649,1622160000000,0.0402051070541775,30568705.17357293,2021-05-28
650,1622246400000,0.03522116811752214,26909219.178257756,2021-05-29
651,1622332800000,0.03276353761680533,25236261.164401907,2021-05-30
652,1622419200000,0.03722390805753522,28352136.87259102,2021-05-31
653,1622505600000,0.04532844025318533,34657970.97942979,2021-06-01
654,1622592000000,0.040814778472866985,31123905.9843712,2021-06-02
655,1622678400000,0.038045514157926584,29361932.255385164,2021-06-03
656,1622764800000,0.03910488523972214,28900640.938080028,2021-06-04
657,1622851200000,0.036930804005946664,28088010.413333673,2021-06-05
658,1622937600000,0.03458931930462407,26212482.4345577,2021-06-06
659,1623024000000,0.03631076021209871,27614213.83237001,2021-06-07
660,1623110400000,0.03594379385352363,27777531.15269586,2021-06-08
661,1623196800000,0.03521851852589777,26653460.666489735,2021-06-09
662,1623283200000,0.039365521129470886,30179980.496772904,2021-06-10
663,1623369600000,0.03942343853311144,29992884.956515733,2021-06-11
664,1623456000000,0.03535704804595792,26973156.71713629,2021-06-12
665,1623542400000,0.0359736787548803,27305477.68727646,2021-06-13
666,1623628800000,0.038531113967202886,29112567.834934708,2021-06-14
667,1623715200000,0.039153832684634765,29373228.111145694,2021-06-15
668,1623801600000,0.037236382664432806,28864879.171243124,2021-06-16
669,1623888000000,0.03400628959428223,26075938.408929445,2021-06-17
670,1623974400000,0.03414644785941986,26111857.62714501,2021-06-18
671,1624060800000,0.032155727633780835,24456780.58294763,2021-06-19
672,1624147200000,0.03212145438184149,24524828.31081187,2021-06-20
673,1624233600000,0.03371635061099501,26065201.715972688,2021-06-21
674,1624320000000,0.028907117109240366,21726498.383347403,2021-06-22
675,1624406400000,0.02616571642597725,20219637.378708627,2021-06-23
676,1624492800000,0.027462169878567255,21097375.952813905,2021-06-24
677,1624579200000,0.02884316272452404,21925679.097903468,2021-06-25
678,1624665600000,0.028313859709408522,21644464.041777007,2021-06-26
679,1624752000000,0.02492943809009957,18998501.19568518,2021-06-27
680,1624838400000,0.025672894644782993,19714600.51151793,2021-06-28
681,1624924800000,0.026626954985167657,20323002.188767754,2021-06-29
682,1625011200000,0.027163481648752662,20732493.273403276,2021-06-30
683,1625097600000,0.026960359426867583,20605040.09667952,2021-07-01
684,1625184000000,0.026235192480860984,19835243.79652938,2021-07-02
685,1625270400000,0.025510734391871997,19444019.776317153,2021-07-03
686,1625356800000,0.026171023484735836,20074570.25932643,2021-07-04
687,1625443200000,0.026354142230047208,19972763.95441777,2021-07-05
688,1625529600000,0.02690499185829184,20555935.857626498,2021-07-06
689,1625616000000,0.03205624797214486,24372417.987036414,2021-07-07
690,1625702400000,0.03188319007302994,24432949.288206253,2021-07-08
691,1625788800000,0.045661118163122745,34724074.30191747,2021-07-09
692,1625875200000,0.05123743432130254,39088285.941094786,2021-07-10
693,1625961600000,0.07285306829904767,55528384.06230131,2021-07-11
694,1626048000000,0.06864988186565392,52620615.86540533,2021-07-12
695,1626134400000,0.059312327569510485,44422893.59128375,2021-07-13
696,1626220800000,0.09385931943287293,64225142.138086595,2021-07-14
697,1626307200000,0.08296304863693289,63180950.997235164,2021-07-15
698,1626393600000,0.07932829893537895,60285132.20157569,2021-07-16
699,1626480000000,0.06892001731668378,52527803.57683892,2021-07-17
700,1626566400000,0.06307147663960216,48070303.305397056,2021-07-18
701,1626652800000,0.06451025787206748,49174856.46697954,2021-07-19
702,1626739200000,0.06706263862909637,51089424.064993456,2021-07-20
703,1626825600000,0.06097218038981733,46487956.17669858,2021-07-21
704,1626912000000,0.06507747149205823,49790059.0067508,2021-07-22
705,1626998400000,0.07168281283678368,54721890.84911552,2021-07-23
706,1627084800000,0.08361939769213307,63195601.70989888,2021-07-24
707,1627171200000,0.09405634074596195,71516563.2683803,2021-07-25
708,1627257600000,0.10032772889186517,76232254.46716148,2021-07-26
709,1627344000000,0.10311291744050122,77511693.66557631,2021-07-27
710,1627430400000,0.10279903021339577,77824609.57699564,2021-07-28
711,1627516800000,0.10457011968606227,79536519.81748053,2021-07-29
712,1627603200000,0.1054711035894595,80449069.83113037,2021-07-30
713,1627689600000,0.11064393270733738,84095040.5265998,2021-07-31
714,1627776000000,0.11373224388564228,87058515.4989781,2021-08-01
715,1627862400000,0.12292027650924107,93487620.40167299,2021-08-02
716,1627948800000,0.12294075602484342,93567196.46956371,2021-08-03
717,1628035200000,0.12494526887495054,95126171.03203632,2021-08-04
718,1628121600000,0.1316309759422126,100741056.86615586,2021-08-05
719,1628208000000,0.1382863282807565,105114045.47350976,2021-08-06
720,1628294400000,0.14618041808978163,111412280.30918473,2021-08-07
721,1628380800000,0.16577509636299328,126877339.67499097,2021-08-08
722,1628467200000,0.1771522201048516,134975804.72726822,2021-08-09
723,1628553600000,0.18256421588670727,137896800.24345106,2021-08-10
724,1628640000000,0.18703896948584667,142586717.3210876,2021-08-11
725,1628726400000,0.18531921060052745,141178282.66547194,2021-08-12
726,1628812800000,0.16704964160382418,125759390.88705306,2021-08-13
727,1628899200000,0.17321457527181036,132692706.03501439,2021-08-14
728,1628985600000,0.19719517462583377,150422129.21175623,2021-08-15
729,1629072000000,0.1971251174841964,150009894.3103638,2021-08-16
730,1629158400000,0.1927124430267723,146892656.32487515,2021-08-17
731,1629244800000,0.18044950365017404,138179681.26007438,2021-08-18
732,1629331200000,0.1787133622282362,136207458.34329325,2021-08-19
733,1629417600000,0.18935655345612518,142852373.44898993,2021-08-20
734,1629504000000,0.19510340103170049,148242499.47428355,2021-08-21
735,1629590400000,0.19559804103366454,149211151.40477604,2021-08-22
736,1629676800000,0.19503301910536258,149108561.5196792,2021-08-23
737,1629763200000,0.19434148494584383,148036368.45116487,2021-08-24
738,1629849600000,0.18023897214050663,137496490.995465,2021-08-25
739,1629936000000,0.1741463039769298,131604947.4882979,2021-08-26
740,1630022400000,0.15962605016951428,121634067.30602157,2021-08-27
741,1630108800000,0.16381197541124232,124976580.69843653,2021-08-28
742,1630195200000,0.17891394166256697,136503083.4745745,2021-08-29
743,1630281600000,0.20477713022605018,154148432.8368088,2021-08-30
744,1630368000000,0.20954012663564392,160147403.0006492,2021-08-31
745,1630454400000,0.20395213243043592,155319293.8854249,2021-09-01
746,1630540800000,0.2470111705718804,186592163.13865077,2021-09-02
747,1630627200000,0.32371576086593085,244841339.1417808,2021-09-03
748,1630713600000,0.30981625259888085,235848734.00198722,2021-09-04
749,1630800000000,0.3092192860631968,233694656.70980996,2021-09-05
750,1630886400000,0.3209080900408393,244676208.8800414,2021-09-06
751,1630972800000,0.35015928812945185,266764981.52803126,2021-09-07
752,1631059200000,0.34759357760668885,264525398.56412262,2021-09-08
753,1631145600000,0.4224461174226917,321974941.0904778,2021-09-09
754,1631232000000,0.4308481072357896,327344612.4097536,2021-09-10
755,1631318400000,0.3916984513008671,298168097.53774047,2021-09-11
756,1631404800000,0.43029676307620207,324743082.18612874,2021-09-12
757,1631491200000,0.4388945363849099,333591123.526223,2021-09-13
758,1631577600000,0.48920136165123634,372268701.3793124,2021-09-14
759,1631664000000,0.5898205043324459,450390898.98720783,2021-09-15
760,1631750400000,0.5699326366951382,443341704.53093666,2021-09-16
761,1631836800000,0.5732745957195148,435783159.69335836,2021-09-17
762,1631923200000,0.587540200079727,449793181.47976196,2021-09-18
763,1632009600000,0.6162735970936625,470514191.6134644,2021-09-19
764,1632096000000,0.6169841912184071,472952946.9628781,2021-09-20
765,1632182400000,0.531366382649194,403355592.98007154,2021-09-21
766,1632268800000,0.47302312617362074,359817058.3227744,2021-09-22
767,1632355200000,0.5460217482168035,416094533.79290366,2021-09-23
768,1632441600000,0.5686872315351656,432854154.7719559,2021-09-24
769,1632528000000,0.5136639877062877,398428244.8895618,2021-09-25
770,1632614400000,0.5092842547040358,387723601.060185,2021-09-26
771,1632700800000,0.5086259345241805,391737957.8143154,2021-09-27
772,1632787200000,0.5158202942364081,393826437.1535482,2021-09-28
773,1632873600000,0.4821472838586734,368199059.48065656,2021-09-29
774,1632960000000,0.43394799885683705,330883669.0003846,2021-09-30
775,1633046400000,0.41160071978568225,314014218.0346157,2021-10-01
776,1633132800000,0.4019036447968984,306698853.78698575,2021-10-02
777,1633219200000,0.39925422345883055,303230323.33226323,2021-10-03
778,1633305600000,0.39089452617275333,298108406.06999165,2021-10-04
779,1633392000000,0.3762569283064092,288887287.7550164,2021-10-05
780,1633478400000,0.4180584981232099,318886034.4584115,2021-10-06
781,1633564800000,0.4453584246324541,336807169.9036724,2021-10-07
782,1633651200000,0.5478622975628664,418040418.4907442,2021-10-08
783,1633737600000,0.5961929821084803,452911683.32328635,2021-10-09
784,1633824000000,0.638288396504914,486447146.3989519,2021-10-10
785,1633910400000,0.5652350989500958,434648331.944053,2021-10-11
786,1633996800000,0.5734249450537764,437039252.92765343,2021-10-12
787,1634083200000,0.5968580192645204,456207766.71163136,2021-10-13
788,1634169600000,0.6039217720179411,460327071.43745357,2021-10-14
789,1634256000000,0.6002727528084242,456023883.9909388,2021-10-15
790,1634342400000,0.5964434806489619,454528389.17993,2021-10-16
791,1634428800000,0.603650230501293,461272015.8436497,2021-10-17
792,1634515200000,0.5968853984034713,453197690.1064087,2021-10-18
793,1634601600000,0.5679643272357555,437686477.90563387,2021-10-19
794,1634688000000,0.5940540053661041,452568411.32459724,2021-10-20
795,1634774400000,0.6335963725745973,483937779.1629362,2021-10-21
796,1634860800000,0.6242366392031771,475765689.6524456,2021-10-22
797,1634947200000,0.6077361845044977,463844706.2905314,2021-10-23
798,1635033600000,0.5969954706002295,458168294.4837468,2021-10-24
799,1635120000000,0.5663263108793711,431605905.235899,2021-10-25
800,1635206400000,0.5554931016272352,422823677.4010516,2021-10-26
801,1635292800000,0.5764983860323226,438742360.1374879,2021-10-27
802,1635379200000,0.5426326336844023,413381741.0488925,2021-10-28
803,1635465600000,0.5521281614746096,420744130.96461034,2021-10-29
804,1635552000000,0.5532244003231498,421643286.89241797,2021-10-30
805,1635638400000,0.5348807442867649,406901565.18212456,2021-10-31
806,1635724800000,0.6702551090472185,511516057.42111397,2021-11-01
807,1635811200000,0.6775593791335643,511130700.04148245,2021-11-02
808,1635897600000,0.6876464527051271,524093858.4219001,2021-11-03
809,1635984000000,0.6952227650961802,530200459.79944533,2021-11-04
810,1636070400000,0.722137118469852,537383900.228632,2021-11-05
811,1636156800000,0.7728267353404533,589131463.0817965,2021-11-06
812,1636243200000,0.7740129673381768,590455641.57608,2021-11-07
813,1636329600000,0.7923339633584248,607786318.216939,2021-11-08
814,1636416000000,0.8099108913245654,617494380.0598761,2021-11-09
815,1636502400000,0.7587747615671144,579677647.0051041,2021-11-10
816,1636588800000,0.7564468240397019,574240295.4512589,2021-11-11
817,1636675200000,0.7909503609581626,603321018.6436049,2021-11-12
818,1636761600000,0.7627007025048933,579481502.4506392,2021-11-13
819,1636848000000,0.7574836220068851,576747480.7597717,2021-11-14
820,1636934400000,0.7399148039250547,561561261.3932956,2021-11-15
821,1637020800000,0.7697781767075752,586769041.172429,2021-11-16
822,1637107200000,0.7504636967902177,571069040.7605566,2021-11-17
823,1637193600000,0.748463517605651,568593643.1888087,2021-11-18
824,1637280000000,0.7054684767009441,531262014.7657421,2021-11-19
825,1637366400000,0.7105363388751424,538554261.7607723,2021-11-20
826,1637452800000,0.8203273781198832,624456754.7000271,2021-11-21
827,1637539200000,0.799400133810274,609926371.2002257,2021-11-22
828,1637625600000,0.7434837131111525,566583331.6148151,2021-11-23
829,1637712000000,0.7221780545733657,547597936.4405037,2021-11-24
830,1637798400000,0.702647039719468,534200102.002799,2021-11-25
831,1637884800000,0.7139599379895324,545187890.5477463,2021-11-26
832,1637971200000,0.6887693423363175,518457337.3678079,2021-11-27
833,1638057600000,0.6676761728089246,504820783.2246281,2021-11-28
834,1638144000000,0.6401329823795934,488633975.7163238,2021-11-29
835,1638230400000,0.63076590739306,480709965.0202005,2021-11-30
836,1638316800000,0.661327083805753,504276612.6597132,2021-12-01
837,1638403200000,0.6654211586343023,507220821.6819226,2021-12-02
838,1638489600000,0.6469833546326194,493611021.26345146,2021-12-03
839,1638576000000,0.6290789605091237,479113621.1530343,2021-12-04
840,1638662400000,0.6135448457891448,467242908.40932095,2021-12-05
841,1638748800000,0.5844901038286837,446154519.398513,2021-12-06
842,1638835200000,0.5506714091482932,423855557.22708565,2021-12-07
843,1638921600000,0.48138994229436327,367772769.18328935,2021-12-08
844,1639008000000,0.49480654720631895,375635660.20921105,2021-12-09
845,1639094400000,0.4420266057048312,339247346.077245,2021-12-10
846,1639180800000,0.42108400335577256,321587681.9061154,2021-12-11
847,1639267200000,0.397400323176643,303734596.31128764,2021-12-12
848,1639353600000,0.37528455187042553,293379773.527689,2021-12-13
849,1639440000000,0.3092569224650786,236234535.1164926,2021-12-14
850,1639526400000,0.3574280866430931,272161526.52518845,2021-12-15
851,1639612800000,0.38739623609902507,295369988.6032647,2021-12-16
852,1639699200000,0.3705438643966169,282120922.4236069,2021-12-17
853,1639785600000,0.3402975211285634,259548913.26242268,2021-12-18
854,1639872000000,0.3424875564198618,260841002.29000583,2021-12-19
855,1639958400000,0.3343140956552134,254226191.3886881,2021-12-20
856,1640044800000,0.3251668855192083,243985753.84613776,2021-12-21
857,1640131200000,0.337054592015005,257399216.24762958,2021-12-22
858,1640217600000,0.3424782448528223,260838704.3123897,2021-12-23
859,1640304000000,0.3562533749085084,271407299.1692923,2021-12-24
860,1640390400000,0.3711989140473346,283203073.4224639,2021-12-25
861,1640476800000,0.37066233219069467,283231144.64856386,2021-12-26
862,1640563200000,0.3872768622259238,295222580.7331824,2021-12-27
863,1640649600000,0.5078200982690195,388319761.9080292,2021-12-28
864,1640736000000,0.45171827544446624,342252230.52289635,2021-12-29
865,1640822400000,0.42867713772912003,327181875.771766,2021-12-30
866,1640908800000,0.4377104637498523,336911745.20300835,2021-12-31
867,1640995200000,0.4232252332952915,322344088.4632233,2022-01-01
868,1641081600000,0.47145886265632797,359297673.8384938,2022-01-02
869,1641168000000,0.5157463717225956,390417831.2099939,2022-01-03
870,1641254400000,0.48706814004291665,370971134.84629923,2022-01-04
871,1641340800000,0.4661347521858526,355912948.69705963,2022-01-05
872,1641427200000,0.42713172487029805,324951186.230482,2022-01-06
873,1641513600000,0.4298373466815508,328071937.8180531,2022-01-07
874,1641600000000,0.3923080511172508,299904631.9676165,2022-01-08
875,1641686400000,0.3853457887268041,292038114.9216204,2022-01-09
876,1641772800000,0.40371505746933656,308595856.6537986,2022-01-10
877,1641859200000,0.386806683634244,294605815.9717733,2022-01-11
878,1641945600000,0.3957224234400707,301929178.00343627,2022-01-12
879,1642032000000,0.39233952650316106,298842399.85545874,2022-01-13
880,1642118400000,0.37329814162029873,285264061.6048128,2022-01-14
881,1642204800000,0.359099156936212,273539191.85819364,2022-01-15
882,1642291200000,0.34796780801041116,265621692.0072195,2022-01-16
883,1642377600000,0.34896115267004557,266103795.71342126,2022-01-17
884,1642464000000,0.3518059848398252,268187461.5129673,2022-01-18
885,1642550400000,0.3330427793147907,253286907.64065218,2022-01-19
886,1642636800000,0.3135810677985162,238908011.9024826,2022-01-20
887,1642723200000,0.320600730936806,246623051.5771994,2022-01-21
888,1642809600000,0.29409237736203525,223739190.83724087,2022-01-22
889,1642896000000,0.30317032461650195,231065597.52842698,2022-01-23
890,1642982400000,0.33469581021012007,255057118.54432875,2022-01-24
891,1643068800000,0.33991129584102536,260048893.12290528,2022-01-25
892,1643155200000,0.3055614423485264,229723358.027111,2022-01-26
893,1643241600000,0.3132575272026827,236612326.8963843,2022-01-27
894,1643328000000,0.3081794648060595,234551695.03020984,2022-01-28
895,1643414400000,0.28814488288021756,218822259.08875123,2022-01-29
896,1643500800000,0.29088918592844587,221649021.27466097,2022-01-30
897,1643587200000,0.2773718687406632,209073304.91892946,2022-01-31
898,1643673600000,0.3024370982195399,230065254.85121438,2022-02-01
899,1643760000000,0.3114947400853346,236878049.83895105,2022-02-02
900,1643846400000,0.3499172751884664,266811454.71039346,2022-02-03
901,1643932800000,0.41261882358613794,314868115.99265647,2022-02-04
902,1644019200000,0.4718957635225172,358377727.75304097,2022-02-05
903,1644105600000,0.45578104236923533,347986883.825528,2022-02-06
904,1644192000000,0.42022591552192584,320207409.7690195,2022-02-07
905,1644278400000,0.40963620861035616,310014681.57484263,2022-02-08
906,1644364800000,0.4092407086447004,312218708.3570576,2022-02-09
907,1644451200000,0.42431620604233966,323535758.3241351,2022-02-10
908,1644537600000,0.4230000589975129,322311196.3908394,2022-02-11
909,1644624000000,0.36876345576368563,282196534.4698651,2022-02-12
910,1644710400000,0.3688423477499509,281234982.5989129,2022-02-13
911,1644796800000,0.3912755598487713,298113545.9119057,2022-02-14
912,1644883200000,0.37373401105192566,284599316.2131782,2022-02-15
913,1644969600000,0.38069764044384696,290737564.9436955,2022-02-16
914,1645056000000,0.3772245956758905,288218388.0601298,2022-02-17
915,1645142400000,0.35138754451116333,267589940.5867385,2022-02-18
916,1645228800000,0.36397390417120584,277398457.9758522,2022-02-19
917,1645315200000,0.34694919250080264,264203910.2450249,2022-02-20
918,1645401600000,0.31649800290805225,241191076.47153798,2022-02-21
919,1645488000000,0.2982111342352979,228875627.3237232,2022-02-22
920,1645574400000,0.31539523330114416,240416813.07535854,2022-02-23
921,1645660800000,0.31284674145250324,237771472.58334786,2022-02-24
922,1645747200000,0.3058499556123125,233513569.84324765,2022-02-25
923,1645833600000,0.30402314001672376,231433444.783588,2022-02-26
924,1645920000000,0.31252807743751637,238241310.51795074,2022-02-27
925,1646006400000,0.2914369356095638,221452785.42811856,2022-02-28
926,1646092800000,0.31092132964333863,236154554.7128344,2022-03-01
927,1646179200000,0.31379784624476403,238922166.0956742,2022-03-02
928,1646265600000,0.338694466585293,258382945.44111222,2022-03-03
929,1646352000000,0.3202677957293392,244367712.60926133,2022-03-04
930,1646438400000,0.30298062299081335,230484172.54263052,2022-03-05
931,1646524800000,0.3214337991811174,245000135.06427392,2022-03-06
932,1646611200000,0.31280198220519273,238696283.40782598,2022-03-07
933,1646697600000,0.3029892319085471,230489107.19990355,2022-03-08
934,1646784000000,0.3219244541329196,245564031.9672603,2022-03-09
935,1646870400000,0.3273658253231455,250085903.7786286,2022-03-10
936,1646956800000,0.31267102013082526,238598951.80640462,2022-03-11
937,1647043200000,0.3055657648203689,233199117.44406414,2022-03-12
938,1647129600000,0.31278597776489275,238929291.899941,2022-03-13
939,1647216000000,0.3139365179894539,239928171.99739337,2022-03-14
940,1647302400000,0.31733861465546814,241863351.06493902,2022-03-15
941,1647388800000,0.3469723244613114,264465334.10539573,2022-03-16
942,1647475200000,0.3876250120670269,297135509.8421448,2022-03-17
943,1647561600000,0.39983345679941684,304669355.45858896,2022-03-18
944,1647648000000,0.4354165159680331,331688978.77859885,2022-03-19
945,1647734400000,0.5057047817645586,383568000.5021326,2022-03-20
946,1647820800000,0.5570925112495757,424535389.462407,2022-03-21
947,1647907200000,0.5449314495399518,413611683.29782957,2022-03-22
948,1647993600000,0.5979705956854876,455574720.1820586,2022-03-23
949,1648080000000,0.6461403384974386,487383606.68519765,2022-03-24
950,1648166400000,0.5390441833932691,412204236.5180734,2022-03-25
951,1648252800000,0.5483573482324022,416760569.5226505,2022-03-26
952,1648339200000,0.5154530685634098,393733823.18918324,2022-03-27
953,1648425600000,0.5377390616889258,409535870.6981722,2022-03-28
954,1648512000000,0.5284799466760006,402835219.4512143,2022-03-29
955,1648598400000,0.4690057689671214,375168125.91319895,2022-03-30
956,1648684800000,0.46566670398856963,354893111.8573486,2022-03-31
957,1648771200000,0.3535247626892902,260100243.66867545,2022-04-01
958,1648857600000,0.3854348056314609,295114523.5750537,2022-04-02
959,1648944000000,0.36271954063969125,276152427.43264157,2022-04-03
960,1649030400000,0.33550124317296226,257530285.54778853,2022-04-04
961,1649116800000,0.3305558839653896,251933057.88985816,2022-04-05
962,1649203200000,0.3255383174451353,248823518.8611483,2022-04-06
963,1649289600000,0.3125515332719537,238733148.2261764,2022-04-07
964,1649376000000,0.25575243610705045,209100247.13479358,2022-04-08
965,1649462400000,0.26416218151777615,201547921.25769246,2022-04-09
966,1649548800000,0.2492550834137906,190070688.37791312,2022-04-10
967,1649635200000,0.2808133636723568,213591887.9937346,2022-04-11
968,1649721600000,0.25647746230386476,196144869.02036995,2022-04-12
969,1649808000000,0.3133415834034657,238815162.65215153,2022-04-13
970,1649894400000,0.32382434064448445,247189583.63119078,2022-04-14
971,1649980800000,0.3619624601236644,276094434.2978178,2022-04-15
972,1650067200000,0.3830651713181645,291609396.28129965,2022-04-16
973,1650153600000,0.39012924321556963,297320224.6766759,2022-04-17
974,1650240000000,0.33288282669037517,255231469.67111844,2022-04-18
975,1650326400000,0.3334327000109037,253620352.85173115,2022-04-19
976,1650412800000,0.3391091402490217,258548468.19955584,2022-04-20
977,1650499200000,0.3203117738626666,244289218.05116364,2022-04-21
978,1650585600000,0.2975768309716511,226125449.94508728,2022-04-22
979,1650672000000,0.32977007122162183,253143775.57093492,2022-04-23
980,1650758400000,0.35313200835410713,268946363.6283172,2022-04-24
981,1650844800000,0.29366192226681725,223269888.29896,2022-04-25
982,1650931200000,0.3171873973087159,242586205.29673228,2022-04-26
983,1651017600000,0.2840149152425406,216639600.153259,2022-04-27
984,1651104000000,0.2866421265919505,218528788.97029278,2022-04-28
985,1651190400000,0.2863271923731424,218192530.77389026,2022-04-29
986,1651276800000,0.2607610564162924,198469471.50892854,2022-04-30
987,1651363200000,0.24794870864907734,188656739.67209995,2022-05-01
988,1651449600000,0.228610157121288,174289436.32871833,2022-05-02
989,1651536000000,0.253347016600565,193491840.85062298,2022-05-03
990,1651622400000,0.2384387867577554,181746493.68092188,2022-05-04
991,1651708800000,0.26605141286678163,202869483.6425342,2022-05-05
992,1651795200000,0.23971905730253615,182949597.85402095,2022-05-06
993,1651881600000,0.2279588118996614,174063326.74813524,2022-05-07
994,1651968000000,0.21987550639236125,167697787.9586747,2022-05-08
995,1652054400000,0.20792323969382542,158403758.02752608,2022-05-09
996,1652140800000,0.1941078935231534,148549452.17913857,2022-05-10
997,1652227200000,0.19421110921294582,147015970.59618738,2022-05-11
998,1652313600000,0.13937475983025754,94117485.97379212,2022-05-12
999,1652400000000,0.10623160247413165,80786763.82262582,2022-05-13
1000,1652486400000,0.1271138440810583,98996529.7749937,2022-05-14
1001,1652572800000,0.14486745677983306,111544192.71703959,2022-05-15
1002,1652659200000,0.15142329098869864,115651139.15352823,2022-05-16
1003,1652745600000,0.13059423671377327,99384038.2570501,2022-05-17
1004,1652832000000,0.1434067567427788,108802012.6922802,2022-05-18
1005,1652918400000,0.12497985715667798,95796849.72105491,2022-05-19
1006,1653004800000,0.1458169220772548,108174411.52322796,2022-05-20
1007,1653091200000,0.1335912714369051,102242243.2535227,2022-05-21
1008,1653177600000,0.1388926548843489,105824605.8683695,2022-05-22
1009,1653264000000,0.14306285624278467,109150818.4960256,2022-05-23
1010,1653350400000,0.13564715047302658,103144403.90909632,2022-05-24
1011,1653436800000,0.1701354953297807,130072155.95248662,2022-05-25
1012,1653523200000,0.1480813294357694,113117190.57417597,2022-05-26
1013,1653609600000,0.14649639369647457,112021625.59715074,2022-05-27
1014,1653696000000,0.14050776795979605,106987773.8693472,2022-05-28
1015,1653782400000,0.14951290805903852,114239932.10247895,2022-05-29
1016,1653868800000,0.15381357549625838,116404487.3087302,2022-05-30
1017,1653955200000,0.1708015158042786,129809359.03532909,2022-05-31
1018,1654041600000,0.161631718878736,123246033.68248637,2022-06-01
1019,1654128000000,0.16462513670509438,126938217.05823895,2022-06-02
1020,1654214400000,0.15880933273181105,121239450.5703157,2022-06-03
1021,1654300800000,0.14944100305272054,114061781.42150815,2022-06-04
1022,1654387200000,0.13195631067706134,100956571.27747348,2022-06-05
1023,1654473600000,0.14812696553655752,113292742.5522604,2022-06-06
1024,1654560000000,0.16483752828146006,125582355.55640218,2022-06-07
1025,1654646400000,0.16401390687261044,125102049.5620425,2022-06-08
1026,1654732800000,0.1618817942855385,123370365.38385683,2022-06-09
1027,1654819200000,0.14363599512479291,109502668.08724034,2022-06-10
1028,1654905600000,0.12110918067130691,92932957.38722903,2022-06-11
1029,1654992000000,0.10928372055969829,83235644.92564376,2022-06-12
1030,1655078400000,0.1007987145029712,76759198.93651368,2022-06-13
1031,1655164800000,0.09621854953810756,72166214.05211663,2022-06-14
1032,1655251200000,0.09192797946512007,70267440.40119053,2022-06-15
1033,1655337600000,0.1006611362931545,76757153.68238872,2022-06-16
1034,1655424000000,0.089200790405862,68174558.21081616,2022-06-17
1035,1655510400000,0.08286886740576366,62499523.76835228,2022-06-18
1036,1655596800000,0.07378031139318286,56236617.23648967,2022-06-19
1037,1655683200000,0.08504116212748807,64886199.13672518,2022-06-20
1038,1655769600000,0.08534506234865766,65330115.086146146,2022-06-21
1039,1655856000000,0.08817081458521182,67300621.5891993,2022-06-22
1040,1655942400000,0.07931928928104245,60624069.36194192,2022-06-23
1041,1656028800000,0.07728559173335271,58594510.767105475,2022-06-24
1042,1656115200000,0.07228384030850997,54977042.29167042,2022-06-25
1043,1656201600000,0.069675069003854,52730316.84918309,2022-06-26
1044,1656288000000,0.06930648560190111,52814235.97850088,2022-06-27
1045,1656374400000,0.060667576644013906,46364208.18105346,2022-06-28
1046,1656460800000,0.05161797625451722,38786470.03680309,2022-06-29
1047,1656547200000,0.04209519316288757,32206453.107392658,2022-06-30
1048,1656633600000,0.043123582621115694,32914995.82354203,2022-07-01
1049,1656720000000,0.039212665896038584,29643379.316187263,2022-07-02
1050,1656806400000,0.041048636295799724,31344108.491785444,2022-07-03
1051,1656892800000,0.037704498363336406,28916451.445827942,2022-07-04
1052,1656979200000,0.039666359357914696,30121533.277202785,2022-07-05
1053,1657065600000,0.039943414105605236,30483937.456064623,2022-07-06
1054,1657152000000,0.04466280411065148,34026870.804715365,2022-07-07
1055,1657238400000,0.051287792446756165,39109500.91152826,2022-07-08
1056,1657324800000,0.04907621488960322,37236827.622013696,2022-07-09
1057,1657411200000,0.05447076419839073,42103308.31464621,2022-07-10
1058,1657497600000,0.07131312565681884,54418330.91400502,2022-07-11
1059,1657584000000,0.053836153544305085,41150764.693567365,2022-07-12
1060,1657670400000,0.048875598943430854,36999081.40846677,2022-07-13
1061,1657756800000,0.051319069850842176,39152726.92447714,2022-07-14
1062,1657843200000,0.050490204636099496,38445684.10144644,2022-07-15
1063,1657929600000,0.0499519489740899,38103407.06119114,2022-07-16
1064,1658016000000,0.043557849023581584,33296787.36782099,2022-07-17
1065,1658102400000,0.0410710253423194,31215852.553822912,2022-07-18
1066,1658188800000,0.04221357621080012,32152454.546604987,2022-07-19
1067,1658275200000,0.041346281466363106,31510003.715875287,2022-07-20
1068,1658361600000,0.0407718860493327,31097305.77929881,2022-07-21
1069,1658448000000,0.04092943396562762,31267552.495863147,2022-07-22
1070,1658534400000,0.040165585166175674,30657969.16851098,2022-07-23
1071,1658620800000,0.04027106259946222,30704569.249499094,2022-07-24
1072,1658707200000,0.04001099303772593,30605090.19821381,2022-07-25
1073,1658793600000,0.03925073223066046,30198036.28124053,2022-07-26
1074,1658880000000,0.03831847366322718,29170762.644074127,2022-07-27
1075,1658966400000,0.0400411163486444,30383213.5903829,2022-07-28
1076,1659052800000,0.0402114429517884,30648654.220253795,2022-07-29
1077,1659139200000,0.037401070483501324,28494290.18215185,2022-07-30
1078,1659225600000,0.031002981844061805,23610649.45180609,2022-07-31
1079,1659312000000,0.02930889021962095,22320796.619483843,2022-08-01
1080,1659398400000,0.02758068232861596,20958159.93485734,2022-08-02
1081,1659484800000,0.029585706366469594,22573639.72463127,2022-08-03
1082,1659571200000,0.028456676597312283,21547828.89048282,2022-08-04
1083,1659657600000,0.02418183764543349,18335255.23341357,2022-08-05
1084,1659744000000,0.019468722852403305,14956629.275425898,2022-08-06
1085,1659830400000,0.014870026973738314,11318795.830814268,2022-08-07
1086,1659916800000,0.012362026662817792,9411593.25231587,2022-08-08
1087,1660003200000,0.010638866824220973,8130218.865607853,2022-08-09
1088,1660089600000,0.011085166138824393,8523445.78380733,2022-08-10
1089,1660176000000,0.012048902672079781,9162675.362107916,2022-08-11
1090,1660262400000,0.016522031869959042,12439257.388801333,2022-08-12
1091,1660348800000,0.015436633402549362,11754467.314928794,2022-08-13
1092,1660435200000,0.014478114197262085,11077315.348002002,2022-08-14
1093,1660521600000,0.01246260094052608,9428259.421890574,2022-08-15
1094,1660608000000,0.011494843168914042,8779147.458239553,2022-08-16
1095,1660694400000,0.011339431278771142,8640513.094610952,2022-08-17
1096,1660780800000,0.011837296773279101,8904723.288077068,2022-08-18
1097,1660867200000,0.01098475141004536,8367512.539983837,2022-08-19
1098,1660953600000,0.00977837921101058,7465459.740785979,2022-08-20
1099,1661040000000,0.009776788300778836,7515749.138948788,2022-08-21
1100,1661126400000,0.01003978843332243,7682592.021015305,2022-08-22
1101,1661212800000,0.011119390947170559,8468881.937425787,2022-08-23
1102,1661299200000,0.012539783898988932,9556937.353761809,2022-08-24
1103,1661385600000,0.010317984702548548,8431922.890811585,2022-08-25
1104,1661472000000,0.010979709743041166,8314572.564163941,2022-08-26
1105,1661558400000,0.01001506268183682,7641669.976465426,2022-08-27
1106,1661644800000,0.009260895486617937,7083737.483498622,2022-08-28
1107,1661731200000,0.009260388913963361,7049513.877958116,2022-08-29
1108,1661817600000,0.009190037822787394,6998299.525402627,2022-08-30
1109,1661904000000,0.0089838672616376,6978492.605373386,2022-08-31
1110,1661990400000,0.008575399994621194,6550589.684203807,2022-09-01
1111,1662076800000,0.008053149213331211,6129744.511379857,2022-09-02
1112,1662163200000,0.007835272690171511,5975537.290801497,2022-09-03
1113,1662249600000,0.007904872448873982,5927716.904569031,2022-09-04
1114,1662336000000,0.007944576555413039,6055006.557621326,2022-09-05
1115,1662422400000,0.007137182107742999,5439646.048331732,2022-09-06
1116,1662508800000,0.0061839953184267445,4714326.328531127,2022-09-07
1117,1662595200000,0.005964672558358192,4531112.331075289,2022-09-08
1118,1662681600000,0.004986898471279136,3808945.1901930906,2022-09-09
1119,1662768000000,0.004914962310812966,3727303.3676178628,2022-09-10
1120,1662854400000,0.00631680006219388,4839632.498197035,2022-09-11
1121,1662940800000,0.004373635558616745,3387152.285083296,2022-09-12
1122,1663027200000,0.005356585840767034,4091452.210106847,2022-09-13
1123,1663113600000,0.004281609385291159,3299255.9496041033,2022-09-14
1124,1663200000000,0.00411871891405276,3157384.211740326,2022-09-15
1125,1663286400000,0.003827547118921218,2942082.2295578867,2022-09-16
1126,1663372800000,0.0034402815248848907,2634597.6052568713,2022-09-17
1127,1663459200000,0.004468866004695511,3465523.6394473882,2022-09-18
1128,1663545600000,0.003575806308668937,2737782.265550791,2022-09-19
1129,1663632000000,0.0035411817862518184,2672879.266735245,2022-09-20
1130,1663718400000,0.003208711202792969,2444478.3462715615,2022-09-21
1131,1663804800000,0.0031877455576871574,2427144.660383194,2022-09-22
1132,1663891200000,0.0032846314731771915,2505427.68046341,2022-09-23
1133,1663977600000,0.003138469095858754,2387241.1245962526,2022-09-24
1134,1664064000000,0.0016002041238709817,1220699.4840444226,2022-09-25
1135,1664150400000,0.002846340487341376,2172096.013956707,2022-09-26
1136,1664236800000,0.002623453575554038,2010383.0275046804,2022-09-27
1137,1664323200000,0.00258729700871915,1923604.2943329772,2022-09-28
1138,1664409600000,0.002497337319545187,1900079.9013421352,2022-09-29
1139,1664496000000,0.0026827948896513336,2038977.3405938328,2022-09-30
1140,1664582400000,0.002626606341286875,2002400.786214029,2022-10-01
1141,1664668800000,0.002681438629240607,1420970.1893548947,2022-10-02
1142,1664755200000,0.0021854174198887638,1663288.2730286978,2022-10-03
1143,1664841600000,0.002690739342716336,2048758.2272418016,2022-10-04
1144,1664928000000,0.0029076992171374575,2190052.1335378066,2022-10-05
1145,1665014400000,0.002497178856959605,1911386.8463652746,2022-10-06
1146,1665100800000,0.0026833409080476373,2050563.5878173248,2022-10-07
1147,1665187200000,0.002931860664537879,2266433.6977382787,2022-10-08
1148,1665273600000,0.005879019918760886,4025354.933293599,2022-10-09
1149,1665360000000,0.00466426774061172,3493272.9533460764,2022-10-10
1150,1665446400000,0.006122549043400284,4684661.364789778,2022-10-11
1151,1665532800000,0.012727322930994187,9676304.871808305,2022-10-12
1152,1665619200000,0.011641312647990556,8814883.754186163,2022-10-13
1153,1665705600000,0.009597295515554606,7321716.251777038,2022-10-14
1154,1665792000000,0.007110856663210629,5453523.394333226,2022-10-15
1155,1665878400000,0.006841379554627508,5215909.574320874,2022-10-16
1156,1665964800000,0.006339984293756384,4835318.859530563,2022-10-17
1157,1666051200000,0.007534495169612226,5762861.9811374955,2022-10-18
1158,1666137600000,0.007235043103545133,5537045.028951436,2022-10-19
1159,1666224000000,0.006514705661795183,4967101.316988235,2022-10-20
1160,1666310400000,0.005267495985560152,4024590.1171845156,2022-10-21
1161,1666396800000,0.004791405909568748,3660491.2844604477,2022-10-22
1162,1666483200000,0.006326477772429047,4755132.783278434,2022-10-23
1163,1666569600000,0.005720079010767493,4385205.143629215,2022-10-24
1164,1666656000000,0.008101773489817228,5926192.970387469,2022-10-25
1165,1666742400000,0.006547616941783237,4979042.685107372,2022-10-26
1166,1666828800000,0.007052492984398945,5294653.037983804,2022-10-27
1167,1666915200000,0.005897052902588639,4505243.826087397,2022-10-28
1168,1667001600000,0.005823702297925379,4442516.167170293,2022-10-29
1169,1667088000000,0.005314849197921559,4036923.8486305885,2022-10-30
1170,1667174400000,0.005346282006109073,4136671.828979286,2022-10-31
1171,1667260800000,0.004870551865460316,3702701.7546072705,2022-11-01
1172,1667347200000,0.004464521767618564,3402376.483578201,2022-11-02
1173,1667433600000,0.005026932223285712,3846472.4831767813,2022-11-03
1174,1667520000000,0.005698233361692024,4351710.974825618,2022-11-04
1175,1667606400000,0.005827492575539783,4441019.029189888,2022-11-05
1176,1667692800000,0.005584467662948426,4257477.385976908,2022-11-06
1177,1667779200000,0.005956526043755291,4392829.7558049625,2022-11-07
1178,1667865600000,0.007877938422431527,6058160.372525033,2022-11-08
1179,1667952000000,0.0072798054960034175,5570232.565249949,2022-11-09
1180,1668038400000,0.0047537808982012625,3615632.678236306,2022-11-10
1181,1668124800000,0.005716897719751588,4364462.361830135,2022-11-11
1182,1668211200000,0.005762959151464089,4331340.581350635,2022-11-12
1183,1668297600000,0.005719724683982406,4363760.047865874,2022-11-13
1184,1668384000000,0.004953241220591198,3785877.386100097,2022-11-14
1185,1668470400000,0.0052559447444018685,4041127.4765597135,2022-11-15
1186,1668556800000,0.005989532367617852,4570626.8386175865,2022-11-16
