,Time,open,mktcap,Date
0,1595548800000,0.04270959838603647,0.0,2020-07-24
1,1595635200000,0.04270959838603647,0.0,2020-07-25
2,1595721600000,0.041876249246078474,0.0,2020-07-26
3,1595808000000,0.0410353638203225,0.0,2020-07-27
4,1595894400000,0.044479876193033,0.0,2020-07-28
5,1595980800000,0.05535696878108006,0.0,2020-07-29
6,1596067200000,0.056604086495526326,0.0,2020-07-30
7,1596153600000,0.0472475730613524,0.0,2020-07-31
8,1596240000000,0.04472242161270561,0.0,2020-08-01
9,1596326400000,0.04656376515219994,0.0,2020-08-02
10,1596412800000,0.04936053748104613,0.0,2020-08-03
11,1596499200000,0.04892598702092208,0.0,2020-08-04
12,1596585600000,0.04818238212842319,0.0,2020-08-05
13,1596672000000,0.04672842411731765,0.0,2020-08-06
14,1596758400000,0.0472084983178379,0.0,2020-08-07
15,1596844800000,0.04817654085508344,0.0,2020-08-08
16,1596931200000,0.050285154795826875,0.0,2020-08-09
17,1597017600000,0.05043158436797407,0.0,2020-08-10
18,1597104000000,0.05033266624487047,0.0,2020-08-11
19,1597190400000,0.04882406109189961,0.0,2020-08-12
20,1597276800000,0.0483411350531163,0.0,2020-08-13
21,1597363200000,0.04896037573441582,0.0,2020-08-14
22,1597449600000,0.048913795269636434,0.0,2020-08-15
23,1597536000000,0.04905221484745354,0.0,2020-08-16
24,1597622400000,0.04948424846158628,0.0,2020-08-17
25,1597708800000,0.07044015246781223,0.0,2020-08-18
26,1597795200000,0.06611025987837396,0.0,2020-08-19
27,1597881600000,0.06701090503165309,0.0,2020-08-20
28,1597968000000,0.06492560892668323,0.0,2020-08-21
29,1598054400000,0.06310248131343842,0.0,2020-08-22
30,1598140800000,0.06698825307368904,0.0,2020-08-23
31,1598227200000,0.06721783279482975,0.0,2020-08-24
32,1598313600000,0.07782989416988928,0.0,2020-08-25
33,1598400000000,0.07058830139415277,0.0,2020-08-26
34,1598486400000,0.07435054225693159,0.0,2020-08-27
35,1598572800000,0.06730523504599313,0.0,2020-08-28
36,1598659200000,0.06791556437933448,0.0,2020-08-29
37,1598745600000,0.06713277359701525,0.0,2020-08-30
38,1598832000000,0.06668039286547602,0.0,2020-08-31
39,1598918400000,0.061591355631700866,0.0,2020-09-01
40,1599004800000,0.060590497523259304,0.0,2020-09-02
41,1599091200000,0.05636982643257965,0.0,2020-09-03
42,1599177600000,0.041430642637932474,0.0,2020-09-04
43,1599264000000,0.03922108186815377,0.0,2020-09-05
44,1599350400000,0.03367432216241712,0.0,2020-09-06
45,1599436800000,0.03376883940700979,0.0,2020-09-07
46,1599523200000,0.03338746449066083,0.0,2020-09-08
47,1599609600000,0.03621617025774805,0.0,2020-09-09
48,1599696000000,0.0374944153175169,0.0,2020-09-10
49,1599782400000,0.038353994963685537,0.0,2020-09-11
50,1599868800000,0.036731970474100525,0.0,2020-09-12
51,1599955200000,0.03694320590501472,0.0,2020-09-13
52,1600041600000,0.035721988863051155,0.0,2020-09-14
53,1600128000000,0.03678677655568606,0.0,2020-09-15
54,1600214400000,0.03449142759488139,0.0,2020-09-16
55,1600300800000,0.033126632333955186,0.0,2020-09-17
56,1600387200000,0.03258886834376848,0.0,2020-09-18
57,1600473600000,0.03472966062145419,0.0,2020-09-19
58,1600560000000,0.034163967060841405,0.0,2020-09-20
59,1600646400000,0.03356465981561655,0.0,2020-09-21
60,1600732800000,0.02945678406761991,0.0,2020-09-22
61,1600819200000,0.028046395693709703,0.0,2020-09-23
62,1600905600000,0.027709527251577815,0.0,2020-09-24
63,1600992000000,0.02825542008991688,0.0,2020-09-25
64,1601078400000,0.02965307626925958,0.0,2020-09-26
65,1601164800000,0.031039257290808357,0.0,2020-09-27
66,1601251200000,0.03084345774279616,0.0,2020-09-28
67,1601337600000,0.03099455267955667,0.0,2020-09-29
68,1601424000000,0.031148330137790014,0.0,2020-09-30
69,1601510400000,0.03204710564360899,0.0,2020-10-01
70,1601596800000,0.03110641286099285,0.0,2020-10-02
71,1601683200000,0.029782848102617915,0.0,2020-10-03
72,1601769600000,0.029301269421885105,0.0,2020-10-04
73,1601856000000,0.029450906605087736,0.0,2020-10-05
74,1601942400000,0.02912962838731756,0.0,2020-10-06
75,1602028800000,0.0279738160503494,0.0,2020-10-07
76,1602115200000,0.028138767835615138,0.0,2020-10-08
77,1602201600000,0.029281846222215222,0.0,2020-10-09
78,1602288000000,0.031740189740939936,0.0,2020-10-10
79,1602374400000,0.03174875012275189,0.0,2020-10-11
80,1602460800000,0.030995511110896126,0.0,2020-10-12
81,1602547200000,0.032373123867641684,0.0,2020-10-13
82,1602633600000,0.03173136641867277,0.0,2020-10-14
83,1602720000000,0.03079137464657716,0.0,2020-10-15
84,1602806400000,0.029230771032079345,0.0,2020-10-16
85,1602892800000,0.02853764043843722,0.0,2020-10-17
86,1602979200000,0.02904971956154443,0.0,2020-10-18
87,1603065600000,0.02929966636470314,0.0,2020-10-19
88,1603152000000,0.02849712833251842,0.0,2020-10-20
89,1603238400000,0.028006585502780592,0.0,2020-10-21
90,1603324800000,0.02836215293169198,0.0,2020-10-22
91,1603411200000,0.029028123652772346,0.0,2020-10-23
92,1603497600000,0.028830015508831967,0.0,2020-10-24
93,1603584000000,0.029897236054068965,0.0,2020-10-25
94,1603670400000,0.029405399832741295,0.0,2020-10-26
95,1603756800000,0.028923227247000152,0.0,2020-10-27
96,1603843200000,0.027179853419576832,0.0,2020-10-28
97,1603929600000,0.026008667574339218,0.0,2020-10-29
98,1604016000000,0.0263617308289232,0.0,2020-10-30
99,1604102400000,0.024585851934562246,0.0,2020-10-31
100,1604188800000,0.024537580040751617,0.0,2020-11-01
101,1604275200000,0.0250141390116871,0.0,2020-11-02
102,1604361600000,0.02413790655164404,0.0,2020-11-03
103,1604448000000,0.023022372049792877,0.0,2020-11-04
104,1604534400000,0.022435677585100858,0.0,2020-11-05
105,1604620800000,0.024286174984596388,0.0,2020-11-06
106,1604707200000,0.02615111520316508,0.0,2020-11-07
107,1604793600000,0.024312533435798964,0.0,2020-11-08
108,1604880000000,0.02512699247228334,0.0,2020-11-09
109,1604966400000,0.02467896319143521,0.0,2020-11-10
110,1605052800000,0.025061664974920583,0.0,2020-11-11
111,1605139200000,0.029872384127193084,0.0,2020-11-12
112,1605225600000,0.027215318827909306,0.0,2020-11-13
113,1605312000000,0.027499084206174702,0.0,2020-11-14
114,1605398400000,0.02666816292263248,0.0,2020-11-15
115,1605484800000,0.026379740201928917,0.0,2020-11-16
116,1605571200000,0.025824441609516028,0.0,2020-11-17
117,1605657600000,0.025653299482225438,0.0,2020-11-18
118,1605744000000,0.024463900672270233,0.0,2020-11-19
119,1605830400000,0.024314318848012415,0.0,2020-11-20
120,1605916800000,0.025048052618337216,0.0,2020-11-21
121,1606003200000,0.025923315887037824,0.0,2020-11-22
122,1606089600000,0.025677104463865136,0.0,2020-11-23
123,1606176000000,0.025923030458018945,0.0,2020-11-24
124,1606262400000,0.02673691666364418,0.0,2020-11-25
125,1606348800000,0.027911190971561715,0.0,2020-11-26
126,1606435200000,0.02416159756615345,0.0,2020-11-27
127,1606521600000,0.02439453243886971,0.0,2020-11-28
128,1606608000000,0.024825462004660716,0.0,2020-11-29
129,1606694400000,0.02526769456866276,0.0,2020-11-30
130,1606780800000,0.025672954888755015,0.0,2020-12-01
131,1606867200000,0.0272266250808002,0.0,2020-12-02
132,1606953600000,0.02828013737524637,0.0,2020-12-03
133,1607040000000,0.027925514308824072,0.0,2020-12-04
134,1607126400000,0.026561238018092983,0.0,2020-12-05
135,1607212800000,0.027476012602829173,0.0,2020-12-06
136,1607299200000,0.028681733748851978,0.0,2020-12-07
137,1607385600000,0.029598788515936707,0.0,2020-12-08
138,1607472000000,0.027393257357180407,0.0,2020-12-09
139,1607558400000,0.027040104339253686,0.0,2020-12-10
140,1607644800000,0.026037342099515987,0.0,2020-12-11
141,1607731200000,0.024848842217219308,0.0,2020-12-12
142,1607817600000,0.025289907586926577,0.0,2020-12-13
143,1607904000000,0.025152003076360455,0.0,2020-12-14
144,1607990400000,0.025171459076920328,0.0,2020-12-15
145,1608076800000,0.025605129756289074,0.0,2020-12-16
146,1608163200000,0.02684849842745701,0.0,2020-12-17
147,1608249600000,0.026126681746985733,0.0,2020-12-18
148,1608336000000,0.02683376592928958,0.0,2020-12-19
149,1608422400000,0.028062111422164016,0.0,2020-12-20
150,1608508800000,0.027652549761281314,0.0,2020-12-21
151,1608595200000,0.026303059426819084,0.0,2020-12-22
152,1608681600000,0.026362815019017098,0.0,2020-12-23
153,1608768000000,0.02256867719124718,0.0,2020-12-24
154,1608854400000,0.023390498262081883,0.0,2020-12-25
155,1608940800000,0.023027130747997043,0.0,2020-12-26
156,1609027200000,0.02298457910639536,0.0,2020-12-27
157,1609113600000,0.02265171547809282,0.0,2020-12-28
158,1609200000000,0.023185739977741277,0.0,2020-12-29
159,1609286400000,0.024216909484595494,0.0,2020-12-30
160,1609372800000,0.02324527186618524,0.0,2020-12-31
161,1609459200000,0.02276420726998193,0.0,2021-01-01
162,1609545600000,0.024179834284018764,0.0,2021-01-02
163,1609632000000,0.02551779039943552,0.0,2021-01-03
164,1609718400000,0.024796614545387993,0.0,2021-01-04
165,1609804800000,0.024306922402378337,0.0,2021-01-05
166,1609891200000,0.024068787149210315,0.0,2021-01-06
167,1609977600000,0.024660157029288386,0.0,2021-01-07
168,1610064000000,0.02467545907439468,0.0,2021-01-08
169,1610150400000,0.025266162855279432,0.0,2021-01-09
170,1610236800000,0.026448402770948662,0.0,2021-01-10
171,1610323200000,0.025088962130786863,0.0,2021-01-11
172,1610409600000,0.022974299778132572,0.0,2021-01-12
173,1610496000000,0.022805184838798093,0.0,2021-01-13
174,1610582400000,0.02365351833019136,0.0,2021-01-14
175,1610668800000,0.02447041015236024,0.0,2021-01-15
176,1610755200000,0.02394993446382757,0.0,2021-01-16
177,1610841600000,0.02514703023990097,0.0,2021-01-17
178,1610928000000,0.024800135545677525,0.0,2021-01-18
179,1611014400000,0.02515416521037534,0.0,2021-01-19
180,1611100800000,0.02487866134635233,0.0,2021-01-20
181,1611187200000,0.024753333441879456,0.0,2021-01-21
182,1611273600000,0.024517497642372644,0.0,2021-01-22
183,1611360000000,0.02395971854056446,0.0,2021-01-23
184,1611446400000,0.023338842644793568,0.0,2021-01-24
185,1611532800000,0.023218412015700598,0.0,2021-01-25
186,1611619200000,0.02294735182350641,0.0,2021-01-26
187,1611705600000,0.022716874089785462,0.0,2021-01-27
188,1611792000000,0.021717525754097057,0.0,2021-01-28
189,1611878400000,0.022242779492089786,0.0,2021-01-29
190,1611964800000,0.022189077443150032,0.0,2021-01-30
191,1612051200000,0.021905916500492745,0.0,2021-01-31
192,1612137600000,0.021676312264735702,0.0,2021-02-01
193,1612224000000,0.02106341675699648,0.0,2021-02-02
194,1612310400000,0.02173788665085085,0.0,2021-02-03
195,1612396800000,0.02285034133743392,0.0,2021-02-04
196,1612483200000,0.022470660075385018,0.0,2021-02-05
197,1612569600000,0.0234070411411047,0.0,2021-02-06
198,1612656000000,0.02277103563689688,0.0,2021-02-07
199,1612742400000,0.023025016438655895,0.0,2021-02-08
200,1612828800000,0.02340093185624388,0.0,2021-02-09
201,1612915200000,0.024047639276288838,0.0,2021-02-10
202,1613001600000,0.02516452669913326,0.0,2021-02-11
203,1613088000000,0.026674902447106727,0.0,2021-02-12
204,1613174400000,0.028958752202804264,0.0,2021-02-13
205,1613260800000,0.03116462983597337,0.0,2021-02-14
206,1613347200000,0.030443360805769256,0.0,2021-02-15
207,1613433600000,0.030230235667848167,0.0,2021-02-16
208,1613520000000,0.030961643953149955,0.0,2021-02-17
209,1613606400000,0.035691145009607864,0.0,2021-02-18
210,1613692800000,0.052553191506003384,0.0,2021-02-19
211,1613779200000,0.05408360706760557,0.0,2021-02-20
212,1613865600000,0.05654168397589384,0.0,2021-02-21
213,1613952000000,0.05952267509916369,0.0,2021-02-22
214,1614038400000,0.05730498941846701,0.0,2021-02-23
215,1614124800000,0.0417981918200939,0.0,2021-02-24
216,1614211200000,0.04371204464308962,0.0,2021-02-25
217,1614297600000,0.04477561774177063,0.0,2021-02-26
218,1614384000000,0.05542603072558399,0.0,2021-02-27
219,1614470400000,0.055603126382912746,0.0,2021-02-28
220,1614556800000,0.04889231693628545,0.0,2021-03-01
221,1614643200000,0.054065601046171925,0.0,2021-03-02
222,1614729600000,0.052724845953572574,0.0,2021-03-03
223,1614816000000,0.11962756704213079,0.0,2021-03-04
224,1614902400000,0.10596031932882191,0.0,2021-03-05
225,1614988800000,0.10077313554653756,0.0,2021-03-06
226,1615075200000,0.10269554123900651,0.0,2021-03-07
227,1615161600000,0.10355705375422126,0.0,2021-03-08
228,1615248000000,0.11389089329140945,0.0,2021-03-09
229,1615334400000,0.12229662942844612,0.0,2021-03-10
230,1615420800000,0.13098100957507175,0.0,2021-03-11
231,1615507200000,0.1600488671446675,0.0,2021-03-12
232,1615593600000,0.1731366208053529,0.0,2021-03-13
233,1615680000000,0.18541647086498844,0.0,2021-03-14
234,1615766400000,0.30140937786585065,0.0,2021-03-15
235,1615852800000,0.5025726241366727,0.0,2021-03-16
236,1615939200000,0.30565996878261037,0.0,2021-03-17
237,1616025600000,0.32396028586872133,0.0,2021-03-18
238,1616112000000,0.2979007725560222,0.0,2021-03-19
239,1616198400000,0.2950777946763412,0.0,2021-03-20
240,1616284800000,0.26181720968775396,0.0,2021-03-21
241,1616371200000,0.2751608838908736,0.0,2021-03-22
242,1616457600000,0.25872617293276057,0.0,2021-03-23
243,1616544000000,0.26072895119448153,0.0,2021-03-24
244,1616630400000,0.24339352261884326,0.0,2021-03-25
245,1616716800000,0.2526901201655503,0.0,2021-03-26
246,1616803200000,0.2683636304478425,0.0,2021-03-27
247,1616889600000,0.349202280694039,0.0,2021-03-28
248,1616976000000,0.31777285082000717,0.0,2021-03-29
249,1617062400000,0.3081214483311916,0.0,2021-03-30
250,1617148800000,0.31015798953808793,0.0,2021-03-31
251,1617235200000,0.3146232622527396,0.0,2021-04-01
252,1617321600000,0.34204681474925347,0.0,2021-04-02
253,1617408000000,0.363367513246186,0.0,2021-04-03
254,1617494400000,0.3509440340705886,0.0,2021-04-04
255,1617580800000,0.3717545150175688,0.0,2021-04-05
256,1617667200000,0.3052556042226602,0.0,2021-04-06
257,1617753600000,0.2793977444459349,0.0,2021-04-07
258,1617840000000,0.2191806570207506,0.0,2021-04-08
259,1617926400000,0.2595308216530168,0.0,2021-04-09
260,1618012800000,0.2798757061076174,0.0,2021-04-10
261,1618099200000,0.2635282551346521,0.0,2021-04-11
262,1618185600000,0.26579391482224135,0.0,2021-04-12
263,1618272000000,0.2674047718108016,0.0,2021-04-13
264,1618358400000,0.2633036715346297,0.0,2021-04-14
265,1618444800000,0.24087157489033925,0.0,2021-04-15
266,1618531200000,0.2513753750853657,0.0,2021-04-16
267,1618617600000,0.23181788155592062,0.0,2021-04-17
268,1618704000000,0.24279897733553815,0.0,2021-04-18
269,1618790400000,0.22432767752897953,0.0,2021-04-19
270,1618876800000,0.24296863202140556,0.0,2021-04-20
271,1618963200000,0.25211198897425663,0.0,2021-04-21
272,1619049600000,0.26647826940281155,0.0,2021-04-22
273,1619136000000,0.2236895392625167,0.0,2021-04-23
274,1619222400000,0.201872010604226,0.0,2021-04-24
275,1619308800000,0.1816564666708147,0.0,2021-04-25
276,1619395200000,0.18411926086326677,0.0,2021-04-26
277,1619481600000,0.2467833048213031,0.0,2021-04-27
278,1619568000000,0.25300373421604,0.0,2021-04-28
279,1619654400000,0.24999772465109865,0.0,2021-04-29
280,1619740800000,0.22870954266621316,0.0,2021-04-30
281,1619827200000,0.25150321750451543,0.0,2021-05-01
282,1619913600000,0.2506443905826685,0.0,2021-05-02
283,1620000000000,0.236610595214771,0.0,2021-05-03
284,1620086400000,0.2366884926216853,0.0,2021-05-04
285,1620172800000,0.20748041965864414,0.0,2021-05-05
286,1620259200000,0.21713805492594646,0.0,2021-05-06
287,1620345600000,0.2042663464579844,0.0,2021-05-07
288,1620432000000,0.2173036053010248,0.0,2021-05-08
289,1620518400000,0.21065553827253963,0.0,2021-05-09
290,1620604800000,0.23392004151190096,0.0,2021-05-10
291,1620691200000,0.18838501856490913,0.0,2021-05-11
292,1620777600000,0.20580258810045648,0.0,2021-05-12
293,1620864000000,0.19469756736045482,0.0,2021-05-13
294,1620950400000,0.18283234602695247,0.0,2021-05-14
295,1621036800000,0.18880486720859227,0.0,2021-05-15
296,1621123200000,0.17465441817318827,0.0,2021-05-16
297,1621209600000,0.18634321919513283,0.0,2021-05-17
298,1621296000000,0.1688549477992664,0.0,2021-05-18
299,1621382400000,0.17670654537558908,0.0,2021-05-19
300,1621468800000,0.14892969771711353,0.0,2021-05-20
301,1621555200000,0.16107534474049334,0.0,2021-05-21
302,1621641600000,0.16100004362679604,0.0,2021-05-22
303,1621728000000,0.16350883222247162,0.0,2021-05-23
304,1621814400000,0.14348762050954056,0.0,2021-05-24
305,1621900800000,0.16292321718886174,0.0,2021-05-25
306,1621987200000,0.14408272029959954,0.0,2021-05-26
307,1622073600000,0.15704150483654034,0.0,2021-05-27
308,1622160000000,0.16125390637310646,0.0,2021-05-28
309,1622246400000,0.14020709717442864,0.0,2021-05-29
310,1622332800000,0.13432721285283086,0.0,2021-05-30
311,1622419200000,0.14609334093819792,0.0,2021-05-31
312,1622505600000,0.14756270006059938,0.0,2021-06-01
313,1622592000000,0.1468623461767868,0.0,2021-06-02
314,1622678400000,0.14798942532371218,0.0,2021-06-03
315,1622764800000,0.16555458084669267,0.0,2021-06-04
316,1622851200000,0.16757149697653914,0.0,2021-06-05
317,1622937600000,0.17059736319024582,0.0,2021-06-06
318,1623024000000,0.17127919483639542,0.0,2021-06-07
319,1623110400000,0.14899567587250015,0.0,2021-06-08
320,1623196800000,0.15915536235705263,0.0,2021-06-09
321,1623283200000,0.15739989518362937,0.0,2021-06-10
322,1623369600000,0.15975260661704246,0.0,2021-06-11
323,1623456000000,0.1385646675023885,0.0,2021-06-12
324,1623542400000,0.1133087249798124,0.0,2021-06-13
325,1623628800000,0.11710199787487136,0.0,2021-06-14
326,1623715200000,0.11981469309131487,0.0,2021-06-15
327,1623801600000,0.12332072471084551,0.0,2021-06-16
328,1623888000000,0.11721635995776936,0.0,2021-06-17
329,1623974400000,0.11003776080343447,0.0,2021-06-18
330,1624060800000,0.09933218405516339,0.0,2021-06-19
331,1624147200000,0.10110917689874084,0.0,2021-06-20
332,1624233600000,0.09222719429820878,0.0,2021-06-21
333,1624320000000,0.05935022883565406,0.0,2021-06-22
334,1624406400000,0.050922614922835896,0.0,2021-06-23
335,1624492800000,0.05555890534973573,0.0,2021-06-24
336,1624579200000,0.06313467726294937,0.0,2021-06-25
337,1624665600000,0.059116325179077375,0.0,2021-06-26
338,1624752000000,0.06012626692860711,0.0,2021-06-27
339,1624838400000,0.061309379451208304,0.0,2021-06-28
340,1624924800000,0.0866216102151152,0.0,2021-06-29
341,1625011200000,0.09096628478221523,0.0,2021-06-30
342,1625097600000,0.09010134262849433,0.0,2021-07-01
343,1625184000000,0.09780385542072069,0.0,2021-07-02
344,1625270400000,0.0945149048014738,0.0,2021-07-03
345,1625356800000,0.10339730041852263,0.0,2021-07-04
346,1625443200000,0.10871486485383368,0.0,2021-07-05
347,1625529600000,0.11574132020426128,0.0,2021-07-06
348,1625616000000,0.11697882645004211,0.0,2021-07-07
349,1625702400000,0.11553022446227316,0.0,2021-07-08
350,1625788800000,0.09593914352644263,0.0,2021-07-09
351,1625875200000,0.09951128606694966,0.0,2021-07-10
352,1625961600000,0.10474922684562145,0.0,2021-07-11
353,1626048000000,0.10731940638637663,0.0,2021-07-12
354,1626134400000,0.10586519367279418,0.0,2021-07-13
355,1626220800000,0.10432500650914849,0.0,2021-07-14
356,1626307200000,0.10043246092375814,0.0,2021-07-15
357,1626393600000,0.09724126343015824,0.0,2021-07-16
358,1626480000000,0.08517983768630168,0.0,2021-07-17
359,1626566400000,0.09083349314067017,0.0,2021-07-18
360,1626652800000,0.09144099052265497,0.0,2021-07-19
361,1626739200000,0.08754865758948452,0.0,2021-07-20
362,1626825600000,0.07926464227131991,0.0,2021-07-21
363,1626912000000,0.08636532794437772,0.0,2021-07-22
364,1626998400000,0.08945399421528591,0.0,2021-07-23
365,1627084800000,0.09026125629150185,0.0,2021-07-24
366,1627171200000,0.0919125734641392,0.0,2021-07-25
367,1627257600000,0.09028906543516889,0.0,2021-07-26
368,1627344000000,0.09167534457875522,0.0,2021-07-27
369,1627430400000,0.10152131145376725,0.0,2021-07-28
370,1627516800000,0.10074441384552213,0.0,2021-07-29
371,1627603200000,0.11023966697983499,0.0,2021-07-30
372,1627689600000,0.12162070652541034,0.0,2021-07-31
373,1627776000000,0.12063822168246707,0.0,2021-08-01
374,1627862400000,0.11467640527800546,0.0,2021-08-02
375,1627948800000,0.1130043800303646,0.0,2021-08-03
376,1628035200000,0.11657955830815754,0.0,2021-08-04
377,1628121600000,0.11701730637093914,0.0,2021-08-05
378,1628208000000,0.12761330677777294,0.0,2021-08-06
379,1628294400000,0.1413523138642436,0.0,2021-08-07
380,1628380800000,0.16315610441265027,0.0,2021-08-08
381,1628467200000,0.17006790456060536,0.0,2021-08-09
382,1628553600000,0.16663881996271127,0.0,2021-08-10
383,1628640000000,0.16504009433116595,0.0,2021-08-11
384,1628726400000,0.1672492276326466,0.0,2021-08-12
385,1628812800000,0.15899037008875377,0.0,2021-08-13
386,1628899200000,0.16617406744635205,0.0,2021-08-14
387,1628985600000,0.17113625989422246,0.0,2021-08-15
388,1629072000000,0.17461392709874965,0.0,2021-08-16
389,1629158400000,0.1680932321305301,0.0,2021-08-17
390,1629244800000,0.1580205421021249,0.0,2021-08-18
391,1629331200000,0.1554169443613362,0.0,2021-08-19
392,1629417600000,0.16234925582485896,0.0,2021-08-20
393,1629504000000,0.16681489501823035,0.0,2021-08-21
394,1629590400000,0.17869577326822828,0.0,2021-08-22
395,1629676800000,0.17355900541871994,0.0,2021-08-23
396,1629763200000,0.18137190533958095,0.0,2021-08-24
397,1629849600000,0.17502604963269383,0.0,2021-08-25
398,1629936000000,0.17941371463096384,0.0,2021-08-26
399,1630022400000,0.16570981195206982,0.0,2021-08-27
400,1630108800000,0.17119351632409152,0.0,2021-08-28
401,1630195200000,0.16688193290755157,0.0,2021-08-29
402,1630281600000,0.16598903267987142,0.0,2021-08-30
403,1630368000000,0.16628142442352212,0.0,2021-08-31
404,1630454400000,0.16558301093720404,0.0,2021-09-01
405,1630540800000,0.17133242151121328,0.0,2021-09-02
406,1630627200000,0.17271844314755325,0.0,2021-09-03
407,1630713600000,0.17741001762726832,0.0,2021-09-04
408,1630800000000,0.19544279732220549,0.0,2021-09-05
409,1630886400000,0.1967189799924602,0.0,2021-09-06
410,1630972800000,0.19967921938294253,0.0,2021-09-07
411,1631059200000,0.1633077856143578,0.0,2021-09-08
412,1631145600000,0.16080809072075414,0.0,2021-09-09
413,1631232000000,0.16827373958335215,0.0,2021-09-10
414,1631318400000,0.16050492717547016,0.0,2021-09-11
415,1631404800000,0.16310275888148792,0.0,2021-09-12
416,1631491200000,0.1631069662174375,0.0,2021-09-13
417,1631577600000,0.15340781455916672,0.0,2021-09-14
418,1631664000000,0.15862592869105857,0.0,2021-09-15
419,1631750400000,0.1603563183921353,0.0,2021-09-16
420,1631836800000,0.1566526816582483,0.0,2021-09-17
421,1631923200000,0.1654960440491382,0.0,2021-09-18
422,1632009600000,0.16225100798613376,0.0,2021-09-19
423,1632096000000,0.1589847641630588,0.0,2021-09-20
424,1632182400000,0.13624182778113686,0.0,2021-09-21
425,1632268800000,0.12229613402464218,0.0,2021-09-22
426,1632355200000,0.13608488268420438,0.0,2021-09-23
427,1632441600000,0.13779144971187962,0.0,2021-09-24
428,1632528000000,0.12537067924285605,0.0,2021-09-25
429,1632614400000,0.12538443086821408,0.0,2021-09-26
430,1632700800000,0.12255827141561891,0.0,2021-09-27
431,1632787200000,0.11698297178232687,0.0,2021-09-28
432,1632873600000,0.10938455097639878,0.0,2021-09-29
433,1632960000000,0.11191404585181107,0.0,2021-09-30
434,1633046400000,0.12223979379688542,0.0,2021-10-01
435,1633132800000,0.1372122623710604,0.0,2021-10-02
436,1633219200000,0.14051547146731183,0.0,2021-10-03
437,1633305600000,0.13960609371547303,0.0,2021-10-04
438,1633392000000,0.13496805401219156,0.0,2021-10-05
439,1633478400000,0.14804616350681477,0.0,2021-10-06
440,1633564800000,0.15172564296322646,0.0,2021-10-07
441,1633651200000,0.1601947823881002,0.0,2021-10-08
442,1633737600000,0.17211163655813128,0.0,2021-10-09
443,1633824000000,0.159529598745305,0.0,2021-10-10
444,1633910400000,0.1684976522265359,0.0,2021-10-11
445,1633996800000,0.16184243124950487,0.0,2021-10-12
446,1634083200000,0.15176270398494163,0.0,2021-10-13
447,1634169600000,0.1565812961732607,0.0,2021-10-14
448,1634256000000,0.15551254385324775,0.0,2021-10-15
449,1634342400000,0.14445927610439926,0.0,2021-10-16
450,1634428800000,0.14514701175083108,0.0,2021-10-17
451,1634515200000,0.1415537766612443,0.0,2021-10-18
452,1634601600000,0.14644150623518112,0.0,2021-10-19
453,1634688000000,0.14568763982265978,0.0,2021-10-20
454,1634774400000,0.14866062850562622,0.0,2021-10-21
455,1634860800000,0.1455433427582159,0.0,2021-10-22
456,1634947200000,0.14699735371700604,0.0,2021-10-23
457,1635033600000,0.15012814524903162,0.0,2021-10-24
458,1635120000000,0.14610637838408988,0.0,2021-10-25
459,1635206400000,0.14866850218095987,0.0,2021-10-26
460,1635292800000,0.14752337658553136,0.0,2021-10-27
461,1635379200000,0.1326152305587506,0.0,2021-10-28
462,1635465600000,0.1371159379746552,0.0,2021-10-29
463,1635552000000,0.14054826082652866,0.0,2021-10-30
464,1635638400000,0.16066780004135886,0.0,2021-10-31
465,1635724800000,0.15813949455839757,0.0,2021-11-01
466,1635811200000,0.1941923139791036,0.0,2021-11-02
467,1635897600000,0.26070631338843053,0.0,2021-11-03
468,1635984000000,0.20615062781933843,0.0,2021-11-04
469,1636070400000,0.17543337500453252,0.0,2021-11-05
470,1636156800000,0.16917683026072755,0.0,2021-11-06
471,1636243200000,0.171773503608624,0.0,2021-11-07
472,1636329600000,0.16582992340187905,0.0,2021-11-08
473,1636416000000,0.15804615232068284,0.0,2021-11-09
474,1636502400000,0.16110907436224026,0.0,2021-11-10
475,1636588800000,0.1619556412181011,0.0,2021-11-11
476,1636675200000,0.15960664826693594,0.0,2021-11-12
477,1636761600000,0.1575934432461801,0.0,2021-11-13
478,1636848000000,0.15935558464057056,0.0,2021-11-14
479,1636934400000,0.16179265752182528,0.0,2021-11-15
480,1637020800000,0.16890486747806965,0.0,2021-11-16
481,1637107200000,0.17295276488785905,0.0,2021-11-17
482,1637193600000,0.18877472659270125,0.0,2021-11-18
483,1637280000000,0.15534024992555717,0.0,2021-11-19
484,1637366400000,0.1735269909749318,0.0,2021-11-20
485,1637452800000,0.17784847222914962,0.0,2021-11-21
486,1637539200000,0.1777057940600974,0.0,2021-11-22
487,1637625600000,0.16854780466650793,0.0,2021-11-23
488,1637712000000,0.16942937258988872,0.0,2021-11-24
489,1637798400000,0.1679965008373035,0.0,2021-11-25
490,1637884800000,0.17289981423653764,0.0,2021-11-26
491,1637971200000,0.1603446493988344,0.0,2021-11-27
492,1638057600000,0.1626312265695487,0.0,2021-11-28
493,1638144000000,0.16274284710055412,0.0,2021-11-29
494,1638230400000,0.16587903077267768,0.0,2021-11-30
495,1638316800000,0.1670952061731149,0.0,2021-12-01
496,1638403200000,0.1661854428546388,0.0,2021-12-02
497,1638489600000,0.16370540258982194,0.0,2021-12-03
498,1638576000000,0.15569463890752466,0.0,2021-12-04
499,1638662400000,0.13153753466107865,0.0,2021-12-05
500,1638748800000,0.11991304020918443,0.0,2021-12-06
501,1638835200000,0.12603700647838362,0.0,2021-12-07
502,1638921600000,0.13234410093481216,0.0,2021-12-08
503,1639008000000,0.1310863266580948,0.0,2021-12-09
504,1639094400000,0.12022824545466686,0.0,2021-12-10
505,1639180800000,0.11807441848204098,0.0,2021-12-11
506,1639267200000,0.11958233774164466,0.0,2021-12-12
507,1639353600000,0.12174419246893341,0.0,2021-12-13
508,1639440000000,0.11012185281284187,0.0,2021-12-14
509,1639526400000,0.11113755366698994,0.0,2021-12-15
510,1639612800000,0.11811771617996863,0.0,2021-12-16
511,1639699200000,0.11525647376781196,0.0,2021-12-17
512,1639785600000,0.11670955779952269,0.0,2021-12-18
513,1639872000000,0.11758012884203316,0.0,2021-12-19
514,1639958400000,0.11506510747417072,0.0,2021-12-20
515,1640044800000,0.11253191463154248,0.0,2021-12-21
516,1640131200000,0.11573426011669834,0.0,2021-12-22
517,1640217600000,0.11767389118197077,0.0,2021-12-23
518,1640304000000,0.12225806360837009,0.0,2021-12-24
519,1640390400000,0.12544997441883105,0.0,2021-12-25
520,1640476800000,0.1252060914686818,0.0,2021-12-26
521,1640563200000,0.12640696281042102,0.0,2021-12-27
522,1640649600000,0.1262376765256655,0.0,2021-12-28
523,1640736000000,0.11813695193024598,0.0,2021-12-29
524,1640822400000,0.11367487309286306,0.0,2021-12-30
525,1640908800000,0.11251102469249352,0.0,2021-12-31
526,1640995200000,0.1157111790385841,0.0,2022-01-01
527,1641081600000,0.11720206789640004,0.0,2022-01-02
528,1641168000000,0.1251660971651363,0.0,2022-01-03
529,1641254400000,0.12275085896010747,0.0,2022-01-04
530,1641340800000,0.12177040788091885,0.0,2022-01-05
531,1641427200000,0.11301293344073679,0.0,2022-01-06
532,1641513600000,0.110903799232975,0.0,2022-01-07
533,1641600000000,0.1074983054428124,0.0,2022-01-08
534,1641686400000,0.10630901866691965,0.0,2022-01-09
535,1641772800000,0.10659508006554647,0.0,2022-01-10
536,1641859200000,0.10085776712745347,0.0,2022-01-11
537,1641945600000,0.10751825637451913,0.0,2022-01-12
538,1642032000000,0.11288698368292438,0.0,2022-01-13
539,1642118400000,0.11023433018750824,0.0,2022-01-14
540,1642204800000,0.11165153803774908,0.0,2022-01-15
541,1642291200000,0.11218626149959085,0.0,2022-01-16
542,1642377600000,0.11160712414366356,0.0,2022-01-17
543,1642464000000,0.10980339597284274,0.0,2022-01-18
544,1642550400000,0.10640028694093182,0.0,2022-01-19
545,1642636800000,0.10178602982662453,0.0,2022-01-20
546,1642723200000,0.09809747543183119,0.0,2022-01-21
547,1642809600000,0.08623271532237615,0.0,2022-01-22
548,1642896000000,0.08130612848036861,0.0,2022-01-23
549,1642982400000,0.0846803434365706,0.0,2022-01-24
550,1643068800000,0.08283509488847599,0.0,2022-01-25
551,1643155200000,0.0816920362268098,0.0,2022-01-26
552,1643241600000,0.08570498611237116,0.0,2022-01-27
553,1643328000000,0.08635384557283209,0.0,2022-01-28
554,1643414400000,0.0892416077000593,0.0,2022-01-29
555,1643500800000,0.09090503795379543,0.0,2022-01-30
556,1643587200000,0.09080958134283337,0.0,2022-01-31
557,1643673600000,0.0895108620838057,0.0,2022-02-01
558,1643760000000,0.09051996430677049,0.0,2022-02-02
559,1643846400000,0.09090253039946433,0.0,2022-02-03
560,1643932800000,0.09428039040286591,0.0,2022-02-04
561,1644019200000,0.09925924222321318,0.0,2022-02-05
562,1644105600000,0.1025456198260951,0.0,2022-02-06
563,1644192000000,0.10259454407758963,0.0,2022-02-07
564,1644278400000,0.10513683149082576,0.0,2022-02-08
565,1644364800000,0.10439979590086627,0.0,2022-02-09
566,1644451200000,0.1088327815667689,0.0,2022-02-10
567,1644537600000,0.10267517584418183,0.0,2022-02-11
568,1644624000000,0.09831395923627428,0.0,2022-02-12
569,1644710400000,0.09506352135080619,0.0,2022-02-13
570,1644796800000,0.0965631714909008,0.0,2022-02-14
571,1644883200000,0.0943342744368468,0.0,2022-02-15
572,1644969600000,0.09870061242227539,0.0,2022-02-16
573,1645056000000,0.09927322067647473,0.0,2022-02-17
574,1645142400000,0.09167850141115029,0.0,2022-02-18
575,1645228800000,0.09179475925594478,0.0,2022-02-19
576,1645315200000,0.09021724645051736,0.0,2022-02-20
577,1645401600000,0.08754648856737773,0.0,2022-02-21
578,1645488000000,0.08101014112366409,0.0,2022-02-22
579,1645574400000,0.08641767082110306,0.0,2022-02-23
580,1645660800000,0.0844973859005639,0.0,2022-02-24
581,1645747200000,0.08284638233074704,0.0,2022-02-25
582,1645833600000,0.08759975856143037,0.0,2022-02-26
583,1645920000000,0.08929956293182567,0.0,2022-02-27
584,1646006400000,0.08506834821825485,0.0,2022-02-28
585,1646092800000,0.09239189599535985,0.0,2022-03-01
586,1646179200000,0.09284822587570007,0.0,2022-03-02
587,1646265600000,0.09134479166954415,0.0,2022-03-03
588,1646352000000,0.09441441048171154,0.0,2022-03-04
589,1646438400000,0.08946970347649556,0.0,2022-03-05
590,1646524800000,0.09107888145818287,0.0,2022-03-06
591,1646611200000,0.08859961129533263,0.0,2022-03-07
592,1646697600000,0.08770933525888452,0.0,2022-03-08
593,1646784000000,0.0891441812435664,0.0,2022-03-09
594,1646870400000,0.0938733049204695,0.0,2022-03-10
595,1646956800000,0.09100448384093529,0.0,2022-03-11
596,1647043200000,0.09207559777373694,0.0,2022-03-12
597,1647129600000,0.09132646466583172,0.0,2022-03-13
598,1647216000000,0.08894011763689269,0.0,2022-03-14
599,1647302400000,0.0901671405180383,0.0,2022-03-15
600,1647388800000,0.0910294825330979,0.0,2022-03-16
601,1647475200000,0.09402605339257812,0.0,2022-03-17
602,1647561600000,0.09416231026014925,0.0,2022-03-18
603,1647648000000,0.09495961245417103,0.0,2022-03-19
604,1647734400000,0.09655397559252658,0.0,2022-03-20
605,1647820800000,0.09567213716260861,0.0,2022-03-21
606,1647907200000,0.09434624509778101,0.0,2022-03-22
607,1647993600000,0.09714007506449103,0.0,2022-03-23
608,1648080000000,0.09842224456612879,0.0,2022-03-24
609,1648166400000,0.10324598595543043,0.0,2022-03-25
610,1648252800000,0.10043391421515165,0.0,2022-03-26
611,1648339200000,0.10210158848374873,0.0,2022-03-27
612,1648425600000,0.10700619476335926,0.0,2022-03-28
613,1648512000000,0.1103649806193423,0.0,2022-03-29
614,1648598400000,0.11242970657778067,0.0,2022-03-30
615,1648684800000,0.1140075665429572,0.0,2022-03-31
616,1648771200000,0.1234899709254682,0.0,2022-04-01
617,1648857600000,0.12378712140195063,0.0,2022-04-02
618,1648944000000,0.1270669624570545,0.0,2022-04-03
619,1649030400000,0.12296342166176402,0.0,2022-04-04
620,1649116800000,0.11933529809929412,0.0,2022-04-05
621,1649203200000,0.11473197965948655,0.0,2022-04-06
622,1649289600000,0.10012734766625032,0.0,2022-04-07
623,1649376000000,0.10454717184011533,0.0,2022-04-08
624,1649462400000,0.10161116722220503,0.0,2022-04-09
625,1649548800000,0.1024065257927869,0.0,2022-04-10
626,1649635200000,0.10086531691240044,0.0,2022-04-11
627,1649721600000,0.09220355003515501,0.0,2022-04-12
628,1649808000000,0.09676520786907614,0.0,2022-04-13
629,1649894400000,0.10111104252238408,0.0,2022-04-14
630,1649980800000,0.096537651841837,0.0,2022-04-15
631,1650067200000,0.09748708618557145,0.0,2022-04-16
632,1650153600000,0.09668147675234663,0.0,2022-04-17
633,1650240000000,0.09484160846910666,0.0,2022-04-18
634,1650326400000,0.09387188221008533,0.0,2022-04-19
635,1650412800000,0.09591535548252314,0.0,2022-04-20
636,1650499200000,0.09631187061361371,0.0,2022-04-21
637,1650585600000,0.09567090696500266,0.0,2022-04-22
638,1650672000000,0.09473611256076052,0.0,2022-04-23
639,1650758400000,0.09532731415357604,0.0,2022-04-24
640,1650844800000,0.09307297049961068,0.0,2022-04-25
641,1650931200000,0.09184887446418939,0.0,2022-04-26
642,1651017600000,0.08799773117605911,0.0,2022-04-27
643,1651104000000,0.08903516083185249,0.0,2022-04-28
644,1651190400000,0.08953503528578427,0.0,2022-04-29
645,1651276800000,0.08602645467638814,0.0,2022-04-30
646,1651363200000,0.08064845335612107,0.0,2022-05-01
647,1651449600000,0.08156581588042289,0.0,2022-05-02
648,1651536000000,0.08040545686883929,0.0,2022-05-03
649,1651622400000,0.0808379940330966,0.0,2022-05-04
650,1651708800000,0.08706273292585834,0.0,2022-05-05
651,1651795200000,0.07876770874860985,0.0,2022-05-06
652,1651881600000,0.07836966884640874,0.0,2022-05-07
653,1651968000000,0.07622914108902194,0.0,2022-05-08
654,1652054400000,0.0725853928234119,0.0,2022-05-09
655,1652140800000,0.0663066024193141,0.0,2022-05-10
656,1652227200000,0.06517448355407045,0.0,2022-05-11
657,1652313600000,0.053233711945418934,0.0,2022-05-12
658,1652400000000,0.0454160211275288,0.0,2022-05-13
659,1652486400000,0.050989577273030225,0.0,2022-05-14
660,1652572800000,0.05580898980316609,0.0,2022-05-15
661,1652659200000,0.058934021901665364,0.0,2022-05-16
662,1652745600000,0.05399259849772917,0.0,2022-05-17
663,1652832000000,0.05581970813436173,0.0,2022-05-18
664,1652918400000,0.0502684153005045,0.0,2022-05-19
665,1653004800000,0.05307440364130607,0.0,2022-05-20
666,1653091200000,0.0512241127655235,0.0,2022-05-21
667,1653177600000,0.0529809683350761,0.0,2022-05-22
668,1653264000000,0.06684995830607868,0.0,2022-05-23
669,1653350400000,0.05822437992325939,0.0,2022-05-24
670,1653436800000,0.056826284040149985,0.0,2022-05-25
671,1653523200000,0.05674015285624832,0.0,2022-05-26
672,1653609600000,0.05904615494421294,0.0,2022-05-27
673,1653696000000,0.05517723379522455,0.0,2022-05-28
674,1653782400000,0.05473351354118785,0.0,2022-05-29
675,1653868800000,0.05642334349708909,0.0,2022-05-30
676,1653955200000,0.06366273806449582,0.0,2022-05-31
677,1654041600000,0.061846253529132936,0.0,2022-06-01
678,1654128000000,0.06404627636705057,0.0,2022-06-02
679,1654214400000,0.06447282987823831,0.0,2022-06-03
680,1654300800000,0.06684601060429674,0.0,2022-06-04
681,1654387200000,0.06779923874439436,0.0,2022-06-05
682,1654473600000,0.06616630908633762,0.0,2022-06-06
683,1654560000000,0.06625698550304344,0.0,2022-06-07
684,1654646400000,0.06321028699653403,0.0,2022-06-08
685,1654732800000,0.06348060338706087,0.0,2022-06-09
686,1654819200000,0.06161776300496005,0.0,2022-06-10
687,1654905600000,0.05801453503987811,0.0,2022-06-11
688,1654992000000,0.055511847618024655,0.0,2022-06-12
689,1655078400000,0.051409033363662225,0.0,2022-06-13
690,1655164800000,0.04332937115161691,0.0,2022-06-14
691,1655251200000,0.044023744475323597,0.0,2022-06-15
692,1655337600000,0.046476235894686094,0.0,2022-06-16
693,1655424000000,0.04698970094564254,0.0,2022-06-17
694,1655510400000,0.04932933509765888,0.0,2022-06-18
695,1655596800000,0.04620494845626182,0.0,2022-06-19
696,1655683200000,0.04737140427892069,0.0,2022-06-20
697,1655769600000,0.04755842909668577,82862635.94523339,2022-06-21
698,1655856000000,0.04928760454423796,85912121.3221838,2022-06-22
699,1655942400000,0.047209047420107654,82756542.49215089,2022-06-23
700,1656028800000,0.048499718904455515,84936819.54365575,2022-06-24
701,1656115200000,0.04997503175287457,87475314.63388586,2022-06-25
702,1656201600000,0.049527815104330936,86640588.56913629,2022-06-26
703,1656288000000,0.04937236518330574,86712967.2873415,2022-06-27
704,1656374400000,0.049866380276194694,87158426.42358501,2022-06-28
705,1656460800000,0.04869173560046395,85216638.34843715,2022-06-29
706,1656547200000,0.04653456495285572,81621039.1375874,2022-06-30
707,1656633600000,0.0459841846436588,98055662.6885838,2022-07-01
708,1656720000000,0.04514997783710911,95848573.35050103,2022-07-02
709,1656806400000,0.04602689127618557,98118025.9829552,2022-07-03
710,1656892800000,0.04638362333808853,98569087.44346824,2022-07-04
711,1656979200000,0.04636996588702358,98855974.94109733,2022-07-05
712,1657065600000,0.044990266506272164,95944168.54173562,2022-07-06
713,1657152000000,0.04542580084015219,96398403.38178155,2022-07-07
714,1657238400000,0.04681049347987294,99311001.89036416,2022-07-08
715,1657324800000,0.04810228193957343,102535536.85542351,2022-07-09
716,1657411200000,0.04822892832501192,102525285.07744548,2022-07-10
717,1657497600000,0.04677216745833949,99677698.63016999,2022-07-11
718,1657584000000,0.043838118187563654,93141110.26886941,2022-07-12
719,1657670400000,0.04341825485845201,92734438.35634084,2022-07-13
720,1657756800000,0.04449782762564003,94187283.10396487,2022-07-14
721,1657843200000,0.045540943218605065,96621233.32797597,2022-07-15
722,1657929600000,0.04618726501241836,97856849.39854528,2022-07-16
723,1658016000000,0.04653317555414298,98918324.83935559,2022-07-17
724,1658102400000,0.04575632068405588,96947331.35728508,2022-07-18
725,1658188800000,0.0471772874850083,100365647.61023346,2022-07-19
726,1658275200000,0.04966478106821308,105096496.90525529,2022-07-20
727,1658361600000,0.04720159704193814,100176025.22741032,2022-07-21
728,1658448000000,0.0483112991817769,102269092.19746666,2022-07-22
729,1658534400000,0.04772177255800955,101255249.88111524,2022-07-23
730,1658620800000,0.04748502512567188,100932529.08403,2022-07-24
731,1658707200000,0.047624952749309744,101492679.36133179,2022-07-25
732,1658793600000,0.045088496840546166,96817122.59666994,2022-07-26
733,1658880000000,0.045450948669374755,96536311.36747237,2022-07-27
734,1658966400000,0.04697555893505999,99487227.04300778,2022-07-28
735,1659052800000,0.048329004345553477,102434324.13940805,2022-07-29
736,1659139200000,0.04816051579330761,102417405.38355027,2022-07-30
737,1659225600000,0.048206596633928935,102427850.95006385,2022-07-31
738,1659312000000,0.049932018861383716,106103113.91633731,2022-08-01
739,1659398400000,0.052624342326297605,111572399.30838713,2022-08-02
740,1659484800000,0.05039505877973992,107122723.23549187,2022-08-03
741,1659571200000,0.04974770088670289,105764400.28107257,2022-08-04
742,1659657600000,0.050627315859264325,107580082.43323888,2022-08-05
743,1659744000000,0.052134099821996516,110312662.95926306,2022-08-06
744,1659830400000,0.056808054549853104,122648182.4186115,2022-08-07
745,1659916800000,0.055189633733825315,116961849.25015873,2022-08-08
746,1660003200000,0.054909904390213954,116288748.18831645,2022-08-09
747,1660089600000,0.053084242959746716,112551870.16386905,2022-08-10
748,1660176000000,0.05479242908939649,116303251.79889268,2022-08-11
749,1660262400000,0.05509996450027303,116776874.21307662,2022-08-12
750,1660348800000,0.05560687548661128,118130074.68892907,2022-08-13
751,1660435200000,0.05670810162274149,120583309.47293589,2022-08-14
752,1660521600000,0.05765060613664221,122174063.97136216,2022-08-15
753,1660608000000,0.05587762862326712,118608372.82091375,2022-08-16
754,1660694400000,0.053758925707637364,114400207.89633334,2022-08-17
755,1660780800000,0.05249873742937271,111282448.93288931,2022-08-18
756,1660867200000,0.052068069733242205,110483522.3874099,2022-08-19
757,1660953600000,0.04609241199627755,98128854.38251981,2022-08-20
758,1661040000000,0.04665349696279572,99082543.22172867,2022-08-21
759,1661126400000,0.047701799816780945,100763330.2827492,2022-08-22
760,1661212800000,0.04675522964569189,99191116.90726773,2022-08-23
761,1661299200000,0.047004994222676705,100079972.72485432,2022-08-24
762,1661385600000,0.04710536552656488,99929795.55155948,2022-08-25
763,1661472000000,0.04868515879564176,103874054.62190953,2022-08-26
764,1661558400000,0.04587579107647292,97119900.75294304,2022-08-27
765,1661644800000,0.04644877989526189,98865368.51810719,2022-08-28
766,1661731200000,0.045187433485014104,96023861.73980772,2022-08-29
767,1661817600000,0.04880680683297103,103558583.37607649,2022-08-30
768,1661904000000,0.047014390051026575,100355903.63955335,2022-08-31
769,1661990400000,0.04675615409761873,99513867.16743381,2022-09-01
770,1662076800000,0.04577801049506472,97577174.4247144,2022-09-02
771,1662163200000,0.04543562749669185,96225327.63192691,2022-09-03
772,1662249600000,0.04539473649351441,96743492.2597509,2022-09-04
773,1662336000000,0.045385263823888654,96421358.88015531,2022-09-05
774,1662422400000,0.04462449114273489,94674277.65143588,2022-09-06
775,1662508800000,0.042692919253163604,90963429.06676158,2022-09-07
776,1662595200000,0.043496228030430024,92282486.93285269,2022-09-08
777,1662681600000,0.044496686333665325,94850592.92192306,2022-09-09
778,1662768000000,0.04594859347715541,97627721.34983262,2022-09-10
779,1662854400000,0.04589599840419934,97700246.48219237,2022-09-11
780,1662940800000,0.046522785253597695,98721912.24763419,2022-09-12
781,1663027200000,0.047309713454816625,100231347.83517028,2022-09-13
782,1663113600000,0.04311481658915814,91600651.553241,2022-09-14
783,1663200000000,0.04349334120126298,92407981.68725304,2022-09-15
784,1663286400000,0.04273637465924864,90748482.12706076,2022-09-16
785,1663372800000,0.04318051341108348,91780675.14636725,2022-09-17
786,1663459200000,0.043455948681167034,92336994.47193386,2022-09-18
787,1663545600000,0.04137120531232042,87771774.28819795,2022-09-19
788,1663632000000,0.041768929166642696,88906458.19618036,2022-09-20
789,1663718400000,0.04066527092715665,87109921.39531036,2022-09-21
790,1663804800000,0.04033186351142926,85714380.48418817,2022-09-22
791,1663891200000,0.041413916775323065,87789333.77983189,2022-09-23
792,1663977600000,0.04117716450578563,87638382.67505725,2022-09-24
793,1664064000000,0.041092874411210414,87737577.68988715,2022-09-25
794,1664150400000,0.04139542415711656,88258149.13360065,2022-09-26
795,1664236800000,0.04080486216557829,86729129.09025331,2022-09-27
796,1664323200000,0.040373476997811464,86206837.20232026,2022-09-28
797,1664409600000,0.040474766467381885,86276461.20417382,2022-09-29
798,1664496000000,0.040347335319907196,85834717.96754676,2022-09-30
799,1664582400000,0.04040231580766684,85444236.16016427,2022-10-01
800,1664668800000,0.04012171669377918,85258814.42794278,2022-10-02
801,1664755200000,0.039747635306179786,84465557.94658566,2022-10-03
802,1664841600000,0.040151713284802694,85378426.59368892,2022-10-04
803,1664928000000,0.04089053550384564,86804106.00484118,2022-10-05
804,1665014400000,0.04044523920859589,85946133.31826627,2022-10-06
805,1665100800000,0.04051028043323571,86086603.52826688,2022-10-07
806,1665187200000,0.04004464369798484,85152650.74401109,2022-10-08
807,1665273600000,0.04056527064320681,86203941.75560449,2022-10-09
808,1665360000000,0.040714806664582,86477879.18755597,2022-10-10
809,1665446400000,0.03925378479518118,83457192.66910829,2022-10-11
810,1665532800000,0.03853684934636264,81890273.71135767,2022-10-12
811,1665619200000,0.03878539289941795,82290022.04997759,2022-10-13
812,1665705600000,0.03738474568037953,79877695.77617064,2022-10-14
813,1665792000000,0.037192950030019246,79237331.36297445,2022-10-15
814,1665878400000,0.03743961436003374,79524670.84884043,2022-10-16
815,1665964800000,0.03723334672736494,79215197.91330095,2022-10-17
816,1666051200000,0.03820736089455765,80970649.89864738,2022-10-18
817,1666137600000,0.03794648616573303,80793792.57100631,2022-10-19
818,1666224000000,0.03657973800836945,77874528.50532205,2022-10-20
819,1666310400000,0.036307886729801904,77156039.81696463,2022-10-21
820,1666396800000,0.03621525223003195,77185268.29448155,2022-10-22
821,1666483200000,0.03641179474710987,77378451.60418263,2022-10-23
822,1666569600000,0.03655555170810071,77728747.67412947,2022-10-24
823,1666656000000,0.03669187253742784,77673661.71653216,2022-10-25
824,1666742400000,0.037858167841115405,80397964.63519676,2022-10-26
825,1666828800000,0.03830870343876553,81413432.69032168,2022-10-27
826,1666915200000,0.037504966748193196,79550747.16894488,2022-10-28
827,1667001600000,0.03757043856028978,80127820.34373064,2022-10-29
828,1667088000000,0.038129074334747076,80877168.6829973,2022-10-30
829,1667174400000,0.037792667067779104,80304088.79879245,2022-10-31
830,1667260800000,0.037654063607759095,79786180.78428172,2022-11-01
831,1667347200000,0.037914310942805785,80583320.87772927,2022-11-02
832,1667433600000,0.03683232250928123,78439755.79105058,2022-11-03
833,1667520000000,0.03723353660113358,78994261.50808169,2022-11-04
834,1667606400000,0.038753431831133035,82195944.91025472,2022-11-05
835,1667692800000,0.039168681438767616,83277956.3124209,2022-11-06
836,1667779200000,0.038168020256341015,81111276.90851551,2022-11-07
837,1667865600000,0.03827416736902049,81329092.09067523,2022-11-08
838,1667952000000,0.03443683915881221,73306918.5447426,2022-11-09
839,1668038400000,0.025156089463996466,53449299.87559744,2022-11-10
840,1668124800000,0.029370284557989075,62409429.2638275,2022-11-11
841,1668211200000,0.02864806865242741,60773655.7156099,2022-11-12
842,1668297600000,0.02762605717958588,58653020.53561148,2022-11-13
843,1668384000000,0.025719702474837326,54683747.802671365,2022-11-14
844,1668470400000,0.025165505599348978,53792810.913273074,2022-11-15
845,1668556800000,0.026162750385539908,55682575.2891503,2022-11-16
846,1668643200000,0.025740215956824773,54867467.45017293,2022-11-17
847,1668729600000,0.025215539578468244,53588469.97346943,2022-11-18
848,1668816000000,0.02610385876237692,55466990.2162179,2022-11-19
849,1668902400000,0.028412502509817958,60376096.627981395,2022-11-20
