,Time,open,mktcap,Date
0,1605657600000,0.18758521837717765,0.0,2020-11-18
1,1605744000000,0.18758521837717765,0.0,2020-11-19
2,1605830400000,0.14452891098335255,0.0,2020-11-20
3,1605916800000,0.11840012023498642,4331216.9336214615,2020-11-21
4,1606003200000,0.13400345165786076,5261656.888881629,2020-11-22
5,1606089600000,0.12545252076093966,5346380.6980544245,2020-11-23
6,1606176000000,0.11810315767643709,5229180.651765273,2020-11-24
7,1606262400000,0.11396252580591197,5309550.550255622,2020-11-25
8,1606348800000,0.07439231700378655,8598947.579235032,2020-11-26
9,1606435200000,0.07890899320135748,9844128.402111506,2020-11-27
10,1606521600000,0.08217486007686557,10533064.768567096,2020-11-28
11,1606608000000,0.0827577231010026,10920629.296598034,2020-11-29
12,1606694400000,0.08382529222018661,11466831.800700177,2020-11-30
13,1606780800000,0.07818627607630607,10934753.396505501,2020-12-01
14,1606867200000,0.07037304172905877,17813264.347783066,2020-12-02
15,1606953600000,0.06708620454091983,17882342.870547693,2020-12-03
16,1607040000000,0.08614461567377668,31146749.87222889,2020-12-04
17,1607126400000,0.09485532019581248,35318458.944928825,2020-12-05
18,1607212800000,0.09600897049421767,36126185.5384379,2020-12-06
19,1607299200000,0.09049425046214718,34421632.281852,2020-12-07
20,1607385600000,0.09190163460475947,35293625.81236394,2020-12-08
21,1607472000000,0.08920198602167005,34767465.33527191,2020-12-09
22,1607558400000,0.09341006901030771,36741331.67635658,2020-12-10
23,1607644800000,0.09058367856800142,35674788.750968195,2020-12-11
24,1607731200000,0.08584197681498713,33941475.586699724,2020-12-12
25,1607817600000,0.08155553014496669,32226917.36720204,2020-12-13
26,1607904000000,0.08810630569330033,34842766.02819766,2020-12-14
27,1607990400000,0.08564750730783058,33820422.74904417,2020-12-15
28,1608076800000,0.07926356090541306,31360553.854604177,2020-12-16
29,1608163200000,0.08064243560182732,31686002.731569976,2020-12-17
30,1608249600000,0.0743704061837491,29276577.85143645,2020-12-18
31,1608336000000,0.06892186655634101,27102749.956444435,2020-12-19
32,1608422400000,0.06849454429581428,27059033.725045264,2020-12-20
33,1608508800000,0.06828428555450222,26991716.970338605,2020-12-21
34,1608595200000,0.0695484876241497,27450872.125443093,2020-12-22
35,1608681600000,0.07121988110771947,27919447.21252267,2020-12-23
36,1608768000000,0.06747689608463903,26799384.630624056,2020-12-24
37,1608854400000,0.06671840914624497,26308357.85685434,2020-12-25
38,1608940800000,0.06528140003392119,25812221.9109159,2020-12-26
39,1609027200000,0.06580938817147088,26002174.433055688,2020-12-27
40,1609113600000,0.06337890725817738,25275948.046284065,2020-12-28
41,1609200000000,0.06523104986505347,25788400.394412342,2020-12-29
42,1609286400000,0.07094833532356502,27888745.89702289,2020-12-30
43,1609372800000,0.0724426118256777,28664300.500571184,2020-12-31
44,1609459200000,0.07161115829748177,28378713.04171292,2021-01-01
45,1609545600000,0.06997866461885224,27661994.01837116,2021-01-02
46,1609632000000,0.07079980329009657,27866358.029614016,2021-01-03
47,1609718400000,0.06739938634598992,27294204.029664725,2021-01-04
48,1609804800000,0.0986894804850205,39056868.69045492,2021-01-05
49,1609891200000,0.10520129930889763,41413937.25261504,2021-01-06
50,1609977600000,0.1254759734292831,49259885.49268892,2021-01-07
51,1610064000000,0.11886923552714017,47301957.908599295,2021-01-08
52,1610150400000,0.12146283155966892,47707347.15390591,2021-01-09
53,1610236800000,0.11939603706134033,47429482.221421905,2021-01-10
54,1610323200000,0.11178880102576154,44210871.09980502,2021-01-11
55,1610409600000,0.11842333977010173,46978721.33285259,2021-01-12
56,1610496000000,0.1393207920632628,55136644.682035126,2021-01-13
57,1610582400000,0.14790282875207994,58355959.93423059,2021-01-14
58,1610668800000,0.14406095579810588,56508509.75899782,2021-01-15
59,1610755200000,0.12728774819022168,50531732.80659903,2021-01-16
60,1610841600000,0.12585857396574301,49807162.44555841,2021-01-17
61,1610928000000,0.12748855767943137,50180508.65625543,2021-01-18
62,1611014400000,0.12330356707403024,48676915.26659218,2021-01-19
63,1611100800000,0.1238031637529239,48693261.97147845,2021-01-20
64,1611187200000,0.12109659557130911,88560685.42091335,2021-01-21
65,1611273600000,0.11642005550555924,86666534.78015245,2021-01-22
66,1611360000000,0.10456473564696497,76425357.56889293,2021-01-23
67,1611446400000,0.10189007522151157,74700057.77182283,2021-01-24
68,1611532800000,0.102941575864525,75415485.70180734,2021-01-25
69,1611619200000,0.1078786760171987,79351736.08842662,2021-01-26
70,1611705600000,0.10568001017478318,77667315.82924402,2021-01-27
71,1611792000000,0.097829015552899,71293333.27836715,2021-01-28
72,1611878400000,0.09706091020522147,71318803.93917452,2021-01-29
73,1611964800000,0.08371796818819738,61714504.57352431,2021-01-30
74,1612051200000,0.08850228678427867,65152290.0862493,2021-01-31
75,1612137600000,0.091842213979379,67484576.24351569,2021-02-01
76,1612224000000,0.09156275179526537,65552173.553174525,2021-02-02
77,1612310400000,0.0883300769743208,65034864.51666624,2021-02-03
78,1612396800000,0.0916323746016647,67334642.43066506,2021-02-04
79,1612483200000,0.09114411859644146,67251185.09913681,2021-02-05
80,1612569600000,0.10603163716765661,77075684.24540731,2021-02-06
81,1612656000000,0.11705730270699911,86210884.5825703,2021-02-07
82,1612742400000,0.12510048189424586,91613164.43525925,2021-02-08
83,1612828800000,0.11697184124989107,85954960.12470298,2021-02-09
84,1612915200000,0.1357921147768805,99910222.90783052,2021-02-10
85,1613001600000,0.13862694326257477,101712095.76035386,2021-02-11
86,1613088000000,0.1505761409719131,110292733.06854013,2021-02-12
87,1613174400000,0.15934455488316798,117010322.21236561,2021-02-13
88,1613260800000,0.16338692103038033,119852447.02818994,2021-02-14
89,1613347200000,0.1645746710640784,121090579.66405931,2021-02-15
90,1613433600000,0.1515033230114921,111545745.86094473,2021-02-16
91,1613520000000,0.14832787515366988,108996459.8144469,2021-02-17
92,1613606400000,0.16837302909284815,123148631.28881344,2021-02-18
93,1613692800000,0.15831240433721452,116276335.37418592,2021-02-19
94,1613779200000,0.14887611710178703,109382723.0896968,2021-02-20
95,1613865600000,0.15195774601433243,109462678.81340873,2021-02-21
96,1613952000000,0.14893602343020193,109629299.94421399,2021-02-22
97,1614038400000,0.14860292078245996,109093933.0383959,2021-02-23
98,1614124800000,0.12392017428881683,91060835.88858107,2021-02-24
99,1614211200000,0.13222528203965778,96607571.9846617,2021-02-25
100,1614297600000,0.1294917269682731,95155005.76124513,2021-02-26
101,1614384000000,0.12740106348924526,95340859.02786092,2021-02-27
102,1614470400000,0.13405816141222263,98695511.27162668,2021-02-28
103,1614556800000,0.1304302927576663,95346014.59468183,2021-03-01
104,1614643200000,0.13727890534783607,100690796.62129675,2021-03-02
105,1614729600000,0.14660874693808817,107665528.40821785,2021-03-03
106,1614816000000,0.1574644157113309,115290224.7321565,2021-03-04
107,1614902400000,0.15562476758894725,114687651.58911009,2021-03-05
108,1614988800000,0.15657460728989786,115015113.36846527,2021-03-06
109,1615075200000,0.15822907933774488,117028460.72849514,2021-03-07
110,1615161600000,0.1639461915186413,120278864.61062366,2021-03-08
111,1615248000000,0.17287896812554157,126895666.46507046,2021-03-09
112,1615334400000,0.16676438002062807,122308613.32793076,2021-03-10
113,1615420800000,0.1651974023799084,121848327.50907178,2021-03-11
114,1615507200000,0.16504083053217528,120754598.77366185,2021-03-12
115,1615593600000,0.16620774842102107,123498586.91656883,2021-03-13
116,1615680000000,0.1611602264316151,118523882.96700324,2021-03-14
117,1615766400000,0.1532545491132881,111889758.06231909,2021-03-15
118,1615852800000,0.1550581907504992,113702379.36364147,2021-03-16
119,1615939200000,0.15851007863154296,116487053.49473695,2021-03-17
120,1616025600000,0.15699803064655857,115311016.59135449,2021-03-18
121,1616112000000,0.17375772604396264,127829677.60450947,2021-03-19
122,1616198400000,0.17675841420632862,129658379.97669768,2021-03-20
123,1616284800000,0.18925005191025504,139159143.20487702,2021-03-21
124,1616371200000,0.18647166668141907,136868891.70785132,2021-03-22
125,1616457600000,0.17162511194035224,126325334.0192099,2021-03-23
126,1616544000000,0.17582351276674232,129097921.71697739,2021-03-24
127,1616630400000,0.16422623861173755,122916774.3074901,2021-03-25
128,1616716800000,0.15865904525250696,116459020.99130286,2021-03-26
129,1616803200000,0.160389788792447,117974688.6378057,2021-03-27
130,1616889600000,0.15508946288925712,114143806.32137667,2021-03-28
131,1616976000000,0.16306312829117411,119745293.81197804,2021-03-29
132,1617062400000,0.1510299157393779,111064443.46038482,2021-03-30
133,1617148800000,0.1491824651887404,109533064.37985703,2021-03-31
134,1617235200000,0.14177632872262175,104269738.11652105,2021-04-01
135,1617321600000,0.14656086534286453,107697999.80727933,2021-04-02
136,1617408000000,0.15140919435450845,166823549.9543478,2021-04-03
137,1617494400000,0.15315488069768468,170214874.39772174,2021-04-04
138,1617580800000,0.1487148014894072,164470022.6274052,2021-04-05
139,1617667200000,0.14287606655449128,158006714.72854757,2021-04-06
140,1617753600000,0.1408113511085998,155983929.09428898,2021-04-07
141,1617840000000,0.13293115828420768,147162382.87915158,2021-04-08
142,1617926400000,0.14569969278129347,161007965.27702406,2021-04-09
143,1618012800000,0.14897078867230623,163828865.82394853,2021-04-10
144,1618099200000,0.1523959297094995,168672830.3459397,2021-04-11
145,1618185600000,0.14103543394279142,161335310.56243294,2021-04-12
146,1618272000000,0.13865685021139593,154016814.5683243,2021-04-13
147,1618358400000,0.14489674146772766,160856125.6397423,2021-04-14
148,1618444800000,0.1387256720460737,154675905.9268461,2021-04-15
149,1618531200000,0.15354255230088612,171138196.2394421,2021-04-16
150,1618617600000,0.14835092936103986,164823158.73418835,2021-04-17
151,1618704000000,0.1516086265885407,168998331.33506623,2021-04-18
152,1618790400000,0.14810165826402696,165362261.03467736,2021-04-19
153,1618876800000,0.15487512567900563,172448373.87470776,2021-04-20
154,1618963200000,0.1482057084595231,165149870.02942124,2021-04-21
155,1619049600000,0.15345075498958363,170891545.19962716,2021-04-22
156,1619136000000,0.15957161359836716,176982661.346563,2021-04-23
157,1619222400000,0.13699650009815176,152589643.9364552,2021-04-24
158,1619308800000,0.13180932729243552,147215806.05350062,2021-04-25
159,1619395200000,0.1376457673924111,153064879.11578992,2021-04-26
160,1619481600000,0.15652386821410194,174303556.51505518,2021-04-27
161,1619568000000,0.15445502470566264,171681737.72474387,2021-04-28
162,1619654400000,0.1676517588832616,186423554.9787151,2021-04-29
163,1619740800000,0.16142096458000257,179614277.07644647,2021-04-30
164,1619827200000,0.15080141509100778,167957914.53897238,2021-05-01
165,1619913600000,0.15681723734855138,174880076.47200182,2021-05-02
166,1620000000000,0.14815007697597654,165152231.24282715,2021-05-03
167,1620086400000,0.1521984811641146,170389699.95743653,2021-05-04
168,1620172800000,0.14489435275143941,161761042.73494738,2021-05-05
169,1620259200000,0.1458739873496412,162322442.85015583,2021-05-06
170,1620345600000,0.1384636508847013,154370779.20144892,2021-05-07
171,1620432000000,0.14885317523794925,165729224.38954175,2021-05-08
172,1620518400000,0.14555533477724875,161822821.4361599,2021-05-09
173,1620604800000,0.14200958877557435,157916726.20842403,2021-05-10
174,1620691200000,0.1343926255061574,149657590.81307375,2021-05-11
175,1620777600000,0.12978734079004275,143982116.12440708,2021-05-12
176,1620864000000,0.12307862625370636,140895005.42671573,2021-05-13
177,1620950400000,0.13764755998716136,153003639.43283322,2021-05-14
178,1621036800000,0.1331872424961292,148133312.09142253,2021-05-15
179,1621123200000,0.13281449661112735,148309727.80220285,2021-05-16
180,1621209600000,0.12677362212176574,140171876.6355119,2021-05-17
181,1621296000000,0.1278935114144851,143858249.60613096,2021-05-18
182,1621382400000,0.13965696815732392,155504015.18691984,2021-05-19
183,1621468800000,0.09785740032198874,109527867.6179674,2021-05-20
184,1621555200000,0.10014747880553647,111946236.61903596,2021-05-21
185,1621641600000,0.09661300229727325,107371596.50574394,2021-05-22
186,1621728000000,0.0990119751125231,109296070.18134652,2021-05-23
187,1621814400000,0.09178365490439813,101800497.25821885,2021-05-24
188,1621900800000,0.10512434397040278,117046550.80835567,2021-05-25
189,1621987200000,0.10395915201041617,115555666.22848547,2021-05-26
190,1622073600000,0.10929685335554537,121947489.89534537,2021-05-27
191,1622160000000,0.11196479282895769,124635623.1519166,2021-05-28
192,1622246400000,0.10326177483093477,115060527.07836507,2021-05-29
193,1622332800000,0.10235543832584643,114125830.60151955,2021-05-30
194,1622419200000,0.10618872642564489,118100026.56139909,2021-05-31
195,1622505600000,0.11056728843585129,123050456.33670188,2021-06-01
196,1622592000000,0.11618677689360372,129717620.43312556,2021-06-02
197,1622678400000,0.11570068839753618,129629550.75385728,2021-06-03
198,1622764800000,0.1218306289767836,136282634.38676378,2021-06-04
199,1622851200000,0.11479514860282379,128030596.14453113,2021-06-05
200,1622937600000,0.10554992131070992,117449841.26327683,2021-06-06
201,1623024000000,0.11175651311959797,124654901.41060762,2021-06-07
202,1623110400000,0.10056207927910717,115460265.5397615,2021-06-08
203,1623196800000,0.0972023322772881,108477687.19863023,2021-06-09
204,1623283200000,0.1056491130309551,118193026.56870368,2021-06-10
205,1623369600000,0.1127715367667423,125575929.13826862,2021-06-11
206,1623456000000,0.12555293001223428,139525981.3988101,2021-06-12
207,1623542400000,0.15766778799418338,173815607.92514762,2021-06-13
208,1623628800000,0.1480804422350004,164399245.0685723,2021-06-14
209,1623715200000,0.1414822374313851,157435279.1644096,2021-06-15
210,1623801600000,0.13653255094496777,152200139.82720056,2021-06-16
211,1623888000000,0.14407012117729612,160393122.81558028,2021-06-17
212,1623974400000,0.15049389774061947,166773318.41046208,2021-06-18
213,1624060800000,0.14716779304593897,163965133.85299444,2021-06-19
214,1624147200000,0.14593201838219413,162275558.65462264,2021-06-20
215,1624233600000,0.14553151939679876,161665551.9309866,2021-06-21
216,1624320000000,0.12833442858078276,144740456.31291252,2021-06-22
217,1624406400000,0.12722195985979384,141419369.84329292,2021-06-23
218,1624492800000,0.12495541110758669,138958385.5277086,2021-06-24
219,1624579200000,0.13374277228335088,149231834.91897655,2021-06-25
220,1624665600000,0.12463337924840126,138716212.63795558,2021-06-26
221,1624752000000,0.12247452902890263,135656517.18648785,2021-06-27
222,1624838400000,0.11750430591589037,131658786.7333551,2021-06-28
223,1624924800000,0.11165873178557645,124093566.34008087,2021-06-29
224,1625011200000,0.11536891180013517,128692614.38083923,2021-06-30
225,1625097600000,0.11342957468714884,126270933.85281514,2021-07-01
226,1625184000000,0.1120588824411739,125016527.05007571,2021-07-02
227,1625270400000,0.11348221989547465,125455353.70288567,2021-07-03
228,1625356800000,0.11170376127432537,124259238.35782054,2021-07-04
229,1625443200000,0.12397539413143772,137967905.57697654,2021-07-05
230,1625529600000,0.11006977644234778,122708739.24309711,2021-07-06
231,1625616000000,0.11085627324404601,123501148.09933846,2021-07-07
232,1625702400000,0.11629787945865915,129342168.91722257,2021-07-08
233,1625788800000,0.12768093138440778,142169528.38588804,2021-07-09
234,1625875200000,0.12757010369616,141697277.55618352,2021-07-10
235,1625961600000,0.13077290629517896,145611342.93581513,2021-07-11
236,1626048000000,0.12784871435282857,142231789.61838526,2021-07-12
237,1626134400000,0.12471178366390862,138607177.17689213,2021-07-13
238,1626220800000,0.12755994902361467,142069743.78572726,2021-07-14
239,1626307200000,0.12409982921597298,137817166.09656677,2021-07-15
240,1626393600000,0.1258481877738556,139949293.30217838,2021-07-16
241,1626480000000,0.11657132830214502,129789946.99796212,2021-07-17
242,1626566400000,0.11900100794831468,132503720.14335597,2021-07-18
243,1626652800000,0.12546651259255806,139420805.50195304,2021-07-19
244,1626739200000,0.11773806935242097,131100024.79648948,2021-07-20
245,1626825600000,0.12031569434060632,133896512.33397083,2021-07-21
246,1626912000000,0.1280452758653545,142520720.4827629,2021-07-22
247,1626998400000,0.13056185828476174,145291704.39689818,2021-07-23
248,1627084800000,0.13178747288198767,146706778.52344376,2021-07-24
249,1627171200000,0.14655155390509214,163729252.92657113,2021-07-25
250,1627257600000,0.1445657026898261,161038587.90344784,2021-07-26
251,1627344000000,0.14822849674443156,165346292.51235247,2021-07-27
252,1627430400000,0.1511358407037547,167708076.13224003,2021-07-28
253,1627516800000,0.16355621854311492,181964767.40606037,2021-07-29
254,1627603200000,0.15720559308878912,175302624.1172146,2021-07-30
255,1627689600000,0.150083442423966,167292409.68184927,2021-07-31
256,1627776000000,0.14629013704664393,163074556.12479806,2021-08-01
257,1627862400000,0.1384620416988126,153915310.26446348,2021-08-02
258,1627948800000,0.14591539801967682,162562201.19209987,2021-08-03
259,1628035200000,0.138222128488643,153906869.77314427,2021-08-04
260,1628121600000,0.1394259345556007,155153144.63635686,2021-08-05
261,1628208000000,0.14286984150350437,159138190.99767536,2021-08-06
262,1628294400000,0.14284448817687725,158947892.52704823,2021-08-07
263,1628380800000,0.14794534764093575,164597083.92553023,2021-08-08
264,1628467200000,0.14085785621463495,156428901.84807602,2021-08-09
265,1628553600000,0.14410965851346916,157322721.19117314,2021-08-10
266,1628640000000,0.1438347843960368,160372998.0819828,2021-08-11
267,1628726400000,0.13911478473362343,154978702.86437505,2021-08-12
268,1628812800000,0.1406529917380775,156615814.6555936,2021-08-13
269,1628899200000,0.14054545847158711,156452961.0894392,2021-08-14
270,1628985600000,0.14992595185756397,167154633.72713423,2021-08-15
271,1629072000000,0.1524652609702638,169851088.55679715,2021-08-16
272,1629158400000,0.16637277535615924,186364817.9590729,2021-08-17
273,1629244800000,0.14415479124378022,161014624.79040244,2021-08-18
274,1629331200000,0.1478117209766366,164621120.9126147,2021-08-19
275,1629417600000,0.13855496787737787,153133902.42250553,2021-08-20
276,1629504000000,0.14718394098768817,161789629.21148086,2021-08-21
277,1629590400000,0.13180700105663934,146709542.55139878,2021-08-22
278,1629676800000,0.11582843465305517,129085254.70048076,2021-08-23
279,1629763200000,0.11050933414942571,123424162.10764514,2021-08-24
280,1629849600000,0.10743998432842404,119426126.12236811,2021-08-25
281,1629936000000,0.11430565235093315,127288761.3748647,2021-08-26
282,1630022400000,0.1149472725825821,128229958.91733241,2021-08-27
283,1630108800000,0.1257039096088867,139905295.57135886,2021-08-28
284,1630195200000,0.12268577181383176,136537653.2784075,2021-08-29
285,1630281600000,0.13365107315902447,148881489.05819535,2021-08-30
286,1630368000000,0.11251744290976963,125020128.04974268,2021-08-31
287,1630454400000,0.10223359837571044,113890109.84276548,2021-09-01
288,1630540800000,0.11176567391983286,115968107.00894094,2021-09-02
289,1630627200000,0.10169733748688994,112644143.73280945,2021-09-03
290,1630713600000,0.10433344798152133,115984227.61578979,2021-09-04
291,1630800000000,0.1040310591220939,116168169.04879564,2021-09-05
292,1630886400000,0.11415549794283499,127191670.15163748,2021-09-06
293,1630972800000,0.11204593812825807,124933858.31403388,2021-09-07
294,1631059200000,0.0997943736008047,111317692.18183106,2021-09-08
295,1631145600000,0.11009357644145064,122709420.26215109,2021-09-09
296,1631232000000,0.09903730354998164,110303446.52246471,2021-09-10
297,1631318400000,0.0888335594736576,98885287.6818944,2021-09-11
298,1631404800000,0.09100957377865489,101179677.47474921,2021-09-12
299,1631491200000,0.09160093636552144,102592964.28522527,2021-09-13
300,1631577600000,0.09207758331926427,102524715.91477495,2021-09-14
301,1631664000000,0.11289147717270374,125692863.10230383,2021-09-15
302,1631750400000,0.09298298971264732,102957299.05996259,2021-09-16
303,1631836800000,0.1181924081981169,129251532.09371112,2021-09-17
304,1631923200000,0.14793338110513027,164350650.51012805,2021-09-18
305,1632009600000,0.13895274397372637,154737403.8174063,2021-09-19
306,1632096000000,0.1470904841548217,163977872.6463521,2021-09-20
307,1632182400000,0.12829686350949993,142334626.14455336,2021-09-21
308,1632268800000,0.1258388499119506,138594320.95436025,2021-09-22
309,1632355200000,0.1167274965901071,128729501.41810301,2021-09-23
310,1632441600000,0.11629097597575905,129527784.80288671,2021-09-24
311,1632528000000,0.10483105069944353,116595568.00272167,2021-09-25
312,1632614400000,0.1103808893307007,123408676.51598972,2021-09-26
313,1632700800000,0.11246615060025013,125151836.06787093,2021-09-27
314,1632787200000,0.12856321182776836,143647678.25515077,2021-09-28
315,1632873600000,0.11005237037690918,122933920.28236048,2021-09-29
316,1632960000000,0.11159579885005962,124258262.63946326,2021-09-30
317,1633046400000,0.11172944675521976,124399909.36586477,2021-10-01
318,1633132800000,0.11855269301741417,133216856.43860485,2021-10-02
319,1633219200000,0.12274100653712519,135907612.8827297,2021-10-03
320,1633305600000,0.12320225219684558,137181667.84950483,2021-10-04
321,1633392000000,0.1381546078943751,153890375.3861284,2021-10-05
322,1633478400000,0.13104418561059195,148093499.57382354,2021-10-06
323,1633564800000,0.1204737570369728,134068306.48909836,2021-10-07
324,1633651200000,0.11801946700354508,131297795.79051626,2021-10-08
325,1633737600000,0.1293911394300787,143985649.16771936,2021-10-09
326,1633824000000,0.13124618429121784,146089060.18230942,2021-10-10
327,1633910400000,0.1294152833805626,144135152.8320365,2021-10-11
328,1633996800000,0.12406806338113367,138163978.25300205,2021-10-12
329,1634083200000,0.11925044158540143,132900641.55126585,2021-10-13
330,1634169600000,0.11152567722625993,124163004.86130516,2021-10-14
331,1634256000000,0.12530165153716752,139201165.29293373,2021-10-15
332,1634342400000,0.1179031815649792,131182488.33423766,2021-10-16
333,1634428800000,0.11466780512198833,127731972.58845514,2021-10-17
334,1634515200000,0.1095260669386352,121720844.88416892,2021-10-18
335,1634601600000,0.1076312934101548,120376436.22305925,2021-10-19
336,1634688000000,0.1050684288343826,117105729.73062733,2021-10-20
337,1634774400000,0.10174129916875772,113658718.05933112,2021-10-21
338,1634860800000,0.13364770050105373,148219654.80791605,2021-10-22
339,1634947200000,0.12970909767123492,144435014.28927234,2021-10-23
340,1635033600000,0.12217126136172439,135916171.5148386,2021-10-24
341,1635120000000,0.12280864391240064,136477560.21159136,2021-10-25
342,1635206400000,0.1200030214498902,133648228.42877911,2021-10-26
343,1635292800000,0.10876167317700036,121718433.84108505,2021-10-27
344,1635379200000,0.1090831618996205,121408564.21118478,2021-10-28
345,1635465600000,0.1126365186630779,125210338.87012629,2021-10-29
346,1635552000000,0.11381881356636392,126442881.69201629,2021-10-30
347,1635638400000,0.12240749302721025,136251261.86547437,2021-10-31
348,1635724800000,0.11662897967589196,129862544.44409017,2021-11-01
349,1635811200000,0.12935244906944468,145557303.50845373,2021-11-02
350,1635897600000,0.13605447237392013,151355957.72936195,2021-11-03
351,1635984000000,0.15666546077383348,174482607.89420435,2021-11-04
352,1636070400000,0.16732033481576003,186530390.80051866,2021-11-05
353,1636156800000,0.2482662950403563,273530632.57198733,2021-11-06
354,1636243200000,0.2791212674780447,315800889.3231813,2021-11-07
355,1636329600000,0.33112981685591264,367511502.1080402,2021-11-08
356,1636416000000,0.5065660599793465,544704084.1900914,2021-11-09
357,1636502400000,0.41575849258419917,458094389.2417273,2021-11-10
358,1636588800000,0.3933136868920333,438351638.3124527,2021-11-11
359,1636675200000,0.46323488966171844,515950209.35890985,2021-11-12
360,1636761600000,0.46296131823989134,516694156.7583307,2021-11-13
361,1636848000000,0.5317208223758716,584481662.8683581,2021-11-14
362,1636934400000,0.6238909880612571,689806687.4115348,2021-11-15
363,1637020800000,0.5613105213066919,630599423.9635923,2021-11-16
364,1637107200000,0.5072697211206484,567886003.1776637,2021-11-17
365,1637193600000,0.46774194311138506,531216311.3141831,2021-11-18
366,1637280000000,0.4008733829289248,439696425.31138986,2021-11-19
367,1637366400000,0.47017084883351085,521777897.0944044,2021-11-20
368,1637452800000,0.43785169135428015,483923055.79402757,2021-11-21
369,1637539200000,0.4819841715635473,537228020.005233,2021-11-22
370,1637625600000,0.44982516330110167,502831265.1427625,2021-11-23
371,1637712000000,0.4077214703570562,451582084.6686689,2021-11-24
372,1637798400000,0.3887036003777937,432966858.2902921,2021-11-25
373,1637884800000,0.4338195299359645,483969079.2028152,2021-11-26
374,1637971200000,0.408794818118818,1605546268.9205656,2021-11-27
375,1638057600000,0.3849242131983907,1522676965.1423886,2021-11-28
376,1638144000000,0.4100533964406425,1588768282.7206254,2021-11-29
377,1638230400000,0.4395652803542331,1742387409.1946733,2021-11-30
378,1638316800000,0.4383260443705361,1747461249.7342572,2021-12-01
379,1638403200000,0.3966324236261698,1570664397.5596323,2021-12-02
380,1638489600000,0.44679317357075793,1758443481.7322354,2021-12-03
381,1638576000000,0.39763500183630185,1575659373.4418292,2021-12-04
382,1638662400000,0.3622384547469069,1439705489.1528814,2021-12-05
383,1638748800000,0.33036298213013787,1309893541.834588,2021-12-06
384,1638835200000,0.30317799245611027,1188660851.5052042,2021-12-07
385,1638921600000,0.30017064151314693,1186704468.4565213,2021-12-08
386,1639008000000,0.28258389298747755,1119779187.8511305,2021-12-09
387,1639094400000,0.2579690244031762,1024681368.4268606,2021-12-10
388,1639180800000,0.23984857516704156,950434280.4329022,2021-12-11
389,1639267200000,0.28392815804159793,1122292821.2559562,2021-12-12
390,1639353600000,0.29357185700809,1161889785.2295823,2021-12-13
391,1639440000000,0.22674890455701438,897925662.0457771,2021-12-14
392,1639526400000,0.24112069807041003,952837256.0220727,2021-12-15
393,1639612800000,0.28036497116169423,1109646484.508011,2021-12-16
394,1639699200000,0.28320377889075465,1123864467.410096,2021-12-17
395,1639785600000,0.2619306387817486,1053086109.9734222,2021-12-18
396,1639872000000,0.2598834319492116,1030008282.2980814,2021-12-19
397,1639958400000,0.25000873882816554,990146448.3653321,2021-12-20
398,1640044800000,0.2454919422797194,976107017.8099421,2021-12-21
399,1640131200000,0.2631064551195308,1041662658.5808712,2021-12-22
400,1640217600000,0.2735653384289784,1096047362.4886215,2021-12-23
401,1640304000000,0.26944334077455623,1067679994.0936856,2021-12-24
402,1640390400000,0.28890384255585505,1145202254.5330944,2021-12-25
403,1640476800000,0.2885290213804297,1142755510.629449,2021-12-26
404,1640563200000,0.2854055932464185,1129372951.89787,2021-12-27
405,1640649600000,0.3158248735705721,1247225279.5516658,2021-12-28
406,1640736000000,0.28707268722605606,1138543474.4670603,2021-12-29
407,1640822400000,0.2771874763259965,1097394646.5390823,2021-12-30
408,1640908800000,0.2554079714924293,1010115297.5502086,2021-12-31
409,1640995200000,0.24641855293873863,979981979.771387,2022-01-01
410,1641081600000,0.26464293375376896,1045380538.7214457,2022-01-02
411,1641168000000,0.25864757361409785,1023507133.8958272,2022-01-03
412,1641254400000,0.24686510444314066,977312850.7606212,2022-01-04
413,1641340800000,0.24935588147080665,993783895.5350659,2022-01-05
414,1641427200000,0.22424266015608585,891069135.9893414,2022-01-06
415,1641513600000,0.23768195564080444,937145363.2014724,2022-01-07
416,1641600000000,0.2125265228793501,841414438.1282916,2022-01-08
417,1641686400000,0.20675131166162414,818375928.713423,2022-01-09
418,1641772800000,0.2170792944888518,859275841.9283054,2022-01-10
419,1641859200000,0.2106662403106659,833525627.7883642,2022-01-11
420,1641945600000,0.21271014016894682,843572100.1635145,2022-01-12
421,1642032000000,0.23426191786960018,930211415.9751849,2022-01-13
422,1642118400000,0.22635302970315685,894679491.582352,2022-01-14
423,1642204800000,0.23186605939123395,917627140.509194,2022-01-15
424,1642291200000,0.24223072109362068,960363227.7954499,2022-01-16
425,1642377600000,0.2426606682571668,961015943.1835282,2022-01-17
426,1642464000000,0.21880958206948453,866988009.4789367,2022-01-18
427,1642550400000,0.20602725842521688,815870311.4125397,2022-01-19
428,1642636800000,0.207501615409749,821479993.7871487,2022-01-20
429,1642723200000,0.2063532311148284,818414155.1713406,2022-01-21
430,1642809600000,0.16362565105181823,643750538.3744054,2022-01-22
431,1642896000000,0.1537079386656675,608690777.1850129,2022-01-23
432,1642982400000,0.17715490675352658,699936313.8677248,2022-01-24
433,1643068800000,0.16739262340153435,666776090.7488419,2022-01-25
434,1643155200000,0.15934218738752948,631270105.300262,2022-01-26
435,1643241600000,0.1630561920211617,646797863.5766706,2022-01-27
436,1643328000000,0.16180989791648545,638270492.8389626,2022-01-28
437,1643414400000,0.16579914988528463,656492116.3204417,2022-01-29
438,1643500800000,0.17233673512033074,681208805.0525326,2022-01-30
439,1643587200000,0.1681306508849148,665660534.708508,2022-01-31
440,1643673600000,0.17456193345969598,691674146.5912336,2022-02-01
441,1643760000000,0.1757407257704773,695551215.6443217,2022-02-02
442,1643846400000,0.16602613808934166,656022493.4402312,2022-02-03
443,1643932800000,0.16242357761648243,643674642.9362041,2022-02-04
444,1644019200000,0.17313144977431916,692313986.6569852,2022-02-05
445,1644105600000,0.1689150121409757,669399131.5354704,2022-02-06
446,1644192000000,0.16848622978325462,666956600.2518741,2022-02-07
447,1644278400000,0.19148335714327971,758654113.5567504,2022-02-08
448,1644364800000,0.20312357449249488,803335932.606246,2022-02-09
449,1644451200000,0.20413673171952015,808548923.2707806,2022-02-10
450,1644537600000,0.19045593969672012,753744138.734028,2022-02-11
451,1644624000000,0.1758992489044122,696627260.6017951,2022-02-12
452,1644710400000,0.17728646601847742,700709092.393034,2022-02-13
453,1644796800000,0.17467286076772562,691276226.5605545,2022-02-14
454,1644883200000,0.17406521129566696,688345799.9897195,2022-02-15
455,1644969600000,0.18024592487004704,711176986.2156265,2022-02-16
456,1645056000000,0.17594873119680263,698413412.2098002,2022-02-17
457,1645142400000,0.16319468961460792,645725128.2380763,2022-02-18
458,1645228800000,0.1496707465250454,593431955.1601864,2022-02-19
459,1645315200000,0.14715566919980955,581102963.9682858,2022-02-20
460,1645401600000,0.13380708942637815,529758343.86994493,2022-02-21
461,1645488000000,0.11911936674429197,470092356.151904,2022-02-22
462,1645574400000,0.13164203085694237,511743245.9701229,2022-02-23
463,1645660800000,0.12276784252662179,489960264.65717113,2022-02-24
464,1645747200000,0.10718057658803293,423928398.8484468,2022-02-25
465,1645833600000,0.12727203994248107,505458808.331621,2022-02-26
466,1645920000000,0.1474161287107222,579969817.8887368,2022-02-27
467,1646006400000,0.13801662363973105,545776690.7805419,2022-02-28
468,1646092800000,0.1493461826975718,589557621.7228302,2022-03-01
469,1646179200000,0.1420330997535011,562255162.5119097,2022-03-02
470,1646265600000,0.13875604645530493,550122378.7868582,2022-03-03
471,1646352000000,0.1328795270601651,526057099.2104123,2022-03-04
472,1646438400000,0.12842813881592663,509058680.0415589,2022-03-05
473,1646524800000,0.14240479307283846,563621065.9206716,2022-03-06
474,1646611200000,0.1356391877587483,537509259.8860228,2022-03-07
475,1646697600000,0.13067349520701282,517326654.79339457,2022-03-08
476,1646784000000,0.1217122379978155,481204576.0613912,2022-03-09
477,1646870400000,0.11891196651755732,468414605.26124275,2022-03-10
478,1646956800000,0.12132930720625008,480645824.1127797,2022-03-11
479,1647043200000,0.12130845766851275,480617755.1590243,2022-03-12
480,1647129600000,0.12010220990505792,475855415.8081309,2022-03-13
481,1647216000000,0.11952767394107681,474362461.9473652,2022-03-14
482,1647302400000,0.11644175166307448,461720464.5772561,2022-03-15
483,1647388800000,0.11784261976488641,466613483.07935274,2022-03-16
484,1647475200000,0.12394454831616664,491802846.1265387,2022-03-17
485,1647561600000,0.12892291489876784,510692166.5555097,2022-03-18
486,1647648000000,0.12859560908392426,509547776.04488736,2022-03-19
487,1647734400000,0.1223997157956849,483901298.743898,2022-03-20
488,1647820800000,0.12270981132235087,486295032.85143346,2022-03-21
489,1647907200000,0.1279573688898276,506735719.90113837,2022-03-22
490,1647993600000,0.1442440282090245,574742240.653956,2022-03-23
491,1648080000000,0.16557728126735485,654763618.7302008,2022-03-24
492,1648166400000,0.14626827473534185,579449143.2449226,2022-03-25
493,1648252800000,0.14853410601258848,588367363.9604172,2022-03-26
494,1648339200000,0.14727729433250292,583819448.8674189,2022-03-27
495,1648425600000,0.1574847709862179,623872867.7645905,2022-03-28
496,1648512000000,0.15642240340788752,620548440.9178567,2022-03-29
497,1648598400000,0.1565058569421748,620195709.1664387,2022-03-30
498,1648684800000,0.1579076861494807,625362416.9377723,2022-03-31
499,1648771200000,0.14785524538003925,583914437.4692,2022-04-01
500,1648857600000,0.15048628748218107,596449460.6334919,2022-04-02
501,1648944000000,0.146515355652616,580977487.5280509,2022-04-03
502,1649030400000,0.1510165050929243,597607882.0926323,2022-04-04
503,1649116800000,0.15026773111008418,595145520.2231107,2022-04-05
504,1649203200000,0.14240873301702842,564763584.2138492,2022-04-06
505,1649289600000,0.1313710048280266,519918303.34817404,2022-04-07
506,1649376000000,0.1394148000280986,551331326.6309899,2022-04-08
507,1649462400000,0.13930829023007235,549826484.8355845,2022-04-09
508,1649548800000,0.1404368806111491,556148962.5454113,2022-04-10
509,1649635200000,0.1377628758651874,545599801.1664106,2022-04-11
510,1649721600000,0.1322168156423251,524832900.4652667,2022-04-12
511,1649808000000,0.13304488665778902,527477930.68721175,2022-04-13
512,1649894400000,0.13785219637214982,261440091.47833103,2022-04-14
513,1649980800000,0.13574865614976364,258169707.33928305,2022-04-15
514,1650067200000,0.13826235795737835,263000037.46496093,2022-04-16
515,1650153600000,0.13848537488416093,263823430.31153622,2022-04-17
516,1650240000000,0.14018376306286176,267099753.86592057,2022-04-18
517,1650326400000,0.14036952097325125,267395232.86171502,2022-04-19
518,1650412800000,0.1363639624896955,259952063.09717235,2022-04-20
519,1650499200000,0.13268793977127044,253027996.9222857,2022-04-21
520,1650585600000,0.13229543500397134,251751435.91504234,2022-04-22
521,1650672000000,0.12937060125225747,246370416.73265144,2022-04-23
522,1650758400000,0.12817620909530514,244621821.76227698,2022-04-24
523,1650844800000,0.13031054032423597,248643655.6715224,2022-04-25
524,1650931200000,0.12476659627128563,237764339.50651184,2022-04-26
525,1651017600000,0.12523323626310787,239018369.7801574,2022-04-27
526,1651104000000,0.126262812019975,239702814.91172013,2022-04-28
527,1651190400000,0.12286342301499435,234058743.3093469,2022-04-29
528,1651276800000,0.11526498254714834,219012822.63899314,2022-04-30
529,1651363200000,0.11427187388186917,217883940.69389883,2022-05-01
530,1651449600000,0.1135829759112102,216182056.13039562,2022-05-02
531,1651536000000,0.11009451589229527,209671015.50467888,2022-05-03
532,1651622400000,0.11355291608185207,216080490.06009597,2022-05-04
533,1651708800000,0.12418680326219107,237865121.0367798,2022-05-05
534,1651795200000,0.11408118562778076,217699419.6987435,2022-05-06
535,1651881600000,0.1191984287138596,227120959.51107922,2022-05-07
536,1651968000000,0.11288756488750351,217302471.20375213,2022-05-08
537,1652054400000,0.11084964794923309,211261431.3639634,2022-05-09
538,1652140800000,0.09754523688534669,186441248.0153009,2022-05-10
539,1652227200000,0.10232470358694136,194769500.33400515,2022-05-11
540,1652313600000,0.08598956385624937,177905386.0521857,2022-05-12
541,1652400000000,0.07867619015270237,150322067.72872922,2022-05-13
542,1652486400000,0.08791067400072351,167735236.908742,2022-05-14
543,1652572800000,0.0891678874116506,169255126.7767605,2022-05-15
544,1652659200000,0.0915636217406886,174294656.02672672,2022-05-16
545,1652745600000,0.08751268061257697,166853661.52447087,2022-05-17
546,1652832000000,0.08735654956908191,166354277.34047633,2022-05-18
547,1652918400000,0.08446666631733526,161131114.18290168,2022-05-19
548,1653004800000,0.08475474680550096,161250221.10690272,2022-05-20
549,1653091200000,0.08348316126380233,159031953.67151904,2022-05-21
550,1653177600000,0.08378102486450259,159534827.74386108,2022-05-22
551,1653264000000,0.08674815723285084,165392449.18444273,2022-05-23
552,1653350400000,0.08976488118849629,170767497.70507056,2022-05-24
553,1653436800000,0.08844654857234491,168658568.80462587,2022-05-25
554,1653523200000,0.08919470206035524,169850069.84346285,2022-05-26
555,1653609600000,0.0873181745624476,166506226.4826954,2022-05-27
556,1653696000000,0.08229772085959178,157053259.26937318,2022-05-28
557,1653782400000,0.08085098635462298,154280559.45843056,2022-05-29
558,1653868800000,0.08217570231911174,156909232.0875292,2022-05-30
559,1653955200000,0.08769630068244175,166987640.70726192,2022-05-31
560,1654041600000,0.08720327648030968,168473757.91346446,2022-06-01
561,1654128000000,0.08493139484821129,160064831.245896,2022-06-02
562,1654214400000,0.08350736890898487,159109112.92179808,2022-06-03
563,1654300800000,0.082241227449873,155878197.8436559,2022-06-04
564,1654387200000,0.08112243674656873,154843302.51263148,2022-06-05
565,1654473600000,0.08058627721604851,153755258.82280546,2022-06-06
566,1654560000000,0.0810522132853081,153831125.90602303,2022-06-07
567,1654646400000,0.07473414518395236,141929270.16917747,2022-06-08
568,1654732800000,0.07855125466049856,149752045.26658785,2022-06-09
569,1654819200000,0.07918924068264245,150949974.18098137,2022-06-10
570,1654905600000,0.0771501510907809,147083156.628318,2022-06-11
571,1654992000000,0.07312027679180413,139468331.99587855,2022-06-12
572,1655078400000,0.06946350110738787,133157197.42691113,2022-06-13
573,1655164800000,0.062097628709032425,114983048.37263966,2022-06-14
574,1655251200000,0.06231752294710702,118704938.56041835,2022-06-15
575,1655337600000,0.06947447441140338,132457227.56459345,2022-06-16
576,1655424000000,0.0615799322623514,117520846.8048552,2022-06-17
577,1655510400000,0.06385402842242635,121743329.05009082,2022-06-18
578,1655596800000,0.062419543183926056,118861007.47715853,2022-06-19
579,1655683200000,0.06847089975770804,130470013.75818487,2022-06-20
580,1655769600000,0.06777858182954018,129200310.59058236,2022-06-21
581,1655856000000,0.0674694612139341,128609250.67633674,2022-06-22
582,1655942400000,0.06370722002669696,121714876.60437398,2022-06-23
583,1656028800000,0.06609418795669098,106178881.81140073,2022-06-24
584,1656115200000,0.06940934001613047,110654239.08035068,2022-06-25
585,1656201600000,0.06802442546893885,108797817.88758801,2022-06-26
586,1656288000000,0.06743403964619828,108489969.86337656,2022-06-27
587,1656374400000,0.06653150501186789,106804189.73202507,2022-06-28
588,1656460800000,0.06522241145864732,104691544.6988365,2022-06-29
589,1656547200000,0.06472695612899133,103965973.78715734,2022-06-30
590,1656633600000,0.0632576018446211,102612956.85785793,2022-07-01
591,1656720000000,0.06374664577863473,101953929.02836853,2022-07-02
592,1656806400000,0.06165591423650112,98916193.75173521,2022-07-03
593,1656892800000,0.061254379738296706,98419448.46068376,2022-07-04
594,1656979200000,0.06202025055016218,99695491.39403953,2022-07-05
595,1657065600000,0.06247730978235324,100424383.87580264,2022-07-06
596,1657152000000,0.06273945781209371,100565311.62482172,2022-07-07
597,1657238400000,0.06515036445525131,104703922.75074413,2022-07-08
598,1657324800000,0.06462146457667368,103776608.71589218,2022-07-09
599,1657411200000,0.06348153250718729,101926320.87722652,2022-07-10
600,1657497600000,0.06434874191126329,103329777.66945067,2022-07-11
601,1657584000000,0.06270899177081148,100620319.81695439,2022-07-12
602,1657670400000,0.06186182644144737,99237875.24975272,2022-07-13
603,1657756800000,0.06216263114779458,99711793.52725975,2022-07-14
604,1657843200000,0.06208478642379083,99509186.14311624,2022-07-15
605,1657929600000,0.0626817075675176,100683369.75541767,2022-07-16
606,1658016000000,0.06380728720743943,102824668.73306353,2022-07-17
607,1658102400000,0.06246594353901558,100553612.26334299,2022-07-18
608,1658188800000,0.06712639669330268,107714721.95347396,2022-07-19
609,1658275200000,0.06916314023266426,111043766.24863316,2022-07-20
610,1658361600000,0.06482265449516052,104234435.55119455,2022-07-21
611,1658448000000,0.06474796734840481,103459524.16988039,2022-07-22
612,1658534400000,0.06538627136003476,104976034.69623928,2022-07-23
613,1658620800000,0.06202755739967259,99489426.4479332,2022-07-24
614,1658707200000,0.06489371355268904,104053476.47736843,2022-07-25
615,1658793600000,0.062231797927199344,99666557.49657695,2022-07-26
616,1658880000000,0.060039800803034477,96441414.01710631,2022-07-27
617,1658966400000,0.062444162066379406,100922734.08474298,2022-07-28
618,1659052800000,0.06454955247479127,103711559.26740932,2022-07-29
619,1659139200000,0.06211919890706368,100883975.81274045,2022-07-30
620,1659225600000,0.0635095704687465,102153171.88358296,2022-07-31
621,1659312000000,0.06322816988673066,101569810.54739754,2022-08-01
622,1659398400000,0.06250748756848343,100194523.12442274,2022-08-02
623,1659484800000,0.06151458770098851,98736523.87169552,2022-08-03
624,1659571200000,0.06117844115147455,98326885.69340816,2022-08-04
625,1659657600000,0.060153680600528656,96249089.8391517,2022-08-05
626,1659744000000,0.06127117582088363,98075746.3486894,2022-08-06
627,1659830400000,0.06308898353725849,101277915.58208433,2022-08-07
628,1659916800000,0.06210076168691194,99617986.25969712,2022-08-08
629,1660003200000,0.06326435912911522,101293336.01123954,2022-08-09
630,1660089600000,0.06197980090070233,99499882.17755291,2022-08-10
631,1660176000000,0.06305902820286623,101119095.2970689,2022-08-11
632,1660262400000,0.06364392241795169,102160470.88063644,2022-08-12
633,1660348800000,0.06418488994543778,102929612.23078226,2022-08-13
634,1660435200000,0.0640318253277422,102718175.57805862,2022-08-14
635,1660521600000,0.06432835274950092,103255142.05145158,2022-08-15
636,1660608000000,0.06343026887624892,101759255.1339605,2022-08-16
637,1660694400000,0.06218663004246578,99788068.39405341,2022-08-17
638,1660780800000,0.061089964486225695,98014768.15156974,2022-08-18
639,1660867200000,0.06043183413862732,97117752.40664299,2022-08-19
640,1660953600000,0.05957830379321984,96156667.11543094,2022-08-20
641,1661040000000,0.0598349541177683,96021873.55505255,2022-08-21
642,1661126400000,0.061471499994734294,98842325.46890154,2022-08-22
643,1661212800000,0.0605556430128227,97259430.9296876,2022-08-23
644,1661299200000,0.06203416360413617,99543255.6348632,2022-08-24
645,1661385600000,0.06112327764439436,98077651.71439074,2022-08-25
646,1661472000000,0.06120730923359613,98194147.1980052,2022-08-26
647,1661558400000,0.05883265606387599,95029909.36348149,2022-08-27
648,1661644800000,0.057150827099581275,91722565.17275496,2022-08-28
649,1661731200000,0.0560908135125777,90030629.21617258,2022-08-29
650,1661817600000,0.059107427203712246,94961191.91444235,2022-08-30
651,1661904000000,0.059402322319137786,95335478.44731344,2022-08-31
652,1661990400000,0.057967031778015,93001653.70221943,2022-09-01
653,1662076800000,0.057727683328969395,92538288.75680871,2022-09-02
654,1662163200000,0.05770977343442569,92054117.94826159,2022-09-03
655,1662249600000,0.05624712310828153,89965477.1798322,2022-09-04
656,1662336000000,0.05636344141460289,90418637.93350193,2022-09-05
657,1662422400000,0.05735834824075516,92152885.38803321,2022-09-06
658,1662508800000,0.05668547380382073,91026301.34837769,2022-09-07
659,1662595200000,0.058946326461066956,94452870.28789718,2022-09-08
660,1662681600000,0.059437545678844274,95377993.03520262,2022-09-09
661,1662768000000,0.06004085430899875,97040041.60364151,2022-09-10
662,1662854400000,0.059102985362019925,94742981.14483964,2022-09-11
663,1662940800000,0.06474195623030002,103955686.04759677,2022-09-12
664,1663027200000,0.06629795807070357,106445332.95166406,2022-09-13
665,1663113600000,0.066353711331177,106630923.88384974,2022-09-14
666,1663200000000,0.06443450605357555,103230055.54821701,2022-09-15
667,1663286400000,0.0591816426520999,94885430.4816113,2022-09-16
668,1663372800000,0.059275232012892164,95246188.2398483,2022-09-17
669,1663459200000,0.05944641989592452,95456734.96914536,2022-09-18
670,1663545600000,0.05761722602573154,92632957.00963704,2022-09-19
671,1663632000000,0.058196193436796086,93286448.7103743,2022-09-20
672,1663718400000,0.057171056748176644,92048120.00203258,2022-09-21
673,1663804800000,0.05622808850085635,90247363.80425456,2022-09-22
674,1663891200000,0.06029261967473402,96692776.48923385,2022-09-23
675,1663977600000,0.06073102423482975,97341305.75144744,2022-09-24
676,1664064000000,0.060363161701556006,96005181.62442784,2022-09-25
677,1664150400000,0.06036030920507827,96980893.66772991,2022-09-26
678,1664236800000,0.058247085527521864,93598737.4977093,2022-09-27
679,1664323200000,0.05926315796349809,95032895.13178046,2022-09-28
680,1664409600000,0.06110076592937497,98052477.18163016,2022-09-29
681,1664496000000,0.05990898321710969,96176561.29880151,2022-09-30
682,1664582400000,0.06034826098765887,96890952.06993562,2022-10-01
683,1664668800000,0.06031121740235386,96723841.0072587,2022-10-02
684,1664755200000,0.059913659891552916,96126388.40245622,2022-10-03
685,1664841600000,0.059649361821379726,95753825.89979711,2022-10-04
686,1664928000000,0.05821075590595999,93447719.41641298,2022-10-05
687,1665014400000,0.06027732316836538,96557169.26873632,2022-10-06
688,1665100800000,0.06088705247539946,97734425.60749939,2022-10-07
689,1665187200000,0.059808394686809,96059450.81022577,2022-10-08
690,1665273600000,0.05813707174572154,93270560.24955739,2022-10-09
691,1665360000000,0.05827626989821038,93372045.354264,2022-10-10
692,1665446400000,0.057098229180377075,91618198.07633524,2022-10-11
693,1665532800000,0.05554911971518473,89143115.57408266,2022-10-12
694,1665619200000,0.055489358138643786,89080315.3041641,2022-10-13
695,1665705600000,0.055292887033168765,88694690.84992658,2022-10-14
696,1665792000000,0.054045583806600975,86650455.53582163,2022-10-15
697,1665878400000,0.05488597048961056,87904876.55178711,2022-10-16
698,1665964800000,0.055301665513613193,88720953.14175464,2022-10-17
699,1666051200000,0.05396890966189255,86678647.81106378,2022-10-18
700,1666137600000,0.054024351858297785,86701217.59625082,2022-10-19
701,1666224000000,0.052458434136983076,84157344.94009236,2022-10-20
702,1666310400000,0.050383503085667185,80791306.80387427,2022-10-21
703,1666396800000,0.051521902245599244,82682795.13922045,2022-10-22
704,1666483200000,0.0499642635238225,80230093.71182817,2022-10-23
705,1666569600000,0.05092520010495628,81576204.84745131,2022-10-24
706,1666656000000,0.05054735516540165,81141081.78178722,2022-10-25
707,1666742400000,0.05105808249989138,82161921.62808833,2022-10-26
708,1666828800000,0.052072681783356785,83443543.33619805,2022-10-27
709,1666915200000,0.05127029778035405,82301773.98482016,2022-10-28
710,1667001600000,0.055753084160229824,89043484.68383685,2022-10-29
711,1667088000000,0.058124792835376214,93248896.7695837,2022-10-30
712,1667174400000,0.057074301266676224,91507250.99346223,2022-10-31
713,1667260800000,0.056375531823819984,90463394.9130067,2022-11-01
714,1667347200000,0.056142689224288375,90138809.70425932,2022-11-02
715,1667433600000,0.05335351167937958,85625866.26603653,2022-11-03
716,1667520000000,0.05099924740202569,81793393.12815258,2022-11-04
717,1667606400000,0.053983812562410464,86741860.7914969,2022-11-05
718,1667692800000,0.053013140234523415,85107442.11209407,2022-11-06
719,1667779200000,0.052458599810108905,84156696.46499364,2022-11-07
720,1667865600000,0.05566051360522942,89342098.69383316,2022-11-08
721,1667952000000,0.05080196783803368,81582511.368351,2022-11-09
722,1668038400000,0.048953574868528624,78408266.03292195,2022-11-10
723,1668124800000,0.05237162086269891,83984548.47447693,2022-11-11
724,1668211200000,0.05028046443984931,81199120.99582933,2022-11-12
725,1668297600000,0.051037116146122864,81817269.5959216,2022-11-13
726,1668384000000,0.048945927785868586,77987408.39721408,2022-11-14
727,1668470400000,0.05181624170633644,83378597.15066117,2022-11-15
728,1668556800000,0.051100901410171935,82007377.57892264,2022-11-16
729,1668643200000,0.047049201339556625,75415877.73878767,2022-11-17
730,1668729600000,0.047463121472624395,76183207.52974273,2022-11-18
731,1668816000000,0.0456450040447245,73270491.49437378,2022-11-19
732,1668902400000,0.045216761294883584,72473237.50888342,2022-11-20
