,Time,open,mktcap,Date
0,1599091200000,17.59069080196593,240940944.2829299,2020-09-03
1,1599177600000,17.59069080196593,240940944.2829299,2020-09-04
2,1599264000000,17.59377087021469,241062547.84269914,2020-09-05
3,1599350400000,12.408214231524836,169349341.09694478,2020-09-06
4,1599436800000,13.371052256323292,183863788.01656428,2020-09-07
5,1599523200000,13.237230539033616,181561599.72110316,2020-09-08
6,1599609600000,13.875486360829747,190283602.1707181,2020-09-09
7,1599696000000,15.09813972594876,207293629.49697715,2020-09-10
8,1599782400000,13.938241419698308,190604495.1805387,2020-09-11
9,1599868800000,14.306222568176,195989560.5515361,2020-09-12
10,1599955200000,13.905924845905977,190683594.1599731,2020-09-13
11,1600041600000,13.302391565280873,182109848.65007836,2020-09-14
12,1600128000000,13.977425101384886,191524850.31435037,2020-09-15
13,1600214400000,13.054788848512167,179119408.31587577,2020-09-16
14,1600300800000,12.608924987966402,173072364.0319511,2020-09-17
15,1600387200000,12.047539345571336,166281568.92694348,2020-09-18
16,1600473600000,11.1823860007992,153506130.42432815,2020-09-19
17,1600560000000,11.907579014905727,163445803.5118522,2020-09-20
18,1600646400000,10.715789959902978,146994813.69858405,2020-09-21
19,1600732800000,8.844142229744737,122100810.33981656,2020-09-22
20,1600819200000,8.70620438886521,119222371.50139481,2020-09-23
21,1600905600000,8.780108319757241,119548231.47351407,2020-09-24
22,1600992000000,9.177130243899938,125495658.54993951,2020-09-25
23,1601078400000,9.990575593065737,136856028.7455663,2020-09-26
24,1601164800000,10.406797811694023,142629125.4839149,2020-09-27
25,1601251200000,10.018629843545659,137356717.65115848,2020-09-28
26,1601337600000,9.95502877053486,136398895.61307716,2020-09-29
27,1601424000000,10.254170210606038,140588813.2175613,2020-09-30
28,1601510400000,10.351439877348986,141915258.18965623,2020-10-01
29,1601596800000,10.275396332206714,140981871.8469165,2020-10-02
30,1601683200000,9.420531408966228,129009390.92093523,2020-10-03
31,1601769600000,9.118749385093235,124997190.1065935,2020-10-04
32,1601856000000,9.040184659473383,124060671.659677,2020-10-05
33,1601942400000,8.4551492796442,115880300.37377232,2020-10-06
34,1602028800000,6.930797528797617,100109906.16142614,2020-10-07
35,1602115200000,7.759414698857439,112352119.07120186,2020-10-08
36,1602201600000,7.448667444506108,107680476.72387826,2020-10-09
37,1602288000000,7.923750185728294,114538189.53988652,2020-10-10
38,1602374400000,7.769333863212949,112575444.61455217,2020-10-11
39,1602460800000,8.17382862900298,118391878.81883185,2020-10-12
40,1602547200000,7.993204323823649,115660138.25523204,2020-10-13
41,1602633600000,7.961247163532426,115192282.06667094,2020-10-14
42,1602720000000,8.005176254592085,115753729.13796724,2020-10-15
43,1602806400000,7.870830103823266,114217134.58038053,2020-10-16
44,1602892800000,7.397023791566592,106946756.33032326,2020-10-17
45,1602979200000,7.595896224653623,109756982.81979902,2020-10-18
46,1603065600000,7.590521311502352,109738274.19369909,2020-10-19
47,1603152000000,7.367935904624617,106511944.56643313,2020-10-20
48,1603238400000,7.070534290134584,102207101.79541112,2020-10-21
49,1603324800000,7.491810200344565,107276732.5620007,2020-10-22
50,1603411200000,7.671331381367307,110795733.64903344,2020-10-23
51,1603497600000,8.777482690912953,126876801.27078804,2020-10-24
52,1603584000000,8.808230088586079,127211134.34555553,2020-10-25
53,1603670400000,9.267706067620464,134066712.58222091,2020-10-26
54,1603756800000,8.653565066422061,124898608.65525714,2020-10-27
55,1603843200000,8.552810791019416,123705757.37618276,2020-10-28
56,1603929600000,7.870531508272168,113661312.62124546,2020-10-29
57,1604016000000,7.377807771402257,106694348.6940213,2020-10-30
58,1604102400000,7.619826975980225,110647600.73361121,2020-10-31
59,1604188800000,7.324983274799405,105940574.97814102,2020-11-01
60,1604275200000,7.677347022296203,111011759.3172203,2020-11-02
61,1604361600000,7.319032663956625,106212451.0909944,2020-11-03
62,1604448000000,7.26366100835086,104967746.95220025,2020-11-04
63,1604534400000,7.165495900306417,103584638.71230944,2020-11-05
64,1604620800000,7.399991101907208,106916737.8238605,2020-11-06
65,1604707200000,8.359184647167327,120901728.07522628,2020-11-07
66,1604793600000,7.865246598944279,114251613.48229624,2020-11-08
67,1604880000000,8.356137594902878,120879445.42388637,2020-11-09
68,1604966400000,8.121831956209393,117188526.77149266,2020-11-10
69,1605052800000,8.572690528790492,124071215.47900589,2020-11-11
70,1605139200000,7.881245297030921,113864570.595688,2020-11-12
71,1605225600000,7.485068303885232,108222367.03556128,2020-11-13
72,1605312000000,7.765541654268584,112204609.12942632,2020-11-14
73,1605398400000,7.512961855155978,108895147.85838698,2020-11-15
74,1605484800000,7.576570525449262,109636298.85718654,2020-11-16
75,1605571200000,7.704151128229209,111357828.68022117,2020-11-17
76,1605657600000,7.84443806272434,113602229.51142608,2020-11-18
77,1605744000000,7.481197342926172,108155808.40681013,2020-11-19
78,1605830400000,7.591156101138038,109640088.0037109,2020-11-20
79,1605916800000,7.60361548023439,110035050.65841793,2020-11-21
80,1606003200000,8.175068445022742,118613543.97564214,2020-11-22
81,1606089600000,8.014614555147265,115959574.43998095,2020-11-23
82,1606176000000,9.048665095360528,130819288.2631868,2020-11-24
83,1606262400000,9.023164115162455,130500347.03347331,2020-11-25
84,1606348800000,9.695365045920362,139178472.9816813,2020-11-26
85,1606435200000,9.120847335556245,131648897.14575817,2020-11-27
86,1606521600000,8.833360794402958,127654695.00116116,2020-11-28
87,1606608000000,8.799484997834531,127162687.16490246,2020-11-29
88,1606694400000,8.919560581176109,128857174.41940704,2020-11-30
89,1606780800000,9.15450762358993,132729332.46888322,2020-12-01
90,1606867200000,9.31172778637753,137984518.43285707,2020-12-02
91,1606953600000,11.610206344426919,171436153.1782438,2020-12-03
92,1607040000000,13.031766845949857,191269870.49760273,2020-12-04
93,1607126400000,12.236694980838605,182473606.2815032,2020-12-05
94,1607212800000,13.916855699148941,205615047.23579133,2020-12-06
95,1607299200000,13.731776567916395,203901215.95678332,2020-12-07
96,1607385600000,13.189291612677579,195748330.7085982,2020-12-08
97,1607472000000,12.500038643094323,185725648.38757372,2020-12-09
98,1607558400000,13.978030646840162,208087091.8098429,2020-12-10
99,1607644800000,13.779189673812153,205286165.9963129,2020-12-11
100,1607731200000,14.853505149471287,221504981.9518045,2020-12-12
101,1607817600000,16.60007019448841,245808647.51902884,2020-12-13
102,1607904000000,16.890156918907017,251037997.075865,2020-12-14
103,1607990400000,19.166998702395293,283231567.96166533,2020-12-15
104,1608076800000,24.273263056737694,360462744.53142786,2020-12-16
105,1608163200000,21.79078122993928,324518291.6439696,2020-12-17
106,1608249600000,23.27436563302258,345946052.5637423,2020-12-18
107,1608336000000,25.36682604021467,377094500.6179038,2020-12-19
108,1608422400000,26.55119180103068,395729733.4248409,2020-12-20
109,1608508800000,25.523913307980287,380340238.4969816,2020-12-21
110,1608595200000,28.233411916174063,421068510.4694481,2020-12-22
111,1608681600000,28.002792325035617,418798574.5522348,2020-12-23
112,1608768000000,21.535282074537285,335864128.5368141,2020-12-24
113,1608854400000,25.003263647831734,373472482.3819757,2020-12-25
114,1608940800000,22.969610502662036,344175591.39492136,2020-12-26
115,1609027200000,23.167915026605737,345934007.8565994,2020-12-27
116,1609113600000,21.863788783561066,329232387.47542596,2020-12-28
117,1609200000000,25.443062316652792,381829624.23421925,2020-12-29
118,1609286400000,23.85765400151487,358334028.2529017,2020-12-30
119,1609372800000,24.15427998660757,361743042.1669513,2020-12-31
120,1609459200000,24.674221030974714,368084471.796277,2021-01-01
121,1609545600000,26.072167907956953,390689016.86565953,2021-01-02
122,1609632000000,25.92409470781269,389251518.96725136,2021-01-03
123,1609718400000,27.145923263408488,413812513.50979996,2021-01-04
124,1609804800000,29.958077925207327,506055208.5788332,2021-01-05
125,1609891200000,33.95089789709972,574660978.0689737,2021-01-06
126,1609977600000,38.50843789268276,648696735.243185,2021-01-07
127,1610064000000,37.22708736121745,628961876.1358098,2021-01-08
128,1610150400000,37.414069590157446,634299939.8454645,2021-01-09
129,1610236800000,37.09087647324296,634088002.9825453,2021-01-10
130,1610323200000,36.39872857476166,617900460.9948523,2021-01-11
131,1610409600000,32.67905550494272,555153398.6432542,2021-01-12
132,1610496000000,31.74842297313683,538788587.0310264,2021-01-13
133,1610582400000,34.990386953044556,592741392.7194792,2021-01-14
134,1610668800000,37.80717079068116,640719799.4179362,2021-01-15
135,1610755200000,37.10961585259994,630560806.3821652,2021-01-16
136,1610841600000,36.90367257222747,628525463.996734,2021-01-17
137,1610928000000,37.57533978352895,642058523.8836204,2021-01-18
138,1611014400000,39.41757911037432,669591932.0221176,2021-01-19
139,1611100800000,37.73782725060783,645448409.0523629,2021-01-20
140,1611187200000,38.760847914170114,660822121.1873128,2021-01-21
141,1611273600000,37.33628114507557,638749224.5951809,2021-01-22
142,1611360000000,37.264943264392905,636519145.9541758,2021-01-23
143,1611446400000,37.07162215343442,631841992.8888749,2021-01-24
144,1611532800000,41.53033957746103,708020928.7898402,2021-01-25
145,1611619200000,50.27840018634636,854062214.260162,2021-01-26
146,1611705600000,48.5063414308269,828426681.4648623,2021-01-27
147,1611792000000,53.49953227031267,907219686.2579998,2021-01-28
148,1611878400000,59.10279180760519,1011912870.9393507,2021-01-29
149,1611964800000,61.56963981916686,1057176622.8604109,2021-01-30
150,1612051200000,64.56063714671077,1101024385.6273015,2021-01-31
151,1612137600000,63.38004394553664,1085217162.6480045,2021-02-01
152,1612224000000,65.94438582562911,1128854855.067949,2021-02-02
153,1612310400000,64.20443477172861,1100868534.253919,2021-02-03
154,1612396800000,67.98064737572751,1159707149.4792209,2021-02-04
155,1612483200000,73.84667013707202,1267425065.0680501,2021-02-05
156,1612569600000,88.90956532335403,1511709389.5658362,2021-02-06
157,1612656000000,96.18356033761364,1642096646.0562656,2021-02-07
158,1612742400000,137.783631375019,2333133547.106891,2021-02-08
159,1612828800000,165.8706268240949,2847199779.973295,2021-02-09
160,1612915200000,196.7141187939881,3380501419.102245,2021-02-10
161,1613001600000,176.4019816196325,2999094235.229083,2021-02-11
162,1613088000000,156.4286457658374,2705858792.8490763,2021-02-12
163,1613174400000,169.444588322212,2893585990.164609,2021-02-13
164,1613260800000,159.91654043665514,2757459486.1218085,2021-02-14
165,1613347200000,154.5108384972042,2656797010.960687,2021-02-15
166,1613433600000,139.87879198991797,2398445327.738951,2021-02-16
167,1613520000000,137.13638415990678,2353109764.816481,2021-02-17
168,1613606400000,145.11344236990644,2446253462.0635304,2021-02-18
169,1613692800000,152.67077941673742,2625294599.364897,2021-02-19
170,1613779200000,142.45592243674037,2455114886.3970103,2021-02-20
171,1613865600000,140.16618181127268,2391235756.129077,2021-02-21
172,1613952000000,140.44898910369102,2415276885.9619255,2021-02-22
173,1614038400000,127.31759244073933,2182048943.633328,2021-02-23
174,1614124800000,109.66395795547629,1876297203.5959291,2021-02-24
175,1614211200000,116.74784142605536,2015029987.5115345,2021-02-25
176,1614297600000,114.28962856115098,1976492259.8445277,2021-02-26
177,1614384000000,122.87204606363125,2114332160.5209053,2021-02-27
178,1614470400000,137.2766712450839,2342088535.8930845,2021-02-28
179,1614556800000,129.58868349678755,2242120307.585566,2021-03-01
180,1614643200000,138.88483051454895,2401831662.325383,2021-03-02
181,1614729600000,134.48798437707237,2328078856.995341,2021-03-03
182,1614816000000,142.2034218973274,2460440350.249416,2021-03-04
183,1614902400000,151.36111964447917,2624388644.1562786,2021-03-05
184,1614988800000,142.0033546448089,2448281429.6866093,2021-03-06
185,1615075200000,138.08229067836174,2387006741.9549117,2021-03-07
186,1615161600000,146.45345501573198,2535190585.803643,2021-03-08
187,1615248000000,147.28396239029288,2540753901.419863,2021-03-09
188,1615334400000,159.06577695405792,2741722856.577934,2021-03-10
189,1615420800000,151.0832796402491,2620535016.710512,2021-03-11
190,1615507200000,149.58891838977766,2589811985.885344,2021-03-12
191,1615593600000,140.23430174649639,2438683559.5513563,2021-03-13
192,1615680000000,140.73778763902476,2442636979.7063994,2021-03-14
193,1615766400000,133.0207521115115,2319784300.3485975,2021-03-15
194,1615852800000,131.0393325022856,2279912191.127873,2021-03-16
195,1615939200000,131.01155891929312,2264315669.407839,2021-03-17
196,1616025600000,136.89792331295905,2378267749.423123,2021-03-18
197,1616112000000,133.07623998474486,2306234039.564238,2021-03-19
198,1616198400000,133.78487318723174,2326438786.3681326,2021-03-20
199,1616284800000,137.84290783572877,2398009943.21887,2021-03-21
200,1616371200000,137.99104460714,2393631521.8733716,2021-03-22
201,1616457600000,134.95053194153024,2356243857.77544,2021-03-23
202,1616544000000,131.11169492499073,2270379316.5720234,2021-03-24
203,1616630400000,121.58295942933957,2122383922.0840898,2021-03-25
204,1616716800000,121.46774746858249,2112880716.5557544,2021-03-26
205,1616803200000,140.84458613953373,2438160137.7583356,2021-03-27
206,1616889600000,146.25213688104213,2562190458.0106535,2021-03-28
207,1616976000000,141.0535564678366,2452270259.2515645,2021-03-29
208,1617062400000,143.39600214541343,2489299650.0305243,2021-03-30
209,1617148800000,142.68767911782425,2486236223.0636377,2021-03-31
210,1617235200000,140.1582008753969,2447974095.0024343,2021-04-01
211,1617321600000,149.5860475278876,2608122393.1854577,2021-04-02
212,1617408000000,167.34662781546783,2924336133.936233,2021-04-03
213,1617494400000,158.87081196816985,2780022584.8615966,2021-04-04
214,1617580800000,167.96805754137569,2925429910.521578,2021-04-05
215,1617667200000,166.59303205914685,2923339547.126004,2021-04-06
216,1617753600000,190.53266461882993,3322812524.3250914,2021-04-07
217,1617840000000,173.8192673793554,3054541387.4834614,2021-04-08
218,1617926400000,180.62515155616356,3154398568.159157,2021-04-09
219,1618012800000,194.17209133897722,3393053932.289602,2021-04-10
220,1618099200000,209.6520170969702,3665305411.2044673,2021-04-11
221,1618185600000,239.97085751534783,4206335402.26712,2021-04-12
222,1618272000000,225.09068021115462,3930267417.0939317,2021-04-13
223,1618358400000,212.49548442144746,3721666087.878836,2021-04-14
224,1618444800000,225.2478567564384,3937243061.769838,2021-04-15
225,1618531200000,228.1830006859625,4016202992.9344444,2021-04-16
226,1618617600000,211.9846664809912,3725581548.6811895,2021-04-17
227,1618704000000,213.6126441052394,3753856860.815111,2021-04-18
228,1618790400000,190.66423496008983,3353106214.0635686,2021-04-19
229,1618876800000,170.42549520135037,2995908321.909167,2021-04-20
230,1618963200000,173.4642021021148,3056304330.4218307,2021-04-21
231,1619049600000,182.26192619647702,3213664499.9321957,2021-04-22
232,1619136000000,165.48608174153838,2911374071.0884247,2021-04-23
233,1619222400000,161.3494857158251,2825865625.3948064,2021-04-24
234,1619308800000,147.7857109391027,2615098329.738389,2021-04-25
235,1619395200000,148.44046290331076,2608682569.5591273,2021-04-26
236,1619481600000,165.90121545155597,2911265733.086755,2021-04-27
237,1619568000000,180.26054813193028,3173750467.052289,2021-04-28
238,1619654400000,179.86308347247538,3157167080.8243937,2021-04-29
239,1619740800000,174.63328285536656,3078276850.551236,2021-04-30
240,1619827200000,183.9819798832106,3233731822.4662027,2021-05-01
241,1619913600000,181.70776504695775,3202401739.9042764,2021-05-02
242,1620000000000,180.77533613115455,3186517258.5132656,2021-05-03
243,1620086400000,193.2790358043314,3401857656.675039,2021-05-04
244,1620172800000,175.00907225854425,3130270337.5910187,2021-05-05
245,1620259200000,192.64782383625757,3396205775.653239,2021-05-06
246,1620345600000,193.78549106044113,3403788391.9581723,2021-05-07
247,1620432000000,190.5887051574434,3361445818.609652,2021-05-08
248,1620518400000,185.97586710545585,3276640337.811864,2021-05-09
249,1620604800000,187.11898397672573,3304943820.576511,2021-05-10
250,1620691200000,173.72300100616056,3079980728.735951,2021-05-11
251,1620777600000,181.82449554702572,3203040646.081493,2021-05-12
252,1620864000000,171.12347774816268,3074095948.6505823,2021-05-13
253,1620950400000,162.14961753117043,2864630050.8016205,2021-05-14
254,1621036800000,164.51128729925253,2917247199.6025844,2021-05-15
255,1621123200000,155.91459252422715,2753083673.0938497,2021-05-16
256,1621209600000,154.86369627995197,2717627655.8373003,2021-05-17
257,1621296000000,140.23777684327797,2508062112.1351657,2021-05-18
258,1621382400000,145.62698771451906,2584295115.651081,2021-05-19
259,1621468800000,98.81701047080485,1779111033.4796007,2021-05-20
260,1621555200000,112.43440262007293,1973086786.788188,2021-05-21
261,1621641600000,95.9224428979108,1700656633.4590018,2021-05-22
262,1621728000000,91.25712362565315,1620305192.7589087,2021-05-23
263,1621814400000,85.81989683398255,1518262175.694346,2021-05-24
264,1621900800000,103.7448449984692,1841722827.1262555,2021-05-25
265,1621987200000,101.98030855510916,1812368637.1869464,2021-05-26
266,1622073600000,118.79858579148299,2106941578.6020246,2021-05-27
267,1622160000000,114.04850966261478,2032357389.8423657,2021-05-28
268,1622246400000,99.35544699724063,1762961159.3526974,2021-05-29
269,1622332800000,91.1245875763403,1630952093.2259068,2021-05-30
270,1622419200000,92.82919418318751,1653133304.9729977,2021-05-31
271,1622505600000,103.93641511445993,1850651423.6987383,2021-06-01
272,1622592000000,101.67031903573321,1810503593.5726233,2021-06-02
273,1622678400000,103.94427621014516,1852076739.2957947,2021-06-03
274,1622764800000,108.11340014497007,1925089103.403265,2021-06-04
275,1622851200000,97.2049497454017,1729336116.1302526,2021-06-05
276,1622937600000,96.44827187219354,1712034246.1503248,2021-06-06
277,1623024000000,97.22929580468534,1730443140.996774,2021-06-07
278,1623110400000,90.72657558687804,1640151737.1215422,2021-06-08
279,1623196800000,90.20483913088152,1609062203.2749271,2021-06-09
280,1623283200000,92.58136373509184,1657981018.14858,2021-06-10
281,1623369600000,88.20111566673383,1578389667.7039118,2021-06-11
282,1623456000000,81.45035698434184,1454152245.6067476,2021-06-12
283,1623542400000,79.35694980028836,1424302230.920459,2021-06-13
284,1623628800000,87.6402965001266,1559862927.8828294,2021-06-14
285,1623715200000,90.21869198192302,1609987607.5466557,2021-06-15
286,1623801600000,91.4366331879347,1635588246.1568296,2021-06-16
287,1623888000000,86.3583720698155,1541371542.0219321,2021-06-17
288,1623974400000,85.1001905059105,1513663268.3349447,2021-06-18
289,1624060800000,79.67705321495168,1428389611.4779117,2021-06-19
290,1624147200000,79.44485067868574,1423945684.145355,2021-06-20
291,1624233600000,80.49602893163217,1440421064.2618406,2021-06-21
292,1624320000000,68.38974249162128,1249256321.4629781,2021-06-22
293,1624406400000,59.3559777340145,1059123766.3493661,2021-06-23
294,1624492800000,65.22792289160886,1165178259.6978533,2021-06-24
295,1624579200000,67.365018361183,1209061848.786372,2021-06-25
296,1624665600000,62.63386411230195,1123419996.1288142,2021-06-26
297,1624752000000,63.40660290091942,1134925984.671706,2021-06-27
298,1624838400000,65.72565420634636,1179830165.9080822,2021-06-28
299,1624924800000,74.12669296346104,1330444398.1232605,2021-06-29
300,1625011200000,85.31797132320938,1533008180.9992375,2021-06-30
301,1625097600000,85.35944144522897,1534033959.1543722,2021-07-01
302,1625184000000,80.49466132828464,1446280000.1541035,2021-07-02
303,1625270400000,81.5220640680432,1463091861.150211,2021-07-03
304,1625356800000,92.10028029219158,1653714085.269325,2021-07-04
305,1625443200000,93.84330364416972,1690139430.8988242,2021-07-05
306,1625529600000,99.0889001379854,1783283906.9877784,2021-07-06
307,1625616000000,95.87434956201972,1724619221.5825462,2021-07-07
308,1625702400000,95.59948896613142,1721228451.3337429,2021-07-08
309,1625788800000,88.92473838947056,1601530174.3984468,2021-07-09
310,1625875200000,90.46238597916494,1752951902.5883677,2021-07-10
311,1625961600000,88.76664493375252,1720509731.0975156,2021-07-11
312,1626048000000,89.39824952511,1733390389.524911,2021-07-12
313,1626134400000,88.5571161000218,1714512764.0145512,2021-07-13
314,1626220800000,85.39825344180598,1659651983.4435027,2021-07-14
315,1626307200000,84.36421232268634,1636844253.0410366,2021-07-15
316,1626393600000,78.43036844150689,1521136861.637684,2021-07-16
317,1626480000000,74.52182082795834,1440301634.3842807,2021-07-17
318,1626566400000,74.38630052309297,1444868640.9606814,2021-07-18
319,1626652800000,75.34635474875145,1463852034.6668978,2021-07-19
320,1626739200000,71.3346978950066,1387061524.4286215,2021-07-20
321,1626825600000,68.15309701558019,1323389297.0312212,2021-07-21
322,1626912000000,76.74258320529198,1487028120.2576869,2021-07-22
323,1626998400000,79.14444409421687,1538190508.8237696,2021-07-23
324,1627084800000,80.06423068601303,1557926066.4913485,2021-07-24
325,1627171200000,82.55060223706566,1606918070.283292,2021-07-25
326,1627257600000,85.1533628507442,1657241263.8891854,2021-07-26
327,1627344000000,85.9268554067862,1673520684.324062,2021-07-27
328,1627430400000,86.61068658858973,1685400764.4648077,2021-07-28
329,1627516800000,84.92227385276487,1654889389.9356694,2021-07-29
330,1627603200000,85.60505629287273,1670453623.4440336,2021-07-30
331,1627689600000,87.74997117955942,1711038971.6095495,2021-07-31
332,1627776000000,86.49508793172019,1691053900.3543158,2021-08-01
333,1627862400000,86.82119614311314,1693967055.6303384,2021-08-02
334,1627948800000,101.8101793708651,1985399726.3079376,2021-08-03
335,1628035200000,98.14246002265368,1920280031.4912806,2021-08-04
336,1628121600000,102.46181911116507,2001467244.2856078,2021-08-05
337,1628208000000,108.90527370825318,2132015476.271873,2021-08-06
338,1628294400000,116.06517716090045,2288332148.3861594,2021-08-07
339,1628380800000,117.88876552958745,2302013688.8805337,2021-08-08
340,1628467200000,125.59948269284354,2455708162.6065836,2021-08-09
341,1628553600000,133.90895421387236,2585019146.5905547,2021-08-10
342,1628640000000,140.43785119958775,2738665347.7102585,2021-08-11
343,1628726400000,135.55775223126543,2646203476.7818556,2021-08-12
344,1628812800000,133.88851225383468,2614645395.35346,2021-08-13
345,1628899200000,138.23676921749012,2702515258.9783273,2021-08-14
346,1628985600000,137.06396563450136,2686695434.405974,2021-08-15
347,1629072000000,136.040415018623,2664648262.179852,2021-08-16
348,1629158400000,136.03788991906626,2678343721.3481035,2021-08-17
349,1629244800000,138.39893165866914,2724547940.308621,2021-08-18
350,1629331200000,148.450724150743,2916014933.079556,2021-08-19
351,1629417600000,145.8758922067217,2825355773.034244,2021-08-20
352,1629504000000,155.20338697951144,3040861794.650502,2021-08-21
353,1629590400000,149.05565375971622,2931640066.6971183,2021-08-22
354,1629676800000,145.9919263711892,2860868164.3095064,2021-08-23
355,1629763200000,149.0665082290909,2929327345.584211,2021-08-24
356,1629849600000,137.42968929579897,2712942078.393267,2021-08-25
357,1629936000000,139.1347361391152,2734170855.5842433,2021-08-26
358,1630022400000,136.62318679653183,2687957442.2243595,2021-08-27
359,1630108800000,140.67812985106622,2764486667.1258984,2021-08-28
360,1630195200000,140.96707488965927,2769552479.211361,2021-08-29
361,1630281600000,141.7147264580011,2783477806.1913614,2021-08-30
362,1630368000000,158.50444617908286,3115765281.512252,2021-08-31
363,1630454400000,169.62760070258435,3348073366.0685897,2021-09-01
364,1630540800000,176.5309077846898,3471675307.307422,2021-09-02
365,1630627200000,171.75724888711625,3381726000.9386053,2021-09-03
366,1630713600000,174.61333722440347,3441089323.2195377,2021-09-04
367,1630800000000,172.92564901039336,3406415780.5081787,2021-09-05
368,1630886400000,175.61471605896762,3455567527.7276945,2021-09-06
369,1630972800000,180.39901877523286,3538723589.62924,2021-09-07
370,1631059200000,159.26834817858753,3130822608.3917675,2021-09-08
371,1631145600000,172.55660453743397,3407051256.9865904,2021-09-09
372,1631232000000,204.09779406447592,4029054999.7491055,2021-09-10
373,1631318400000,237.98360110606257,4711310008.546059,2021-09-11
374,1631404800000,228.73078218176857,4514875840.045206,2021-09-12
375,1631491200000,271.1581923026761,5430338346.063735,2021-09-13
376,1631577600000,262.5992611566095,5183879469.382784,2021-09-14
377,1631664000000,282.92441901471386,5583730661.575693,2021-09-15
378,1631750400000,258.4327472170754,5102483269.419831,2021-09-16
379,1631836800000,266.7810502116624,5242552700.739612,2021-09-17
380,1631923200000,241.94383960544144,4813475999.343959,2021-09-18
381,1632009600000,247.76275064497824,4875429787.521691,2021-09-19
382,1632096000000,225.96690464469708,4492727288.527418,2021-09-20
383,1632182400000,185.43454116326515,3644979260.36185,2021-09-21
384,1632268800000,198.3485890124185,3881898653.5794845,2021-09-22
385,1632355200000,230.49018902310758,4556102128.328024,2021-09-23
386,1632441600000,246.53024591805396,4879537270.89752,2021-09-24
387,1632528000000,237.20997170906276,4716193072.569666,2021-09-25
388,1632614400000,219.5392614431135,4340179291.775451,2021-09-26
389,1632700800000,223.38825076033802,4422827696.00899,2021-09-27
390,1632787200000,212.73067749498117,4238857756.130056,2021-09-28
391,1632873600000,199.559359963787,3960270322.477678,2021-09-29
392,1632960000000,203.51883274940175,4012334141.887151,2021-09-30
393,1633046400000,209.16451415985142,4146572864.523426,2021-10-01
394,1633132800000,241.61296530065718,4790525484.442951,2021-10-02
395,1633219200000,247.6639442540378,4915642870.030116,2021-10-03
396,1633305600000,253.94794139584144,5036644026.499824,2021-10-04
397,1633392000000,241.18176999569968,4790066286.519308,2021-10-05
398,1633478400000,246.0909512181272,4899292082.0013075,2021-10-06
399,1633564800000,230.4314434500946,4579446082.207303,2021-10-07
400,1633651200000,242.94367895637203,4813030710.7373295,2021-10-08
401,1633737600000,256.4622628986028,5092958425.895051,2021-10-09
402,1633824000000,259.80091347963776,5160697874.564658,2021-10-10
403,1633910400000,239.8521622108798,4758261619.440375,2021-10-11
404,1633996800000,248.61680033588664,4904536537.520716,2021-10-12
405,1634083200000,235.55201480449412,4690358787.00642,2021-10-13
406,1634169600000,242.30775205243685,4824842192.4129505,2021-10-14
407,1634256000000,242.1268525645642,4798554273.817343,2021-10-15
408,1634342400000,238.01301896755058,4723801609.143375,2021-10-16
409,1634428800000,242.42605217905606,4819322202.327229,2021-10-17
410,1634515200000,236.20828602846603,4704824395.354793,2021-10-18
411,1634601600000,229.62393716808012,4593351665.943704,2021-10-19
412,1634688000000,230.1713765893,4586217750.499636,2021-10-20
413,1634774400000,240.85933082251336,4802297506.195385,2021-10-21
414,1634860800000,249.32606979759544,4967639441.051269,2021-10-22
415,1634947200000,274.82816689331116,5483078957.23761,2021-10-23
416,1635033600000,271.8429140312836,5423958620.222652,2021-10-24
417,1635120000000,284.85561450087164,5680303829.197127,2021-10-25
418,1635206400000,295.9652616070805,5903735891.149175,2021-10-26
419,1635292800000,274.1559493526482,5473197570.631038,2021-10-27
420,1635379200000,246.97064201702634,4931736708.584863,2021-10-28
421,1635465600000,257.1731273822329,5147637543.601312,2021-10-29
422,1635552000000,269.2233759681645,5363045501.98676,2021-10-30
423,1635638400000,259.37675613344186,5185588253.010161,2021-10-31
424,1635724800000,271.5016121691479,5433353447.591829,2021-11-01
425,1635811200000,269.86268114650915,5402709365.959131,2021-11-02
426,1635897600000,272.46581231729425,5404856510.351009,2021-11-03
427,1635984000000,305.8172725779929,5965399614.311723,2021-11-04
428,1636070400000,317.26267209484206,6326299743.239374,2021-11-05
429,1636156800000,314.78776168744594,6296407067.852654,2021-11-06
430,1636243200000,317.3055313241362,6335881346.367067,2021-11-07
431,1636329600000,316.469607663558,6344601832.777406,2021-11-08
432,1636416000000,309.8192543806862,6242715664.25481,2021-11-09
433,1636502400000,317.76073826868316,6369571779.859406,2021-11-10
434,1636588800000,313.02558152903026,6257616842.408161,2021-11-11
435,1636675200000,318.8414549016948,6393897739.767459,2021-11-12
436,1636761600000,325.85923890870043,6492278256.756982,2021-11-13
437,1636848000000,323.85628321282553,6490448500.530021,2021-11-14
438,1636934400000,321.29926366905147,6404613190.55063,2021-11-15
439,1637020800000,316.242504721411,6340235023.520086,2021-11-16
440,1637107200000,305.1804874399001,6127454721.003632,2021-11-17
441,1637193600000,311.68613166512796,6181192698.32577,2021-11-18
442,1637280000000,308.35481122347323,6200392270.69672,2021-11-19
443,1637366400000,353.0118415667398,7093053538.364369,2021-11-20
444,1637452800000,393.84991859714717,7915022083.445265,2021-11-21
445,1637539200000,440.8945628064577,8865017750.304375,2021-11-22
446,1637625600000,488.7063069218159,9812675697.68862,2021-11-23
447,1637712000000,475.7193855699937,9578333881.086607,2021-11-24
448,1637798400000,456.87636824611815,9189811328.38674,2021-11-25
449,1637884800000,437.76658220699676,8804145488.179005,2021-11-26
450,1637971200000,397.3326969029022,7986371361.128883,2021-11-27
451,1638057600000,425.2837915571977,8557672769.593391,2021-11-28
452,1638144000000,411.26522730652533,8278597289.669806,2021-11-29
453,1638230400000,395.328131820703,7978435098.375749,2021-11-30
454,1638316800000,375.9263325221091,7585903022.1388445,2021-12-01
455,1638403200000,408.44206429586166,8246870461.155352,2021-12-02
456,1638489600000,356.75954274907946,7240747951.854989,2021-12-03
457,1638576000000,345.0831054907062,6946638479.209556,2021-12-04
458,1638662400000,307.82825816563695,6202394873.524754,2021-12-05
459,1638748800000,287.36762744009275,5792025807.400193,2021-12-06
460,1638835200000,287.56958657473143,5802488984.17188,2021-12-07
461,1638921600000,286.08888862456854,5771640192.121645,2021-12-08
462,1639008000000,296.1217544812241,5978315572.212376,2021-12-09
463,1639094400000,268.08335735805895,5464786550.1454935,2021-12-10
464,1639180800000,257.96917776816434,5294729419.872246,2021-12-11
465,1639267200000,255.1849360864277,5151445840.718376,2021-12-12
466,1639353600000,264.8321576932372,5346970556.211889,2021-12-13
467,1639440000000,234.76851612616608,4729456255.007128,2021-12-14
468,1639526400000,254.23490218354607,5148338506.818765,2021-12-15
469,1639612800000,295.59295446926404,5966270690.341388,2021-12-16
470,1639699200000,267.7146140535999,5422596298.220891,2021-12-17
471,1639785600000,256.0084250023933,5166476469.223978,2021-12-18
472,1639872000000,254.72125839430672,5174868990.146948,2021-12-19
473,1639958400000,244.79224053584605,5013026360.563262,2021-12-20
474,1640044800000,237.0490772612282,4828153379.029147,2021-12-21
475,1640131200000,241.05570842292596,4887947263.556461,2021-12-22
476,1640217600000,247.09625787642406,5009058128.029348,2021-12-23
477,1640304000000,262.1039957957851,5289310906.6196375,2021-12-24
478,1640390400000,250.55033688304533,5072193506.9509325,2021-12-25
479,1640476800000,256.3604230563012,5218472909.467484,2021-12-26
480,1640563200000,259.0384914343567,5242819320.120269,2021-12-27
481,1640649600000,267.4184508178665,5438327594.56299,2021-12-28
482,1640736000000,242.09963947612954,4943096199.629406,2021-12-29
483,1640822400000,237.0972242443169,4783553217.460983,2021-12-30
484,1640908800000,239.43855755835534,4861483355.877801,2021-12-31
485,1640995200000,238.85705943375868,4874028144.05407,2022-01-01
486,1641081600000,245.4841273121484,4957335456.157605,2022-01-02
487,1641168000000,239.99867740467317,4886216757.761996,2022-01-03
488,1641254400000,236.95842180591202,4833193098.194835,2022-01-04
489,1641340800000,237.25114324154296,4863176005.684495,2022-01-05
490,1641427200000,215.9568422326093,4408277527.50177,2022-01-06
491,1641513600000,213.10155077763656,4349833829.165096,2022-01-07
492,1641600000000,195.91633299131726,3984379692.4443665,2022-01-08
493,1641686400000,190.57263080782656,3891721376.5248733,2022-01-09
494,1641772800000,198.02041206807792,4026602347.833789,2022-01-10
495,1641859200000,191.46615426256017,3894994962.7320113,2022-01-11
496,1641945600000,204.75693819302293,4171630703.3155985,2022-01-12
497,1642032000000,215.3072006941388,4388785756.294652,2022-01-13
498,1642118400000,195.922422315687,4005068153.544209,2022-01-14
499,1642204800000,199.40869932075225,4060286534.5507464,2022-01-15
500,1642291200000,200.58825337213477,4091789405.2592688,2022-01-16
501,1642377600000,195.34484231026963,3982407138.197123,2022-01-17
502,1642464000000,187.19129284021747,3814128859.328189,2022-01-18
503,1642550400000,179.26615888901583,3664548994.56006,2022-01-19
504,1642636800000,173.47084969468267,3541163495.038231,2022-01-20
505,1642723200000,167.25154136358836,3439027128.0417204,2022-01-21
506,1642809600000,137.38224679785088,2825673453.9852657,2022-01-22
507,1642896000000,125.33530974339205,2551223015.464749,2022-01-23
508,1642982400000,134.02398720952633,2732744966.8747497,2022-01-24
509,1643068800000,131.34169483973866,2692958909.82227,2022-01-25
510,1643155200000,141.11611768760517,2879779323.067472,2022-01-26
511,1643241600000,140.4337575525606,2903091140.3348575,2022-01-27
512,1643328000000,141.87623583239804,2889233402.044028,2022-01-28
513,1643414400000,144.199823527923,2948460051.8626733,2022-01-29
514,1643500800000,149.2337953516368,3037802797.997866,2022-01-30
515,1643587200000,141.38385690721415,2895392785.1767163,2022-01-31
516,1643673600000,146.28386499624494,2984392337.036169,2022-02-01
517,1643760000000,150.9284406932182,3101677420.8291316,2022-02-02
518,1643846400000,141.48269174699504,2897158136.3345885,2022-02-03
519,1643932800000,138.85261351964698,2848801439.204017,2022-02-04
520,1644019200000,153.98445404923086,3120967694.623925,2022-02-05
521,1644105600000,160.86093340412006,3316149217.983426,2022-02-06
522,1644192000000,166.17073395329163,3395272027.418677,2022-02-07
523,1644278400000,176.40981173324602,3625161742.337583,2022-02-08
524,1644364800000,173.0665349635828,3563127177.219453,2022-02-09
525,1644451200000,178.42220985636442,3665846291.1795125,2022-02-10
526,1644537600000,177.04391578201214,3631711677.341134,2022-02-11
527,1644624000000,194.75087874282556,3987465732.293822,2022-02-12
528,1644710400000,199.8876457152515,4078066076.526501,2022-02-13
529,1644796800000,191.77118677864271,3949709196.456526,2022-02-14
530,1644883200000,187.52906536243935,4107256858.8354654,2022-02-15
531,1644969600000,194.34925248607618,4257432873.993416,2022-02-16
532,1645056000000,190.97434877252869,4200729650.600487,2022-02-17
533,1645142400000,170.89424638198747,3740115313.3434925,2022-02-18
534,1645228800000,164.6285806348728,3619973681.663474,2022-02-19
535,1645315200000,162.67261939862172,3558690448.2596664,2022-02-20
536,1645401600000,155.71573082345154,3427141635.313143,2022-02-21
537,1645488000000,146.64978959228563,3220567905.2450914,2022-02-22
538,1645574400000,151.6192493076935,3324162333.0149236,2022-02-23
539,1645660800000,147.23968637142144,3236909135.7903547,2022-02-24
540,1645747200000,134.72404869869385,2950807759.009337,2022-02-25
541,1645833600000,148.867657678581,3260427763.3921638,2022-02-26
542,1645920000000,142.0266247984739,3113800321.4332037,2022-02-27
543,1646006400000,136.3698939215298,2992164947.0475016,2022-02-28
544,1646092800000,150.56839159599465,3303502859.546464,2022-03-01
545,1646179200000,152.4201256877081,3347146514.497339,2022-03-02
546,1646265600000,152.59707383999856,3347708516.439495,2022-03-03
547,1646352000000,146.82473304760998,3229854045.6929226,2022-03-04
548,1646438400000,132.67728159348314,2909442373.5461283,2022-03-05
549,1646524800000,137.63116218365954,3021290440.2362723,2022-03-06
550,1646611200000,132.9257763802167,2926774067.9315977,2022-03-07
551,1646697600000,131.0601882780295,2888101405.262168,2022-03-08
552,1646784000000,132.2488517413424,2908824425.6806583,2022-03-09
553,1646870400000,142.03648459601902,3125884581.4639935,2022-03-10
554,1646956800000,143.7684276214772,3152899552.9793363,2022-03-11
555,1647043200000,138.99566591985703,3067539322.6344066,2022-03-12
556,1647129600000,139.72255194064746,3081754833.020445,2022-03-13
557,1647216000000,135.27153495030277,2979046044.1103487,2022-03-14
558,1647302400000,143.03715685017275,3136705634.2809677,2022-03-15
559,1647388800000,156.51009964611166,3456373025.5120435,2022-03-16
560,1647475200000,163.7206372510555,3620554477.4360905,2022-03-17
561,1647561600000,157.39177418430097,3470836086.0423503,2022-03-18
562,1647648000000,159.3990705868646,3510602486.6805716,2022-03-19
563,1647734400000,160.05833489654992,3525199188.4304466,2022-03-20
564,1647820800000,160.31248439443254,3532808260.8663344,2022-03-21
565,1647907200000,173.681332995341,3835390754.0554357,2022-03-22
566,1647993600000,185.4471505972483,4079990353.067662,2022-03-23
567,1648080000000,185.64757281284753,4095590676.4570737,2022-03-24
568,1648166400000,192.0394444746359,4254539960.1722198,2022-03-25
569,1648252800000,181.7376840029809,4017684928.5096903,2022-03-26
570,1648339200000,189.0114794334964,4182011492.943124,2022-03-27
571,1648425600000,198.3955048997971,4389023123.863652,2022-03-28
572,1648512000000,192.03215240662615,4295645520.157874,2022-03-29
573,1648598400000,196.92498808723005,4352808226.368219,2022-03-30
574,1648684800000,197.95452129482166,4377326477.484878,2022-03-31
575,1648771200000,187.06939551605413,4124019083.2779737,2022-04-01
576,1648857600000,198.14127545043635,4375501615.436179,2022-04-02
577,1648944000000,191.7871286811223,4248608478.620335,2022-04-03
578,1649030400000,194.8529439056865,4308286647.417164,2022-04-04
579,1649116800000,191.20530187427553,4228277654.6615806,2022-04-05
580,1649203200000,184.90596446730103,4093611179.1988087,2022-04-06
581,1649289600000,164.64061945875858,3660128902.8113747,2022-04-07
582,1649376000000,169.88715203447077,3755381980.609675,2022-04-08
583,1649462400000,160.70724571333375,3553417357.5464,2022-04-09
584,1649548800000,167.37414679569437,3711036374.1985097,2022-04-10
585,1649635200000,162.15809027865578,3601963150.6264405,2022-04-11
586,1649721600000,150.64107340915177,3346980351.8340397,2022-04-12
587,1649808000000,156.46513922017934,3469483813.816227,2022-04-13
588,1649894400000,159.54067653133848,3537689694.4885583,2022-04-14
589,1649980800000,155.31616417821462,3445843728.1552405,2022-04-15
590,1650067200000,155.57426928092025,3452715367.7291803,2022-04-16
591,1650153600000,155.51420054749775,3457980020.70357,2022-04-17
592,1650240000000,152.57804186517086,3380999754.636605,2022-04-18
593,1650326400000,154.79984776416953,3434089713.8874636,2022-04-19
594,1650412800000,164.77296685771833,3656127167.85298,2022-04-20
595,1650499200000,163.5421911011012,3632955760.5258384,2022-04-21
596,1650585600000,157.8747959843312,3500610476.2979326,2022-04-22
597,1650672000000,155.03145178631408,3449302967.1185083,2022-04-23
598,1650758400000,154.19677393687724,3431217273.3319097,2022-04-24
599,1650844800000,151.63438158944973,3381608920.6082087,2022-04-25
600,1650931200000,156.46187822150787,3480189132.476401,2022-04-26
601,1651017600000,144.6906780923325,3225369511.745903,2022-04-27
602,1651104000000,149.71925757811874,3330324253.3374767,2022-04-28
603,1651190400000,146.82059755332762,3265730061.1823072,2022-04-29
604,1651276800000,134.5658535665001,2996861714.385156,2022-04-30
605,1651363200000,127.76242079268279,2839868604.3585763,2022-05-01
606,1651449600000,127.73906710952278,2839931714.2067523,2022-05-02
607,1651536000000,125.32277583014267,2791063288.359617,2022-05-03
608,1651622400000,123.70288276898002,2758726149.386255,2022-05-04
609,1651708800000,136.67308777150657,3044775220.1307297,2022-05-05
610,1651795200000,125.316012478209,2785083418.800993,2022-05-06
611,1651881600000,122.11877931044678,2726962954.348425,2022-05-07
612,1651968000000,116.3042653549759,2597483323.05899,2022-05-08
613,1652054400000,112.75596650948283,2516490213.866396,2022-05-09
614,1652140800000,106.11623969186635,2366591897.503702,2022-05-10
615,1652227200000,108.34766437029825,2415417975.5033073,2022-05-11
616,1652313600000,83.90755055089878,1902961218.2128596,2022-05-12
617,1652400000000,77.95925848794066,1746594528.5359473,2022-05-13
618,1652486400000,87.76015081116158,1960893890.6812823,2022-05-14
619,1652572800000,88.78565287633741,1975044250.7616463,2022-05-15
620,1652659200000,95.72266907164196,2139284960.6091692,2022-05-16
621,1652745600000,94.2155775313357,2078232503.8078403,2022-05-17
622,1652832000000,100.35579955707037,2245786463.424817,2022-05-18
623,1652918400000,91.40121439213797,2049591723.0951562,2022-05-19
624,1653004800000,92.18205211497384,2060821485.2804096,2022-05-20
625,1653091200000,89.26860964685866,1996889559.5813475,2022-05-21
626,1653177600000,91.67047122531099,2052833245.0189202,2022-05-22
627,1653264000000,92.34417819876853,2067441440.8246818,2022-05-23
628,1653350400000,90.86277605496566,2035177370.9483113,2022-05-24
629,1653436800000,90.69975630901054,2031230008.6795635,2022-05-25
630,1653523200000,87.37529681969926,1958933797.1822433,2022-05-26
631,1653609600000,73.23574560233892,1642299993.3965256,2022-05-27
632,1653696000000,67.30687039835472,1508477747.2393491,2022-05-28
633,1653782400000,70.44882085847894,1586505814.1596315,2022-05-29
634,1653868800000,81.48613555246462,1775943903.251795,2022-05-30
635,1653955200000,84.95740268312962,1902932268.2418919,2022-05-31
636,1654041600000,81.36963594353591,1831570507.9732752,2022-06-01
637,1654128000000,75.64533043595922,1700784539.12244,2022-06-02
638,1654214400000,77.9326497916423,1752066188.6839576,2022-06-03
639,1654300800000,77.29729797824702,1731155304.0820851,2022-06-04
640,1654387200000,77.00597530959855,1726011537.3709486,2022-06-05
641,1654473600000,73.35425584263042,1656862842.4746938,2022-06-06
642,1654560000000,69.5462691727191,1564540192.2639027,2022-06-07
643,1654646400000,66.89597375890871,1511908063.2822993,2022-06-08
644,1654732800000,65.25026244627196,1470703103.7331326,2022-06-09
645,1654819200000,61.76006733905929,1387241874.3065252,2022-06-10
646,1654905600000,56.6337500949892,1274329762.2486486,2022-06-11
647,1654992000000,50.41763483235794,1130413308.5945942,2022-06-12
648,1655078400000,45.07759820686262,1016812682.8284229,2022-06-13
649,1655164800000,41.4736872681815,928763047.7049866,2022-06-14
650,1655251200000,46.394041520139936,1044021363.9664068,2022-06-15
651,1655337600000,56.29984964951841,1269005463.488768,2022-06-16
652,1655424000000,50.35354253008036,1134124158.0347068,2022-06-17
653,1655510400000,52.6112537927422,1187231142.6156843,2022-06-18
654,1655596800000,45.82351957258589,1030541176.9995738,2022-06-19
655,1655683200000,52.89077412255964,1188135112.6553776,2022-06-20
656,1655769600000,57.13622114323333,1289683373.6439247,2022-06-21
657,1655856000000,58.428467736978725,1316837793.663241,2022-06-22
658,1655942400000,58.56955500389887,1321144750.2882984,2022-06-23
659,1656028800000,60.51043398845952,1362337205.568928,2022-06-24
660,1656115200000,63.25677473267281,1432884962.5009305,2022-06-25
661,1656201600000,61.66339842950297,1394116614.6001098,2022-06-26
662,1656288000000,55.27005390379751,1247327277.4260216,2022-06-27
663,1656374400000,55.940161690236714,1263092858.9502428,2022-06-28
664,1656460800000,51.89894658974163,1172538859.738205,2022-06-29
665,1656547200000,50.19825458024121,1134313097.342453,2022-06-30
666,1656633600000,49.981259069089226,1118757108.2775967,2022-07-01
667,1656720000000,51.34124345204523,1167675280.4032338,2022-07-02
668,1656806400000,50.65813172399003,1144854298.7625349,2022-07-03
669,1656892800000,51.179793820199585,1157013461.3060346,2022-07-04
670,1656979200000,54.31763346316495,1228429932.3289454,2022-07-05
671,1657065600000,54.247640285055404,1227457714.4023535,2022-07-06
672,1657152000000,54.77305240712089,1241079541.9196248,2022-07-07
673,1657238400000,56.203241287169504,1271880469.7967548,2022-07-08
674,1657324800000,54.942676094212175,1242441048.5216608,2022-07-09
675,1657411200000,56.26906884989947,1273158300.0271451,2022-07-10
676,1657497600000,52.49515972366899,1188723611.3932564,2022-07-11
677,1657584000000,50.27092109118558,1140174113.0316288,2022-07-12
678,1657670400000,49.445413838374215,1122563056.2577484,2022-07-13
679,1657756800000,52.38025164103598,1184965750.2770767,2022-07-14
680,1657843200000,58.03866624741602,1322875049.5666993,2022-07-15
681,1657929600000,59.649908640299415,1349877962.5497134,2022-07-16
682,1658016000000,59.87759394359532,1359232104.3097668,2022-07-17
683,1658102400000,57.75226049816185,1311776812.826046,2022-07-18
684,1658188800000,60.45784745639002,1363728017.7984557,2022-07-19
685,1658275200000,60.62377743160296,1374585029.6476479,2022-07-20
686,1658361600000,55.49051296580352,1262365592.7873414,2022-07-21
687,1658448000000,56.20287905348291,1278629881.5011227,2022-07-22
688,1658534400000,55.167068730697444,1250290091.3363104,2022-07-23
689,1658620800000,54.78756519795711,1244616999.599009,2022-07-24
690,1658707200000,54.67778584465232,1245458798.2310293,2022-07-25
691,1658793600000,50.193475822211305,1157536075.2093122,2022-07-26
692,1658880000000,50.828434114740325,1156013457.8222256,2022-07-27
693,1658966400000,54.808433717181344,1241875768.764429,2022-07-28
694,1659052800000,56.71809743162311,1290580592.196417,2022-07-29
695,1659139200000,55.94709864647517,1290069888.2815285,2022-07-30
696,1659225600000,56.83763566572966,1291397258.6293974,2022-07-31
697,1659312000000,57.26928574927452,1307877588.8713138,2022-08-01
698,1659398400000,59.08493671458906,1342180302.087011,2022-08-02
699,1659484800000,56.298149824837395,1284496463.5111399,2022-08-03
700,1659571200000,57.4474655832199,1303259308.5320237,2022-08-04
701,1659657600000,58.73743864151877,1330526990.8191283,2022-08-05
702,1659744000000,62.81245068209409,1432054813.1151164,2022-08-06
703,1659830400000,64.65206704322675,1470429148.482718,2022-08-07
704,1659916800000,67.0798998010351,1528920133.759876,2022-08-08
705,1660003200000,66.16165498178297,1505354593.8739157,2022-08-09
706,1660089600000,62.11388380834891,1412998646.3716378,2022-08-10
707,1660176000000,67.22741570230589,1531418364.8429253,2022-08-11
708,1660262400000,64.82342486441888,1478320621.2869592,2022-08-12
709,1660348800000,66.37686857011637,1511190444.0712996,2022-08-13
710,1660435200000,64.8217001006609,1479619958.2372763,2022-08-14
711,1660521600000,62.8495605619927,1434391306.6129136,2022-08-15
712,1660608000000,60.61524038352629,1382379776.4279876,2022-08-16
713,1660694400000,60.50576391662152,1381457168.0876954,2022-08-17
714,1660780800000,57.408420660129025,1312979888.1052604,2022-08-18
715,1660867200000,54.976732031498464,1256555545.3918955,2022-08-19
716,1660953600000,52.53156760329617,1199578513.3421702,2022-08-20
717,1661040000000,52.64932726336673,1201064074.5550568,2022-08-21
718,1661126400000,54.980779341437525,1257592582.4302526,2022-08-22
719,1661212800000,53.981642352438435,1232185158.1360395,2022-08-23
720,1661299200000,54.169780197068995,1238322784.5953684,2022-08-24
721,1661385600000,55.21055434936228,1260647103.057829,2022-08-25
722,1661472000000,57.469634484280924,1316466826.0764036,2022-08-26
723,1661558400000,51.79972034269793,1180844637.051296,2022-08-27
724,1661644800000,52.0734826476547,1191853551.7733932,2022-08-28
725,1661731200000,50.055463033111316,1146979061.4904203,2022-08-29
726,1661817600000,53.082388653406504,1213922972.7140296,2022-08-30
727,1661904000000,54.063659934367436,1245241685.1360042,2022-08-31
728,1661990400000,52.59365035797471,1204390995.3957071,2022-09-01
729,1662076800000,52.82933839269927,1208370696.3684964,2022-09-02
730,1662163200000,52.17529879361823,1195440806.8390312,2022-09-03
731,1662249600000,50.956549020540855,1168785769.4357333,2022-09-04
732,1662336000000,51.50891078112358,1180383266.760742,2022-09-05
733,1662422400000,51.23508587156876,1174425090.6259859,2022-09-06
734,1662508800000,48.84242453783105,1121637961.0880818,2022-09-07
735,1662595200000,51.11034443585839,1175303302.9793787,2022-09-08
736,1662681600000,52.94064716299462,1213107694.6224601,2022-09-09
737,1662768000000,53.839089652027226,1234615060.9549716,2022-09-10
738,1662854400000,53.8313121823515,1235829316.8895335,2022-09-11
739,1662940800000,52.77970580806657,1211339571.8537977,2022-09-12
740,1663027200000,51.5812227506539,1182067828.780735,2022-09-13
741,1663113600000,48.99598100389408,1125322871.967919,2022-09-14
742,1663200000000,49.92396771934178,1144471299.9224102,2022-09-15
743,1663286400000,48.61232167271796,1118912004.025513,2022-09-16
744,1663372800000,49.059203939474294,1127215229.3879163,2022-09-17
745,1663459200000,51.235693030261785,1177663534.5911822,2022-09-18
746,1663545600000,47.36089622797401,1088606140.9168043,2022-09-19
747,1663632000000,48.018522990080335,1104952299.0724645,2022-09-20
748,1663718400000,47.772352445376306,1100529510.5252361,2022-09-21
749,1663804800000,46.15709498594349,1061604856.5503925,2022-09-22
750,1663891200000,47.80314442346017,1097952148.010058,2022-09-23
751,1663977600000,47.910461502321596,1104406720.6654856,2022-09-24
752,1664064000000,48.031628863383105,1104723632.6771939,2022-09-25
753,1664150400000,46.3006709691323,1065041015.4161257,2022-09-26
754,1664236800000,46.694226614274285,1073671599.9045913,2022-09-27
755,1664323200000,46.65357558427678,1074746137.6231225,2022-09-28
756,1664409600000,47.39117242559089,1089823359.9652736,2022-09-29
757,1664496000000,47.83277329127359,1101393824.1732197,2022-09-30
758,1664582400000,47.54532243582342,1095731094.7766619,2022-10-01
759,1664668800000,47.942524981831255,1105382187.7805216,2022-10-02
760,1664755200000,48.28866516635685,1115959771.05698,2022-10-03
761,1664841600000,52.07465342680597,1230116952.782329,2022-10-04
762,1664928000000,55.27288385616054,1305555688.7882538,2022-10-05
763,1665014400000,54.32494854122208,1282682630.2438402,2022-10-06
764,1665100800000,55.376517716914016,1310376255.0096793,2022-10-07
765,1665187200000,54.79017034773129,1293358308.7153375,2022-10-08
766,1665273600000,53.88274677463192,1274643666.524878,2022-10-09
767,1665360000000,56.884674772971415,1344331669.241488,2022-10-10
768,1665446400000,56.645016257462,1339925000.3190851,2022-10-11
769,1665532800000,54.74400478270848,1291651883.7055182,2022-10-12
770,1665619200000,55.591817263159896,1314875327.8649457,2022-10-13
771,1665705600000,53.26467786611054,1259583278.626234,2022-10-14
772,1665792000000,53.400587508838456,1265219050.1354349,2022-10-15
773,1665878400000,56.19044069695515,1334571446.1697447,2022-10-16
774,1665964800000,55.792766498492085,1320373666.8531213,2022-10-17
775,1666051200000,57.27809987588425,1356823496.2652254,2022-10-18
776,1666137600000,56.25145817684955,1332803420.403178,2022-10-19
777,1666224000000,56.476589562184294,1335523391.555356,2022-10-20
778,1666310400000,58.10816543848855,1377824617.3571267,2022-10-21
779,1666396800000,55.69438986376232,1320416244.5164757,2022-10-22
780,1666483200000,54.93119886209154,1302613248.3525944,2022-10-23
781,1666569600000,56.690105551697044,1342640518.7429123,2022-10-24
782,1666656000000,57.774425058121395,1369330170.7001634,2022-10-25
783,1666742400000,56.78085674628097,1347164270.6498668,2022-10-26
784,1666828800000,57.110974746342244,1354369968.2970977,2022-10-27
785,1666915200000,55.39393466569471,1316105845.6447403,2022-10-28
786,1667001600000,57.043154074485564,1354296352.9007015,2022-10-29
787,1667088000000,56.515491579113295,1340734499.3300126,2022-10-30
788,1667174400000,58.44411506786318,1385135886.8308296,2022-10-31
789,1667260800000,58.394374500295925,1387405671.8476038,2022-11-01
790,1667347200000,59.763109733331824,1420582665.5064018,2022-11-02
791,1667433600000,59.61541385957155,1417529161.6011884,2022-11-03
792,1667520000000,59.49063094128266,1411774086.4438214,2022-11-04
793,1667606400000,60.51688488894498,1437570513.133772,2022-11-05
794,1667692800000,58.048531390055466,1381351599.4822323,2022-11-06
795,1667779200000,54.90997124426368,1307221379.0249805,2022-11-07
796,1667865600000,53.800250027265285,1280168306.844973,2022-11-08
797,1667952000000,49.24329420185687,1177471261.401246,2022-11-09
798,1668038400000,41.93287410794612,997293216.3698642,2022-11-10
799,1668124800000,47.67013194663865,1133537139.5984619,2022-11-11
800,1668211200000,45.867742967885256,1087455227.601212,2022-11-12
801,1668297600000,44.106281938233586,1048743448.0493006,2022-11-13
802,1668384000000,43.264508245299155,1022983846.6802613,2022-11-14
803,1668470400000,44.147614807313666,1054252230.7007927,2022-11-15
804,1668556800000,43.46797888345657,1035318870.5617115,2022-11-16
805,1668643200000,42.34692024343267,1006543525.5958439,2022-11-17
806,1668729600000,43.25534535160441,1032180144.3585812,2022-11-18
807,1668816000000,42.94913040733445,1023120939.6167026,2022-11-19
808,1668902400000,43.025863336461285,1025349547.1854706,2022-11-20
