,Time,open,mktcap,Date
0,1636416000000,43.43642545687726,593412743.4377694,2021-11-09
1,1636502400000,43.43642545687726,593412743.4377694,2021-11-10
2,1636588800000,75.14423250850608,1195276325.3641937,2021-11-11
3,1636675200000,57.51965944390428,1022728826.834156,2021-11-12
4,1636761600000,54.34374893676915,990385672.306389,2021-11-13
5,1636848000000,55.68580416070161,1043758179.3686424,2021-11-14
6,1636934400000,55.87198864814689,1070207522.5892649,2021-11-15
7,1637020800000,56.74205053783597,1102870023.612766,2021-11-16
8,1637107200000,49.17244614372596,968247798.5504255,2021-11-17
9,1637193600000,48.32931056301619,962638524.4176507,2021-11-18
10,1637280000000,41.00754073380128,819533140.0591606,2021-11-19
11,1637366400000,47.710207575861006,962850099.2391477,2021-11-20
12,1637452800000,46.99554831974631,958498195.3990767,2021-11-21
13,1637539200000,42.403577748732545,870244412.9414499,2021-11-22
14,1637625600000,41.08545270241017,844351140.2815204,2021-11-23
15,1637712000000,50.21750664946504,1035692964.128773,2021-11-24
16,1637798400000,48.41938490540171,998458730.0199938,2021-11-25
17,1637884800000,67.69123141710966,1410350018.1552918,2021-11-26
18,1637971200000,58.51883635898226,1220722677.1029797,2021-11-27
19,1638057600000,71.12075703471429,1492856244.934101,2021-11-28
20,1638144000000,74.99913857893905,1583923110.5776162,2021-11-29
21,1638230400000,70.98404345459755,1520690255.7553074,2021-11-30
22,1638316800000,69.99851578251952,1491908649.9557378,2021-12-01
23,1638403200000,64.87322234122898,1383918764.1039612,2021-12-02
24,1638489600000,61.51591618867412,1303110074.2683368,2021-12-03
25,1638576000000,54.38725496158934,1164780499.2304642,2021-12-04
26,1638662400000,50.68852926264222,1082322827.5411441,2021-12-05
27,1638748800000,49.36753695782653,1060562095.1155779,2021-12-06
28,1638835200000,50.681854901567796,1089354190.3041866,2021-12-07
29,1638921600000,50.8412515786894,1097291989.8109865,2021-12-08
30,1639008000000,49.26277315482895,1063742027.595201,2021-12-09
31,1639094400000,45.08334544253596,979972367.250378,2021-12-10
32,1639180800000,42.762897227523574,935168451.0759718,2021-12-11
33,1639267200000,47.42358806043393,1026653582.8219148,2021-12-12
34,1639353600000,46.92376079660041,1020069529.3488897,2021-12-13
35,1639440000000,39.892479109293525,870910798.6403452,2021-12-14
36,1639526400000,39.55428131172318,864054143.6406837,2021-12-15
37,1639612800000,42.38052465078807,925431213.9160851,2021-12-16
38,1639699200000,44.3154278805172,967690234.2302263,2021-12-17
39,1639785600000,42.19367302028335,925136274.9663188,2021-12-18
40,1639872000000,42.55337117614966,935460819.07361,2021-12-19
41,1639958400000,41.21509917199827,907541611.8072397,2021-12-20
42,1640044800000,40.69105766352647,898250842.8145232,2021-12-21
43,1640131200000,41.135571655908166,913234891.7191553,2021-12-22
44,1640217600000,44.95908831221006,988816124.9756157,2021-12-23
45,1640304000000,49.51026088216262,1089483007.6517086,2021-12-24
46,1640390400000,45.54667281606283,1004924518.9028392,2021-12-25
47,1640476800000,46.40842846609719,1027630063.93474,2021-12-26
48,1640563200000,45.73491942607548,1011030530.2080677,2021-12-27
49,1640649600000,44.49225381618665,988586916.4815209,2021-12-28
50,1640736000000,40.03405403318541,890822529.6417143,2021-12-29
51,1640822400000,38.44130255004705,838222763.3896216,2021-12-30
52,1640908800000,39.02034489705627,865423834.5204617,2021-12-31
53,1640995200000,39.07664583897637,871693244.0256529,2022-01-01
54,1641081600000,40.14209918625952,891017540.6138734,2022-01-02
55,1641168000000,41.10242163346816,919130432.9327364,2022-01-03
56,1641254400000,39.2901631618873,881298607.5817288,2022-01-04
57,1641340800000,38.84472087927161,881272585.8863649,2022-01-05
58,1641427200000,34.14518691737378,771169391.7858504,2022-01-06
59,1641513600000,33.19165597640838,748311395.2381154,2022-01-07
60,1641600000000,30.05986637266537,673253868.0738807,2022-01-08
61,1641686400000,27.81464539557011,629927057.9123358,2022-01-09
62,1641772800000,28.050956811310048,629859547.6333613,2022-01-10
63,1641859200000,25.494224654178904,572608784.9991099,2022-01-11
64,1641945600000,26.74435498449742,605186738.702152,2022-01-12
65,1642032000000,27.990324291742944,630929835.2579949,2022-01-13
66,1642118400000,25.78678061749095,582530263.2260494,2022-01-14
67,1642204800000,26.2565763778584,591440967.8324513,2022-01-15
68,1642291200000,26.702677091019257,603677625.0835125,2022-01-16
69,1642377600000,27.638341909721184,624703605.2739029,2022-01-17
70,1642464000000,24.41888631936649,552666411.060418,2022-01-18
71,1642550400000,23.314751072990767,528131634.33119804,2022-01-19
72,1642636800000,22.153608395225937,504783562.3304937,2022-01-20
73,1642723200000,21.15699172100751,483603056.3978183,2022-01-21
74,1642809600000,17.774199724927502,403176753.57189655,2022-01-22
75,1642896000000,15.999786050309563,362384553.0400887,2022-01-23
76,1642982400000,17.045832330223742,385690376.69997,2022-01-24
77,1643068800000,16.496728740182427,374716311.002585,2022-01-25
78,1643155200000,16.497608174991736,374432155.1066432,2022-01-26
79,1643241600000,17.101539102619952,389316050.07416344,2022-01-27
80,1643328000000,16.785316801494748,378677393.28604656,2022-01-28
81,1643414400000,17.902012125809577,406182550.60954446,2022-01-29
82,1643500800000,20.07074481515786,455690529.95746493,2022-01-30
83,1643587200000,19.087568723355943,434752190.1851013,2022-01-31
84,1643673600000,20.26566520828917,461584138.26527154,2022-02-01
85,1643760000000,19.435014666530602,443448553.23678994,2022-02-02
86,1643846400000,18.024115597021737,408873040.30917835,2022-02-03
87,1643932800000,18.353142571391146,416569647.1357935,2022-02-04
88,1644019200000,20.814955223681203,471867967.0442237,2022-02-05
89,1644105600000,20.201715011106582,462372840.3560656,2022-02-06
90,1644192000000,20.775931226565753,474161152.9142373,2022-02-07
91,1644278400000,21.834530894487184,498794236.64743644,2022-02-08
92,1644364800000,20.152847607047036,460194300.80031496,2022-02-09
93,1644451200000,21.16491837644317,484237691.5725365,2022-02-10
94,1644537600000,19.0105393448079,437386717.3619846,2022-02-11
95,1644624000000,17.191359148938933,393060784.22159487,2022-02-12
96,1644710400000,17.02317034536936,389422218.32190526,2022-02-13
97,1644796800000,16.882294601054742,386905385.07139355,2022-02-14
98,1644883200000,17.069960739932085,390420191.9796282,2022-02-15
99,1644969600000,18.404302326616836,422971985.1119119,2022-02-16
100,1645056000000,17.762988355400317,408119542.66115034,2022-02-17
101,1645142400000,15.812139542947566,362905786.59284073,2022-02-18
102,1645228800000,15.754889392185378,361997747.48510283,2022-02-19
103,1645315200000,16.06206156660694,368443842.846517,2022-02-20
104,1645401600000,15.29938715162728,351987034.5104083,2022-02-21
105,1645488000000,13.968606251263035,321335819.82836795,2022-02-22
106,1645574400000,14.810177762011389,340829432.10618997,2022-02-23
107,1645660800000,14.305016968819126,328496902.42544836,2022-02-24
108,1645747200000,13.693839201767208,315485632.071639,2022-02-25
109,1645833600000,14.80056506724065,340330821.39894223,2022-02-26
110,1645920000000,14.05241063403809,323416815.62013876,2022-02-27
111,1646006400000,13.22279165928502,304556597.0907123,2022-02-28
112,1646092800000,15.357237465371739,353847490.6391225,2022-03-01
113,1646179200000,15.171283226765084,349671817.7153154,2022-03-02
114,1646265600000,15.155865646435258,349920665.8072946,2022-03-03
115,1646352000000,14.35622623809069,331835934.0191411,2022-03-04
116,1646438400000,15.277341526048094,351065009.5097394,2022-03-05
117,1646524800000,14.931304125499544,344665122.42770076,2022-03-06
118,1646611200000,14.049927674682088,324571440.1883569,2022-03-07
119,1646697600000,13.747540771569371,318916703.9137869,2022-03-08
120,1646784000000,13.83160178159025,320542922.5091782,2022-03-09
121,1646870400000,14.675301863307277,340005852.7873313,2022-03-10
122,1646956800000,14.038716474530728,325196248.9148297,2022-03-11
123,1647043200000,13.743095817736933,321027807.45702374,2022-03-12
124,1647129600000,13.621639530902403,315285684.69065064,2022-03-13
125,1647216000000,12.74243416909719,295075017.2946353,2022-03-14
126,1647302400000,13.500149100430525,312916537.5416411,2022-03-15
127,1647388800000,13.358173275506902,310623936.1608439,2022-03-16
128,1647475200000,14.461476545323677,337249623.42621726,2022-03-17
129,1647561600000,14.968064246722664,347275042.38596284,2022-03-18
130,1647648000000,15.001566346578139,348319623.25059646,2022-03-19
131,1647734400000,16.459162710538205,382001935.4441168,2022-03-20
132,1647820800000,15.97130399771656,371325903.6565417,2022-03-21
133,1647907200000,15.834313599218786,366412747.1492069,2022-03-22
134,1647993600000,17.433898745793957,404317982.40742046,2022-03-23
135,1648080000000,18.16086819284992,420497585.3276306,2022-03-24
136,1648166400000,18.136798364163973,422452956.8885416,2022-03-25
137,1648252800000,17.529561320246774,406292590.5580099,2022-03-26
138,1648339200000,17.34297372947784,404117181.87417287,2022-03-27
139,1648425600000,18.374378452225223,426934277.8269597,2022-03-28
140,1648512000000,18.770796301944728,439366383.5922101,2022-03-29
141,1648598400000,19.19855846031254,446752990.3755381,2022-03-30
142,1648684800000,19.274065008965593,449541945.0931702,2022-03-31
143,1648771200000,17.96748026595191,415659464.53259224,2022-04-01
144,1648857600000,18.424611518492974,429310379.2485876,2022-04-02
145,1648944000000,18.596443150926532,435784334.36808276,2022-04-03
146,1649030400000,20.960333156076764,488153846.7576832,2022-04-04
147,1649116800000,19.859628406855393,462737778.6729589,2022-04-05
148,1649203200000,18.829828551582757,442430902.3836409,2022-04-06
149,1649289600000,16.260802302060643,380330712.8078462,2022-04-07
150,1649376000000,16.61255984240369,388969427.00541013,2022-04-08
151,1649462400000,15.119716015793438,351075274.0086026,2022-04-09
152,1649548800000,15.605206751056075,364595095.32712716,2022-04-10
153,1649635200000,15.23864023749805,358012074.7412702,2022-04-11
154,1649721600000,13.761741338334684,322222534.4957259,2022-04-12
155,1649808000000,14.34371289430143,335296007.46900403,2022-04-13
156,1649894400000,14.59267124425288,341130479.8012136,2022-04-14
157,1649980800000,14.021607636157842,328175615.76524895,2022-04-15
158,1650067200000,14.294843417031947,335140181.30762124,2022-04-16
159,1650153600000,14.344514014958287,336271572.9074232,2022-04-17
160,1650240000000,13.731342468177159,321478222.6319708,2022-04-18
161,1650326400000,14.294626427389318,334681788.77265686,2022-04-19
162,1650412800000,14.886822652739712,348402564.5244884,2022-04-20
163,1650499200000,14.646310072985125,343781276.09874165,2022-04-21
164,1650585600000,14.519422051547814,339005239.1224106,2022-04-22
165,1650672000000,14.239340962241728,333602434.93582815,2022-04-23
166,1650758400000,13.989300109748187,327856023.32368517,2022-04-24
167,1650844800000,15.325529510494398,359829956.8870249,2022-04-25
168,1650931200000,15.738310613754958,369320596.32789797,2022-04-26
169,1651017600000,14.314976484178667,335439630.3466333,2022-04-27
170,1651104000000,18.604135266755677,437048475.1222616,2022-04-28
171,1651190400000,18.79738944888103,448183415.64917016,2022-04-29
172,1651276800000,16.289064000338332,383607799.0226429,2022-04-30
173,1651363200000,20.735033861247455,486945851.6261343,2022-05-01
174,1651449600000,24.490949655910388,580371858.227907,2022-05-02
175,1651536000000,26.067937564982973,612018486.0079043,2022-05-03
176,1651622400000,21.957528928232982,519402610.862367,2022-05-04
177,1651708800000,22.34786764482788,566160191.3729699,2022-05-05
178,1651795200000,18.957588091955284,470744333.3791039,2022-05-06
179,1651881600000,18.444614636747065,458012079.981738,2022-05-07
180,1651968000000,18.32475586420122,456860114.9346956,2022-05-08
181,1652054400000,16.94429534665046,420988650.5682116,2022-05-09
182,1652140800000,13.701828539631741,342166890.4957852,2022-05-10
183,1652227200000,14.00853573372987,347924030.54067457,2022-05-11
184,1652313600000,9.303335435058253,235050954.6085867,2022-05-12
185,1652400000000,8.633566272553512,214485700.97328466,2022-05-13
186,1652486400000,9.795656783778279,244276791.25653616,2022-05-14
187,1652572800000,9.692642012147685,240681766.33844057,2022-05-15
188,1652659200000,10.271753284706326,250168057.61761907,2022-05-16
189,1652745600000,10.591985899505447,263043253.25998908,2022-05-17
190,1652832000000,12.46042132756251,310127420.81539977,2022-05-18
191,1652918400000,10.518875130261195,263296658.4481642,2022-05-19
192,1653004800000,12.740544852106602,317021212.56318897,2022-05-20
193,1653091200000,13.164207428932034,328492391.08348906,2022-05-21
194,1653177600000,12.896878084558306,321721670.0326495,2022-05-22
195,1653264000000,12.6659074772829,314788506.5646363,2022-05-23
196,1653350400000,12.749324263640844,318541833.1566718,2022-05-24
197,1653436800000,12.33618777249546,306360376.62887675,2022-05-25
198,1653523200000,12.301366955129433,305983670.0787192,2022-05-26
199,1653609600000,10.543606067406342,262504811.82780725,2022-05-27
200,1653696000000,9.702085226164241,240754567.04388878,2022-05-28
201,1653782400000,10.23696688041702,254995872.18920636,2022-05-29
202,1653868800000,10.162876999158307,252905199.23313266,2022-05-30
203,1653955200000,12.62975848742775,315116666.4796578,2022-05-31
204,1654041600000,11.920608262253227,298960344.5726303,2022-06-01
205,1654128000000,10.709193418601393,267496394.44402933,2022-06-02
206,1654214400000,11.378552840191816,283444812.6248712,2022-06-03
207,1654300800000,10.794939564991823,266875477.00644845,2022-06-04
208,1654387200000,10.984463192005007,271528331.45965207,2022-06-05
209,1654473600000,11.04772174890075,275916775.02844185,2022-06-06
210,1654560000000,12.091301046539142,301043052.7563313,2022-06-07
211,1654646400000,11.966606388452709,299760975.78107446,2022-06-08
212,1654732800000,11.42369792386062,284049758.22976035,2022-06-09
213,1654819200000,11.523053348767158,286732291.98614377,2022-06-10
214,1654905600000,10.40481649446852,258756081.17574823,2022-06-11
215,1654992000000,9.147556803387834,226752563.33561525,2022-06-12
216,1655078400000,8.528147753901889,214018912.2238319,2022-06-13
217,1655164800000,7.949463330639556,195424514.07277387,2022-06-14
218,1655251200000,8.298738900037574,206693388.43491685,2022-06-15
219,1655337600000,9.321793060342992,232313112.31026906,2022-06-16
220,1655424000000,8.000237188435053,198868377.45730335,2022-06-17
221,1655510400000,8.284336974515499,206802108.35919806,2022-06-18
222,1655596800000,8.97389899087584,222481307.8765283,2022-06-19
223,1655683200000,8.913477843660402,221698603.5735039,2022-06-20
224,1655769600000,9.074040932677,225262236.150679,2022-06-21
225,1655856000000,9.028732533814711,224346919.92631227,2022-06-22
226,1655942400000,8.531469518837305,212133900.23069552,2022-06-23
227,1656028800000,9.237875754609497,230480514.79155657,2022-06-24
228,1656115200000,10.050946637811299,250718164.19873905,2022-06-25
229,1656201600000,9.793491310477284,244589077.20376718,2022-06-26
230,1656288000000,9.392915574952864,233933419.39675638,2022-06-27
231,1656374400000,9.300329276516079,231204326.15586156,2022-06-28
232,1656460800000,8.795266500499999,224644644.37617573,2022-06-29
233,1656547200000,8.800687251834866,225673075.80197242,2022-06-30
234,1656633600000,8.52503484235573,216778676.15486097,2022-07-01
235,1656720000000,8.438445529571906,218083640.73980814,2022-07-02
236,1656806400000,8.524199459974499,217984715.66496193,2022-07-03
237,1656892800000,8.914556076618124,224556189.28363043,2022-07-04
238,1656979200000,9.822370973995731,250954907.29925048,2022-07-05
239,1657065600000,9.335229949875263,239157818.1491327,2022-07-06
240,1657152000000,10.273579815207606,264010918.60320017,2022-07-07
241,1657238400000,10.488519383927832,269430178.3674473,2022-07-08
242,1657324800000,10.218327549281543,263381508.48903728,2022-07-09
243,1657411200000,10.063822422123863,258782092.56681937,2022-07-10
244,1657497600000,9.40282501909069,241737550.34249225,2022-07-11
245,1657584000000,8.550906181226836,220307501.10846007,2022-07-12
246,1657670400000,8.320998984284168,216980119.0642685,2022-07-13
247,1657756800000,8.861347417891492,227824017.85740194,2022-07-14
248,1657843200000,9.191831544048206,237607259.95727763,2022-07-15
249,1657929600000,9.189879892292867,236687272.04323575,2022-07-16
250,1658016000000,9.726479466876068,250479429.4184797,2022-07-17
251,1658102400000,9.426817970317943,242910746.82737455,2022-07-18
252,1658188800000,11.396064750720877,291783668.62428445,2022-07-19
253,1658275200000,10.946554684911643,281674624.6640124,2022-07-20
254,1658361600000,11.363177469998746,293306947.10040385,2022-07-21
255,1658448000000,12.968203968168805,334522283.6038588,2022-07-22
256,1658534400000,12.230002445722807,314499867.9642846,2022-07-23
257,1658620800000,12.826023320233,329773237.94125986,2022-07-24
258,1658707200000,13.186304716397617,340824017.0979676,2022-07-25
259,1658793600000,12.497232547350523,323960996.7427302,2022-07-26
260,1658880000000,12.761740308780219,327874618.30585235,2022-07-27
261,1658966400000,15.5248922264315,400222172.4034291,2022-07-28
262,1659052800000,15.163378807644945,390970358.6573627,2022-07-29
263,1659139200000,14.687276504478202,385181534.92867684,2022-07-30
264,1659225600000,14.669473835529535,376723839.91612077,2022-07-31
265,1659312000000,14.373596023895097,371295843.11375856,2022-08-01
266,1659398400000,14.162764747034215,364199893.3499427,2022-08-02
267,1659484800000,15.103578013084736,390435879.87710404,2022-08-03
268,1659571200000,16.403481330474506,421205297.1982961,2022-08-04
269,1659657600000,15.915541869355401,409180604.7116748,2022-08-05
270,1659744000000,17.103343089945678,441254007.16053504,2022-08-06
271,1659830400000,16.964752725713694,436931190.3623642,2022-08-07
272,1659916800000,16.855703790833005,434412146.59695137,2022-08-08
273,1660003200000,16.703832950857173,430840459.53363436,2022-08-09
274,1660089600000,15.650587423361749,405627607.12263155,2022-08-10
275,1660176000000,16.095873642957855,414114122.4417398,2022-08-11
276,1660262400000,15.576572401890164,401098346.221826,2022-08-12
277,1660348800000,15.95071147115139,410176810.68637633,2022-08-13
278,1660435200000,15.336770768415665,395650255.9247974,2022-08-14
279,1660521600000,14.52089438410397,374309393.5203144,2022-08-15
280,1660608000000,14.999863434065377,382589498.34445477,2022-08-16
281,1660694400000,15.020339102687249,386477173.52351165,2022-08-17
282,1660780800000,15.715881118781155,408144780.1460274,2022-08-18
283,1660867200000,14.148182082549974,364652141.80452603,2022-08-19
284,1660953600000,12.80765184015139,330155607.06772786,2022-08-20
285,1661040000000,12.653312979754885,325516684.8528124,2022-08-21
286,1661126400000,13.22008213118807,341158110.22246134,2022-08-22
287,1661212800000,13.658140393879439,351332024.2497081,2022-08-23
288,1661299200000,13.62973216167911,351548035.2382619,2022-08-24
289,1661385600000,13.842688138372615,357151104.5495643,2022-08-25
290,1661472000000,13.604930308194614,351537758.8008276,2022-08-26
291,1661558400000,12.162692615614985,311425825.13156056,2022-08-27
292,1661644800000,11.946963128983887,307990036.4901714,2022-08-28
293,1661731200000,11.329400464788714,292155425.9987749,2022-08-29
294,1661817600000,12.619628209251873,325840361.01762646,2022-08-30
295,1661904000000,12.19495974366846,315274931.1890252,2022-08-31
296,1661990400000,12.426107703728997,320201851.50405014,2022-09-01
297,1662076800000,13.433825286153818,344898247.8208349,2022-09-02
298,1662163200000,13.782685150634844,356202244.32163835,2022-09-03
299,1662249600000,14.03182185188377,362150124.34112227,2022-09-04
300,1662336000000,13.72436253984255,353858441.85001755,2022-09-05
301,1662422400000,14.531602706411224,376039171.6491862,2022-09-06
302,1662508800000,14.287933775322527,369679641.1722765,2022-09-07
303,1662595200000,14.792964995738838,382198824.0991296,2022-09-08
304,1662681600000,15.694406688800541,405051315.23833835,2022-09-09
305,1662768000000,15.461286199594726,398437334.83104414,2022-09-10
306,1662854400000,15.591205480748382,400976799.0551865,2022-09-11
307,1662940800000,15.799335870228619,407811065.0673701,2022-09-12
308,1663027200000,15.038255412298101,387147400.5909441,2022-09-13
309,1663113600000,14.552282443183545,373102581.19113624,2022-09-14
310,1663200000000,14.710689594699645,377891213.4667255,2022-09-15
311,1663286400000,14.203762448170707,367007763.5597226,2022-09-16
312,1663372800000,14.483754496249995,373406253.9493245,2022-09-17
313,1663459200000,14.545131115939984,374882636.24783176,2022-09-18
314,1663545600000,12.788040947170002,329810475.38734895,2022-09-19
315,1663632000000,13.718567208612185,353938601.39214176,2022-09-20
316,1663718400000,13.414500966971378,346234671.252271,2022-09-21
317,1663804800000,13.533897761936451,348898399.67471623,2022-09-22
318,1663891200000,13.937966881464453,358515120.72428745,2022-09-23
319,1663977600000,14.014099254286378,362355389.15099037,2022-09-24
320,1664064000000,13.625813129257502,351257470.34552336,2022-09-25
321,1664150400000,13.779835436840484,354710453.5321302,2022-09-26
322,1664236800000,14.824710904160677,381803046.0993027,2022-09-27
323,1664323200000,15.31676971697451,395818504.83220273,2022-09-28
324,1664409600000,15.84286155636155,407649968.19787407,2022-09-29
325,1664496000000,15.740537194122568,406014516.6209606,2022-09-30
326,1664582400000,16.09357781936113,414818457.34153503,2022-10-01
327,1664668800000,14.929899857264262,384730819.29845047,2022-10-02
328,1664755200000,14.256234799705727,368345026.9526343,2022-10-03
329,1664841600000,15.610323796043977,402824815.6476132,2022-10-04
330,1664928000000,16.101231724655676,414749616.6387195,2022-10-05
331,1665014400000,17.376694974975734,445243538.0615636,2022-10-06
332,1665100800000,17.199526147792124,443479816.3160834,2022-10-07
333,1665187200000,16.967953328333795,438231427.6758004,2022-10-08
334,1665273600000,17.620876570628855,453760184.5931908,2022-10-09
335,1665360000000,18.109734684053105,465021434.8954626,2022-10-10
336,1665446400000,16.181215829750112,417328414.5856603,2022-10-11
337,1665532800000,16.63566332072157,428300847.86301684,2022-10-12
338,1665619200000,17.139409605331924,442376444.49174774,2022-10-13
339,1665705600000,19.41949216788551,500063215.1776731,2022-10-14
340,1665792000000,19.60304092668507,504972558.21900886,2022-10-15
341,1665878400000,19.593407848966002,505621453.5927476,2022-10-16
342,1665964800000,19.803614094693568,509799721.3843136,2022-10-17
343,1666051200000,19.396961567553294,500403658.1493052,2022-10-18
344,1666137600000,19.09370414285603,492173672.20707804,2022-10-19
345,1666224000000,18.604717328748823,478618870.49742806,2022-10-20
346,1666310400000,17.31925277045697,446526809.6808994,2022-10-21
347,1666396800000,16.983392567713246,437462342.5875174,2022-10-22
348,1666483200000,16.732218978921466,431820818.70195746,2022-10-23
349,1666569600000,17.139160342806154,440513429.38899964,2022-10-24
350,1666656000000,16.947785011444136,436826753.94793826,2022-10-25
351,1666742400000,17.53620496365288,451735734.79754597,2022-10-26
352,1666828800000,18.09779366604102,466269215.38593036,2022-10-27
353,1666915200000,17.253805303460343,446735298.3048618,2022-10-28
354,1667001600000,17.158432199991864,441901893.5341991,2022-10-29
355,1667088000000,17.709181248575437,455282784.3182732,2022-10-30
356,1667174400000,17.290830724069426,445038393.84958625,2022-10-31
357,1667260800000,16.999863207886932,438243029.9093871,2022-11-01
358,1667347200000,16.186119625605084,416174139.665808,2022-11-02
359,1667433600000,16.118068647311677,415111198.61374676,2022-11-03
360,1667520000000,16.58833234256092,426629908.7668578,2022-11-04
361,1667606400000,17.860766915899177,459855100.124283,2022-11-05
362,1667692800000,18.06023053351223,466755593.1040583,2022-11-06
363,1667779200000,16.42915491967759,424078830.3262485,2022-11-07
364,1667865600000,16.23680842552001,418109879.927866,2022-11-08
365,1667952000000,13.402908065613738,347828070.16255534,2022-11-09
366,1668038400000,10.412641309361,268585069.25606203,2022-11-10
367,1668124800000,13.062047644005235,336259946.944929,2022-11-11
368,1668211200000,12.57571064713916,321489377.731291,2022-11-12
369,1668297600000,12.16796520205248,313236323.5148353,2022-11-13
370,1668384000000,12.253298135477431,313406393.4318993,2022-11-14
371,1668470400000,12.933010379354107,334504841.38944674,2022-11-15
372,1668556800000,13.18684130832004,340517537.5283984,2022-11-16
373,1668643200000,12.710927729920146,327419321.63232833,2022-11-17
374,1668729600000,12.808948151237583,330668984.53984195,2022-11-18
375,1668816000000,13.07742827774144,336996115.1564639,2022-11-19
376,1668902400000,13.377062673039596,344819647.9896751,2022-11-20
