,Time,open,mktcap,Date
0,1602720000000,61.038420145171635,915358566.5801965,2020-10-15
1,1602806400000,61.038420145171635,915358566.5801965,2020-10-16
2,1602892800000,44.776151018739505,696448104.4626515,2020-10-17
3,1602979200000,42.37271342853077,685643708.4308554,2020-10-18
4,1603065600000,32.71113233658529,547941026.327637,2020-10-19
5,1603152000000,33.8709208971172,589652748.8900975,2020-10-20
6,1603238400000,31.13609652657138,561260924.5694939,2020-10-21
7,1603324800000,26.805785916433425,504058107.7526195,2020-10-22
8,1603411200000,23.726553001137823,457773215.5734711,2020-10-23
9,1603497600000,24.698251881253096,498912998.76787466,2020-10-24
10,1603584000000,25.715797622859426,533304564.1533651,2020-10-25
11,1603670400000,38.95813731766341,831426219.0333772,2020-10-26
12,1603756800000,33.62610370159718,735842404.2936687,2020-10-27
13,1603843200000,35.23708314972304,810185443.2369088,2020-10-28
14,1603929600000,33.66986889228532,789683425.6468997,2020-10-29
15,1604016000000,32.56480146503134,785185480.0337508,2020-10-30
16,1604102400000,29.23454574803566,723733376.0240886,2020-10-31
17,1604188800000,31.068181236508313,790579447.5429804,2020-11-01
18,1604275200000,31.59249510134678,824027456.289055,2020-11-02
19,1604361600000,29.721117221708248,797862243.2950337,2020-11-03
20,1604448000000,28.863213090978785,784453957.084558,2020-11-04
21,1604534400000,28.89940702403186,808899170.7512995,2020-11-05
22,1604620800000,29.437496731232574,848688650.7816124,2020-11-06
23,1604707200000,31.67873056481789,932478272.7988048,2020-11-07
24,1604793600000,29.92173183428666,898570414.518341,2020-11-08
25,1604880000000,30.71437762454573,946765111.5270143,2020-11-09
26,1604966400000,31.27614564306925,980175251.297319,2020-11-10
27,1605052800000,30.355539393303946,971324219.7046409,2020-11-11
28,1605139200000,30.074590872459012,977836168.151562,2020-11-12
29,1605225600000,29.50138763139613,980940186.3146718,2020-11-13
30,1605312000000,29.18348938011425,989163131.68572,2020-11-14
31,1605398400000,29.308241083537126,1010701349.2476013,2020-11-15
32,1605484800000,27.754596975192612,972306708.8565435,2020-11-16
33,1605571200000,27.47415850246156,983242022.5802612,2020-11-17
34,1605657600000,29.04663591100442,1053531538.7069919,2020-11-18
35,1605744000000,28.884041127283858,1065566004.7832322,2020-11-19
36,1605830400000,28.836418294945485,1078997738.3542826,2020-11-20
37,1605916800000,29.03297941534771,1104845751.636248,2020-11-21
38,1606003200000,29.835385463370333,1152020550.603267,2020-11-22
39,1606089600000,28.97455195566526,1136336865.4502778,2020-11-23
40,1606176000000,29.152495615482497,1159770309.1231425,2020-11-24
41,1606262400000,29.69480828811275,1202725591.6704721,2020-11-25
42,1606348800000,31.076483226999855,1264360564.8794208,2020-11-26
43,1606435200000,29.859995505894357,1249059351.628235,2020-11-27
44,1606521600000,29.956028039749977,1269516701.928657,2020-11-28
45,1606608000000,29.92724371697021,1287329451.1674116,2020-11-29
46,1606694400000,29.9657492276032,1305347569.5699754,2020-11-30
47,1606780800000,30.291092806718957,1343914271.7988675,2020-12-01
48,1606867200000,30.22263361850741,1350662411.9702575,2020-12-02
49,1606953600000,30.638930347497723,1366916570.9937828,2020-12-03
50,1607040000000,30.45112380705019,1354592881.154428,2020-12-04
51,1607126400000,29.105538607487997,1298555662.3133624,2020-12-05
52,1607212800000,29.877120174190132,1331599671.2784326,2020-12-06
53,1607299200000,29.306209693910496,1305959182.3082852,2020-12-07
54,1607385600000,30.535994423804752,1360443036.0415494,2020-12-08
55,1607472000000,29.964229165044685,1336608928.1296468,2020-12-09
56,1607558400000,30.496371093809255,1360379788.5401053,2020-12-10
57,1607644800000,30.577518401061127,1367452564.0494237,2020-12-11
58,1607731200000,29.915356296293208,1335651652.1960728,2020-12-12
59,1607817600000,30.024411947221175,1339216964.0735939,2020-12-13
60,1607904000000,30.079610224401623,1340054073.0953798,2020-12-14
61,1607990400000,29.37785535703316,1310997955.8092475,2020-12-15
62,1608076800000,29.141461175451354,1299271237.7283943,2020-12-16
63,1608163200000,28.47472557261946,1268748005.778233,2020-12-17
64,1608249600000,28.434668765431873,1269199574.8423693,2020-12-18
65,1608336000000,28.482447577977144,1268920902.3581283,2020-12-19
66,1608422400000,28.28646354859127,1260896801.4375882,2020-12-20
67,1608508800000,28.425579402798967,1265640429.2541573,2020-12-21
68,1608595200000,25.12541700786485,1116963470.7828884,2020-12-22
69,1608681600000,24.65938330963582,1098521764.2124968,2020-12-23
70,1608768000000,22.393877730770093,1002020727.4238386,2020-12-24
71,1608854400000,23.711485929216284,1070477089.0000271,2020-12-25
72,1608940800000,24.19868044306187,1066903272.1972156,2020-12-26
73,1609027200000,23.607314166249015,1053399876.4856431,2020-12-27
74,1609113600000,22.26786214815625,996416285.4536161,2020-12-28
75,1609200000000,22.016665488790053,984958783.1406097,2020-12-29
76,1609286400000,20.414291266609762,910450449.0266372,2020-12-30
77,1609372800000,21.667585858799086,971502565.7987247,2020-12-31
78,1609459200000,24.332649074568128,1085852456.2044303,2021-01-01
79,1609545600000,22.26545151346079,997801424.6666099,2021-01-02
80,1609632000000,21.828358282862826,972755571.7195723,2021-01-03
81,1609718400000,21.577334586341465,961823165.8483748,2021-01-04
82,1609804800000,20.971516044607387,933651801.4490069,2021-01-05
83,1609891200000,21.637499704274394,965061654.5564218,2021-01-06
84,1609977600000,21.965644230617578,981791589.808168,2021-01-07
85,1610064000000,22.141311677022408,985030080.1124637,2021-01-08
86,1610150400000,21.66795712491178,963811421.3661202,2021-01-09
87,1610236800000,22.236827441240354,992984336.0991169,2021-01-10
88,1610323200000,23.581049628823116,1050431927.9268968,2021-01-11
89,1610409600000,21.570961445933612,963053856.3708664,2021-01-12
90,1610496000000,21.12715265139296,942008771.8480518,2021-01-13
91,1610582400000,21.719502249805913,967935922.4576999,2021-01-14
92,1610668800000,21.597018558280833,961793556.0164002,2021-01-15
93,1610755200000,21.557677015766576,961842010.9547049,2021-01-16
94,1610841600000,22.87440971406909,1017544913.0502763,2021-01-17
95,1610928000000,24.28820869310656,1086015386.889698,2021-01-18
96,1611014400000,23.684633896638175,1054182976.9254099,2021-01-19
97,1611100800000,22.677761060382128,1016126534.6996398,2021-01-20
98,1611187200000,22.38911255715604,999485111.4107952,2021-01-21
99,1611273600000,21.25821713351011,959850230.101953,2021-01-22
100,1611360000000,22.287890650908043,1013184171.7935616,2021-01-23
101,1611446400000,22.689629447925178,1030043615.6160413,2021-01-24
102,1611532800000,22.74403539205069,1041453667.3598425,2021-01-25
103,1611619200000,22.437500087328758,1030150090.3237169,2021-01-26
104,1611705600000,22.1925456760997,1022176234.7866141,2021-01-27
105,1611792000000,21.48718769763265,993902507.9448189,2021-01-28
106,1611878400000,21.885404011298196,1015996115.5149173,2021-01-29
107,1611964800000,22.257271685326735,1045513789.0047519,2021-01-30
108,1612051200000,21.99998473077016,1036800625.6575937,2021-01-31
109,1612137600000,22.227610787381238,1052624446.4618396,2021-02-01
110,1612224000000,22.552385653557636,1073176630.2547331,2021-02-02
111,1612310400000,22.47521042202928,1079812140.2858324,2021-02-03
112,1612396800000,23.067601307987246,1110368380.3902166,2021-02-04
113,1612483200000,22.921722085922223,1112234002.2407944,2021-02-05
114,1612569600000,24.574468847793767,1188786069.8665295,2021-02-06
115,1612656000000,24.278484379329623,1186863367.8317683,2021-02-07
116,1612742400000,23.987391004351554,1175194860.1859303,2021-02-08
117,1612828800000,27.70011077465989,1374842804.4478023,2021-02-09
118,1612915200000,43.360374735209504,2142897308.3311505,2021-02-10
119,1613001600000,39.83493112722619,1971932959.0708215,2021-02-11
120,1613088000000,40.163738214799466,1998338676.5334198,2021-02-12
121,1613174400000,42.629324755182715,2140422574.1639802,2021-02-13
122,1613260800000,41.5804298049996,2142329180.7463539,2021-02-14
123,1613347200000,47.48170031292962,2440728114.286204,2021-02-15
124,1613433600000,42.8214027742912,2228229756.2017245,2021-02-16
125,1613520000000,41.94506319732091,2198005616.5604706,2021-02-17
126,1613606400000,43.21343409213774,2268914317.126997,2021-02-18
127,1613692800000,43.474011615378686,2287446142.634004,2021-02-19
128,1613779200000,43.24926513227452,2303472010.7398977,2021-02-20
129,1613865600000,43.51944064392642,2315945991.570518,2021-02-21
130,1613952000000,44.91251555408171,2425826130.089612,2021-02-22
131,1614038400000,39.67700609254747,2146856903.1900072,2021-02-23
132,1614124800000,35.50615145088347,1924240469.6353104,2021-02-24
133,1614211200000,36.63152164480715,2010058408.6622987,2021-02-25
134,1614297600000,34.723303510322715,1910955685.2741044,2021-02-26
135,1614384000000,35.26145187745781,1941888070.5517406,2021-02-27
136,1614470400000,38.44666442315151,2110732695.9823341,2021-02-28
137,1614556800000,35.91265634802496,2003104136.5022893,2021-03-01
138,1614643200000,38.45901953115621,2164153550.192331,2021-03-02
139,1614729600000,38.31071118578107,2153057387.8752384,2021-03-03
140,1614816000000,42.24686832392668,2406002229.814256,2021-03-04
141,1614902400000,41.00299829854112,2355361326.598205,2021-03-05
142,1614988800000,40.569393657904385,2329304394.519402,2021-03-06
143,1615075200000,40.53038646783962,2327064784.53159,2021-03-07
144,1615161600000,41.574836422593386,2386866899.8046827,2021-03-08
145,1615248000000,41.57849166422764,2387865517.4191008,2021-03-09
146,1615334400000,42.0611496697386,2415188501.5157466,2021-03-10
147,1615420800000,42.56818443341396,2444282241.842399,2021-03-11
148,1615507200000,42.22443442112208,2422221608.4778457,2021-03-12
149,1615593600000,44.00824268655271,2527610840.869442,2021-03-13
150,1615680000000,49.74767465540784,2858128526.5366325,2021-03-14
151,1615766400000,54.55724867608124,3161301690.407699,2021-03-15
152,1615852800000,53.163914217227166,3066932662.6924977,2021-03-16
153,1615939200000,62.65618987815652,3615023414.3131537,2021-03-17
154,1616025600000,89.7038197748013,5350371555.607416,2021-03-18
155,1616112000000,79.57344979710611,4590835443.430657,2021-03-19
156,1616198400000,83.51011824696268,4904128106.002664,2021-03-20
157,1616284800000,82.60174109720681,4884445974.147498,2021-03-21
158,1616371200000,81.08354931270624,4819290051.09456,2021-03-22
159,1616457600000,76.58984400573706,4603346612.288365,2021-03-23
160,1616544000000,82.97062583001816,4954574345.324013,2021-03-24
161,1616630400000,86.01970880657534,5239968618.420825,2021-03-25
162,1616716800000,90.42028829079466,5467789226.430096,2021-03-26
163,1616803200000,125.38477689675958,7663405093.837479,2021-03-27
164,1616889600000,132.5487198812614,8116732135.001582,2021-03-28
165,1616976000000,125.42929797188496,7707732162.522902,2021-03-29
166,1617062400000,127.36068517777713,7858661662.057314,2021-03-30
167,1617148800000,149.8513526353999,9346428738.18051,2021-03-31
168,1617235200000,189.57559567550769,11887088710.101213,2021-04-01
169,1617321600000,187.61068852425478,11982302303.368631,2021-04-02
170,1617408000000,171.212119019583,10997142646.531992,2021-04-03
171,1617494400000,177.30164168198164,11318036521.764193,2021-04-04
172,1617580800000,183.20384178053837,11829678782.236479,2021-04-05
173,1617667200000,177.39217181754833,11402316362.314383,2021-04-06
174,1617753600000,165.83692357345282,10766940513.537039,2021-04-07
175,1617840000000,156.19389441878076,10191782324.67231,2021-04-08
176,1617926400000,154.7655246174137,10098092961.26499,2021-04-09
177,1618012800000,171.8788201612079,11367767095.007366,2021-04-10
178,1618099200000,174.47939711737936,11422177636.132494,2021-04-11
179,1618185600000,178.56448334799924,11760257667.55024,2021-04-12
180,1618272000000,168.34215139407414,11162781438.092058,2021-04-13
181,1618358400000,164.6144358731241,10990468386.310192,2021-04-14
182,1618444800000,167.72246537040698,11193671219.718431,2021-04-15
183,1618531200000,170.99401239581,11432372290.91272,2021-04-16
184,1618617600000,182.42572086682367,12306583039.560392,2021-04-17
185,1618704000000,180.8786084730564,12199694683.653812,2021-04-18
186,1618790400000,156.4875982758262,10541847149.08877,2021-04-19
187,1618876800000,154.36118150068245,10430669542.832127,2021-04-20
188,1618963200000,153.87534665124306,10378377088.785328,2021-04-21
189,1619049600000,149.08109494167246,10113452284.82981,2021-04-22
190,1619136000000,146.72972578426246,9922652763.490011,2021-04-23
191,1619222400000,139.32107562311128,9437086317.48919,2021-04-24
192,1619308800000,133.13976130127926,9180368628.803314,2021-04-25
193,1619395200000,133.8127447571609,9140645422.749401,2021-04-26
194,1619481600000,154.5603467686587,10559313085.461609,2021-04-27
195,1619568000000,151.65286111931212,10363476511.92833,2021-04-28
196,1619654400000,151.18941275138496,10384607293.66619,2021-04-29
197,1619740800000,149.71293049316535,10290478894.81161,2021-04-30
198,1619827200000,164.002165315884,11282601430.24585,2021-05-01
199,1619913600000,164.46245307147265,11384637502.176071,2021-05-02
200,1620000000000,162.80853303875858,11209803165.794937,2021-05-03
201,1620086400000,160.32884739701524,11127087613.253773,2021-05-04
202,1620172800000,139.5092254334999,9739869995.85706,2021-05-05
203,1620259200000,152.65330254867183,10566377314.66072,2021-05-06
204,1620345600000,153.35407439298365,10685901288.381172,2021-05-07
205,1620432000000,150.7227286168373,10522637445.828548,2021-05-08
206,1620518400000,148.13288217261825,10354168926.699018,2021-05-09
207,1620604800000,146.41737961892505,10256042486.668428,2021-05-10
208,1620691200000,135.56576866488683,9571958152.373116,2021-05-11
209,1620777600000,142.8645151172823,10010914357.520384,2021-05-12
210,1620864000000,128.65718007437877,9266311898.599695,2021-05-13
211,1620950400000,117.85955158185232,8311079303.982727,2021-05-14
212,1621036800000,120.05464195771502,8465774806.41594,2021-05-15
213,1621123200000,109.98090808969523,7960734072.476668,2021-05-16
214,1621209600000,107.82374037183945,7733651247.38462,2021-05-17
215,1621296000000,99.32354289976078,7222443085.144995,2021-05-18
216,1621382400000,100.580814016586,7270191227.723099,2021-05-19
217,1621468800000,65.99234017373182,4889258658.4251585,2021-05-20
218,1621555200000,88.75826969586618,6446070387.292754,2021-05-21
219,1621641600000,76.77274550840157,5552827818.7258,2021-05-22
220,1621728000000,72.55451324560588,5310542624.92256,2021-05-23
221,1621814400000,65.29657469421109,4795741720.623984,2021-05-24
222,1621900800000,74.6764551011953,5480691936.265534,2021-05-25
223,1621987200000,71.36970330039522,5234385707.18054,2021-05-26
224,1622073600000,74.8261838707771,5526274274.622682,2021-05-27
225,1622160000000,71.26471142347394,5283427692.317433,2021-05-28
226,1622246400000,66.86171742792685,4955088080.285226,2021-05-29
227,1622332800000,68.53888281034632,5132456968.630218,2021-05-30
228,1622419200000,68.35883980088525,5085460623.882045,2021-05-31
229,1622505600000,72.64140466027168,5459628057.845798,2021-06-01
230,1622592000000,69.31768557039256,5239017503.099482,2021-06-02
231,1622678400000,70.1603557096299,5312676048.68686,2021-06-03
232,1622764800000,89.74422404590926,6945471091.144459,2021-06-04
233,1622851200000,88.1095151646125,6758718950.203633,2021-06-05
234,1622937600000,88.356166691574,6762221819.2313795,2021-06-06
235,1623024000000,86.77675203191241,6682097724.014079,2021-06-07
236,1623110400000,81.12688387907917,6313892866.679319,2021-06-08
237,1623196800000,76.21992424923837,5930124224.900384,2021-06-09
238,1623283200000,77.71716425232813,6068760115.990174,2021-06-10
239,1623369600000,73.84675642207812,5767122467.87551,2021-06-11
240,1623456000000,70.83199533161375,5554659667.569029,2021-06-12
241,1623542400000,69.79179711787269,5490134712.697606,2021-06-13
242,1623628800000,73.5624431995955,5761245902.58321,2021-06-14
243,1623715200000,75.18282575676194,5934421175.617328,2021-06-15
244,1623801600000,72.96579312720303,5783693818.5088415,2021-06-16
245,1623888000000,69.38978912487848,5506730946.165429,2021-06-17
246,1623974400000,69.08801974328946,5501270663.798497,2021-06-18
247,1624060800000,65.53997791524436,5260642456.323049,2021-06-19
248,1624147200000,65.03350972332092,5225718803.217338,2021-06-20
249,1624233600000,63.31511903985232,5105408597.159436,2021-06-21
250,1624320000000,46.198622722630546,3767259536.399458,2021-06-22
251,1624406400000,49.16269056501052,3994103143.9281163,2021-06-23
252,1624492800000,58.41520431506102,4737419355.834323,2021-06-24
253,1624579200000,57.21751018154989,4675412840.723372,2021-06-25
254,1624665600000,52.73187047290102,4340124002.982333,2021-06-26
255,1624752000000,52.79599433833484,4323759273.568948,2021-06-27
256,1624838400000,56.181159133969444,4636498458.85038,2021-06-28
257,1624924800000,56.50724998310845,4675847747.116051,2021-06-29
258,1625011200000,64.51667774951359,5390642896.401006,2021-06-30
259,1625097600000,60.54281280948271,5071113098.748998,2021-07-01
260,1625184000000,57.15513420122446,4813572237.468474,2021-07-02
261,1625270400000,57.43169347325879,4853878929.812838,2021-07-03
262,1625356800000,58.78914389412504,4982929441.913566,2021-07-04
263,1625443200000,59.12785071939858,5046725402.65341,2021-07-05
264,1625529600000,56.430792096449224,4835871066.082167,2021-07-06
265,1625616000000,56.892695206156596,4881822295.539246,2021-07-07
266,1625702400000,56.54576219303808,4870594002.520488,2021-07-08
267,1625788800000,54.07406418320355,4666672288.051456,2021-07-09
268,1625875200000,55.47389964511535,4797777298.6291685,2021-07-10
269,1625961600000,54.49825472957034,4726777354.723511,2021-07-11
270,1626048000000,55.21172482038976,4798354465.123041,2021-07-12
271,1626134400000,52.73019975248067,4588254423.756373,2021-07-13
272,1626220800000,50.84933783108905,4441447222.806487,2021-07-14
273,1626307200000,49.76196436212528,4351995993.3354845,2021-07-15
274,1626393600000,47.0851349115758,4169310539.166018,2021-07-16
275,1626480000000,45.86485046267694,4074738245.873976,2021-07-17
276,1626566400000,45.62282643831851,4066506966.5073166,2021-07-18
277,1626652800000,47.162176842579036,4207527221.1563663,2021-07-19
278,1626739200000,45.11943678112674,4042768890.0806303,2021-07-20
279,1626825600000,41.544852299878755,3732586343.3889346,2021-07-21
280,1626912000000,46.51458927006397,4172524855.029862,2021-07-22
281,1626998400000,45.66049204923856,4119172731.384568,2021-07-23
282,1627084800000,47.324846715968086,4276795674.9222074,2021-07-24
283,1627171200000,49.46126842248849,4481352230.4583025,2021-07-25
284,1627257600000,49.34025345467773,4478739753.575609,2021-07-26
285,1627344000000,48.92252423469737,4467555943.607951,2021-07-27
286,1627430400000,49.45364079274216,4516568844.599481,2021-07-28
287,1627516800000,49.4628328473667,4531346691.046742,2021-07-29
288,1627603200000,49.335536820020295,4545668459.372722,2021-07-30
289,1627689600000,51.28884076942562,4745653480.879425,2021-07-31
290,1627776000000,52.26366442143525,4842545898.400973,2021-08-01
291,1627862400000,53.804755031412036,5004076260.541281,2021-08-02
292,1627948800000,54.678741731839864,5110788255.534238,2021-08-03
293,1628035200000,54.485791667816656,5123114649.494363,2021-08-04
294,1628121600000,56.493397850512196,5343079485.3996525,2021-08-05
295,1628208000000,57.755845102837746,5450183232.534917,2021-08-06
296,1628294400000,64.39096541791179,6105103338.158219,2021-08-07
297,1628380800000,69.69600568335336,6615051742.623232,2021-08-08
298,1628467200000,64.3023132389341,6109571254.836809,2021-08-09
299,1628553600000,67.67886449980233,6341271077.273726,2021-08-10
300,1628640000000,66.7310230981961,6356385970.852685,2021-08-11
301,1628726400000,72.24579162821658,6886636987.08254,2021-08-12
302,1628812800000,68.41539641370026,6552034619.746287,2021-08-13
303,1628899200000,74.60970265322342,7120937450.601483,2021-08-14
304,1628985600000,72.51706365298797,6993329824.875893,2021-08-15
305,1629072000000,73.15791241271135,7046887706.4486065,2021-08-16
306,1629158400000,73.40143829923309,7176860938.400816,2021-08-17
307,1629244800000,69.41847000742113,6815146521.691267,2021-08-18
308,1629331200000,67.97819500140253,6668353812.897149,2021-08-19
309,1629417600000,69.85623986978511,6836652277.051632,2021-08-20
310,1629504000000,73.03504593331157,7172245428.250522,2021-08-21
311,1629590400000,77.99802785034932,7717889066.505461,2021-08-22
312,1629676800000,77.41026569936272,7669512114.699055,2021-08-23
313,1629763200000,79.88798605566929,7909051611.221558,2021-08-24
314,1629849600000,74.87982046272728,7435544828.274244,2021-08-25
315,1629936000000,76.87780877379467,7671217887.385196,2021-08-26
316,1630022400000,73.12303991412297,7287035727.731083,2021-08-27
317,1630108800000,75.0756490802686,7494090193.796516,2021-08-28
318,1630195200000,73.98368937533434,7395493538.772748,2021-08-29
319,1630281600000,73.80853923644948,7399624460.889124,2021-08-30
320,1630368000000,71.40620834451222,7164723197.969198,2021-08-31
321,1630454400000,75.99414365384281,7660328089.899885,2021-09-01
322,1630540800000,78.64502423193608,7950783178.959194,2021-09-02
323,1630627200000,77.53459245372021,7855615630.798612,2021-09-03
324,1630713600000,77.67714347580703,7874750955.771738,2021-09-04
325,1630800000000,94.99748276870548,9718860780.932117,2021-09-05
326,1630886400000,113.62759390542459,11625601342.832527,2021-09-06
327,1630972800000,106.56970982768324,10863365776.35077,2021-09-07
328,1631059200000,84.3423917648435,8703282651.988777,2021-09-08
329,1631145600000,88.13162466295371,9128426774.140501,2021-09-09
330,1631232000000,88.52502080130377,9155979176.815298,2021-09-10
331,1631318400000,82.46877859664346,8536462183.193879,2021-09-11
332,1631404800000,81.72852347645389,8459363212.771825,2021-09-12
333,1631491200000,83.93953190842738,8728515526.484688,2021-09-13
334,1631577600000,78.71287386044153,8192527916.422796,2021-09-14
335,1631664000000,80.72632300334507,8607158777.382599,2021-09-15
336,1631750400000,86.26780138217958,9163747153.980003,2021-09-16
337,1631836800000,84.49044438815257,9031726386.178196,2021-09-17
338,1631923200000,85.86288993321368,9260613939.150097,2021-09-18
339,1632009600000,84.37628053802815,9084670054.814695,2021-09-19
340,1632096000000,83.61463313651639,9030242391.663181,2021-09-20
341,1632182400000,74.62840745608251,8080713550.473364,2021-09-21
342,1632268800000,68.98353975003072,7458542758.625509,2021-09-22
343,1632355200000,74.4222883457614,8107202398.515423,2021-09-23
344,1632441600000,74.5731845819523,8158635376.246759,2021-09-24
345,1632528000000,63.18321284453408,6929939107.231222,2021-09-25
346,1632614400000,60.677289474211456,6644510634.459436,2021-09-26
347,1632700800000,55.85397805520586,6108537107.0288,2021-09-27
348,1632787200000,59.19515990159867,6575383754.222604,2021-09-28
349,1632873600000,55.470771228238284,6120911669.3941345,2021-09-29
350,1632960000000,57.21231548232069,6272490993.769179,2021-09-30
351,1633046400000,60.1105916799632,6579570546.112307,2021-10-01
352,1633132800000,71.7633496119577,7870357104.5169935,2021-10-02
353,1633219200000,69.98564136395393,7670341930.829356,2021-10-03
354,1633305600000,69.1471256795071,7589735012.935745,2021-10-04
355,1633392000000,69.58588362211255,7699772858.380208,2021-10-05
356,1633478400000,71.16143841511058,7863907887.909047,2021-10-06
357,1633564800000,72.1748322076592,7974694048.139363,2021-10-07
358,1633651200000,71.64136145229904,7919449300.446966,2021-10-08
359,1633737600000,79.50283707623397,8800790645.952713,2021-10-09
360,1633824000000,76.70708470158992,8494810950.314712,2021-10-10
361,1633910400000,69.75504342146758,7771676718.229707,2021-10-11
362,1633996800000,73.43002784099654,8163477422.357032,2021-10-12
363,1634083200000,69.41198868793764,7783211336.411623,2021-10-13
364,1634169600000,68.3611317538026,7665101552.186981,2021-10-14
365,1634256000000,70.26730400388496,7905519800.607219,2021-10-15
366,1634342400000,67.52517392275035,7637814542.419309,2021-10-16
367,1634428800000,66.79858015610353,7589897058.170135,2021-10-17
368,1634515200000,63.419936594800696,7189638933.604068,2021-10-18
369,1634601600000,63.268914552874044,7208657873.24426,2021-10-19
370,1634688000000,63.20130335166689,7243067857.14406,2021-10-20
371,1634774400000,67.13461804424196,7722232513.745195,2021-10-21
372,1634860800000,63.79722113362592,7372461024.626979,2021-10-22
373,1634947200000,66.25805626582269,7684247414.486821,2021-10-23
374,1635033600000,65.21258055690477,7590251517.3107605,2021-10-24
375,1635120000000,62.827983056412954,7329122073.7434435,2021-10-25
376,1635206400000,64.22800290232348,7531321176.31275,2021-10-26
377,1635292800000,62.97657561956524,7443432673.559958,2021-10-27
378,1635379200000,55.436525335366795,6529241836.871426,2021-10-28
379,1635465600000,58.20002158091034,6832943900.347486,2021-10-29
380,1635552000000,59.988182589299285,7096994092.814843,2021-10-30
381,1635638400000,59.954973203399085,7050998610.999592,2021-10-31
382,1635724800000,64.5401288285198,7686583442.523998,2021-11-01
383,1635811200000,64.00612892121688,7553502353.5137205,2021-11-02
384,1635897600000,64.8108968720689,7740937564.028774,2021-11-03
385,1635984000000,64.14162442639302,7678286551.264632,2021-11-04
386,1636070400000,62.73774063234559,7484224036.035092,2021-11-05
387,1636156800000,63.781773631098666,7674740914.761446,2021-11-06
388,1636243200000,62.069238458683394,7451674974.09412,2021-11-07
389,1636329600000,62.79938937586535,7555629649.459367,2021-11-08
390,1636416000000,64.50686610640885,7836468583.086688,2021-11-09
391,1636502400000,66.85835270466372,8171296122.248381,2021-11-10
392,1636588800000,63.71362478906733,7769479880.167427,2021-11-11
393,1636675200000,63.02927863501618,7717396932.090971,2021-11-12
394,1636761600000,63.14334956611448,7718543593.747036,2021-11-13
395,1636848000000,63.16470879542413,7763831484.699356,2021-11-14
396,1636934400000,62.96491497008288,7736407484.564361,2021-11-15
397,1637020800000,61.148812971297815,7551642428.740265,2021-11-16
398,1637107200000,56.47316391784054,6973980513.678965,2021-11-17
399,1637193600000,56.345181896614584,6921741251.939363,2021-11-18
400,1637280000000,51.786285687439886,6389409259.502009,2021-11-19
401,1637366400000,54.0735756694293,6660720133.306563,2021-11-20
402,1637452800000,54.66678141135879,6758242747.578605,2021-11-21
403,1637539200000,53.54969620865109,6634874845.903259,2021-11-22
404,1637625600000,51.828193538806175,6589775638.394142,2021-11-23
405,1637712000000,51.78972128624839,6608478708.76383,2021-11-24
406,1637798400000,50.37775622114825,6414495191.184935,2021-11-25
407,1637884800000,55.29684969155326,7113496750.814335,2021-11-26
408,1637971200000,52.62520581323685,6761450473.295746,2021-11-27
409,1638057600000,57.31405679675341,7355745893.087693,2021-11-28
410,1638144000000,56.425635884315405,7274466423.076122,2021-11-29
411,1638230400000,54.857073936659724,7120222492.411026,2021-11-30
412,1638316800000,53.68772747232309,6980829662.63623,2021-12-01
413,1638403200000,54.40627993686102,7086209312.433346,2021-12-02
414,1638489600000,53.68305979306721,7026636458.596917,2021-12-03
415,1638576000000,49.74553633556802,6543164148.267629,2021-12-04
416,1638662400000,40.93535358816292,5412764251.319979,2021-12-05
417,1638748800000,39.08147033392349,5138818891.53421,2021-12-06
418,1638835200000,38.75224661793949,5196635363.092365,2021-12-07
419,1638921600000,39.162443679613055,5267383301.400486,2021-12-08
420,1639008000000,41.42367736772804,5585919565.675004,2021-12-09
421,1639094400000,37.60172517735629,5106729626.443381,2021-12-10
422,1639180800000,40.220117961344734,5482598281.505633,2021-12-11
423,1639267200000,40.281488238031145,5470897229.031017,2021-12-12
424,1639353600000,39.82527518494923,5430288233.268061,2021-12-13
425,1639440000000,35.90550243900128,4897877244.733709,2021-12-14
426,1639526400000,36.675664119437364,5026787204.602754,2021-12-15
427,1639612800000,38.22731832086255,5279776430.712985,2021-12-16
428,1639699200000,37.16626320199462,5161965295.694015,2021-12-17
429,1639785600000,35.712840004370264,4981174130.608531,2021-12-18
430,1639872000000,36.292625873879,5062502980.144697,2021-12-19
431,1639958400000,35.76040258428095,5005926002.678512,2021-12-20
432,1640044800000,34.90754844247923,4904409783.853378,2021-12-21
433,1640131200000,35.36658684697264,4973757858.3908415,2021-12-22
434,1640217600000,35.69366904226607,5035386743.111895,2021-12-23
435,1640304000000,37.47578281237537,5280298415.792447,2021-12-24
436,1640390400000,36.42301281868787,5149825194.370931,2021-12-25
437,1640476800000,37.082641597021826,5267872229.783002,2021-12-26
438,1640563200000,37.17956192389591,5284753492.80639,2021-12-27
439,1640649600000,39.18338795724403,5601612423.670013,2021-12-28
440,1640736000000,36.306418131203955,5206869983.490589,2021-12-29
441,1640822400000,34.24363830939812,4875917099.339858,2021-12-30
442,1640908800000,34.8996167407994,4999924297.515744,2021-12-31
443,1640995200000,34.38733032783902,4957453323.829614,2022-01-01
444,1641081600000,36.01532114724631,5176621123.917549,2022-01-02
445,1641168000000,35.81733512009057,5184849454.203507,2022-01-03
446,1641254400000,35.02749086803488,5078039693.250705,2022-01-04
447,1641340800000,36.37876929841391,5369065733.89456,2022-01-05
448,1641427200000,33.34383051874047,4877599303.912766,2022-01-06
449,1641513600000,33.04197541975071,4847485780.261362,2022-01-07
450,1641600000000,31.528674115104632,4623138431.575745,2022-01-08
451,1641686400000,29.39287988677668,4334683342.840736,2022-01-09
452,1641772800000,30.281232191528506,4448333454.230876,2022-01-10
453,1641859200000,28.17408484693864,4141429687.592193,2022-01-11
454,1641945600000,28.913400425572682,4272909235.4460487,2022-01-12
455,1642032000000,30.78689061737466,4543422869.361631,2022-01-13
456,1642118400000,28.67217522010667,4242669557.901659,2022-01-14
457,1642204800000,29.7689770164224,4380835081.252591,2022-01-15
458,1642291200000,29.794797685434443,4409459724.483505,2022-01-16
459,1642377600000,30.448293669238026,4502277538.189462,2022-01-17
460,1642464000000,29.068978140257784,4297748399.12299,2022-01-18
461,1642550400000,28.534624318712545,4297056232.32139,2022-01-19
462,1642636800000,27.647176883835655,4182995145.1270685,2022-01-20
463,1642723200000,26.17597882957822,3985461270.6186647,2022-01-21
464,1642809600000,21.840905332389916,3314194265.5529575,2022-01-22
465,1642896000000,18.97129084451815,2884306575.285898,2022-01-23
466,1642982400000,19.455170694221863,2964147391.4822,2022-01-24
467,1643068800000,18.452639750253528,2839578105.282416,2022-01-25
468,1643155200000,18.185571046433903,2800893201.2748914,2022-01-26
469,1643241600000,19.35462440235394,2993058439.3653336,2022-01-27
470,1643328000000,19.2642045994814,2944891815.729793,2022-01-28
471,1643414400000,19.65440740262158,3037810424.693202,2022-01-29
472,1643500800000,20.28334820972117,3128907836.981963,2022-01-30
473,1643587200000,19.874204192818745,3082302999.096314,2022-01-31
474,1643673600000,21.335971763887333,3309681862.196598,2022-02-01
475,1643760000000,20.950915737129986,3267158332.9675703,2022-02-02
476,1643846400000,20.215864056462657,3155033520.569775,2022-02-03
477,1643932800000,20.33039814502413,3171590079.2397323,2022-02-04
478,1644019200000,21.63103293356232,3377847907.097469,2022-02-05
479,1644105600000,22.080081326477845,3485657256.2276015,2022-02-06
480,1644192000000,22.47714434827332,3543934856.7143073,2022-02-07
481,1644278400000,24.44086960273112,3856084159.1321893,2022-02-08
482,1644364800000,24.636950240220912,3900630085.2402816,2022-02-09
483,1644451200000,24.31146021430516,3871129181.3214874,2022-02-10
484,1644537600000,23.201937046738262,3693991074.04163,2022-02-11
485,1644624000000,21.03320422279674,3362340866.4340997,2022-02-12
486,1644710400000,20.81133985112173,3332217751.7783175,2022-02-13
487,1644796800000,20.672630891783346,3319702105.476623,2022-02-14
488,1644883200000,20.73949534079597,3343463117.988121,2022-02-15
489,1644969600000,22.341526186177795,3634419031.6348076,2022-02-16
490,1645056000000,23.108153369875097,3793881059.0063634,2022-02-17
491,1645142400000,20.506548905187255,3366637366.6533804,2022-02-18
492,1645228800000,21.09033593671938,3452567864.718396,2022-02-19
493,1645315200000,20.909838432155002,3451863977.830861,2022-02-20
494,1645401600000,19.87795830013017,3314528867.1937017,2022-02-21
495,1645488000000,18.632282672265813,3118086876.7443457,2022-02-22
496,1645574400000,19.182002410830663,3204570727.1352754,2022-02-23
497,1645660800000,18.52742879147973,3107842188.645903,2022-02-24
498,1645747200000,18.45243357032299,3093965780.9616046,2022-02-25
499,1645833600000,18.97863999681596,3208751341.3345046,2022-02-26
500,1645920000000,19.103711241966238,3218419413.63035,2022-02-27
501,1646006400000,20.390409610568216,3439215778.925789,2022-02-28
502,1646092800000,21.661405556459098,3680500397.544602,2022-03-01
503,1646179200000,20.89545705314116,3554543885.8581743,2022-03-02
504,1646265600000,20.675663770054836,3537112518.685478,2022-03-03
505,1646352000000,20.200487063994956,3478130019.806754,2022-03-04
506,1646438400000,18.80347914208336,3237983016.2406273,2022-03-05
507,1646524800000,19.148790478540892,3305779703.4619727,2022-03-06
508,1646611200000,18.43337074078297,3188755034.390007,2022-03-07
509,1646697600000,17.871599064859044,3109695400.8741612,2022-03-08
510,1646784000000,18.00838153347517,3136460811.581631,2022-03-09
511,1646870400000,18.829554737204443,3281625132.49672,2022-03-10
512,1646956800000,17.892037441237843,3130759907.8295503,2022-03-11
513,1647043200000,17.39977436825595,3070643704.215149,2022-03-12
514,1647129600000,17.747460869489164,3131318951.3135915,2022-03-13
515,1647216000000,17.252263746578755,3041259140.6688824,2022-03-14
516,1647302400000,17.442551281518238,3079868205.6587386,2022-03-15
517,1647388800000,16.866764913140955,3006631758.398949,2022-03-16
518,1647475200000,17.428018951480723,3079412755.756739,2022-03-17
519,1647561600000,17.462934838162806,3118523794.0352106,2022-03-18
520,1647648000000,17.632375963506753,3158588670.179616,2022-03-19
521,1647734400000,18.14246704841526,3250128059.00628,2022-03-20
522,1647820800000,17.632155406067323,3169891974.4046264,2022-03-21
523,1647907200000,17.83433357954045,3207450182.6540146,2022-03-22
524,1647993600000,18.286622693302345,3300284121.904936,2022-03-23
525,1648080000000,19.333449134220626,3505543068.711936,2022-03-24
526,1648166400000,19.557397751684412,3549623708.3670177,2022-03-25
527,1648252800000,18.846036443538182,3422228558.8443036,2022-03-26
528,1648339200000,19.39258258430786,3519806078.5266714,2022-03-27
529,1648425600000,23.699519926815988,4343063418.751437,2022-03-28
530,1648512000000,24.972045729196168,4843753113.72571,2022-03-29
531,1648598400000,26.414292377404543,4855212395.045236,2022-03-30
532,1648684800000,25.984204462219438,4794612888.63512,2022-03-31
533,1648771200000,24.216432290480903,4480162798.628793,2022-04-01
534,1648857600000,25.489470111019212,4718997230.079749,2022-04-02
535,1648944000000,23.883073541646866,4471229775.162592,2022-04-03
536,1649030400000,25.445242658159703,4725897194.983636,2022-04-04
537,1649116800000,25.229799048352536,4732086074.216246,2022-04-05
538,1649203200000,24.895531740317473,4678319600.723111,2022-04-06
539,1649289600000,21.719153455214464,4103470709.4311275,2022-04-07
540,1649376000000,22.480648404639084,4213167116.948084,2022-04-08
541,1649462400000,21.273365459213387,3978719070.051756,2022-04-09
542,1649548800000,21.73335287688906,4086471899.124344,2022-04-10
543,1649635200000,21.174856575462012,4003549718.7113037,2022-04-11
544,1649721600000,18.26639440726974,3469183892.8804417,2022-04-12
545,1649808000000,19.561408325335407,3716344920.479767,2022-04-13
546,1649894400000,19.45391923397134,3764697198.521388,2022-04-14
547,1649980800000,18.688962149309084,3627023558.127691,2022-04-15
548,1650067200000,19.080067834005735,3700185508.712197,2022-04-16
549,1650153600000,21.673147722296843,4215615728.537825,2022-04-17
550,1650240000000,19.742095851474513,3807525367.7273693,2022-04-18
551,1650326400000,19.63274071709317,3795940737.833665,2022-04-19
552,1650412800000,20.421571228280786,3954180232.015994,2022-04-20
553,1650499200000,19.649915549982204,3802821541.5525413,2022-04-21
554,1650585600000,18.86421566837036,3650259437.2566032,2022-04-22
555,1650672000000,19.260645739350974,3725233766.0140734,2022-04-23
556,1650758400000,18.966628735918157,3671063279.207159,2022-04-24
557,1650844800000,18.904252469149245,3671022792.5733914,2022-04-25
558,1650931200000,18.63685615100301,3604015501.0647116,2022-04-26
559,1651017600000,17.282787933109397,3339862472.71416,2022-04-27
560,1651104000000,17.715092291885796,3462645312.975125,2022-04-28
561,1651190400000,18.074394373541654,3529245299.629168,2022-04-29
562,1651276800000,17.32196971336879,3400959918.7223434,2022-04-30
563,1651363200000,14.464805126006544,2823425345.588995,2022-05-01
564,1651449600000,15.141678008786482,2976679884.4136405,2022-05-02
565,1651536000000,14.65395880772822,2898273878.4809685,2022-05-03
566,1651622400000,14.624233002868698,2890438286.8842072,2022-05-04
567,1651708800000,15.693241820662646,3117556556.084418,2022-05-05
568,1651795200000,14.008245304686447,2786185197.0451055,2022-05-06
569,1651881600000,13.88512218971249,2781512105.201935,2022-05-07
570,1651968000000,13.288197365340665,2666055149.6344953,2022-05-08
571,1652054400000,13.100652629772151,2627036817.146419,2022-05-09
572,1652140800000,11.220712583995777,2269855573.1230655,2022-05-10
573,1652227200000,11.34968259011923,2274956651.2382965,2022-05-11
574,1652313600000,8.516847080281513,1749091367.0316005,2022-05-12
575,1652400000000,8.132473201200233,1666184329.6997383,2022-05-13
576,1652486400000,8.73755659790738,1792259254.8544014,2022-05-14
577,1652572800000,8.835428655820108,1810945712.97043,2022-05-15
578,1652659200000,9.166278368316911,1880981541.3141313,2022-05-16
579,1652745600000,8.280230689940472,1699446319.876119,2022-05-17
580,1652832000000,8.609554986119464,1769848661.6124356,2022-05-18
581,1652918400000,7.560129783272327,1556366147.2706041,2022-05-19
582,1653004800000,8.229298394461978,1697812942.9718776,2022-05-20
583,1653091200000,7.949420908422889,1688527191.2691283,2022-05-21
584,1653177600000,8.188270902797568,1745559807.1845167,2022-05-22
585,1653264000000,8.473904534387922,1805674640.0500138,2022-05-23
586,1653350400000,8.15627095952214,1736929822.6610055,2022-05-24
587,1653436800000,8.408773891617745,1787647980.9767685,2022-05-25
588,1653523200000,8.172643316339316,1740144596.737398,2022-05-26
589,1653609600000,7.674748467674974,1628567301.7885082,2022-05-27
590,1653696000000,7.2069792704502005,1532190455.1940415,2022-05-28
591,1653782400000,7.551538690522504,1611489557.8221734,2022-05-29
592,1653868800000,7.639133608276874,1624299241.7121131,2022-05-30
593,1653955200000,8.2049154194941,1749464397.4514618,2022-05-31
594,1654041600000,8.107775286952396,1728117251.3019986,2022-06-01
595,1654128000000,7.467239887026935,1589221547.3702416,2022-06-02
596,1654214400000,7.760973365141826,1658113163.4102967,2022-06-03
597,1654300800000,7.39872832115786,1577377567.3744247,2022-06-04
598,1654387200000,7.471242567714094,1590831261.865931,2022-06-05
599,1654473600000,7.3707626075962525,1582398461.3277113,2022-06-06
600,1654560000000,7.5751348693068215,1627973108.189502,2022-06-07
601,1654646400000,7.361692229430453,1584312808.1602223,2022-06-08
602,1654732800000,7.185523480301636,1552262119.7689033,2022-06-09
603,1654819200000,7.2214542339043,1564378930.5106623,2022-06-10
604,1654905600000,6.823364323325565,1480655843.6133385,2022-06-11
605,1654992000000,6.0949750353250005,1323382728.921378,2022-06-12
606,1655078400000,5.717548180326711,1256968384.083345,2022-06-13
607,1655164800000,5.335226886777523,1153030483.352009,2022-06-14
608,1655251200000,5.491086175781854,1202356230.8778017,2022-06-15
609,1655337600000,5.83653449552526,1285281262.2019842,2022-06-16
610,1655424000000,5.290282202640866,1168474965.3697839,2022-06-17
611,1655510400000,5.349333192757721,1184946841.3573513,2022-06-18
612,1655596800000,5.1151481296818675,1127158358.5772195,2022-06-19
613,1655683200000,5.4686694661383495,1209796698.2891984,2022-06-20
614,1655769600000,5.475020112421465,1215301580.1389945,2022-06-21
615,1655856000000,5.951477066515057,1323871474.0955873,2022-06-22
616,1655942400000,5.53685657287317,1232603399.137738,2022-06-23
617,1656028800000,5.809218135694015,1293128538.093418,2022-06-24
618,1656115200000,6.1788117126431255,1379553109.0015633,2022-06-25
619,1656201600000,6.085505536044403,1357390756.733467,2022-06-26
620,1656288000000,5.849083631425672,1312159887.0532715,2022-06-27
621,1656374400000,5.784680516890664,1297369097.1834157,2022-06-28
622,1656460800000,5.5044631303609615,1236592548.760094,2022-06-29
623,1656547200000,5.447204181159453,1224415286.2364347,2022-06-30
624,1656633600000,5.31989092777353,1201622584.1039062,2022-07-01
625,1656720000000,5.334754061703175,1217871823.995795,2022-07-02
626,1656806400000,5.344212866698563,1212653024.476599,2022-07-03
627,1656892800000,5.312932473027297,1208210978.829094,2022-07-04
628,1656979200000,5.558681853683242,1265065597.6820073,2022-07-05
629,1657065600000,5.493143601296891,1254723171.9797316,2022-07-06
630,1657152000000,5.578692754591922,1277823905.1922464,2022-07-07
631,1657238400000,5.816425552028302,1336691204.0835876,2022-07-08
632,1657324800000,5.780970304953939,1341573783.7969537,2022-07-09
633,1657411200000,5.804424914858878,1349563575.8946347,2022-07-10
634,1657497600000,5.488138109910555,1274122291.7372866,2022-07-11
635,1657584000000,5.198203202513526,1210340501.918049,2022-07-12
636,1657670400000,5.08754608127012,1194551958.1022973,2022-07-13
637,1657756800000,5.2969062385732215,1239092220.1866052,2022-07-14
638,1657843200000,5.361618652949647,1260487049.6144876,2022-07-15
639,1657929600000,5.224991284729007,1229762089.8580732,2022-07-16
640,1658016000000,5.395054108848388,1276286223.2825081,2022-07-17
641,1658102400000,5.682946955746384,1358755220.2187552,2022-07-18
642,1658188800000,5.969480386080626,1416991549.1565673,2022-07-19
643,1658275200000,6.056970110642575,1446037784.0490298,2022-07-20
644,1658361600000,5.57930325853728,1342457989.4590833,2022-07-21
645,1658448000000,5.629705785927208,1356319813.7329648,2022-07-22
646,1658534400000,5.4821819055587495,1322841947.9234827,2022-07-23
647,1658620800000,5.59275758931683,1354925047.1590934,2022-07-24
648,1658707200000,5.65527842120315,1372562937.7493913,2022-07-25
649,1658793600000,5.252125345418246,1281746585.242384,2022-07-26
650,1658880000000,5.30526898145431,1290141482.99309,2022-07-27
651,1658966400000,5.615477547396623,1374317404.900733,2022-07-28
652,1659052800000,5.941084311253725,1455330985.570627,2022-07-29
653,1659139200000,5.97789776958909,1483626790.9716687,2022-07-30
654,1659225600000,7.941637355157426,1946263403.181691,2022-07-31
655,1659312000000,9.903847859365674,2446714740.397592,2022-08-01
656,1659398400000,8.754881599517299,2143685198.889389,2022-08-02
657,1659484800000,8.159451224048295,2069274054.7866075,2022-08-03
658,1659571200000,8.109287923485603,2041470604.348179,2022-08-04
659,1659657600000,8.104364427715492,2048740045.6362007,2022-08-05
660,1659744000000,8.321849762318212,2114911915.4469848,2022-08-06
661,1659830400000,9.474118098325228,2402861885.8871813,2022-08-07
662,1659916800000,8.780348933618132,2245146996.24832,2022-08-08
663,1660003200000,8.715253425295112,2241571278.915184,2022-08-09
664,1660089600000,8.060964151535263,2077273118.497655,2022-08-10
665,1660176000000,8.300665063389987,2138126336.9372814,2022-08-11
666,1660262400000,8.360322357282937,2166326606.3674316,2022-08-12
667,1660348800000,8.756790787353333,2270880322.7375216,2022-08-13
668,1660435200000,8.346138963694811,2167084582.369988,2022-08-14
669,1660521600000,8.238682254046072,2142047880.5851822,2022-08-15
670,1660608000000,8.495061427913209,2180473774.6579337,2022-08-16
671,1660694400000,8.440630055465526,2200983748.851519,2022-08-17
672,1660780800000,8.19585851516971,2139304455.8813727,2022-08-18
673,1660867200000,7.50617137537682,1972823389.0251577,2022-08-19
674,1660953600000,6.487358320371364,1709436112.951259,2022-08-20
675,1661040000000,6.248629791510321,1649145434.0196197,2022-08-21
676,1661126400000,6.428899546490999,1706441727.781388,2022-08-22
677,1661212800000,6.313548100581019,1667590215.2115424,2022-08-23
678,1661299200000,6.386693617449263,1701590456.0546522,2022-08-24
679,1661385600000,6.279918741188405,1679108177.6856592,2022-08-25
680,1661472000000,6.3665509574303805,1705892377.3473754,2022-08-26
681,1661558400000,5.637780957964147,1516075136.3318515,2022-08-27
682,1661644800000,5.846625669849709,1581827466.1459424,2022-08-28
683,1661731200000,5.652478557644547,1529043751.1206028,2022-08-29
684,1661817600000,6.025566195180171,1632568917.9774075,2022-08-30
685,1661904000000,5.710401031060095,1553440610.5491579,2022-08-31
686,1661990400000,5.73229033635038,1556916874.353953,2022-09-01
687,1662076800000,5.775726610468259,1573675906.416215,2022-09-02
688,1662163200000,5.82038667352373,1601091320.1935835,2022-09-03
689,1662249600000,6.512139786883692,1794631654.429656,2022-09-04
690,1662336000000,6.266124419148884,1722728626.880617,2022-09-05
691,1662422400000,6.1352543619801025,1692226168.2929304,2022-09-06
692,1662508800000,5.612293031162945,1554332681.5736558,2022-09-07
693,1662595200000,5.857525378828345,1629490830.233055,2022-09-08
694,1662681600000,5.867763374371741,1626955519.0212224,2022-09-09
695,1662768000000,6.3750639112193195,1774253277.1166325,2022-09-10
696,1662854400000,6.365403350758869,1778807530.2029476,2022-09-11
697,1662940800000,6.395706917840516,1787642754.7023714,2022-09-12
698,1663027200000,6.53339860130395,1833525193.2227118,2022-09-13
699,1663113600000,5.8672379035194675,1644630444.3165226,2022-09-14
700,1663200000000,5.974583182158219,1678857995.3842053,2022-09-15
701,1663286400000,5.7171812535846644,1615036843.4623106,2022-09-16
702,1663372800000,5.813925361473522,1653021739.0541196,2022-09-17
703,1663459200000,5.910700364085074,1681406114.201791,2022-09-18
704,1663545600000,5.256584245693231,1500531312.5908012,2022-09-19
705,1663632000000,5.4879707277379595,1566432110.5453494,2022-09-20
706,1663718400000,5.305893366199229,1517595551.7502186,2022-09-21
707,1663804800000,5.275511178135845,1512545541.0759242,2022-09-22
708,1663891200000,5.536143545951632,1586716903.3666894,2022-09-23
709,1663977600000,5.699392805009651,1669715098.2966108,2022-09-24
710,1664064000000,5.573618676470987,1626064858.2855544,2022-09-25
711,1664150400000,5.716685212990941,1664626369.2721474,2022-09-26
712,1664236800000,5.680937345715283,1652386056.1217484,2022-09-27
713,1664323200000,5.734628459827718,1673930504.413261,2022-09-28
714,1664409600000,5.868533906787416,1711522460.3813062,2022-09-29
715,1664496000000,5.774666907741329,1683791459.8265438,2022-09-30
716,1664582400000,5.687834711365184,1665001311.2999804,2022-10-01
717,1664668800000,5.5194990234059595,1611943449.005358,2022-10-02
718,1664755200000,5.383139226348592,1581012776.3190143,2022-10-03
719,1664841600000,5.525971239505747,1623001905.8550336,2022-10-04
720,1664928000000,5.60270906144492,1645352203.143885,2022-10-05
721,1665014400000,5.582460070068743,1638382981.2844384,2022-10-06
722,1665100800000,5.485732596755115,1617853055.3650649,2022-10-07
723,1665187200000,5.45922100183184,1610722750.341831,2022-10-08
724,1665273600000,5.399329024285749,1598697474.671005,2022-10-09
725,1665360000000,5.4270590040511095,1609034407.8008196,2022-10-10
726,1665446400000,5.157920417655718,1531063052.992066,2022-10-11
727,1665532800000,5.128603780996167,1522003287.0195003,2022-10-12
728,1665619200000,5.146268423833635,1531547509.493471,2022-10-13
729,1665705600000,5.158792486150731,1537836330.1640117,2022-10-14
730,1665792000000,5.068128667043844,1508145578.1731844,2022-10-15
731,1665878400000,5.192161202334519,1552389098.696643,2022-10-16
732,1665964800000,5.151014559350665,1535709752.3449886,2022-10-17
733,1666051200000,5.258464160240056,1578317448.8429253,2022-10-18
734,1666137600000,5.13374495969527,1538905453.85814,2022-10-19
735,1666224000000,4.988628210442356,1508346278.6036983,2022-10-20
736,1666310400000,4.94126324136142,1494179515.027068,2022-10-21
737,1666396800000,4.95688594453102,1503170204.1102328,2022-10-22
738,1666483200000,4.950339723052399,1502919708.0721712,2022-10-23
739,1666569600000,5.110064813501665,1559439497.1057558,2022-10-24
740,1666656000000,4.94521161552986,1506888725.0169573,2022-10-25
741,1666742400000,5.185745800001925,1586707669.2163775,2022-10-26
742,1666828800000,5.275842060550732,1613544557.522873,2022-10-27
743,1666915200000,5.238283351006157,1610307740.798254,2022-10-28
744,1667001600000,5.371068682667205,1649312301.0434856,2022-10-29
745,1667088000000,5.693671700874866,1742432707.4541922,2022-10-30
746,1667174400000,5.390299258824636,1657972791.414826,2022-10-31
747,1667260800000,5.439022831139955,1686352255.2700982,2022-11-01
748,1667347200000,5.371205209037053,1676970600.1230593,2022-11-02
749,1667433600000,5.228650647506256,1634573782.8445382,2022-11-03
750,1667520000000,5.782668184207619,1806836226.307762,2022-11-04
751,1667606400000,6.149140294502375,1936391717.08238,2022-11-05
752,1667692800000,6.170945689562878,1949439301.353855,2022-11-06
753,1667779200000,5.8415061910886585,1844474347.6892226,2022-11-07
754,1667865600000,5.742993618433975,1817877415.9472075,2022-11-08
755,1667952000000,4.773552782516131,1517817171.0766613,2022-11-09
756,1668038400000,4.116903081133833,1307258772.128682,2022-11-10
757,1668124800000,4.639938814429038,1477354029.7465827,2022-11-11
758,1668211200000,4.486373884086699,1423096091.726561,2022-11-12
759,1668297600000,4.256944019645034,1354703896.7680664,2022-11-13
760,1668384000000,4.303317924900647,1363971891.0338156,2022-11-14
761,1668470400000,4.324741443251934,1381262432.6659584,2022-11-15
762,1668556800000,4.392238684992924,1409487252.1519477,2022-11-16
763,1668643200000,4.344666429389526,1394837729.4915302,2022-11-17
764,1668729600000,4.323591716975861,1393742759.0810652,2022-11-18
765,1668816000000,4.344690598543222,1402338873.60457,2022-11-19
766,1668902400000,4.383402720631338,1416716740.946772,2022-11-20
