,Time,open,mktcap,Date
0,1609804800000,0.9891651916607633,0.0,2021-01-05
1,1609891200000,0.9891651916607633,0.0,2021-01-06
2,1610323200000,1.0053402340783026,0.0,2021-01-11
3,1610409600000,1.0053402340783026,0.0,2021-01-12
4,1610928000000,1.0006196904285478,0.0,2021-01-18
5,1611014400000,1.0006196904285478,0.0,2021-01-19
6,1611100800000,1.000476401790911,0.0,2021-01-20
7,1611187200000,1.0002869371978576,0.0,2021-01-21
8,1611446400000,0.9994282155778857,0.0,2021-01-24
9,1611532800000,0.9994282155778857,0.0,2021-01-25
10,1611964800000,0.9998664873945113,0.0,2021-01-30
11,1612051200000,0.9998664873945113,0.0,2021-01-31
12,1612656000000,1.0032152364932847,0.0,2021-02-07
13,1612742400000,1.0032152364932847,0.0,2021-02-08
14,1612828800000,1.0030958227066475,0.0,2021-02-09
15,1612915200000,0.9996225123797137,0.0,2021-02-10
16,1613001600000,0.9986135660750958,0.0,2021-02-11
17,1613088000000,1.0050875206097027,0.0,2021-02-12
18,1613174400000,1.0025504179318798,0.0,2021-02-13
19,1613347200000,0.9994209080744086,0.0,2021-02-15
20,1613433600000,0.9994209080744086,0.0,2021-02-16
21,1613520000000,0.999686472676539,0.0,2021-02-17
22,1613606400000,0.9806666302949736,0.0,2021-02-18
23,1613692800000,1.0050069994329065,0.0,2021-02-19
24,1613779200000,1.0050069994329065,0.0,2021-02-20
25,1614038400000,1.0037410112230771,0.0,2021-02-23
26,1614124800000,1.0037410112230771,0.0,2021-02-24
27,1614211200000,1.0037480943610635,0.0,2021-02-25
28,1614297600000,1.0043760776323631,0.0,2021-02-26
29,1614384000000,1.0049038183143713,0.0,2021-02-27
30,1614470400000,1.0049038183143713,0.0,2021-02-28
31,1614556800000,0.9787974969432918,0.0,2021-03-01
32,1614643200000,1.008857469785077,0.0,2021-03-02
33,1614729600000,0.9815751127392823,0.0,2021-03-03
34,1615075200000,0.9797802359678328,0.0,2021-03-07
35,1615161600000,0.9797802359678328,0.0,2021-03-08
36,1615248000000,0.9803837284320418,0.0,2021-03-09
37,1615420800000,1.0000135022840826,0.0,2021-03-11
38,1615507200000,1.0000135022840826,0.0,2021-03-12
39,1615593600000,0.9999912246186431,0.0,2021-03-13
40,1615766400000,1.0000606100322267,0.0,2021-03-15
41,1615852800000,1.0000606100322267,0.0,2021-03-16
42,1616025600000,0.9900666729386202,0.0,2021-03-18
43,1616112000000,0.9900666729386202,0.0,2021-03-19
44,1616198400000,0.9999869804431704,0.0,2021-03-20
45,1616284800000,0.9999280848880322,0.0,2021-03-21
46,1616371200000,0.9969609938232312,0.0,2021-03-22
47,1616630400000,1.0000356743480698,0.0,2021-03-25
48,1616716800000,1.0000356743480698,0.0,2021-03-26
49,1616803200000,0.9999521619964556,0.0,2021-03-27
50,1616889600000,1.0002941023690655,0.0,2021-03-28
51,1616976000000,1.0007282032206108,0.0,2021-03-29
52,1617062400000,0.9998717363587036,0.0,2021-03-30
53,1617148800000,0.999969913973156,0.0,2021-03-31
54,1617235200000,0.9995795493207343,0.0,2021-04-01
55,1617321600000,0.9995795493207343,0.0,2021-04-02
56,1617753600000,0.9999022229359915,0.0,2021-04-07
57,1617840000000,0.9999022229359915,0.0,2021-04-08
58,1617926400000,1.000209739977671,0.0,2021-04-09
59,1618012800000,1.0000070225695659,0.0,2021-04-10
60,1618099200000,0.9998366356341177,0.0,2021-04-11
61,1618185600000,1.0000068560565532,0.0,2021-04-12
62,1618272000000,1.0004975465709336,0.0,2021-04-13
63,1618358400000,1.0004975465709336,0.0,2021-04-14
64,1618444800000,1.000196783608367,0.0,2021-04-15
65,1618531200000,1.001191974165833,0.0,2021-04-16
66,1618790400000,1.0002483116409502,0.0,2021-04-19
67,1618876800000,1.0002483116409502,0.0,2021-04-20
68,1618963200000,1.0003114890224603,0.0,2021-04-21
69,1619308800000,0.9974668752930044,0.0,2021-04-25
70,1619395200000,0.9974668752930044,0.0,2021-04-26
71,1619481600000,0.9967749832544563,0.0,2021-04-27
72,1619740800000,0.9991312632274386,0.0,2021-04-30
73,1619827200000,0.9991312632274386,0.0,2021-05-01
74,1619913600000,1.0002202688735773,0.0,2021-05-02
75,1620086400000,1.0003417221983184,0.0,2021-05-04
76,1620172800000,1.0003417221983184,0.0,2021-05-05
77,1622592000000,0.9901116824346625,0.0,2021-06-02
78,1622678400000,0.9901116824346625,0.0,2021-06-03
79,1622764800000,0.9700509095023003,0.0,2021-06-04
80,1622851200000,0.9706699333848596,0.0,2021-06-05
81,1622937600000,0.9699707051917559,0.0,2021-06-06
82,1623542400000,0.97,0.0,2021-06-13
83,1623628800000,0.97,0.0,2021-06-14
84,1624406400000,0.9699463181610062,0.0,2021-06-23
85,1624492800000,0.9699463181610062,0.0,2021-06-24
86,1624752000000,0.97,0.0,2021-06-27
87,1624838400000,0.97,0.0,2021-06-28
88,1625529600000,1.01,0.0,2021-07-06
89,1625616000000,1.01,0.0,2021-07-07
90,1625702400000,1.01,0.0,2021-07-08
91,1625961600000,0.9893681257204494,0.0,2021-07-11
92,1626048000000,0.9893681257204494,0.0,2021-07-12
93,1626134400000,0.99,0.0,2021-07-13
94,1626220800000,0.99,0.0,2021-07-14
95,1626307200000,0.99,0.0,2021-07-15
96,1626739200000,1.0,0.0,2021-07-20
97,1626825600000,1.0,0.0,2021-07-21
98,1626912000000,1.0003520802523507,0.0,2021-07-22
99,1626998400000,1.0003520802523507,0.0,2021-07-23
100,1627171200000,1.0,0.0,2021-07-25
101,1627257600000,1.0,0.0,2021-07-26
102,1627344000000,0.9810926751061143,0.0,2021-07-27
103,1627430400000,1.0,0.0,2021-07-28
104,1627516800000,0.9999486583098666,0.0,2021-07-29
105,1627603200000,1.0,0.0,2021-07-30
106,1627862400000,1.0,0.0,2021-08-02
107,1627948800000,1.0,0.0,2021-08-03
108,1628121600000,1.0,0.0,2021-08-05
109,1628208000000,1.0,0.0,2021-08-06
110,1628380800000,1.0,0.0,2021-08-08
111,1628467200000,1.0,0.0,2021-08-09
112,1628553600000,1.0045564937210432,0.0,2021-08-10
113,1628640000000,1.0,0.0,2021-08-11
114,1628899200000,1.0,0.0,2021-08-14
115,1628985600000,1.0,0.0,2021-08-15
116,1629072000000,1.0,0.0,2021-08-16
117,1629158400000,0.985,0.0,2021-08-17
118,1629244800000,0.9997211847427538,0.0,2021-08-18
119,1629763200000,1.0,0.0,2021-08-24
120,1629849600000,1.0,0.0,2021-08-25
121,1629936000000,1.0,0.0,2021-08-26
122,1630022400000,1.0,0.0,2021-08-27
123,1630108800000,1.0,0.0,2021-08-28
124,1630195200000,1.0,0.0,2021-08-29
125,1630281600000,1.0,0.0,2021-08-30
126,1630368000000,1.0,0.0,2021-08-31
127,1630540800000,1.0,0.0,2021-09-02
128,1630627200000,1.0,0.0,2021-09-03
129,1630713600000,1.0,0.0,2021-09-04
130,1630800000000,1.0,0.0,2021-09-05
131,1630886400000,1.0,0.0,2021-09-06
132,1630972800000,1.0001,0.0,2021-09-07
133,1631059200000,0.9998421063746207,0.0,2021-09-08
134,1631145600000,1.0,0.0,2021-09-09
135,1631232000000,1.0001,0.0,2021-09-10
136,1631318400000,1.000386246904933,0.0,2021-09-11
137,1631491200000,1.0,0.0,2021-09-13
138,1631577600000,1.0,0.0,2021-09-14
139,1631664000000,1.0001,0.0,2021-09-15
140,1631750400000,0.9999905465932506,0.0,2021-09-16
141,1631836800000,1.0,0.0,2021-09-17
142,1631923200000,1.0,0.0,2021-09-18
143,1632009600000,1.0,0.0,2021-09-19
144,1632096000000,0.9999670807008717,0.0,2021-09-20
145,1632182400000,1.0,0.0,2021-09-21
146,1632268800000,1.0001,0.0,2021-09-22
147,1632355200000,1.0,0.0,2021-09-23
148,1632441600000,1.002541972932725,0.0,2021-09-24
149,1632528000000,1.00010070906134,0.0,2021-09-25
150,1632614400000,1.0,0.0,2021-09-26
151,1632700800000,1.0,0.0,2021-09-27
152,1632787200000,1.0,0.0,2021-09-28
153,1632873600000,1.0,0.0,2021-09-29
154,1632960000000,0.9999856415887851,0.0,2021-09-30
155,1633046400000,1.0,0.0,2021-10-01
156,1633132800000,1.0,0.0,2021-10-02
157,1633219200000,0.9999783420563467,0.0,2021-10-03
158,1633305600000,1.0,0.0,2021-10-04
159,1633392000000,1.0001,0.0,2021-10-05
160,1633478400000,0.9999932933875765,0.0,2021-10-06
161,1633564800000,1.0,0.0,2021-10-07
162,1633651200000,1.0,0.0,2021-10-08
163,1633737600000,0.9966293520352397,0.0,2021-10-09
164,1633824000000,1.000079778338666,0.0,2021-10-10
165,1633910400000,0.9998658095522099,0.0,2021-10-11
166,1633996800000,1.0,0.0,2021-10-12
167,1634083200000,1.0,0.0,2021-10-13
168,1634169600000,1.0003705312157978,0.0,2021-10-14
169,1634256000000,0.999533624747593,0.0,2021-10-15
170,1634342400000,1.0,0.0,2021-10-16
171,1634428800000,0.9954596863748848,0.0,2021-10-17
172,1634515200000,1.006433481635027,0.0,2021-10-18
173,1634601600000,0.9962,0.0,2021-10-19
174,1634688000000,1.00286492961298,0.0,2021-10-20
175,1634774400000,0.9868608722411916,0.0,2021-10-21
176,1634860800000,0.9875978887752949,0.0,2021-10-22
177,1634947200000,1.0043272364866254,0.0,2021-10-23
178,1635033600000,0.9995,0.0,2021-10-24
179,1635120000000,0.9987653664210491,0.0,2021-10-25
180,1635206400000,0.9820391857680604,0.0,2021-10-26
181,1635292800000,0.9691980565282378,0.0,2021-10-27
182,1635379200000,0.9950380084893767,0.0,2021-10-28
183,1635465600000,0.9954124130018507,0.0,2021-10-29
184,1635552000000,0.9922260327617759,0.0,2021-10-30
185,1635638400000,0.9996608212675443,0.0,2021-10-31
186,1635724800000,0.998997866825583,0.0,2021-11-01
187,1635811200000,1.0001,0.0,2021-11-02
188,1635897600000,1.0000574454942914,0.0,2021-11-03
189,1635984000000,1.0001,0.0,2021-11-04
190,1636070400000,1.00023086063009,0.0,2021-11-05
191,1636156800000,1.0000031702724756,0.0,2021-11-06
192,1636329600000,0.9796471013202066,0.0,2021-11-08
193,1636416000000,0.9796471013202066,0.0,2021-11-09
194,1636502400000,0.980140079205075,0.0,2021-11-10
195,1636588800000,1.0003096478842366,0.0,2021-11-11
196,1636675200000,0.9999849448489584,0.0,2021-11-12
197,1636761600000,0.9994613788219091,0.0,2021-11-13
198,1636848000000,0.9994613788219091,0.0,2021-11-14
199,1636934400000,1.0003386641781393,0.0,2021-11-15
200,1637020800000,1.0000266610146678,0.0,2021-11-16
201,1637107200000,0.9989803879194883,0.0,2021-11-17
202,1637193600000,1.0008087172458047,0.0,2021-11-18
203,1637280000000,0.9993533688156703,0.0,2021-11-19
204,1637366400000,0.9995247055897918,0.0,2021-11-20
205,1637452800000,0.9997311588594389,0.0,2021-11-21
206,1637539200000,0.9987508429733252,0.0,2021-11-22
207,1637625600000,0.999653186988511,0.0,2021-11-23
208,1637712000000,1.0000168194421484,0.0,2021-11-24
209,1637798400000,0.9994157121617572,0.0,2021-11-25
210,1637884800000,0.9994635401554524,0.0,2021-11-26
211,1637971200000,1.0003533102178528,0.0,2021-11-27
212,1638057600000,0.9996224256142157,0.0,2021-11-28
213,1638144000000,1.0001858447450027,0.0,2021-11-29
214,1638230400000,0.9990395427391069,0.0,2021-11-30
215,1638316800000,0.9987148142060251,0.0,2021-12-01
216,1638403200000,0.999011907594057,0.0,2021-12-02
217,1638489600000,0.9991723047444522,0.0,2021-12-03
218,1638576000000,0.9995267125148072,0.0,2021-12-04
219,1638662400000,0.999050284342507,0.0,2021-12-05
220,1638748800000,1.0042382510547923,0.0,2021-12-06
221,1638835200000,0.9990667273982533,0.0,2021-12-07
222,1638921600000,1.0001688909459976,0.0,2021-12-08
223,1639008000000,0.9987578633559233,0.0,2021-12-09
224,1639094400000,0.9963975418798593,0.0,2021-12-10
225,1639180800000,0.9837458163925024,0.0,2021-12-11
226,1639267200000,1.0021088509166949,0.0,2021-12-12
227,1639353600000,1.0038444744041515,0.0,2021-12-13
228,1639440000000,0.9968435967600121,0.0,2021-12-14
229,1639526400000,1.0057331444534792,0.0,2021-12-15
230,1639612800000,1.007465130479485,0.0,2021-12-16
231,1639699200000,0.9995349379105781,0.0,2021-12-17
232,1639785600000,0.9966004842655407,0.0,2021-12-18
233,1639872000000,1.0107401956910118,0.0,2021-12-19
234,1639958400000,0.9997305798133943,0.0,2021-12-20
235,1640044800000,1.0042171536563533,0.0,2021-12-21
236,1640131200000,1.0113678426528439,0.0,2021-12-22
237,1640217600000,0.9969259726130869,0.0,2021-12-23
238,1640304000000,1.000010505101295,0.0,2021-12-24
239,1640390400000,1.0019028702246358,0.0,2021-12-25
240,1640476800000,0.9996658670134755,0.0,2021-12-26
241,1640563200000,1.0110228783256134,0.0,2021-12-27
242,1640649600000,0.9908771017460908,0.0,2021-12-28
243,1640736000000,0.9993208883416703,0.0,2021-12-29
244,1640822400000,0.992663312691092,0.0,2021-12-30
245,1640908800000,1.004941869399142,0.0,2021-12-31
246,1640995200000,1.0308821300714022,0.0,2022-01-01
247,1641081600000,1.0074429301760284,0.0,2022-01-02
248,1641168000000,1.0021909059398595,0.0,2022-01-03
249,1641254400000,1.0025509396306378,0.0,2022-01-04
250,1641340800000,0.9931210117654082,0.0,2022-01-05
251,1641427200000,1.003073940179388,0.0,2022-01-06
252,1641513600000,1.0036427736457507,0.0,2022-01-07
253,1641600000000,0.9964515141306759,0.0,2022-01-08
254,1641686400000,1.0011622313676323,0.0,2022-01-09
255,1641772800000,0.9968804402639461,0.0,2022-01-10
256,1641859200000,1.0062611753883062,0.0,2022-01-11
257,1641945600000,1.0006113989887067,0.0,2022-01-12
258,1642032000000,1.0037471136100684,0.0,2022-01-13
259,1642118400000,0.997819734965813,0.0,2022-01-14
260,1642204800000,0.9943065251805578,0.0,2022-01-15
261,1642291200000,1.0015448326979035,0.0,2022-01-16
262,1642377600000,1.003070350957442,0.0,2022-01-17
263,1642464000000,1.0097936773167067,0.0,2022-01-18
264,1642550400000,1.0017056584227912,0.0,2022-01-19
265,1642636800000,0.9961766653725797,0.0,2022-01-20
266,1642723200000,0.9824947626102911,0.0,2022-01-21
267,1642809600000,0.997346084294087,0.0,2022-01-22
268,1642896000000,1.0059152353259273,0.0,2022-01-23
269,1642982400000,1.0119904268200424,0.0,2022-01-24
270,1643068800000,1.003131723692352,0.0,2022-01-25
271,1643155200000,1.0077191858188503,0.0,2022-01-26
272,1643241600000,1.0037338662791493,0.0,2022-01-27
273,1643328000000,1.0032416460858002,0.0,2022-01-28
274,1643414400000,1.0064463079402548,0.0,2022-01-29
275,1643500800000,0.9645296191372519,0.0,2022-01-30
276,1643587200000,0.9917429651470063,0.0,2022-01-31
277,1643673600000,1.0034561322683917,0.0,2022-02-01
278,1643760000000,1.0028038893792135,0.0,2022-02-02
279,1643846400000,0.990099337765683,0.0,2022-02-03
280,1643932800000,1.0061925150950393,0.0,2022-02-04
281,1644019200000,1.0095482373495683,0.0,2022-02-05
282,1644105600000,0.994882322120138,0.0,2022-02-06
283,1644192000000,1.0111687758894983,0.0,2022-02-07
284,1644278400000,1.007764486213215,0.0,2022-02-08
285,1644364800000,1.0004032531624516,0.0,2022-02-09
286,1644451200000,1.007528931429471,0.0,2022-02-10
287,1644537600000,0.997280603159884,0.0,2022-02-11
288,1644624000000,1.002972460383653,0.0,2022-02-12
289,1644710400000,1.004975835748026,0.0,2022-02-13
290,1644796800000,1.003261656514722,0.0,2022-02-14
291,1644883200000,1.0058046801028333,0.0,2022-02-15
292,1644969600000,1.0140303922409162,0.0,2022-02-16
293,1645056000000,1.0006304548049019,0.0,2022-02-17
294,1645142400000,0.9989142854375301,0.0,2022-02-18
295,1645228800000,1.0004561097035862,0.0,2022-02-19
296,1645315200000,1.0089172176097556,0.0,2022-02-20
297,1645401600000,1.0005857150703474,0.0,2022-02-21
298,1645488000000,0.986907561791334,0.0,2022-02-22
299,1645574400000,1.0135571414070454,0.0,2022-02-23
300,1645660800000,0.997450708436691,0.0,2022-02-24
301,1645747200000,1.006201422898428,0.0,2022-02-25
302,1645833600000,1.0105770700727623,0.0,2022-02-26
303,1645920000000,0.9971321683142591,0.0,2022-02-27
304,1646006400000,1.0060336167873012,0.0,2022-02-28
305,1646092800000,1.0134443038167655,0.0,2022-03-01
306,1646179200000,1.0052430416772324,0.0,2022-03-02
307,1646265600000,0.9918999808089467,0.0,2022-03-03
308,1646352000000,1.003716129212314,0.0,2022-03-04
309,1646438400000,1.0013725681604906,0.0,2022-03-05
310,1646524800000,1.005131625768562,0.0,2022-03-06
311,1646611200000,0.9854670950877017,0.0,2022-03-07
312,1646697600000,0.9987089280241206,0.0,2022-03-08
313,1646784000000,1.0020317125409661,0.0,2022-03-09
314,1646870400000,0.9984438587037805,134904955.99457335,2022-03-10
315,1646956800000,1.0012019965709005,131380473.30754772,2022-03-11
316,1647043200000,0.999654017346019,132328073.35194516,2022-03-12
317,1647129600000,0.9968147075641111,131906363.37613085,2022-03-13
318,1647216000000,0.9907596448679976,130829088.43693599,2022-03-14
319,1647302400000,1.001296331599795,132429057.49123873,2022-03-15
320,1647388800000,0.9993430357808097,132472795.02074113,2022-03-16
321,1647475200000,1.0053507722721755,134635781.5848619,2022-03-17
322,1647561600000,1.002252999846037,132831769.88633615,2022-03-18
323,1647648000000,1.0059926454847012,133414866.68375781,2022-03-19
324,1647734400000,1.0107408084499288,133869633.55276653,2022-03-20
325,1647820800000,1.0004674398366296,133553337.05753614,2022-03-21
326,1647907200000,0.9987048470297177,133097588.70092277,2022-03-22
327,1647993600000,1.0029533898990086,133976142.24294415,2022-03-23
328,1648080000000,1.00219125457423,133606261.3342051,2022-03-24
329,1648166400000,0.9987991099854476,133715895.42325146,2022-03-25
330,1648252800000,1.0011201197475803,134027737.58590913,2022-03-26
331,1648339200000,1.0048542394542048,133637765.88491361,2022-03-27
332,1648425600000,1.0008282343694679,133517581.57119748,2022-03-28
333,1648512000000,0.996742969379432,133875963.5315912,2022-03-29
334,1648598400000,1.0044427205155173,134587597.77596247,2022-03-30
335,1648684800000,0.9990602532311758,134357900.33167478,2022-03-31
336,1648771200000,1.0158539047345048,136585216.44983774,2022-04-01
337,1648857600000,0.9974624026285269,134400065.43823934,2022-04-02
338,1648944000000,0.9927712714118376,134221363.5888894,2022-04-03
339,1649030400000,1.0032144768760618,135239672.3079873,2022-04-04
340,1649116800000,1.0054393593418773,135371967.88772324,2022-04-05
341,1649203200000,0.9983042541187824,134991262.54695165,2022-04-06
342,1649289600000,0.9930090815130187,134648115.4109935,2022-04-07
343,1649376000000,1.0005348729612342,135756780.44258502,2022-04-08
344,1649462400000,1.0000876479358336,134839137.5842682,2022-04-09
345,1649548800000,1.0021789848062679,135872266.1588281,2022-04-10
346,1649635200000,0.9943222414631937,135676807.11893106,2022-04-11
347,1649721600000,0.9997235055043315,136375342.44813037,2022-04-12
348,1649808000000,1.0080272786616657,137197945.34744033,2022-04-13
349,1649894400000,0.9913229790288504,135200374.90234596,2022-04-14
350,1649980800000,1.0040651644717264,137078622.44730765,2022-04-15
351,1650067200000,1.0022774627778173,137140432.89870358,2022-04-16
352,1650153600000,1.0030710358219475,137277566.1777315,2022-04-17
353,1650240000000,0.9899716407470299,135346717.92180377,2022-04-18
354,1650326400000,1.0011528571462287,137089650.70681033,2022-04-19
355,1650412800000,1.0025359731695702,137218488.49052614,2022-04-20
356,1650499200000,0.9978558021759477,136906019.86576644,2022-04-21
357,1650585600000,0.9936699509592392,136211720.67643258,2022-04-22
358,1650672000000,1.0029396055913298,137908147.82844856,2022-04-23
359,1650758400000,0.9919368122843372,136423193.67230734,2022-04-24
360,1650844800000,0.9941820033659704,136830404.73073074,2022-04-25
361,1650931200000,1.0015136833031724,138119567.88529888,2022-04-26
362,1651017600000,0.9970393595758472,137444993.43748546,2022-04-27
363,1651104000000,1.0050762652762846,138315099.86225027,2022-04-28
364,1651190400000,0.9975886104130858,137747616.05013072,2022-04-29
365,1651276800000,1.0053938213049507,138754710.3513706,2022-04-30
366,1651363200000,1.0058404141263226,139547933.41175187,2022-05-01
367,1651449600000,1.003891207204536,139506207.1408584,2022-05-02
368,1651536000000,1.006690405493188,139780223.87235257,2022-05-03
369,1651622400000,1.0035792739154328,139382789.24929982,2022-05-04
370,1651708800000,1.0040041281276633,139388067.07926825,2022-05-05
371,1651795200000,1.0067508275437473,139567665.19767657,2022-05-06
372,1651881600000,1.0075692870566553,140164496.0962511,2022-05-07
373,1651968000000,1.0020311536006663,139618877.7265275,2022-05-08
374,1652054400000,0.9907605052623,138019031.30550662,2022-05-09
375,1652140800000,0.9938230840469355,138892626.43209958,2022-05-10
376,1652227200000,1.006886319087611,140421900.4443061,2022-05-11
377,1652313600000,1.0018554174960268,137089073.42003918,2022-05-12
378,1652400000000,1.0115383633075692,142195792.6717623,2022-05-13
379,1652486400000,0.9756948448165693,137838711.93331254,2022-05-14
380,1652572800000,1.0077987016369778,141258631.5419462,2022-05-15
381,1652659200000,1.004246016088054,142039308.77516478,2022-05-16
382,1652745600000,0.999209246313551,141130137.53054988,2022-05-17
383,1652832000000,1.0073355013819565,167519267.64041957,2022-05-18
384,1652918400000,0.9913390654701196,165189766.69326437,2022-05-19
385,1653004800000,1.0273104806803859,171576786.66357204,2022-05-20
386,1653091200000,1.0008019158729404,167433635.14012846,2022-05-21
387,1653177600000,1.0044926922655966,168116557.4269232,2022-05-22
388,1653264000000,1.0055375370810822,168341037.410706,2022-05-23
389,1653350400000,0.9993272926521943,167412210.06276393,2022-05-24
390,1653436800000,1.0030160318162458,168186379.30241185,2022-05-25
391,1653523200000,0.9995374217508263,167201331.69640204,2022-05-26
392,1653609600000,0.9893374204135523,166606402.59047517,2022-05-27
393,1653696000000,0.9904207412137538,166666830.88256276,2022-05-28
394,1653782400000,1.0020366652411963,168715110.57410824,2022-05-29
395,1653868800000,1.0073275494653215,169952734.190374,2022-05-30
396,1653955200000,1.0006548903325538,168672234.43725994,2022-05-31
397,1654041600000,1.007435253113184,170037540.10885864,2022-06-01
398,1654128000000,0.9984263324114533,168596095.2366365,2022-06-02
399,1654214400000,1.0028085292289313,169447620.94895962,2022-06-03
400,1654300800000,0.9950232450820891,168161110.13943806,2022-06-04
401,1654387200000,1.0040072195721206,169835490.83554998,2022-06-05
402,1654473600000,0.997341611683971,169080143.97927466,2022-06-06
403,1654560000000,1.001866843128282,169666028.47669414,2022-06-07
404,1654646400000,1.0046539238355336,170404853.36804354,2022-06-08
405,1654732800000,1.001465647344288,169960618.60829625,2022-06-09
406,1654819200000,1.0036186855812437,195711324.5070333,2022-06-10
407,1654905600000,0.9985675217644504,194468156.1927042,2022-06-11
408,1654992000000,1.011004666951313,194486360.48748678,2022-06-12
409,1655078400000,0.982757479607387,192442487.9400459,2022-06-13
410,1655164800000,1.005540315416611,196731784.54211083,2022-06-14
411,1655251200000,1.0099019309355208,198107558.23140508,2022-06-15
412,1655337600000,1.0043769164635103,196096886.59802535,2022-06-16
413,1655424000000,0.9990367671088629,196253904.28171152,2022-06-17
414,1655510400000,0.9944284909163459,197876792.5324451,2022-06-18
415,1655596800000,0.9749116851654621,192271838.89623186,2022-06-19
416,1655683200000,0.9978952585133839,195800373.82812008,2022-06-20
417,1655769600000,1.0070174102657545,198471870.56369972,2022-06-21
418,1655856000000,1.0004722007599454,197220247.9685881,2022-06-22
419,1655942400000,0.9738012858752264,193117663.83314022,2022-06-23
420,1656028800000,0.8293557072372518,163540946.98155487,2022-06-24
421,1656115200000,0.8619873910549829,170362340.6770432,2022-06-25
422,1656201600000,0.9152379649004556,180226882.16187775,2022-06-26
423,1656288000000,0.90533145495058,178600893.89738634,2022-06-27
424,1656374400000,0.9533082259255903,188056458.8410534,2022-06-28
425,1656460800000,0.6090767548470144,120086107.3014376,2022-06-29
426,1656547200000,0.39565370373522474,77862048.94591194,2022-06-30
427,1656633600000,0.45342377283312985,87648759.59493396,2022-07-01
428,1656720000000,0.466588823881109,92369517.01575051,2022-07-02
429,1656806400000,0.47712533044101524,94150729.36062379,2022-07-03
430,1656892800000,0.5567311089344027,109824566.71772906,2022-07-04
431,1656979200000,0.4591048474382928,90342579.48764174,2022-07-05
432,1657065600000,0.36929934219293864,74445247.84672977,2022-07-06
433,1657152000000,0.33785120397995916,66754512.08888351,2022-07-07
434,1657238400000,0.40658699351126626,80266482.42053127,2022-07-08
435,1657324800000,0.4040039628735801,79861922.55653217,2022-07-09
436,1657411200000,0.2983798569108517,58852053.43575558,2022-07-10
437,1657497600000,0.24971088556594956,49274149.55553193,2022-07-11
438,1657584000000,0.2604902379874989,51435682.54156396,2022-07-12
439,1657670400000,0.26606154702324475,52594856.873764694,2022-07-13
440,1657756800000,0.2825609830307199,55736480.38912906,2022-07-14
441,1657843200000,0.283022059224236,55879057.294843845,2022-07-15
442,1657929600000,0.2914924898290701,57415348.307118826,2022-07-16
443,1658016000000,0.35317686594183323,69757611.04122776,2022-07-17
444,1658102400000,0.3648405162088641,72255766.13853486,2022-07-18
445,1658188800000,0.349934836990821,68853917.4545701,2022-07-19
446,1658275200000,0.3958562755106719,78045382.44410218,2022-07-20
447,1658361600000,0.3798672171148292,75259678.43572389,2022-07-21
448,1658448000000,0.3322751382720168,66086777.933988415,2022-07-22
449,1658534400000,0.37694681817254677,74389049.60192727,2022-07-23
450,1658620800000,0.39181702682143904,77393995.4451787,2022-07-24
451,1658707200000,0.4199310172032113,83271893.55679649,2022-07-25
452,1658793600000,0.39634044992205125,79052388.7065692,2022-07-26
453,1658880000000,0.3727788923874861,73583263.54625006,2022-07-27
454,1658966400000,0.40510507348024244,79743830.59460482,2022-07-28
455,1659052800000,0.41672199234415735,82095473.41324745,2022-07-29
456,1659139200000,0.4435472953580029,88323728.01886444,2022-07-30
457,1659225600000,0.43795032962839164,86294302.56635143,2022-07-31
458,1659312000000,0.43585112124738606,86102264.6867248,2022-08-01
459,1659398400000,0.43355351718251295,85490626.51206937,2022-08-02
460,1659484800000,0.42695469113882273,84380807.75100331,2022-08-03
461,1659571200000,0.4191390184083426,82780835.55887935,2022-08-04
462,1659657600000,0.41654490340868705,82135971.89273235,2022-08-05
463,1659744000000,0.4317292226487266,85167106.44140291,2022-08-06
464,1659830400000,0.4144189347124881,81817768.96512364,2022-08-07
465,1659916800000,0.43037775553475216,84886734.88432582,2022-08-08
466,1660003200000,0.4262544578427604,84427226.74381389,2022-08-09
467,1660089600000,0.41865478922214944,82222218.26400174,2022-08-10
468,1660176000000,0.42476425892052416,83807968.34657373,2022-08-11
469,1660262400000,0.38667387464994946,76323408.06349988,2022-08-12
470,1660348800000,0.3924781026364459,77658958.06165344,2022-08-13
471,1660435200000,0.398639232868682,78666993.06347604,2022-08-14
472,1660521600000,0.4379339535130517,86480878.29718792,2022-08-15
473,1660608000000,0.43470048632715014,85829771.97853115,2022-08-16
474,1660694400000,0.371909533521577,73379631.74132091,2022-08-17
475,1660780800000,0.35865765205817257,70846339.01937681,2022-08-18
476,1660867200000,0.36159110906926906,71146582.54260568,2022-08-19
477,1660953600000,0.32181669528555673,63540775.7993811,2022-08-20
478,1661040000000,0.3207250210968766,63288328.44825809,2022-08-21
479,1661126400000,0.3352359934889001,66201579.57278959,2022-08-22
480,1661212800000,0.3349532588559624,65963460.357116595,2022-08-23
481,1661299200000,0.36406155281522157,71902722.68222326,2022-08-24
482,1661385600000,0.3844367026507258,75911476.35679664,2022-08-25
483,1661472000000,0.3835912751973015,74484110.54206885,2022-08-26
484,1661558400000,0.38362582926012695,75671056.37446888,2022-08-27
485,1661644800000,0.3994714053514012,78847386.97935325,2022-08-28
486,1661731200000,0.36942221547050563,73058608.8138354,2022-08-29
487,1661817600000,0.40756941275558817,80503765.4431401,2022-08-30
488,1661904000000,0.39427189665989126,78002370.66036433,2022-08-31
489,1661990400000,0.3822357375841478,75493672.63405617,2022-09-01
490,1662076800000,0.41244597318675014,81345698.2632565,2022-09-02
491,1662163200000,0.4063846388184923,80217239.71810037,2022-09-03
492,1662249600000,0.42850185172126964,84501289.2553436,2022-09-04
493,1662336000000,0.42594153716061733,84074390.85714321,2022-09-05
494,1662422400000,0.4390828833684342,86672601.88279484,2022-09-06
495,1662508800000,0.4194239680939062,82825741.7611764,2022-09-07
496,1662595200000,0.42723274575041104,84401225.37972243,2022-09-08
497,1662681600000,0.46793163304153607,92505213.02767594,2022-09-09
498,1662768000000,0.4477511431941678,88237467.3047936,2022-09-10
499,1662854400000,0.45493478464410303,89868378.7287308,2022-09-11
500,1662940800000,0.49665363419819014,98011167.14007278,2022-09-12
501,1663027200000,0.5026611860771268,99176254.33702686,2022-09-13
502,1663113600000,0.4370802507757474,86019660.2101022,2022-09-14
503,1663200000000,0.4864193002190374,96008230.41830038,2022-09-15
504,1663286400000,0.4826369011005306,95285997.17136109,2022-09-16
505,1663372800000,0.48263629926584195,95382809.15085159,2022-09-17
506,1663459200000,0.5041873633387371,99497302.29717319,2022-09-18
507,1663545600000,0.46586482203045726,91964715.05113672,2022-09-19
508,1663632000000,0.46678296486269893,91833494.82680336,2022-09-20
509,1663718400000,0.46891080781972,92600949.01784566,2022-09-21
510,1663804800000,0.4504496286417873,88885378.70496917,2022-09-22
511,1663891200000,0.496733334576272,97822193.07710548,2022-09-23
512,1663977600000,0.5122603966266505,101187579.79322714,2022-09-24
513,1664064000000,0.5028252710100208,99253844.86368595,2022-09-25
514,1664150400000,0.4852738173570657,95850474.85062131,2022-09-26
515,1664236800000,0.49918105049068145,98549710.32873423,2022-09-27
516,1664323200000,0.42445717171587627,83795518.9347679,2022-09-28
517,1664409600000,0.39670529995551496,78319915.0371395,2022-09-29
518,1664496000000,0.41527215957576646,82091817.30172162,2022-09-30
519,1664582400000,0.42282439634627905,83483840.25527394,2022-10-01
520,1664668800000,0.4104775960243813,81026294.90887298,2022-10-02
521,1664755200000,0.39894345739064113,78342584.97863176,2022-10-03
522,1664841600000,0.40085893505625997,79136795.69873285,2022-10-04
523,1664928000000,0.3968767005128162,78319064.78973472,2022-10-05
524,1665014400000,0.3968450638222224,78334166.30077338,2022-10-06
525,1665100800000,0.3848173426893943,75956571.11779265,2022-10-07
526,1665187200000,0.3694694248590889,72913639.9696773,2022-10-08
527,1665273600000,0.331821953661212,65521974.250691295,2022-10-09
528,1665360000000,0.3589666568518224,70497771.19938263,2022-10-10
529,1665446400000,0.34707178103381053,68616444.63073353,2022-10-11
530,1665532800000,0.3353088192666943,66231335.68893862,2022-10-12
531,1665619200000,0.3414730144780065,67423009.71293849,2022-10-13
532,1665705600000,0.355019816753325,70130321.49266075,2022-10-14
533,1665792000000,0.3520748004053963,69441201.52241093,2022-10-15
534,1665878400000,0.3518827169841275,69597931.05235195,2022-10-16
535,1665964800000,0.359036789592064,70789412.26860552,2022-10-17
536,1666051200000,0.3555945620586202,70194184.66272207,2022-10-18
537,1666137600000,0.34465066096120467,68075902.436364,2022-10-19
538,1666224000000,0.32925629884927793,64993898.96215821,2022-10-20
539,1666310400000,0.33175641501609004,65116025.92954121,2022-10-21
540,1666396800000,0.3336136457444489,65525069.77344934,2022-10-22
541,1666483200000,0.32061441293861986,62953068.91411061,2022-10-23
542,1666569600000,0.3459714689343658,67725830.07889265,2022-10-24
543,1666656000000,0.33208772030683203,65229607.23717761,2022-10-25
544,1666742400000,0.34083609942286214,66915354.86844905,2022-10-26
545,1666828800000,0.3068429398236247,60248591.83652906,2022-10-27
546,1666915200000,0.2827692884219754,55116173.60640492,2022-10-28
547,1667001600000,0.2737065240319434,53840211.76280469,2022-10-29
548,1667088000000,0.27244856539026846,53348707.99177283,2022-10-30
549,1667174400000,0.25282786929259676,49601184.22363797,2022-10-31
550,1667260800000,0.26547732212167563,52191548.56585052,2022-11-01
551,1667347200000,0.2631305003595097,51663396.48254113,2022-11-02
552,1667433600000,0.2613815242211355,51327276.035371706,2022-11-03
553,1667520000000,0.2536080614738416,49801928.07043503,2022-11-04
554,1667606400000,0.2966011859587671,57848646.40923498,2022-11-05
555,1667692800000,0.2938289387856345,57718900.33635639,2022-11-06
556,1667779200000,0.27551112578889125,54103288.15044848,2022-11-07
557,1667865600000,0.28359678057686216,55503896.8235069,2022-11-08
558,1667952000000,0.2663211814140913,52646509.62460429,2022-11-09
559,1668038400000,0.22797359710756515,44634771.18315133,2022-11-10
560,1668124800000,0.26121816595194114,51269501.02135302,2022-11-11
561,1668211200000,0.2593311342281384,50545650.172637574,2022-11-12
562,1668297600000,0.2580654566677962,50542873.74846294,2022-11-13
563,1668384000000,0.24470029997685622,47984955.14771468,2022-11-14
564,1668470400000,0.25379233591854217,50002822.12785645,2022-11-15
565,1668556800000,0.24810379546450828,48898109.8086961,2022-11-16
566,1668643200000,0.2532180042260587,49580390.2651682,2022-11-17
567,1668729600000,0.25080659885566847,49246148.19370251,2022-11-18
568,1668816000000,0.25271917720814413,49626670.756995544,2022-11-19
569,1668902400000,0.24912846466210326,48918657.77898749,2022-11-20
