,Time,open,mktcap,Date
0,1608508800000,0.9750813700303343,30869581.824514575,2020-12-21
1,1608595200000,0.9750813700303343,30869581.824514575,2020-12-22
2,1608681600000,1.0010498827899095,27914354.264784694,2020-12-23
3,1608768000000,0.991595815364572,25619283.64563733,2020-12-24
4,1608854400000,0.9998029846208307,24656504.039129373,2020-12-25
5,1608940800000,1.01050694690746,24918932.517946918,2020-12-26
6,1609027200000,1.0031068343230265,24711252.63297646,2020-12-27
7,1609113600000,0.9853453084041817,24826457.176814083,2020-12-28
8,1609200000000,1.017660244962475,27334159.88552361,2020-12-29
9,1609286400000,1.0275427014617313,32345609.179549616,2020-12-30
10,1609372800000,1.0068035443556425,56528801.30935243,2020-12-31
11,1609459200000,0.9964030562123515,57389050.46784353,2021-01-01
12,1609545600000,1.0131331061422455,71772627.91535997,2021-01-02
13,1609632000000,1.012722503243817,78289715.7592717,2021-01-03
14,1609718400000,1.006453171678846,78876977.86952834,2021-01-04
15,1609804800000,0.9824241553742068,76277371.09677635,2021-01-05
16,1609891200000,0.9980295909201709,77017944.4610766,2021-01-06
17,1609977600000,1.0108175791536353,78335940.66273744,2021-01-07
18,1610064000000,1.000485600000948,76765960.56079437,2021-01-08
19,1610150400000,1.0029097606075705,79297691.75337489,2021-01-09
20,1610236800000,1.0079863859810347,81233221.37442262,2021-01-10
21,1610323200000,1.004240906473273,90274657.2498608,2021-01-11
22,1610409600000,1.012074266072802,92606706.16060068,2021-01-12
23,1610496000000,1.0102317346254084,96899299.43953867,2021-01-13
24,1610582400000,1.014182647459399,100855563.84875758,2021-01-14
25,1610668800000,1.0167116927351536,105241349.48289801,2021-01-15
26,1610755200000,1.0091373956211254,110335305.35363823,2021-01-16
27,1610841600000,1.0038522635903908,119990622.8461943,2021-01-17
28,1610928000000,0.9934715982428477,123762603.42302063,2021-01-18
29,1611014400000,1.0149708490026594,129539791.3956967,2021-01-19
30,1611100800000,0.9904498024025156,134661097.0903064,2021-01-20
31,1611187200000,1.0150872429838014,135199564.31925482,2021-01-21
32,1611273600000,0.9924804678727246,125047957.30386725,2021-01-22
33,1611360000000,0.9965129427968541,119757020.20949267,2021-01-23
34,1611446400000,0.9886699442605592,102916458.06947494,2021-01-24
35,1611532800000,1.0122278320826799,105914744.64751594,2021-01-25
36,1611619200000,0.9966165935702419,105332033.78590952,2021-01-26
37,1611705600000,0.9877278112539691,97512600.73267393,2021-01-27
38,1611792000000,0.9979775824025333,87390206.05301732,2021-01-28
39,1611878400000,0.9819511743179062,84927642.80502668,2021-01-29
40,1611964800000,0.9913475639629172,85235562.9762363,2021-01-30
41,1612051200000,0.9851367902913503,83567865.85525711,2021-01-31
42,1612137600000,1.0033887322185977,85228116.88954931,2021-02-01
43,1612224000000,0.9940365584596511,83355880.99500084,2021-02-02
44,1612310400000,0.9930274953333136,82542321.8072229,2021-02-03
45,1612396800000,0.9974194916004614,82662162.94862254,2021-02-04
46,1612483200000,0.9806717719505548,79647908.84941575,2021-02-05
47,1612569600000,0.9974282114160866,79777271.59957662,2021-02-06
48,1612656000000,0.9991021132954518,78568384.58138466,2021-02-07
49,1612742400000,0.995157188162069,79556282.89594737,2021-02-08
50,1612828800000,1.0059403147341295,79944128.86623454,2021-02-09
51,1612915200000,1.0057820519181089,81494697.13173945,2021-02-10
52,1613001600000,0.9984385775158019,81100467.90119699,2021-02-11
53,1613088000000,1.0008331724626163,81074410.32132693,2021-02-12
54,1613174400000,1.0012391007918513,81198439.38517298,2021-02-13
55,1613260800000,1.0019901168684522,82003998.05150194,2021-02-14
56,1613347200000,0.9944070443934757,81924033.23691048,2021-02-15
57,1613433600000,0.9878412263682385,82136782.39546344,2021-02-16
58,1613520000000,1.0030642552288014,82968368.74462767,2021-02-17
59,1613606400000,0.9964778123061253,82291343.55522041,2021-02-18
60,1613692800000,1.0129296226893787,92126876.48770389,2021-02-19
61,1613779200000,1.0056387475023014,92045851.87849885,2021-02-20
62,1613865600000,1.0061272791421625,93277609.15463236,2021-02-21
63,1613952000000,1.0015838106547443,92012973.44229178,2021-02-22
64,1614038400000,1.0038772624370866,89714122.46148622,2021-02-23
65,1614124800000,1.0102261677080848,84533212.70857798,2021-02-24
66,1614211200000,1.0098758947165372,82704161.56814885,2021-02-25
67,1614297600000,0.9902945677590544,80628641.44070493,2021-02-26
68,1614384000000,1.0007482853942549,80241556.08358254,2021-02-27
69,1614470400000,1.009582476295624,81964157.37917201,2021-02-28
70,1614556800000,1.0014483134610908,81869954.72582284,2021-03-01
71,1614643200000,1.0150424594952598,84788805.45968872,2021-03-02
72,1614729600000,1.0040915360616414,84155678.11785835,2021-03-03
73,1614816000000,0.9966408610127144,84358378.87623492,2021-03-04
74,1614902400000,1.0019214868608113,85080083.84334973,2021-03-05
75,1614988800000,1.0059069673505092,84976160.46559782,2021-03-06
76,1615075200000,0.9979713960652932,84561948.4414535,2021-03-07
77,1615161600000,1.0032407586313643,86313524.52664141,2021-03-08
78,1615248000000,1.006968027572687,86441600.68007264,2021-03-09
79,1615334400000,1.0092108915758307,89018113.23830989,2021-03-10
80,1615420800000,0.9919676264729108,88351269.77254705,2021-03-11
81,1615507200000,0.9990698053714814,90649865.85653985,2021-03-12
82,1615593600000,1.0119974317608798,96104004.8361867,2021-03-13
83,1615680000000,1.0007988219000516,103953202.01124622,2021-03-14
84,1615766400000,0.9972192710641945,109959657.23082806,2021-03-15
85,1615852800000,1.0060574445359682,111917334.17005843,2021-03-16
86,1615939200000,0.9957761527168332,111458988.17131308,2021-03-17
87,1616025600000,1.0037406837611877,111509106.63157755,2021-03-18
88,1616112000000,0.9961410830145023,110903302.51104525,2021-03-19
89,1616198400000,0.997310027296498,110688230.46827278,2021-03-20
90,1616284800000,0.9943199070908806,110429733.54882336,2021-03-21
91,1616371200000,0.9972468829961679,110551524.46068427,2021-03-22
92,1616457600000,0.998080068788446,108132766.74383476,2021-03-23
93,1616544000000,0.9997699279242839,107367014.21698,2021-03-24
94,1616630400000,0.9975335453760716,107519250.56410661,2021-03-25
95,1616716800000,0.9919516836244507,103559951.38563064,2021-03-26
96,1616803200000,1.0105200342219998,105618574.54544479,2021-03-27
97,1616889600000,1.0013851339289752,105518043.61118184,2021-03-28
98,1616976000000,1.007955531909703,106401107.96524741,2021-03-29
99,1617062400000,1.0069204064557669,108913906.56581873,2021-03-30
100,1617148800000,1.0023786296678365,110973426.48418003,2021-03-31
101,1617235200000,0.9976568662120083,112839959.43946443,2021-04-01
102,1617321600000,0.9941508357486246,112887483.55571704,2021-04-02
103,1617408000000,1.0063022064565028,116293409.39618176,2021-04-03
104,1617494400000,0.9838786995593779,114786109.5544628,2021-04-04
105,1617580800000,0.99935052271955,115542103.99226071,2021-04-05
106,1617667200000,0.9955852515272057,115149714.93976425,2021-04-06
107,1617753600000,1.0002356617650978,115992729.68744156,2021-04-07
108,1617840000000,0.9934336257079254,115265622.42110094,2021-04-08
109,1617926400000,1.0064838787985755,115992196.32395136,2021-04-09
110,1618012800000,1.0036316823926101,115623107.99573903,2021-04-10
111,1618099200000,1.0029401037339296,116679339.75709657,2021-04-11
112,1618185600000,1.003023444381247,116865207.38481094,2021-04-12
113,1618272000000,1.0012316501791572,116661619.17547196,2021-04-13
114,1618358400000,1.0057928100441107,117011906.04007596,2021-04-14
115,1618444800000,1.0076206069796512,115741815.60219541,2021-04-15
116,1618531200000,1.0023372023408268,115423014.95029871,2021-04-16
117,1618617600000,0.9979816813029482,115192163.80186486,2021-04-17
118,1618704000000,0.9881864294921525,114563144.9297079,2021-04-18
119,1618790400000,1.0053661289224167,114705091.59489201,2021-04-19
120,1618876800000,0.992957462578734,113623538.39032616,2021-04-20
121,1618963200000,1.003541815417713,114761815.64327641,2021-04-21
122,1619049600000,0.9968277265438363,114972838.51476835,2021-04-22
123,1619136000000,1.0019747697647168,117509535.9686441,2021-04-23
124,1619222400000,1.0060795732226016,116791747.80294111,2021-04-24
125,1619308800000,0.9927728171401166,114527476.03234942,2021-04-25
126,1619395200000,1.0078167922047818,116092670.41476364,2021-04-26
127,1619481600000,1.0030253913570468,115918598.45342423,2021-04-27
128,1619568000000,1.0088811152904709,116742469.21319464,2021-04-28
129,1619654400000,1.0050910381640745,118385258.08686528,2021-04-29
130,1619740800000,1.0070220740095936,119253689.51777329,2021-04-30
131,1619827200000,1.0083733744613999,120697323.4796834,2021-05-01
132,1619913600000,1.0087168481912256,122176936.88139848,2021-05-02
133,1620000000000,1.002712783547529,126651951.64614424,2021-05-03
134,1620086400000,1.0089536307435112,132549012.15397218,2021-05-04
135,1620172800000,0.9929429235880912,130439432.58969635,2021-05-05
136,1620259200000,1.00499052656496,131548750.28067546,2021-05-06
137,1620345600000,0.998855124436886,132430907.17306122,2021-05-07
138,1620432000000,1.0049608228224893,133276176.28254311,2021-05-08
139,1620518400000,1.001166269950964,133454444.93710536,2021-05-09
140,1620604800000,1.001434621535108,135242375.11244953,2021-05-10
141,1620691200000,0.9974634643445307,134194128.7775726,2021-05-11
142,1620777600000,1.0096168209441903,140054631.10873756,2021-05-12
143,1620864000000,0.9931045399819658,141082488.72950524,2021-05-13
144,1620950400000,1.0069597444336937,137854171.9794219,2021-05-14
145,1621036800000,1.0023928351693325,133256437.44181399,2021-05-15
146,1621123200000,0.9940424105822111,131258829.85188855,2021-05-16
147,1621209600000,1.0101523679446507,128769435.5576091,2021-05-17
148,1621296000000,1.0053723318861882,125299869.00549908,2021-05-18
149,1621382400000,0.9999236852341059,123746713.76800668,2021-05-19
150,1621468800000,0.9840790235923754,120592619.93077564,2021-05-20
151,1621555200000,0.9933947798971574,120563871.42254901,2021-05-21
152,1621641600000,0.9991635618104401,119489983.80434783,2021-05-22
153,1621728000000,0.9912463989950945,117066461.9646754,2021-05-23
154,1621814400000,1.0015936868215665,111878205.7741852,2021-05-24
155,1621900800000,1.0028154583132223,112619713.84714243,2021-05-25
156,1621987200000,1.0021561097788614,111910163.25069405,2021-05-26
157,1622073600000,1.0054590418239484,112826194.87632677,2021-05-27
158,1622160000000,0.9969678194213002,111619814.395325,2021-05-28
159,1622246400000,1.0041010687525946,112115883.71935,2021-05-29
160,1622332800000,1.0002948278312076,114008748.58227038,2021-05-30
161,1622419200000,1.0009194149299527,115866637.81820606,2021-05-31
162,1622505600000,1.0067733195031419,117749977.35827674,2021-06-01
163,1622592000000,1.0056339140791615,119456049.432516,2021-06-02
164,1622678400000,1.0053199301475266,120555416.4526146,2021-06-03
165,1622764800000,1.008360577012508,122171586.39955072,2021-06-04
166,1622851200000,1.0024038501486916,121196437.17039399,2021-06-05
167,1622937600000,1.0011979155538349,121420993.53719796,2021-06-06
168,1623024000000,1.0045457480032443,121201937.23374727,2021-06-07
169,1623110400000,0.9897325688558323,120194619.99391627,2021-06-08
170,1623196800000,1.000925531302923,117078355.54746808,2021-06-09
171,1623283200000,1.003231078631109,117033882.90561947,2021-06-10
172,1623369600000,0.9945560963204262,116590769.12318845,2021-06-11
173,1623456000000,1.0010234375531442,115623345.21142,2021-06-12
174,1623542400000,0.9995409710181066,116452978.15477529,2021-06-13
175,1623628800000,1.0016224477998683,116463421.78879303,2021-06-14
176,1623715200000,1.011459071803534,117950347.45762935,2021-06-15
177,1623801600000,1.0055141435833121,117438312.24498619,2021-06-16
178,1623888000000,0.9981407135715981,116448148.71842648,2021-06-17
179,1623974400000,1.0084375977843245,117686839.62244943,2021-06-18
180,1624060800000,1.0128274871695624,118710628.61335011,2021-06-19
181,1624147200000,1.0011933005671945,123380446.81717947,2021-06-20
182,1624233600000,1.0063067967938892,131709339.38474873,2021-06-21
183,1624320000000,0.9981883266815637,140721940.2909218,2021-06-22
184,1624406400000,0.9985186351677716,128853618.11500897,2021-06-23
185,1624492800000,1.0053711521736555,132983316.32230267,2021-06-24
186,1624579200000,1.004016206812632,133188920.75393033,2021-06-25
187,1624665600000,0.9990658847816501,139927314.80331346,2021-06-26
188,1624752000000,1.0109285921372606,142621259.23960018,2021-06-27
189,1624838400000,1.0099816153801835,145376142.67618462,2021-06-28
190,1624924800000,1.005082766287355,161116683.014564,2021-06-29
191,1625011200000,1.0028802551563618,181206642.0346383,2021-06-30
192,1625097600000,1.008715446243385,182025419.98484322,2021-07-01
193,1625184000000,1.0054083995234575,191511091.68080088,2021-07-02
194,1625270400000,1.0070918314938206,198142348.27770773,2021-07-03
195,1625356800000,1.005690332633603,212718726.36865172,2021-07-04
196,1625443200000,1.0023220542945985,212057340.12558213,2021-07-05
197,1625529600000,1.0000516903406096,211963854.719866,2021-07-06
198,1625616000000,1.004804661495527,218265666.57557473,2021-07-07
199,1625702400000,0.9958588258870146,216717317.692904,2021-07-08
200,1625788800000,1.0067062781181937,224960740.01956633,2021-07-09
201,1625875200000,1.0000956755767267,230574009.9233875,2021-07-10
202,1625961600000,1.004423303968591,230890271.62249696,2021-07-11
203,1626048000000,0.9997277116511407,229861406.49989715,2021-07-12
204,1626134400000,1.0042563434565024,230999912.04990244,2021-07-13
205,1626220800000,1.0013362928638114,230933466.17837337,2021-07-14
206,1626307200000,0.9995865071303215,230109264.6003006,2021-07-15
207,1626393600000,0.99940599774731,233398646.60962066,2021-07-16
208,1626480000000,0.9944755775987748,232151407.68201342,2021-07-17
209,1626566400000,0.9987310318086352,236901439.5593034,2021-07-18
210,1626652800000,1.0046898977281338,237321942.2973741,2021-07-19
211,1626739200000,1.0049750040951528,238067020.19554755,2021-07-20
212,1626825600000,1.004688441935967,242670943.14788675,2021-07-21
213,1626912000000,1.0085425755303878,243595028.81754914,2021-07-22
214,1626998400000,1.0047772336641467,243171133.8076345,2021-07-23
215,1627084800000,1.0055122340076503,243799508.71379983,2021-07-24
216,1627171200000,1.0051243815838957,243283736.8592276,2021-07-25
217,1627257600000,1.0093326529053135,246031105.98620692,2021-07-26
218,1627344000000,0.9967867409673313,244866529.60447064,2021-07-27
219,1627430400000,1.0020479737207835,245836655.58630133,2021-07-28
220,1627516800000,1.0016675506248347,252802115.01436484,2021-07-29
221,1627603200000,1.0027859358901643,253185197.2272236,2021-07-30
222,1627689600000,1.0060723566077991,258685476.79697287,2021-07-31
223,1627776000000,1.0018420705382813,259959782.89881974,2021-08-01
224,1627862400000,0.9978759902538298,258988898.02512753,2021-08-02
225,1627948800000,0.9989891398906185,259978235.47880805,2021-08-03
226,1628035200000,1.001814755257073,260579139.75641444,2021-08-04
227,1628121600000,1.0022056472191456,260707858.94922277,2021-08-05
228,1628208000000,1.0009746429772495,260414908.19920048,2021-08-06
229,1628294400000,1.001726095182575,260437853.4230736,2021-08-07
230,1628380800000,1.0017492310468767,260783790.69342515,2021-08-08
231,1628467200000,0.9991839371437907,259115537.8776061,2021-08-09
232,1628553600000,1.0006290453963762,260419509.21612832,2021-08-10
233,1628640000000,0.9991728452384363,259807713.71209833,2021-08-11
234,1628726400000,0.9990864982026878,259527029.39920524,2021-08-12
235,1628812800000,1.0020213349743792,260720887.68522823,2021-08-13
236,1628899200000,1.0055705970940922,261672399.9558184,2021-08-14
237,1628985600000,1.0024247345312345,256628453.90615588,2021-08-15
238,1629072000000,0.9992593906603624,271590446.3696547,2021-08-16
239,1629158400000,0.9999716171250395,272833800.6255596,2021-08-17
240,1629244800000,0.9961323284862892,278301380.1585745,2021-08-18
241,1629331200000,1.0004174886377069,278986878.99860835,2021-08-19
242,1629417600000,1.004593968214942,282090410.4526134,2021-08-20
243,1629504000000,1.0012707341923581,287238445.0241154,2021-08-21
244,1629590400000,0.9959109422717034,298884513.1446893,2021-08-22
245,1629676800000,1.0075172924707847,302321711.61822796,2021-08-23
246,1629763200000,0.9992993098639412,307120134.5439656,2021-08-24
247,1629849600000,0.9993120161307715,307415414.67472935,2021-08-25
248,1629936000000,0.999869305589107,307670334.27784,2021-08-26
249,1630022400000,0.9988960517643402,310754599.8373016,2021-08-27
250,1630108800000,0.9997803992519332,310654428.76130784,2021-08-28
251,1630195200000,1.0008278267057382,311472282.1406108,2021-08-29
252,1630281600000,0.9983703769997606,311150864.79732436,2021-08-30
253,1630368000000,0.9933714932537108,310049160.3917115,2021-08-31
254,1630454400000,1.0004642114839972,311968668.67816067,2021-09-01
255,1630540800000,1.0049564648279197,316518078.9327343,2021-09-02
256,1630627200000,0.9955584870383802,313349339.71477073,2021-09-03
257,1630713600000,0.9971875363033398,313252370.3395278,2021-09-04
258,1630800000000,1.0017175800530755,315188681.75655454,2021-09-05
259,1630886400000,0.9963960426823041,313168688.1805401,2021-09-06
260,1630972800000,1.0063296219230895,317235260.0780636,2021-09-07
261,1631059200000,1.0026112861713374,315777795.9565456,2021-09-08
262,1631145600000,1.0019315487485592,316077323.74544096,2021-09-09
263,1631232000000,0.9992632141854199,317237545.7490231,2021-09-10
264,1631318400000,0.9991264532347024,316889820.76649594,2021-09-11
265,1631404800000,0.994720450952819,315083413.0352066,2021-09-12
266,1631491200000,0.9979277100922637,316935400.0694798,2021-09-13
267,1631577600000,1.0019321228014042,323889079.5372235,2021-09-14
268,1631664000000,1.0022415454923697,323188406.62043166,2021-09-15
269,1631750400000,1.0071053053167287,325173046.78700227,2021-09-16
270,1631836800000,1.0021263841168575,329452514.34364337,2021-09-17
271,1631923200000,1.003006752130475,329772091.7145354,2021-09-18
272,1632009600000,0.9977902632929815,337493046.50598973,2021-09-19
273,1632096000000,1.003382344854095,342108477.0310522,2021-09-20
274,1632182400000,0.9934610235077271,335246326.01503503,2021-09-21
275,1632268800000,0.9955979908999948,334550284.52985805,2021-09-22
276,1632355200000,1.0031462449561626,340069594.49650705,2021-09-23
277,1632441600000,1.0011056970601,339521492.311106,2021-09-24
278,1632528000000,1.0069740264189322,341904204.3637288,2021-09-25
279,1632614400000,1.0036208881142394,341277604.50080055,2021-09-26
280,1632700800000,1.008257181680567,341934261.2729826,2021-09-27
281,1632787200000,0.9904671870800583,335861137.53252137,2021-09-28
282,1632873600000,0.992892375869569,346311099.94849503,2021-09-29
283,1632960000000,1.0085679317316572,352350388.637138,2021-09-30
284,1633046400000,0.998988754041447,350182642.5588134,2021-10-01
285,1633132800000,1.004746202773994,351257107.0815502,2021-10-02
286,1633219200000,0.9931836554625318,347853608.32303256,2021-10-03
287,1633305600000,1.0004320022974613,352306858.0338233,2021-10-04
288,1633392000000,1.0005339623929768,352247441.326169,2021-10-05
289,1633478400000,1.0053946952385846,352178689.65775514,2021-10-06
290,1633564800000,1.0126318122489508,368483795.40749645,2021-10-07
291,1633651200000,0.9964925442706293,371998485.3692188,2021-10-08
292,1633737600000,1.0005512646988886,383442463.980033,2021-10-09
293,1633824000000,1.0055867465446942,394757249.83366054,2021-10-10
294,1633910400000,1.0008176887561249,393876895.0362552,2021-10-11
295,1633996800000,1.0102277655298364,396194349.5676883,2021-10-12
296,1634083200000,1.0075076543073131,404640035.98949355,2021-10-13
297,1634169600000,1.0025395720629762,407923046.96140236,2021-10-14
298,1634256000000,1.0061828953756657,423892655.24950594,2021-10-15
299,1634342400000,1.0020135889050197,423496680.2935363,2021-10-16
300,1634428800000,1.003256375831471,443610323.11963356,2021-10-17
301,1634515200000,1.0032481401492435,451312638.1103803,2021-10-18
302,1634601600000,0.997613418425717,450186366.84576786,2021-10-19
303,1634688000000,1.0008365235008498,464204327.40284216,2021-10-20
304,1634774400000,1.004900112568925,465295241.83286065,2021-10-21
305,1634860800000,1.0081213533290292,480415967.8496085,2021-10-22
306,1634947200000,1.002751848732367,477300918.03212404,2021-10-23
307,1635033600000,1.0235295390217742,497980852.7939895,2021-10-24
308,1635120000000,1.0165639787877667,494362702.7082008,2021-10-25
309,1635206400000,0.9978381159518617,505372285.19270486,2021-10-26
310,1635292800000,1.001874861428324,522062503.17883265,2021-10-27
311,1635379200000,1.0072510945060853,540679642.7838216,2021-10-28
312,1635465600000,1.0066855918387885,553654574.0891523,2021-10-29
313,1635552000000,1.0014662239853356,592032323.0728697,2021-10-30
314,1635638400000,1.0035570072791284,608540794.8875343,2021-10-31
315,1635724800000,0.9998139047992668,605267446.548626,2021-11-01
316,1635811200000,0.9998818273097437,621172758.0587103,2021-11-02
317,1635897600000,1.0141859301904155,628144621.9312625,2021-11-03
318,1635984000000,1.0036687184412605,648333169.0931444,2021-11-04
319,1636070400000,1.0070328395789876,656850919.0008925,2021-11-05
320,1636156800000,1.0040055586872525,659468427.9088395,2021-11-06
321,1636243200000,1.0071221361978393,679978906.213476,2021-11-07
322,1636329600000,1.0038792370125191,682910641.3132735,2021-11-08
323,1636416000000,1.0056230029858932,733686620.6348677,2021-11-09
324,1636502400000,1.0170864298434075,821401545.1227149,2021-11-10
325,1636588800000,1.010830977736744,839166784.4858327,2021-11-11
326,1636675200000,1.0054732194513594,851124606.929214,2021-11-12
327,1636761600000,1.006604643581759,900275773.0558994,2021-11-13
328,1636848000000,1.0235974126978924,947821381.8733875,2021-11-14
329,1636934400000,1.0085366402104463,950984283.6117188,2021-11-15
330,1637020800000,1.005208421388293,971357708.0491655,2021-11-16
331,1637107200000,1.005159267651394,997474396.8283316,2021-11-17
332,1637193600000,1.0102769308662085,997856219.2122004,2021-11-18
333,1637280000000,1.0021924380000227,1023451653.5012739,2021-11-19
334,1637366400000,1.0026979727088265,1060986962.9718225,2021-11-20
335,1637452800000,1.00799910199313,1092749946.1735578,2021-11-21
336,1637539200000,0.9965242576368227,1100411861.4158118,2021-11-22
337,1637625600000,0.9976448011017249,1121427262.4554715,2021-11-23
338,1637712000000,1.0115567502245386,1136634146.8627274,2021-11-24
339,1637798400000,0.9986277989179781,1137805665.4677572,2021-11-25
340,1637884800000,1.000419827125521,1142070885.5753603,2021-11-26
341,1637971200000,0.9923835602994924,1127907112.6662183,2021-11-27
342,1638057600000,1.0038124437492173,1154641137.7653985,2021-11-28
343,1638144000000,1.020222532230113,1203069212.4374382,2021-11-29
344,1638230400000,1.0147543585725811,1218031971.4612937,2021-11-30
345,1638316800000,0.9923600903317753,1229042712.6882849,2021-12-01
346,1638403200000,1.0161423564286098,1248504712.5184288,2021-12-02
347,1638489600000,0.9960627542109166,1253104894.651795,2021-12-03
348,1638576000000,1.0020496295356747,1260437333.5298946,2021-12-04
349,1638662400000,0.9978752268088825,1256693565.8330116,2021-12-05
350,1638748800000,1.003874232870353,1262298737.039583,2021-12-06
351,1638835200000,1.0065524083845199,1290794247.7343051,2021-12-07
352,1638921600000,1.0081899887773853,1349672579.8575537,2021-12-08
353,1639008000000,1.0003198058047482,1374271206.0449944,2021-12-09
354,1639094400000,0.9958323703208797,1426657277.3109598,2021-12-10
355,1639180800000,0.9951944600962042,1417503855.3550925,2021-12-11
356,1639267200000,1.0058632361948352,1436589634.7933216,2021-12-12
357,1639353600000,1.0043561232276172,1466781183.5353754,2021-12-13
358,1639440000000,0.9984565306963399,1485756753.4005494,2021-12-14
359,1639526400000,1.0051372057094063,1488977346.0595355,2021-12-15
360,1639612800000,1.0020901003601321,1486063161.7213683,2021-12-16
361,1639699200000,0.9986073901374718,1479785955.4826741,2021-12-17
362,1639785600000,1.0010051917418936,1486690936.559524,2021-12-18
363,1639872000000,1.0039709400939603,1507227236.5319254,2021-12-19
364,1639958400000,1.0029445077573191,1510761615.3464198,2021-12-20
365,1640044800000,1.0051413183282314,1518390282.246838,2021-12-21
366,1640131200000,1.0025349060779956,1516939017.7145672,2021-12-22
367,1640217600000,1.0045151386782714,1539821005.5480263,2021-12-23
368,1640304000000,1.008513028459952,1613748386.6893754,2021-12-24
369,1640390400000,1.0004130207307118,1621135015.6201496,2021-12-25
370,1640476800000,1.0001781121703108,1621146229.424699,2021-12-26
371,1640563200000,1.0042148705327145,1627273416.8190377,2021-12-27
372,1640649600000,0.9946765042481623,1613753859.9294167,2021-12-28
373,1640736000000,1.0045717403971304,1675551287.5952628,2021-12-29
374,1640822400000,1.0012514008248656,1738003392.2324262,2021-12-30
375,1640908800000,1.0091406051430234,1769768653.2426386,2021-12-31
376,1640995200000,1.004109040297206,1812050599.7416532,2022-01-01
377,1641081600000,1.0088786041432882,1832826729.0865145,2022-01-02
378,1641168000000,1.010889105741434,1867007114.1911922,2022-01-03
379,1641254400000,1.0097126591072445,1900565770.2284641,2022-01-04
380,1641340800000,1.006362778815725,1947057933.8544934,2022-01-05
381,1641427200000,1.0034641797726722,1933685675.6984866,2022-01-06
382,1641513600000,1.003126617408753,1933321374.786011,2022-01-07
383,1641600000000,1.0028425738590925,1931540731.6487403,2022-01-08
384,1641686400000,0.9966552578363763,1919668588.0412345,2022-01-09
385,1641772800000,0.9984689283849664,1922085616.295528,2022-01-10
386,1641859200000,0.998344552133099,2021057558.814678,2022-01-11
387,1641945600000,0.9995096789246175,2094948052.1743877,2022-01-12
388,1642032000000,0.9994087976718293,2093556970.5756738,2022-01-13
389,1642118400000,1.0041303711030736,2117560700.4501774,2022-01-14
390,1642204800000,1.0011722311735602,2105483210.935764,2022-01-15
391,1642291200000,1.0025233111342482,2168544540.3265376,2022-01-16
392,1642377600000,1.0064809456356116,2175366519.338339,2022-01-17
393,1642464000000,1.0010171366711358,2226496053.8965616,2022-01-18
394,1642550400000,1.0018379520964373,2232309146.113046,2022-01-19
395,1642636800000,0.996122451910183,2408301934.9465084,2022-01-20
396,1642723200000,0.9965151782663062,2649180732.921049,2022-01-21
397,1642809600000,1.0015454532791979,2643893400.148207,2022-01-22
398,1642896000000,1.0068073083155957,2588094909.9851084,2022-01-23
399,1642982400000,1.0101518979620419,2655498190.4321284,2022-01-24
400,1643068800000,1.0064707460708333,2650487214.8051834,2022-01-25
401,1643155200000,1.0031275112424125,2641741789.376543,2022-01-26
402,1643241600000,1.0037692049740932,2638428645.121245,2022-01-27
403,1643328000000,1.0113027808039496,2649326084.6725116,2022-01-28
404,1643414400000,1.0068074443574424,2634186935.809365,2022-01-29
405,1643500800000,1.001912811041535,2639673376.5573416,2022-01-30
406,1643587200000,1.0022318937439005,2646560817.311841,2022-01-31
407,1643673600000,1.0027798908378376,2641439437.2135024,2022-02-01
408,1643760000000,1.005204232238188,2653710654.088823,2022-02-02
409,1643846400000,0.9973849475654092,2634595186.970123,2022-02-03
410,1643932800000,1.0031928446068077,2655124280.9672904,2022-02-04
411,1644019200000,1.0019976769545298,2644039980.4444547,2022-02-05
412,1644105600000,1.0003030868958362,2659442833.160028,2022-02-06
413,1644192000000,1.0012945543672649,2658162366.850452,2022-02-07
414,1644278400000,0.9956311357486035,2639062527.2595716,2022-02-08
415,1644364800000,1.0019085900570068,2658683405.4831505,2022-02-09
416,1644451200000,1.0002861077384917,2649126715.282713,2022-02-10
417,1644537600000,0.9974255318475385,2642022956.4470787,2022-02-11
418,1644624000000,0.999993214090093,2654269059.613745,2022-02-12
419,1644710400000,1.0017814248171826,2654033732.3031654,2022-02-13
420,1644796800000,0.9994929434918823,2654538026.1394515,2022-02-14
421,1644883200000,1.0006115519860086,2655244959.1661315,2022-02-15
422,1644969600000,1.001403359925152,2662890957.8929043,2022-02-16
423,1645056000000,0.9961113225356779,2647291436.9240427,2022-02-17
424,1645142400000,0.9995623023204226,2653714319.6984615,2022-02-18
425,1645228800000,1.00179813306104,2661037759.454952,2022-02-19
426,1645315200000,1.0033184021191637,2657757365.064141,2022-02-20
427,1645401600000,0.9998046920196132,2656887106.8175263,2022-02-21
428,1645488000000,0.9982142221403417,2648273764.7558117,2022-02-22
429,1645574400000,1.0037698361196334,2664065456.667746,2022-02-23
430,1645660800000,0.9993243764206382,2654383616.1524296,2022-02-24
431,1645747200000,1.0020866469177234,2658337900.882104,2022-02-25
432,1645833600000,1.0012772455879293,2798110198.5857544,2022-02-26
433,1645920000000,1.0019267439163528,2807564947.162649,2022-02-27
434,1646006400000,1.0012785353972056,2861508206.4196777,2022-02-28
435,1646092800000,1.002659695864107,2860174081.303722,2022-03-01
436,1646179200000,0.9998080370222417,2851273729.361746,2022-03-02
437,1646265600000,0.9987529934057476,2898464905.3623905,2022-03-03
438,1646352000000,0.9993285678906589,2904666535.5918007,2022-03-04
439,1646438400000,1.0016196328648588,2903224550.4659314,2022-03-05
440,1646524800000,1.0025262986076087,2906076947.683331,2022-03-06
441,1646611200000,0.9997797536400441,2901906626.298556,2022-03-07
442,1646697600000,1.000175054910058,2903046358.851934,2022-03-08
443,1646784000000,0.9987545929200596,2902550868.751818,2022-03-09
444,1646870400000,1.0001226142627733,2903728674.472968,2022-03-10
445,1646956800000,0.9992286364255017,2902159579.428281,2022-03-11
446,1647043200000,0.9977672911756169,2900371548.812211,2022-03-12
447,1647129600000,0.9994645329749275,2907207254.685845,2022-03-13
448,1647216000000,0.9984533032717249,2898278194.321515,2022-03-14
449,1647302400000,1.0009222437297822,2914273110.65727,2022-03-15
450,1647388800000,0.9942541202943168,2873702896.5521035,2022-03-16
451,1647475200000,1.0005997112762512,2879286360.7406197,2022-03-17
452,1647561600000,0.9987877311951335,2868198197.991067,2022-03-18
453,1647648000000,0.999846719497768,2827507875.6830554,2022-03-19
454,1647734400000,1.0001027512997849,2809256923.70302,2022-03-20
455,1647820800000,0.9987540760296046,2806888826.6989355,2022-03-21
456,1647907200000,0.999102192224186,2809301366.33098,2022-03-22
457,1647993600000,0.9982464803798781,2786499106.7019553,2022-03-23
458,1648080000000,0.9984290143980247,2789442693.6723337,2022-03-24
459,1648166400000,0.9969075851394472,2784873022.991705,2022-03-25
460,1648252800000,0.9986261669388175,2790375574.463894,2022-03-26
461,1648339200000,0.9987806329615939,2793036229.7246633,2022-03-27
462,1648425600000,0.997009398277878,2785776191.0828676,2022-03-28
463,1648512000000,0.9964887920244446,2685845540.052258,2022-03-29
464,1648598400000,0.9997744842614054,2688862041.9990664,2022-03-30
465,1648684800000,0.9995663844689925,2693292526.3429046,2022-03-31
466,1648771200000,1.0012237904465087,2681511843.460908,2022-04-01
467,1648857600000,1.0010822904458212,2695361786.677287,2022-04-02
468,1648944000000,0.998728888042617,2686407351.9819627,2022-04-03
469,1649030400000,0.9989739787265823,2684707493.626651,2022-04-04
470,1649116800000,0.9984598870791022,2787637031.2810016,2022-04-05
471,1649203200000,0.9989900409823428,2786874882.4696856,2022-04-06
472,1649289600000,0.9942974847080013,2677876337.9836555,2022-04-07
473,1649376000000,0.9963334925706337,2692194037.2066617,2022-04-08
474,1649462400000,0.9983607862927534,2684722217.735207,2022-04-09
475,1649548800000,0.9981331633388522,2691619227.820126,2022-04-10
476,1649635200000,0.9998300455265652,2684341849.974012,2022-04-11
477,1649721600000,0.9987445717723263,2697148907.9858174,2022-04-12
478,1649808000000,1.004526226432322,2704895603.6666517,2022-04-13
479,1649894400000,1.000395471916287,2698765240.0757675,2022-04-14
480,1649980800000,1.001060271476405,2700498764.567008,2022-04-15
481,1650067200000,1.002211541324932,2702083195.465795,2022-04-16
482,1650153600000,1.000867148961054,2700957015.505336,2022-04-17
483,1650240000000,1.0004863724671724,2694944277.502508,2022-04-18
484,1650326400000,1.001215934142632,2699700789.3224244,2022-04-19
485,1650412800000,1.0002941631888458,2696978255.5159893,2022-04-20
486,1650499200000,0.9996036367629709,2696744937.9240665,2022-04-21
487,1650585600000,1.0001136559843045,2697385795.1205626,2022-04-22
488,1650672000000,1.0010982908101596,2702137949.7196374,2022-04-23
489,1650758400000,1.0006831035850836,2695316000.4306083,2022-04-24
490,1650844800000,0.9965883560018094,2690787638.663361,2022-04-25
491,1650931200000,0.9992185721470045,2693824357.4943256,2022-04-26
492,1651017600000,1.0005498865595235,2694480869.587631,2022-04-27
493,1651104000000,1.000506450928729,2696157994.00674,2022-04-28
494,1651190400000,0.9987260409052036,2692945230.206305,2022-04-29
495,1651276800000,1.0005747581976197,2698787477.4614844,2022-04-30
496,1651363200000,1.0017210967232797,2702884757.158685,2022-05-01
497,1651449600000,1.0004778097334335,2637932941.0652833,2022-05-02
498,1651536000000,1.000980310463045,2635455569.091765,2022-05-03
499,1651622400000,0.9984357522808677,2635708852.3893857,2022-05-04
500,1651708800000,1.000599084961289,2635435776.884833,2022-05-05
501,1651795200000,1.0008923258127143,2640027929.3337364,2022-05-06
502,1651881600000,1.0026300638434194,2642921359.230295,2022-05-07
503,1651968000000,1.0001336466690796,2645982431.0666475,2022-05-08
504,1652054400000,1.0003970035669931,2636365038.9596033,2022-05-09
505,1652140800000,0.9982136414347964,2646149159.627185,2022-05-10
506,1652227200000,0.9999244986473129,2599896581.7337255,2022-05-11
507,1652313600000,0.9958109795453961,1996891074.5448873,2022-05-12
508,1652400000000,0.9977774419719944,1699488401.2595615,2022-05-13
509,1652486400000,1.000183876924119,1505936831.1790485,2022-05-14
510,1652572800000,1.0036408155678949,1486216833.0205464,2022-05-15
511,1652659200000,0.9999666309234699,1486293636.1732054,2022-05-16
512,1652745600000,1.001515026263892,1498861728.0662923,2022-05-17
513,1652832000000,1.0007309798750696,1488009732.5604377,2022-05-18
514,1652918400000,1.0001494985115589,1434706745.8944821,2022-05-19
515,1653004800000,1.0011763360472299,1420475880.4246864,2022-05-20
516,1653091200000,1.0007745911509949,1421947586.1423142,2022-05-21
517,1653177600000,1.0011924854229286,1422682464.736026,2022-05-22
518,1653264000000,0.9999779992442888,1413167519.4535139,2022-05-23
519,1653350400000,1.0003199809449888,1412643573.5416994,2022-05-24
520,1653436800000,0.9996203934922704,1412816747.878082,2022-05-25
521,1653523200000,0.9995285528757826,1416586079.8496668,2022-05-26
522,1653609600000,1.000735705796575,1418226180.2213554,2022-05-27
523,1653696000000,1.001003425264777,1417156786.7605634,2022-05-28
524,1653782400000,1.0025090356876944,1428578431.9303858,2022-05-29
525,1653868800000,1.0009695273914632,1427850242.8873565,2022-05-30
526,1653955200000,1.000475565926507,1425965620.5733001,2022-05-31
527,1654041600000,0.999480133922258,1426963789.0215685,2022-06-01
528,1654128000000,1.0009133779637582,1430361387.7244737,2022-06-02
529,1654214400000,1.0000026150981245,1429851456.0367498,2022-06-03
530,1654300800000,0.9995154631109183,1477854731.6482515,2022-06-04
531,1654387200000,1.0017683924639522,1478099704.5792196,2022-06-05
532,1654473600000,1.0007048248273531,1479997935.7446077,2022-06-06
533,1654560000000,0.9999404746808649,1476642483.6816103,2022-06-07
534,1654646400000,1.0008824434322563,1499434915.249459,2022-06-08
535,1654732800000,0.9992694035892753,1493302679.5350537,2022-06-09
536,1654819200000,0.9997404684611749,1491991409.5119512,2022-06-10
537,1654905600000,1.0015158311574326,1513895806.5266979,2022-06-11
538,1654992000000,1.0012229752393935,1513126567.0610578,2022-06-12
539,1655078400000,1.0033806143796145,1519951154.4878757,2022-06-13
540,1655164800000,1.0011789621167406,1510374815.4624085,2022-06-14
541,1655251200000,1.0022860473074044,1513979337.3079727,2022-06-15
542,1655337600000,1.0002317859822836,1463693129.591821,2022-06-16
543,1655424000000,1.0027850566000323,1467407025.6294553,2022-06-17
544,1655510400000,1.000722939782334,1464127543.2815452,2022-06-18
545,1655596800000,1.0019222811580117,1430358988.6181011,2022-06-19
546,1655683200000,0.9993296868154898,1428838474.1072416,2022-06-20
547,1655769600000,0.9998093881274499,1427218044.9035265,2022-06-21
548,1655856000000,0.9925126399659043,1417393339.2540245,2022-06-22
549,1655942400000,0.9995486048076865,1426541694.8883193,2022-06-23
550,1656028800000,0.999958563648998,1425815172.63513,2022-06-24
551,1656115200000,1.0003039832922394,1399975203.0712705,2022-06-25
552,1656201600000,1.0005627050597234,1396346995.5456762,2022-06-26
553,1656288000000,0.9988213794035624,1398630750.1017318,2022-06-27
554,1656374400000,0.998549261839809,1365062259.836695,2022-06-28
555,1656460800000,0.9887051671428059,1351540480.8022745,2022-06-29
556,1656547200000,1.000011663134678,1367639247.5546477,2022-06-30
557,1656633600000,0.9860516524293944,1360659195.8347924,2022-07-01
558,1656720000000,1.0013913142590412,1368464881.2121477,2022-07-02
559,1656806400000,0.9998129864587227,1366157572.6664824,2022-07-03
560,1656892800000,0.9955381699368384,1362550433.6686065,2022-07-04
561,1656979200000,0.9986323137031418,1366847460.0180004,2022-07-05
562,1657065600000,0.9983128975635462,1367424197.9571826,2022-07-06
563,1657152000000,0.9993442666447128,1365486729.0828674,2022-07-07
564,1657238400000,1.0008541064013363,1369648841.5754573,2022-07-08
565,1657324800000,0.9978134191653039,1364931613.8669634,2022-07-09
566,1657411200000,0.9984221163784822,1366569499.5135088,2022-07-10
567,1657497600000,1.0014447160152262,1366722748.1094298,2022-07-11
568,1657584000000,0.9992762374148031,1365342283.0309613,2022-07-12
569,1657670400000,1.001616232649674,1365966453.2870877,2022-07-13
570,1657756800000,0.9990632736300367,1367403293.5315108,2022-07-14
571,1657843200000,1.0001420699735994,1366239943.822768,2022-07-15
572,1657929600000,0.9986921260511439,1362361761.6222703,2022-07-16
573,1658016000000,1.0005857756678338,1367865054.7295334,2022-07-17
574,1658102400000,0.9978162159851008,1365755499.0282972,2022-07-18
575,1658188800000,1.0008226760893595,1365597598.304701,2022-07-19
576,1658275200000,0.9989763152135853,1386767035.8823826,2022-07-20
577,1658361600000,0.9988794176623943,1405422514.3972948,2022-07-21
578,1658448000000,0.9986764512828277,1408826638.264667,2022-07-22
579,1658534400000,1.000168737506417,1403985965.6246192,2022-07-23
580,1658620800000,1.000447620219802,1406688307.110036,2022-07-24
581,1658707200000,0.9979369113075979,1408061872.3592892,2022-07-25
582,1658793600000,1.0037694147025147,1407082791.019666,2022-07-26
583,1658880000000,1.0009062339051176,1407368740.8001888,2022-07-27
584,1658966400000,0.9974931339306184,1406740527.0000174,2022-07-28
585,1659052800000,0.9996084514000347,1426797124.3356347,2022-07-29
586,1659139200000,0.9989285743828432,1451192543.4272726,2022-07-30
587,1659225600000,1.0005830388312458,1466477645.6892881,2022-07-31
588,1659312000000,1.0025832639535628,1466172392.1884325,2022-08-01
589,1659398400000,1.001447605311604,1465700262.3932247,2022-08-02
590,1659484800000,0.998432955469303,1465692835.4266098,2022-08-03
591,1659571200000,1.0019077666431153,1427464448.1923451,2022-08-04
592,1659657600000,1.0013111370015697,1426493592.857962,2022-08-05
593,1659744000000,1.0009664059446255,1425499434.2200892,2022-08-06
594,1659830400000,1.0003656226550994,1426830386.6439006,2022-08-07
595,1659916800000,1.0004309055198464,1424674311.60671,2022-08-08
596,1660003200000,1.0011855595819088,1427674152.304434,2022-08-09
597,1660089600000,0.9891452236921459,1405327698.6539376,2022-08-10
598,1660176000000,0.9990287820753482,1422802569.567139,2022-08-11
599,1660262400000,1.0015541866127604,1424262759.6974878,2022-08-12
600,1660348800000,1.0022495692125164,1435632686.9281356,2022-08-13
601,1660435200000,0.9994881527799001,1431004899.6670616,2022-08-14
602,1660521600000,0.9989646560532739,1430278575.659367,2022-08-15
603,1660608000000,1.00113135037361,1432948412.9312155,2022-08-16
604,1660694400000,1.0009174498289068,1417960293.0914648,2022-08-17
605,1660780800000,1.0010534494034309,1446825568.0207605,2022-08-18
606,1660867200000,0.9845871064278346,1425079777.5254035,2022-08-19
607,1660953600000,0.9921789483975811,1434057778.4629602,2022-08-20
608,1661040000000,0.9985459537942957,1444309983.3494687,2022-08-21
609,1661126400000,1.0010990618766793,1448146966.6610446,2022-08-22
610,1661212800000,0.9971577028330358,1443248826.1186063,2022-08-23
611,1661299200000,0.9896692499369085,1433723660.0868711,2022-08-24
612,1661385600000,0.9918207042719364,1436255626.3030553,2022-08-25
613,1661472000000,1.0002218410242534,1449406084.1904624,2022-08-26
614,1661558400000,1.001036087410397,1448915534.1841135,2022-08-27
615,1661644800000,1.0001440564060966,1499134605.2710357,2022-08-28
616,1661731200000,1.0018955965002303,1499713756.2972622,2022-08-29
617,1661817600000,1.0010354149092686,1497532233.7370033,2022-08-30
618,1661904000000,0.9979731814819568,1495733294.486718,2022-08-31
619,1661990400000,0.9979618598199257,1495419609.4720857,2022-09-01
620,1662076800000,1.001029386730606,1490676066.2169106,2022-09-02
621,1662163200000,0.9991048105437769,1490161898.1216025,2022-09-03
622,1662249600000,0.9990578823473911,1490300100.8610928,2022-09-04
623,1662336000000,0.9976033066636044,1487554410.377025,2022-09-05
624,1662422400000,0.9983028526784509,1481485859.046877,2022-09-06
625,1662508800000,0.9977548570884177,1482634344.9229248,2022-09-07
626,1662595200000,0.9982153862938569,1483432736.8631241,2022-09-08
627,1662681600000,0.9989128752654739,1480562561.5088744,2022-09-09
628,1662768000000,1.0011701695957949,1464653489.1312838,2022-09-10
629,1662854400000,1.0016252293288699,1466019286.3634086,2022-09-11
630,1662940800000,0.9981023078114123,1466367824.1271625,2022-09-12
631,1663027200000,1.0003972512829935,1466933880.184122,2022-09-13
632,1663113600000,0.9973188352857708,1465899299.8717737,2022-09-14
633,1663200000000,0.9996572242505322,1419522930.691954,2022-09-15
634,1663286400000,0.9990864738556015,1419294084.6191185,2022-09-16
635,1663372800000,0.9982252710522262,1422565152.2971914,2022-09-17
636,1663459200000,0.9993760715828449,1427736332.6408012,2022-09-18
637,1663545600000,0.9990084746364544,1419444230.834571,2022-09-19
638,1663632000000,0.9987426893798125,1358418749.560828,2022-09-20
639,1663718400000,0.9996995484207819,1361083561.5836132,2022-09-21
640,1663804800000,0.9998137704008832,1359340417.4612975,2022-09-22
641,1663891200000,1.000307147742999,1353564524.1348019,2022-09-23
642,1663977600000,0.999588227413525,1357893696.4371834,2022-09-24
643,1664064000000,1.0000003884047017,1353959579.2451775,2022-09-25
644,1664150400000,1.0020159957982113,1360011142.9113817,2022-09-26
645,1664236800000,0.9979081794304069,1352438089.21547,2022-09-27
646,1664323200000,0.9982164479687715,1354419185.2216084,2022-09-28
647,1664409600000,1.0027075257625355,1359319451.7358108,2022-09-29
648,1664496000000,0.9993426800852365,1352783090.6718152,2022-09-30
649,1664582400000,0.9995174925398529,1356566921.0557284,2022-10-01
650,1664668800000,0.9943874837854683,1349156605.0877888,2022-10-02
651,1664755200000,0.9975486502420828,1358236960.8019094,2022-10-03
652,1664841600000,0.9975073304972162,1354848987.00188,2022-10-04
653,1664928000000,1.0009939420416252,1354697302.812776,2022-10-05
654,1665014400000,0.996535712315321,1355347294.8889785,2022-10-06
655,1665100800000,1.0009630135744347,1357647015.166148,2022-10-07
656,1665187200000,1.0020808164662611,1357857827.1601048,2022-10-08
657,1665273600000,0.9967325953964191,1355221414.896597,2022-10-09
658,1665360000000,0.9879389762751002,1342319984.0513875,2022-10-10
659,1665446400000,0.9991556422307764,1358642097.0376852,2022-10-11
660,1665532800000,0.9983279478712451,1357634970.675866,2022-10-12
661,1665619200000,0.9977942785983633,1359303213.5572236,2022-10-13
662,1665705600000,1.000623051584795,1362446436.3205676,2022-10-14
663,1665792000000,0.9986985775882175,1357231262.327492,2022-10-15
664,1665878400000,1.0001462895785864,1362168061.112425,2022-10-16
665,1665964800000,1.000408104355291,1363964643.0465791,2022-10-17
666,1666051200000,0.9991379505800809,1361270863.7337184,2022-10-18
667,1666137600000,0.9971208801154984,1360462198.4021509,2022-10-19
668,1666224000000,0.9978692133190189,1361353891.3973804,2022-10-20
669,1666310400000,0.9974920048932006,1359703636.1213634,2022-10-21
670,1666396800000,0.9977304170923799,1364148346.9823925,2022-10-22
671,1666483200000,0.9980508761636407,1362715279.7476647,2022-10-23
672,1666569600000,0.9997601583931516,1364676306.2996702,2022-10-24
673,1666656000000,0.9990766411791238,1214581396.0047948,2022-10-25
674,1666742400000,0.9981873226477594,1213076254.0308423,2022-10-26
675,1666828800000,0.9995963618368741,1214408490.2609205,2022-10-27
676,1666915200000,0.9976018684424607,1214872334.3186932,2022-10-28
677,1667001600000,0.9995350266476076,1215723196.2921584,2022-10-29
678,1667088000000,0.9986339886552145,1213742680.2340555,2022-10-30
679,1667174400000,0.997780258531217,1213392624.7643523,2022-10-31
680,1667260800000,0.9973767374414276,1215068430.4128773,2022-11-01
681,1667347200000,1.0013533566522015,1214119964.1863534,2022-11-02
682,1667433600000,0.9992065044047261,1213845720.1142874,2022-11-03
683,1667520000000,0.9976058839509898,1212873992.7547243,2022-11-04
684,1667606400000,0.9988854837014053,1219041062.7116196,2022-11-05
685,1667692800000,0.9981091875071669,1222044400.0082552,2022-11-06
686,1667779200000,0.9982506156821008,1222346632.1910443,2022-11-07
687,1667865600000,1.0016583117845956,1225435128.5489833,2022-11-08
688,1667952000000,0.9983779228742637,1220104543.4698126,2022-11-09
689,1668038400000,0.9886152849156556,1208851536.7713008,2022-11-10
690,1668124800000,0.9994045658891996,1224885928.351466,2022-11-11
691,1668211200000,1.0009650844074323,1224048293.398862,2022-11-12
692,1668297600000,1.0000716908804186,1221265908.363359,2022-11-13
693,1668384000000,0.9999298369108396,1191888931.1615932,2022-11-14
694,1668470400000,0.9971729545657153,1178844259.109767,2022-11-15
695,1668556800000,0.9989954650016681,1178753831.688235,2022-11-16
696,1668643200000,1.0024395936639798,1176729247.1853309,2022-11-17
697,1668729600000,0.9977383659792968,1174739723.5324485,2022-11-18
698,1668816000000,0.999277267725225,1177103767.364798,2022-11-19
699,1668902400000,1.0003480212164026,1178422240.5556855,2022-11-20
