,Time,open,mktcap,Date
0,1608508800000,6.9055062344337905,0.0,2020-12-21
1,1608595200000,6.9055062344337905,0.0,2020-12-22
2,1608681600000,4.357041173620653,0.0,2020-12-23
3,1608768000000,3.6473234190116446,0.0,2020-12-24
4,1608854400000,5.5476679861746145,0.0,2020-12-25
5,1608940800000,5.749944333009465,0.0,2020-12-26
6,1609027200000,5.979002837205324,0.0,2020-12-27
7,1609113600000,3.9374435197381166,9808921.975266553,2020-12-28
8,1609200000000,4.246675812424072,10754045.427241499,2020-12-29
9,1609286400000,5.605657013318438,11601341.386596855,2020-12-30
10,1609372800000,5.43527789114643,11601341.386596855,2020-12-31
11,1609459200000,5.178934416745059,11601341.386596855,2021-01-01
12,1609545600000,6.727694606847586,15522810.688996926,2021-01-02
13,1609632000000,6.972681554192775,16170751.510574693,2021-01-03
14,1609718400000,6.759003328492221,15621679.766948342,2021-01-04
15,1609804800000,7.283820591028434,16475802.595166868,2021-01-05
16,1609891200000,7.590885140829186,16797347.883586474,2021-01-06
17,1609977600000,8.18904326102952,19321034.183374166,2021-01-07
18,1610064000000,8.121184100833128,17367793.616426352,2021-01-08
19,1610150400000,8.583615370794465,18002917.8542169,2021-01-09
20,1610236800000,8.738771564537783,18418534.25512196,2021-01-10
21,1610323200000,13.370529142767733,25703480.76353464,2021-01-11
22,1610409600000,15.364031688516748,28761558.3637658,2021-01-12
23,1610496000000,15.64972893848165,29038310.518207207,2021-01-13
24,1610582400000,14.579068190923577,26239593.861912876,2021-01-14
25,1610668800000,16.42549999522422,29589959.819176763,2021-01-15
26,1610755200000,19.50117592008915,34402865.32671294,2021-01-16
27,1610841600000,24.120341749074278,41798950.50874841,2021-01-17
28,1610928000000,26.169428353885483,45649069.98769388,2021-01-18
29,1611014400000,24.475895674001883,44176352.20166775,2021-01-19
30,1611100800000,24.603006781038516,42873786.26197081,2021-01-20
31,1611187200000,18.0876395367136,33790820.54333052,2021-01-21
32,1611273600000,11.787500062785224,25212963.363728415,2021-01-22
33,1611360000000,7.628438149354394,17495893.32182336,2021-01-23
34,1611446400000,5.131558030422417,14231892.030387485,2021-01-24
35,1611532800000,7.864285445469067,23001589.39585487,2021-01-25
36,1611619200000,5.388669254166174,17890520.05084824,2021-01-26
37,1611705600000,3.462361948691618,11601892.149171794,2021-01-27
38,1611792000000,3.2027651287955656,12661622.026686966,2021-01-28
39,1611878400000,5.491267310640553,22197317.504099526,2021-01-29
40,1611964800000,5.747830588431426,23221444.613863844,2021-01-30
41,1612051200000,5.379370884795263,22074391.17815384,2021-01-31
42,1612137600000,5.7171750693374825,23372891.95790681,2021-02-01
43,1612224000000,5.908627502321159,24898759.67505921,2021-02-02
44,1612310400000,5.133338602705588,21904448.302385222,2021-02-03
45,1612396800000,4.994361797351389,21849785.06871135,2021-02-04
46,1612483200000,4.464319602855614,20049076.21229563,2021-02-05
47,1612569600000,4.382440176617764,19723969.15675365,2021-02-06
48,1612656000000,4.467717499533586,20527749.211463425,2021-02-07
49,1612742400000,4.805550867787147,22316962.26625867,2021-02-08
50,1612828800000,4.985173973961676,22981362.69164462,2021-02-09
51,1612915200000,7.8214646313316365,37531835.06078168,2021-02-10
52,1613001600000,6.826485640046989,33582276.326565616,2021-02-11
53,1613088000000,6.66801919851697,33133980.830872312,2021-02-12
54,1613174400000,6.842213140099376,33918371.32389058,2021-02-13
55,1613260800000,7.642217104076521,38672270.08989252,2021-02-14
56,1613347200000,8.724166958699682,44535019.21538139,2021-02-15
57,1613433600000,8.215747463139413,42298029.55593189,2021-02-16
58,1613520000000,7.967751473441787,41562206.60354153,2021-02-17
59,1613606400000,7.435062243282005,39368919.36060443,2021-02-18
60,1613692800000,14.420041139540567,78042855.1479521,2021-02-19
61,1613779200000,11.060816992044689,60584370.13295199,2021-02-20
62,1613865600000,9.762098857947597,53702622.55956662,2021-02-21
63,1613952000000,10.169135241441285,67755614.22824594,2021-02-22
64,1614038400000,9.673060437333426,64222936.1767304,2021-02-23
65,1614124800000,7.645985341781095,51959644.83200314,2021-02-24
66,1614211200000,7.518225721652153,51921902.95686948,2021-02-25
67,1614297600000,6.806288539870093,47405686.48934637,2021-02-26
68,1614384000000,6.02727234191134,42450829.50272541,2021-02-27
69,1614470400000,7.870832046056176,55738382.43774952,2021-02-28
70,1614556800000,7.825402752927044,56907921.731210575,2021-03-01
71,1614643200000,8.273124936060269,60513179.34549581,2021-03-02
72,1614729600000,7.535443281722214,55363459.74900665,2021-03-03
73,1614816000000,7.658320613768318,56180418.35167934,2021-03-04
74,1614902400000,6.8554379369339875,50725209.05306355,2021-03-05
75,1614988800000,6.700148043199502,49696194.80496931,2021-03-06
76,1615075200000,6.58092593399709,49420286.647707365,2021-03-07
77,1615161600000,7.406651241315328,56155163.19839071,2021-03-08
78,1615248000000,7.197006596358685,54532991.33896251,2021-03-09
79,1615334400000,9.179569614925619,69152595.32763082,2021-03-10
80,1615420800000,8.346277329327185,64147063.65982926,2021-03-11
81,1615507200000,10.20589431882252,78441784.81353477,2021-03-12
82,1615593600000,11.96389438558172,91630628.94144659,2021-03-13
83,1615680000000,13.553340832941066,103110177.537032,2021-03-14
84,1615766400000,14.791244969507675,111689795.20448633,2021-03-15
85,1615852800000,14.273648040770723,109079077.43203591,2021-03-16
86,1615939200000,11.596875953182211,88293391.20481429,2021-03-17
87,1616025600000,11.09551676593992,84970252.61287245,2021-03-18
88,1616112000000,10.003391798225696,77543305.0026712,2021-03-19
89,1616198400000,10.954411537978459,84776985.83126983,2021-03-20
90,1616284800000,10.600290117395765,94330550.73692851,2021-03-21
91,1616371200000,9.43983220318695,84341077.6391883,2021-03-22
92,1616457600000,8.355063902592548,75280601.24682796,2021-03-23
93,1616544000000,7.957382610228792,73065844.92477953,2021-03-24
94,1616630400000,7.9498120418609215,73685515.44775257,2021-03-25
95,1616716800000,7.624174560244321,71519610.91206127,2021-03-26
96,1616803200000,8.515684832928368,78983378.7123631,2021-03-27
97,1616889600000,9.021623361493917,85687723.11251517,2021-03-28
98,1616976000000,8.21792779309004,77887042.01039019,2021-03-29
99,1617062400000,8.991230616473198,84907723.97853553,2021-03-30
100,1617148800000,9.552080898314175,90377379.53326625,2021-03-31
101,1617235200000,9.231280525462168,88852699.1596241,2021-04-01
102,1617321600000,8.725300960436185,83566716.45788121,2021-04-02
103,1617408000000,8.653370958896833,83364049.7200823,2021-04-03
104,1617494400000,8.093027422811886,77929387.27636361,2021-04-04
105,1617580800000,8.562304875752192,82441308.74849063,2021-04-05
106,1617667200000,9.143230942190499,88840549.22819349,2021-04-06
107,1617753600000,8.414027671018362,81831809.6568639,2021-04-07
108,1617840000000,7.831816205303245,76308127.85895392,2021-04-08
109,1617926400000,8.104825065150367,80253282.4066297,2021-04-09
110,1618012800000,8.312613298917896,82556229.65211602,2021-04-10
111,1618099200000,8.003383425616196,80357897.46048287,2021-04-11
112,1618185600000,7.863429139296929,78601265.75598781,2021-04-12
113,1618272000000,7.356913567195996,73852276.81250855,2021-04-13
114,1618358400000,7.2254718223626115,72569364.17975245,2021-04-14
115,1618444800000,6.927817944613709,69847078.97164057,2021-04-15
116,1618531200000,7.2278307625888845,73504288.30050091,2021-04-16
117,1618617600000,6.989247339471133,71170943.65584637,2021-04-17
118,1618704000000,7.136769093509436,73057529.98033163,2021-04-18
119,1618790400000,5.848232338489061,60759048.757871285,2021-04-19
120,1618876800000,5.132312929870586,53242259.84048219,2021-04-20
121,1618963200000,5.135476615142007,53344195.72176041,2021-04-21
122,1619049600000,6.0002538899988425,62562023.97613393,2021-04-22
123,1619136000000,5.377580710991261,55840631.70830237,2021-04-23
124,1619222400000,5.213259872427506,53951041.27198001,2021-04-24
125,1619308800000,4.716547613408321,49715619.0861717,2021-04-25
126,1619395200000,4.722932356555149,49272549.96106302,2021-04-26
127,1619481600000,5.24078186249596,55525024.06110972,2021-04-27
128,1619568000000,5.8325616930286905,61401996.769751094,2021-04-28
129,1619654400000,5.543288755918388,58827869.6438213,2021-04-29
130,1619740800000,6.773965353387364,71910980.35634552,2021-04-30
131,1619827200000,6.684151145142808,71733853.2590943,2021-05-01
132,1619913600000,6.410539173535263,68772957.97479592,2021-05-02
133,1620000000000,6.190742052970963,66743181.89768172,2021-05-03
134,1620086400000,7.329929209127315,78909677.12880957,2021-05-04
135,1620172800000,7.2060814169175265,76137618.68193385,2021-05-05
136,1620259200000,7.2852083181561955,79040788.68036687,2021-05-06
137,1620345600000,6.4888873106534515,70294917.98098433,2021-05-07
138,1620432000000,6.34058590190027,68629580.1775623,2021-05-08
139,1620518400000,6.353787863272313,68624082.2245288,2021-05-09
140,1620604800000,5.96054627883145,64737658.35482853,2021-05-10
141,1620691200000,5.4402199946577845,59352209.48308018,2021-05-11
142,1620777600000,5.499001504578534,59930800.34486726,2021-05-12
143,1620864000000,5.18044685353183,56512756.80360788,2021-05-13
144,1620950400000,4.822055994571746,53404722.772608995,2021-05-14
145,1621036800000,5.095686402744857,57200938.41281972,2021-05-15
146,1621123200000,4.733836232305171,53628081.65510631,2021-05-16
147,1621209600000,4.503898728486865,51989944.98088994,2021-05-17
148,1621296000000,3.9902912532788744,47645789.016952954,2021-05-18
149,1621382400000,4.007156488295607,47900088.97009249,2021-05-19
150,1621468800000,3.2358088488339694,39103495.67499916,2021-05-20
151,1621555200000,3.185897517503349,38593625.734411806,2021-05-21
152,1621641600000,2.786737103075469,36954027.78506193,2021-05-22
153,1621728000000,2.624007148225729,35309287.00617193,2021-05-23
154,1621814400000,1.9954056642059328,27591277.40329875,2021-05-24
155,1621900800000,2.2708505891071766,31282011.614722025,2021-05-25
156,1621987200000,2.1341098565665546,29756780.635644794,2021-05-26
157,1622073600000,2.512648873962148,35326985.03849381,2021-05-27
158,1622160000000,2.4070400612238987,34151629.38275835,2021-05-28
159,1622246400000,2.1565101716473913,30607894.466070224,2021-05-29
160,1622332800000,2.526322119795532,35933639.383175366,2021-05-30
161,1622419200000,2.633840443123954,37189457.058149874,2021-05-31
162,1622505600000,2.7094663533206838,38174797.99827911,2021-06-01
163,1622592000000,2.5349207030235337,35646567.88734406,2021-06-02
164,1622678400000,2.6463515618720264,36985329.849114075,2021-06-03
165,1622764800000,2.7196413605558507,37955248.38688279,2021-06-04
166,1622851200000,2.5509380844552636,35802015.05825794,2021-06-05
167,1622937600000,2.6125032816676965,36285649.15448118,2021-06-06
168,1623024000000,2.6935680341184147,37619730.51222956,2021-06-07
169,1623110400000,2.3543331041204323,33487837.023364298,2021-06-08
170,1623196800000,2.2056096657546664,31438220.13328917,2021-06-09
171,1623283200000,2.2904063071150227,33262126.8154076,2021-06-10
172,1623369600000,2.2976669230493534,33496571.810517326,2021-06-11
173,1623456000000,2.1849845018442156,31755752.844900686,2021-06-12
174,1623542400000,2.062769259637828,30320751.3365672,2021-06-13
175,1623628800000,2.0441959338113733,29993922.984615967,2021-06-14
176,1623715200000,2.115631243493112,31000702.053473808,2021-06-15
177,1623801600000,2.0366581236244645,30287519.356220614,2021-06-16
178,1623888000000,1.9798463455680582,29545617.219463907,2021-06-17
179,1623974400000,2.0447479053329056,30463743.4138367,2021-06-18
180,1624060800000,1.9285354507363026,28793064.277751505,2021-06-19
181,1624147200000,1.90610351742412,28426688.514019288,2021-06-20
182,1624233600000,1.9628431958473023,28938838.845795702,2021-06-21
183,1624320000000,1.9103090309402644,28277578.439320695,2021-06-22
184,1624406400000,1.7051362105780112,25425748.980903406,2021-06-23
185,1624492800000,1.667955571783692,25620853.742610853,2021-06-24
186,1624579200000,1.589059398680649,24798660.24709869,2021-06-25
187,1624665600000,1.542358762705379,25580715.541741546,2021-06-26
188,1624752000000,1.8113409237544325,29365316.862551022,2021-06-27
189,1624838400000,1.9283218588812996,31236051.81287143,2021-06-28
190,1624924800000,1.8599180900704722,48437866.34530343,2021-06-29
191,1625011200000,1.9980256297324561,51850346.5254769,2021-06-30
192,1625097600000,1.9773869415877545,51206217.215787895,2021-07-01
193,1625184000000,2.1454168077420515,54997388.96781979,2021-07-02
194,1625270400000,2.3021759374168944,65489841.72732572,2021-07-03
195,1625356800000,2.8979492734064993,82246335.88321996,2021-07-04
196,1625443200000,2.814750464917473,80250126.99813375,2021-07-05
197,1625529600000,2.6093926257892393,74779896.29459444,2021-07-06
198,1625616000000,2.6659254244675785,76249900.36720534,2021-07-07
199,1625702400000,2.708340307354893,77441996.75561431,2021-07-08
200,1625788800000,3.4461127254043284,98566856.9437035,2021-07-09
201,1625875200000,3.101713622648433,88915238.18660323,2021-07-10
202,1625961600000,3.1571531501710974,90021928.82438274,2021-07-11
203,1626048000000,3.0291769478233355,86224295.72736542,2021-07-12
204,1626134400000,2.854964834693112,82212081.19675577,2021-07-13
205,1626220800000,2.9854352457068707,86124896.47261088,2021-07-14
206,1626307200000,2.9642780677833582,85473560.83947,2021-07-15
207,1626393600000,3.260644153894962,94584076.4462745,2021-07-16
208,1626480000000,3.06730619142056,89275280.8852492,2021-07-17
209,1626566400000,3.1020663873384002,90263702.47473612,2021-07-18
210,1626652800000,3.0343665500791777,88415893.66463739,2021-07-19
211,1626739200000,3.2571163199997835,94711312.67759113,2021-07-20
212,1626825600000,3.5046232757313067,101781754.75592309,2021-07-21
213,1626912000000,3.4916174246400726,110786171.36995685,2021-07-22
214,1626998400000,3.407779747713618,108573442.82575941,2021-07-23
215,1627084800000,3.4334498497910393,109699448.64380342,2021-07-24
216,1627171200000,3.3362345448117474,106716730.41941908,2021-07-25
217,1627257600000,3.433734363332999,109786308.18738288,2021-07-26
218,1627344000000,3.1385455370229276,100406935.76718992,2021-07-27
219,1627430400000,3.068642474575537,97794454.24902755,2021-07-28
220,1627516800000,2.8962850283970027,92699980.73646046,2021-07-29
221,1627603200000,2.950562966544494,94604912.51392409,2021-07-30
222,1627689600000,3.079689257574255,98462487.61934435,2021-07-31
223,1627776000000,3.063391132960711,98050557.07722116,2021-08-01
224,1627862400000,2.991830298193932,95680862.51208946,2021-08-02
225,1627948800000,3.1055291148949187,99420878.97275363,2021-08-03
226,1628035200000,3.0136568474914274,95370381.2492065,2021-08-04
227,1628121600000,3.0112744271151004,97802603.03170595,2021-08-05
228,1628208000000,3.00262789889908,96352413.91740087,2021-08-06
229,1628294400000,3.0266956878885773,96879029.27098843,2021-08-07
230,1628380800000,3.097843075973057,99023044.6364408,2021-08-08
231,1628467200000,3.1676092069914765,101495744.23680101,2021-08-09
232,1628553600000,3.2312821403605705,102479045.51301302,2021-08-10
233,1628640000000,3.201416313719453,102468989.60141347,2021-08-11
234,1628726400000,3.253563737089545,103441295.57011674,2021-08-12
235,1628812800000,3.225588743214417,103186852.71429478,2021-08-13
236,1628899200000,3.419067997140277,109368903.67436904,2021-08-14
237,1628985600000,4.071750058752913,130422352.85776599,2021-08-15
238,1629072000000,3.9314347835889145,125787094.52283671,2021-08-16
239,1629158400000,3.98742727208988,129238582.64273104,2021-08-17
240,1629244800000,3.732364009858595,119510121.00112188,2021-08-18
241,1629331200000,3.739617499135913,119687578.53619833,2021-08-19
242,1629417600000,3.8430687753410675,123522607.45542467,2021-08-20
243,1629504000000,4.088455694391568,130428066.0902305,2021-08-21
244,1629590400000,4.156302136585153,132975879.00865918,2021-08-22
245,1629676800000,4.151661170949986,133272593.48855515,2021-08-23
246,1629763200000,6.071312367169918,194293431.44318622,2021-08-24
247,1629849600000,6.600308275127661,211285893.57311514,2021-08-25
248,1629936000000,6.749388750408024,215963070.26257655,2021-08-26
249,1630022400000,6.2722527980117775,200929015.0002625,2021-08-27
250,1630108800000,7.017840546564233,225041919.8568132,2021-08-28
251,1630195200000,6.646305554610733,212607850.7702112,2021-08-29
252,1630281600000,6.398476516507555,204730640.19214284,2021-08-30
253,1630368000000,6.145579543868637,196500915.13616487,2021-08-31
254,1630454400000,6.16584789922391,197181771.4445662,2021-09-01
255,1630540800000,6.255512764435727,222862715.9323396,2021-09-02
256,1630627200000,6.0853835684123325,216532106.2666009,2021-09-03
257,1630713600000,5.790044644943769,206680711.67875326,2021-09-04
258,1630800000000,5.7666732279379636,205561492.70659423,2021-09-05
259,1630886400000,5.762892848877255,205128429.7899702,2021-09-06
260,1630972800000,5.939863643403712,211567961.97433484,2021-09-07
261,1631059200000,5.2083043037742005,185164572.94916025,2021-09-08
262,1631145600000,5.18570118759638,184944489.01803187,2021-09-09
263,1631232000000,5.2649636394050985,187983520.98934397,2021-09-10
264,1631318400000,5.004810757000136,178431115.62576804,2021-09-11
265,1631404800000,5.1359645372687615,184000129.25074393,2021-09-12
266,1631491200000,5.20074667676209,185406692.28364974,2021-09-13
267,1631577600000,5.28629819011514,188565791.79556715,2021-09-14
268,1631664000000,5.168486890709995,184471497.3406609,2021-09-15
269,1631750400000,5.138834687840911,183202281.62425986,2021-09-16
270,1631836800000,5.176807178053145,184599038.02919868,2021-09-17
271,1631923200000,5.040262860267846,179537606.26472932,2021-09-18
272,1632009600000,5.123838845834056,182705348.3562906,2021-09-19
273,1632096000000,6.071294858018152,216482930.6921713,2021-09-20
274,1632182400000,4.700103568982589,167184407.15460184,2021-09-21
275,1632268800000,4.479947459076104,159522833.3213503,2021-09-22
276,1632355200000,4.72891197418147,168548456.45149004,2021-09-23
277,1632441600000,4.751823853655396,169393303.51607803,2021-09-24
278,1632528000000,4.6874812611772345,166791529.1751203,2021-09-25
279,1632614400000,4.693490418778115,167562243.75366575,2021-09-26
280,1632700800000,4.638662986868284,165098158.89393246,2021-09-27
281,1632787200000,4.401995761810621,157703667.4865029,2021-09-28
282,1632873600000,4.4145909117394835,155837772.70607322,2021-09-29
283,1632960000000,4.481645434448077,159573771.95807576,2021-09-30
284,1633046400000,4.4697387182455435,159911517.6914571,2021-10-01
285,1633132800000,4.6517826535927425,165011952.79052448,2021-10-02
286,1633219200000,4.540043868157096,161759809.0471383,2021-10-03
287,1633305600000,4.634102045513775,165789471.13045692,2021-10-04
288,1633392000000,4.72571763880355,168505783.93706843,2021-10-05
289,1633478400000,4.683661482249279,166977588.46782303,2021-10-06
290,1633564800000,4.784360589753714,170658158.3239818,2021-10-07
291,1633651200000,4.934227412494706,175937245.66779333,2021-10-08
292,1633737600000,5.488468878736079,195404470.13612577,2021-10-09
293,1633824000000,5.5694413704781045,199599664.2480119,2021-10-10
294,1633910400000,5.575276439169743,198753761.30594468,2021-10-11
295,1633996800000,5.979617885973344,213219210.11839497,2021-10-12
296,1634083200000,7.153725473943222,254984725.32429728,2021-10-13
297,1634169600000,6.8640124333263195,245119823.03679246,2021-10-14
298,1634256000000,6.562328135189534,233934269.4113412,2021-10-15
299,1634342400000,6.222883625856869,221876240.03627706,2021-10-16
300,1634428800000,6.23279845128303,222462471.29923007,2021-10-17
301,1634515200000,6.272693777195139,222692900.492294,2021-10-18
302,1634601600000,6.199369676948564,221069315.4759079,2021-10-19
303,1634688000000,5.691990998104746,202625108.45230958,2021-10-20
304,1634774400000,5.7663107182046325,205557792.48960498,2021-10-21
305,1634860800000,6.538152699742225,232516341.42860788,2021-10-22
306,1634947200000,6.638435623891813,236179739.82065704,2021-10-23
307,1635033600000,7.389511012742149,263978337.1271212,2021-10-24
308,1635120000000,7.253486160211412,258179713.595757,2021-10-25
309,1635206400000,10.480363161057921,368610334.04342234,2021-10-26
310,1635292800000,11.519106233107383,410301704.1801819,2021-10-27
311,1635379200000,13.867781138355856,494074580.4782412,2021-10-28
312,1635465600000,14.777451246173271,526736582.9828119,2021-10-29
313,1635552000000,13.511008748385791,482251600.8646036,2021-10-30
314,1635638400000,12.742648004729562,454329710.2363522,2021-10-31
315,1635724800000,13.909756548212387,496412465.55158097,2021-11-01
316,1635811200000,14.034384739086507,500763552.4505482,2021-11-02
317,1635897600000,16.07085353091992,555902799.1168139,2021-11-03
318,1635984000000,18.037150071629835,643466148.759515,2021-11-04
319,1636070400000,17.915145237662294,638225863.493583,2021-11-05
320,1636156800000,16.41846993001169,584937648.6132314,2021-11-06
321,1636243200000,17.940812752958244,639139003.2202175,2021-11-07
322,1636329600000,18.36027747288953,653395775.7332137,2021-11-08
323,1636416000000,22.97836874406432,817610929.3062602,2021-11-09
324,1636502400000,23.003752616090626,814107550.6469275,2021-11-10
325,1636588800000,22.964159346177823,818263107.4264373,2021-11-11
326,1636675200000,24.964196771205334,886373378.8114066,2021-11-12
327,1636761600000,23.377770034800136,838531733.6925575,2021-11-13
328,1636848000000,22.674671738639237,807446717.3885478,2021-11-14
329,1636934400000,20.49667859466595,727046128.1194211,2021-11-15
330,1637020800000,19.189509366501763,686370445.9646672,2021-11-16
331,1637107200000,17.371286046801572,619807542.0861952,2021-11-17
332,1637193600000,17.80227556937388,630613053.7171702,2021-11-18
333,1637280000000,16.501755246442645,584495949.2577089,2021-11-19
334,1637366400000,19.953067140718897,708801251.9447112,2021-11-20
335,1637452800000,19.203809909647124,684396496.9306098,2021-11-21
336,1637539200000,18.27321879144081,651404806.2983419,2021-11-22
337,1637625600000,17.660993394403818,629596615.8668089,2021-11-23
338,1637712000000,17.97120000745484,639913628.5896523,2021-11-24
339,1637798400000,18.699027338198945,670079921.7863091,2021-11-25
340,1637884800000,18.857433995194178,673234327.5386716,2021-11-26
341,1637971200000,17.496055286574563,620840790.7437633,2021-11-27
342,1638057600000,17.495574892776244,623138317.3025416,2021-11-28
343,1638144000000,17.71457029890542,630804340.503865,2021-11-29
344,1638230400000,18.242778118709975,648476336.2039024,2021-11-30
345,1638316800000,17.87976478250888,638095075.7144449,2021-12-01
346,1638403200000,17.906833878286356,638358204.7858884,2021-12-02
347,1638489600000,17.409493183081743,622172590.2684699,2021-12-03
348,1638576000000,16.415183134444707,585722322.518968,2021-12-04
349,1638662400000,15.47280745974593,551027648.434314,2021-12-05
350,1638748800000,15.11368473102217,539521270.7869712,2021-12-06
351,1638835200000,17.780251683490736,633625723.7490193,2021-12-07
352,1638921600000,18.96477639325529,676861269.918369,2021-12-08
353,1639008000000,21.141121504801525,752639141.6901773,2021-12-09
354,1639094400000,21.186923013697786,757460174.5136535,2021-12-10
355,1639180800000,19.702606397111918,704305964.3223952,2021-12-11
356,1639267200000,19.486808445567586,693155349.0178033,2021-12-12
357,1639353600000,18.338935559178736,653424580.665812,2021-12-13
358,1639440000000,17.671367348537895,630657219.8280461,2021-12-14
359,1639526400000,17.124522418619062,609658998.3163737,2021-12-15
360,1639612800000,16.852913342387264,600257085.9170707,2021-12-16
361,1639699200000,16.33474784722855,580991353.9236287,2021-12-17
362,1639785600000,15.48949038763133,552617504.258363,2021-12-18
363,1639872000000,14.051414930617108,500963701.3247195,2021-12-19
364,1639958400000,14.379895672336247,511530638.1425019,2021-12-20
365,1640044800000,13.972848009907805,498771655.00421315,2021-12-21
366,1640131200000,17.297707274425683,617617992.798399,2021-12-22
367,1640217600000,18.01810515033036,642074042.2496166,2021-12-23
368,1640304000000,20.277587858599308,722743326.2327518,2021-12-24
369,1640390400000,21.32672015209167,760043094.429928,2021-12-25
370,1640476800000,20.467068216864313,730274611.9684392,2021-12-26
371,1640563200000,20.49181082479763,730738562.8288928,2021-12-27
372,1640649600000,23.3642369853039,833324163.278918,2021-12-28
373,1640736000000,22.105326039015864,794348546.9320241,2021-12-29
374,1640822400000,26.573288451114024,951924700.0175916,2021-12-30
375,1640908800000,29.72614092690377,1049812950.0486774,2021-12-31
376,1640995200000,38.68689877330683,1370682956.651253,2022-01-01
377,1641081600000,37.27047757406026,1328754314.8115122,2022-01-02
378,1641168000000,35.085420233004164,1251879823.7018166,2022-01-03
379,1641254400000,32.850773391622006,1171244654.1991875,2022-01-04
380,1641340800000,37.776985150436786,1360452379.8190734,2022-01-05
381,1641427200000,35.04154822241411,1249412169.8057714,2022-01-06
382,1641513600000,34.17670123383031,1219246517.7597141,2022-01-07
383,1641600000000,38.28805662494651,1365762403.75937,2022-01-08
384,1641686400000,38.06374742642834,1360659611.3187091,2022-01-09
385,1641772800000,35.901519433871606,1278304867.7046344,2022-01-10
386,1641859200000,34.79679703837442,1239573419.1202228,2022-01-11
387,1641945600000,34.97060651392939,1249377982.5270088,2022-01-12
388,1642032000000,41.23387926265473,1472334173.2979193,2022-01-13
389,1642118400000,37.83917560835548,1353168733.878793,2022-01-14
390,1642204800000,38.41028687471374,1352284806.2439091,2022-01-15
391,1642291200000,37.06586227436741,1321341471.1348999,2022-01-16
392,1642377600000,37.04171909200067,1322059364.9574566,2022-01-17
393,1642464000000,32.000279685304235,1136141236.3580165,2022-01-18
394,1642550400000,30.834314928122353,1099519087.1931581,2022-01-19
395,1642636800000,28.146969245619925,1005523514.4561434,2022-01-20
396,1642723200000,27.37913002973395,980170908.8872579,2022-01-21
397,1642809600000,22.175040349323822,793619617.3406444,2022-01-22
398,1642896000000,19.60704742490357,698919865.0486081,2022-01-23
399,1642982400000,20.36626863833316,726187358.4299402,2022-01-24
400,1643068800000,17.92683706045164,633366717.4567128,2022-01-25
401,1643155200000,18.19626838273666,650511836.2618773,2022-01-26
402,1643241600000,18.824843506054837,674431436.6641196,2022-01-27
403,1643328000000,19.213476650546614,684923175.2059695,2022-01-28
404,1643414400000,22.90688740062232,816991250.3024322,2022-01-29
405,1643500800000,22.608084462369735,803486482.2592107,2022-01-30
406,1643587200000,21.536174315602516,768242654.2892948,2022-01-31
407,1643673600000,21.62181970170646,768365795.3655096,2022-02-01
408,1643760000000,21.474874148851722,766656518.1665903,2022-02-02
409,1643846400000,20.555637559611622,732282590.680703,2022-02-03
410,1643932800000,18.305340537673278,651067071.9732337,2022-02-04
411,1644019200000,20.18828544771622,717303153.1788172,2022-02-05
412,1644105600000,20.244845664028997,723323936.5235924,2022-02-06
413,1644192000000,20.069033165216485,716928070.7522597,2022-02-07
414,1644278400000,21.23406066705656,758855553.3932137,2022-02-08
415,1644364800000,21.419246524015207,763164784.5072038,2022-02-09
416,1644451200000,21.597234306543555,769989926.4938042,2022-02-10
417,1644537600000,21.09601150707775,747668329.2149864,2022-02-11
418,1644624000000,22.458556060640074,800472262.628076,2022-02-12
419,1644710400000,26.080412119718154,929725063.5451183,2022-02-13
420,1644796800000,24.608041789252415,879295554.583136,2022-02-14
421,1644883200000,24.17235409596348,862410398.5929382,2022-02-15
422,1644969600000,26.60653586677306,951922536.6755179,2022-02-16
423,1645056000000,26.729958779267918,1652781734.392884,2022-02-17
424,1645142400000,24.678262672414203,1528631853.3202069,2022-02-18
425,1645228800000,25.7492226190328,1607083884.7162755,2022-02-19
426,1645315200000,22.571502788445095,1292631358.1060755,2022-02-20
427,1645401600000,21.60226931678973,1250273901.7683995,2022-02-21
428,1645488000000,19.250980866660644,1112015264.3591878,2022-02-22
429,1645574400000,18.733166726691664,1080997587.9027457,2022-02-23
430,1645660800000,18.091083133885242,1045157084.9590719,2022-02-24
431,1645747200000,17.692868636763098,1021749092.0074551,2022-02-25
432,1645833600000,20.405586146039735,1181108290.2560446,2022-02-26
433,1645920000000,20.116307256545074,1159909206.0172968,2022-02-27
434,1646006400000,20.702903803277465,1195279590.4187646,2022-02-28
435,1646092800000,22.676526805318044,1301701735.8724475,2022-03-01
436,1646179200000,23.22648127793484,1338097436.2245135,2022-03-02
437,1646265600000,23.509862879083485,1358995387.117234,2022-03-03
438,1646352000000,24.48871063383511,1414053720.7504885,2022-03-04
439,1646438400000,22.36264135772033,1291899150.1315606,2022-03-05
440,1646524800000,22.232874396904005,1283093377.3672986,2022-03-06
441,1646611200000,20.60162094095598,1188883668.420438,2022-03-07
442,1646697600000,18.873923795423877,1089396640.2043173,2022-03-08
443,1646784000000,17.816603721344688,1028724343.6637188,2022-03-09
444,1646870400000,17.923193568450248,1041041573.9514174,2022-03-10
445,1646956800000,16.715497674316094,965483979.955194,2022-03-11
446,1647043200000,17.42091113468882,1001125772.3818778,2022-03-12
447,1647129600000,17.914899025699885,1036444531.9556361,2022-03-13
448,1647216000000,18.05570856688862,1041688908.5849437,2022-03-14
449,1647302400000,17.79977590287325,1027836591.1422371,2022-03-15
450,1647388800000,17.968975259510607,1038933658.2276098,2022-03-16
451,1647475200000,17.871400061425774,1037002281.1592464,2022-03-17
452,1647561600000,17.60305855234422,1016490060.7249914,2022-03-18
453,1647648000000,17.781743028287387,1026803595.4804806,2022-03-19
454,1647734400000,17.741913803293073,1023920537.0406306,2022-03-20
455,1647820800000,17.68628181941713,1021994597.7563685,2022-03-21
456,1647907200000,17.751830841333764,1023942520.3249017,2022-03-22
457,1647993600000,17.72852684630706,1025103268.6751945,2022-03-23
458,1648080000000,17.83459246066831,1027793816.7550832,2022-03-24
459,1648166400000,18.16617390460757,1049008540.2546427,2022-03-25
460,1648252800000,18.144640282602406,1048079096.8297328,2022-03-26
461,1648339200000,20.63373644695395,1190110417.729556,2022-03-27
462,1648425600000,21.500704912620034,1242815091.6830413,2022-03-28
463,1648512000000,21.402990207893883,1238173216.980394,2022-03-29
464,1648598400000,23.378389160661296,1348564422.698783,2022-03-30
465,1648684800000,22.787235404230398,1316489707.5190527,2022-03-31
466,1648771200000,22.428236863106243,1289765874.1240191,2022-04-01
467,1648857600000,25.69234770782188,1476837411.8659081,2022-04-02
468,1648944000000,37.68744502702491,2175255532.0483913,2022-04-03
469,1649030400000,38.555630828944395,2225563378.9248266,2022-04-04
470,1649116800000,34.98349588619909,2022773454.0876157,2022-04-05
471,1649203200000,33.10806696101137,1915806983.7067728,2022-04-06
472,1649289600000,30.713703403316654,1775299579.168005,2022-04-07
473,1649376000000,32.903337584610846,1902239899.647228,2022-04-08
474,1649462400000,30.433038963939822,1745598472.5832093,2022-04-09
475,1649548800000,31.023927345671062,1790316775.717161,2022-04-10
476,1649635200000,30.744704534310085,1778669825.8615088,2022-04-11
477,1649721600000,25.998383338982485,1505323877.6776803,2022-04-12
478,1649808000000,27.722544942778807,1600438281.607848,2022-04-13
479,1649894400000,33.275912257748075,1914411464.041449,2022-04-14
480,1649980800000,29.919899445085544,1728269313.4111602,2022-04-15
481,1650067200000,28.757821900141952,1659212931.620355,2022-04-16
482,1650153600000,28.819771809748033,1661619284.3129835,2022-04-17
483,1650240000000,30.503161029765355,1753366895.1611953,2022-04-18
484,1650326400000,35.04839621775854,2015961151.4887512,2022-04-19
485,1650412800000,34.103449128080285,1968748553.8770478,2022-04-20
486,1650499200000,36.125902183425765,2089273655.1561124,2022-04-21
487,1650585600000,32.63263777393136,1892460383.9912882,2022-04-22
488,1650672000000,30.149717625768034,1816486791.0049036,2022-04-23
489,1650758400000,30.58220255455049,1841434290.5041342,2022-04-24
490,1650844800000,28.563759328733642,1723738390.7799737,2022-04-25
491,1650931200000,28.87242355986204,1736357204.6944067,2022-04-26
492,1651017600000,27.87210695414444,1677004305.0568593,2022-04-27
493,1651104000000,27.53729059268639,1659747960.6277473,2022-04-28
494,1651190400000,26.458954872979664,1593500144.532568,2022-04-29
495,1651276800000,24.630699950076163,1487608598.0644233,2022-04-30
496,1651363200000,23.520696275077103,1414776803.6089714,2022-05-01
497,1651449600000,22.54156484879562,1358942064.0361516,2022-05-02
498,1651536000000,22.32360018140171,1344670091.357576,2022-05-03
499,1651622400000,25.46179143084548,1536143217.6107702,2022-05-04
500,1651708800000,29.06645134461608,1741534331.6221154,2022-05-05
501,1651795200000,25.776512421912585,1550862999.0791502,2022-05-06
502,1651881600000,25.011036054748313,1505855977.7023408,2022-05-07
503,1651968000000,23.42160912613889,1414957390.1810963,2022-05-08
504,1652054400000,22.301496589668986,1342426849.3539555,2022-05-09
505,1652140800000,17.12730558432527,1043247215.6330401,2022-05-10
506,1652227200000,17.855335392266454,1076467883.8065758,2022-05-11
507,1652313600000,11.764674864669232,712734602.5839347,2022-05-12
508,1652400000000,10.708899125103045,645685091.1695188,2022-05-13
509,1652486400000,11.46264589618135,689921317.1104339,2022-05-14
510,1652572800000,8.655130515988965,514819552.99791867,2022-05-15
511,1652659200000,9.168297014554463,552739426.399583,2022-05-16
512,1652745600000,8.349148409025148,503206637.2736152,2022-05-17
513,1652832000000,8.39638338209131,505236481.9729385,2022-05-18
514,1652918400000,7.035347725481493,423221474.6487148,2022-05-19
515,1653004800000,6.610525507495655,398407831.6934709,2022-05-20
516,1653091200000,6.251089578797941,376622809.48876303,2022-05-21
517,1653177600000,6.43743937963343,388187102.5032434,2022-05-22
518,1653264000000,8.18866260624241,492846165.98591757,2022-05-23
519,1653350400000,7.066686056591948,426767446.88612413,2022-05-24
520,1653436800000,6.936132196671153,417437235.0957188,2022-05-25
521,1653523200000,7.328046453428383,441754696.61162555,2022-05-26
522,1653609600000,6.75577098025364,406960610.34327114,2022-05-27
523,1653696000000,6.645840488371003,400024674.6521729,2022-05-28
524,1653782400000,6.8378640678517275,412416551.43549556,2022-05-29
525,1653868800000,6.888344936616177,414220326.8864539,2022-05-30
526,1653955200000,7.4433654503033475,448481216.4706594,2022-05-31
527,1654041600000,7.5106964741063384,453521197.91836804,2022-06-01
528,1654128000000,6.6353994814114605,400308986.85830665,2022-06-02
529,1654214400000,6.795791251242178,409353646.2864793,2022-06-03
530,1654300800000,6.4837910904716205,390604491.805653,2022-06-04
531,1654387200000,5.687026322455723,341979775.2832323,2022-06-05
532,1654473600000,5.6542521618901675,341023652.97934544,2022-06-06
533,1654560000000,5.775718302895682,348268019.3271994,2022-06-07
534,1654646400000,4.960974334946754,300630513.47204626,2022-06-08
535,1654732800000,5.718730581053176,345472598.7115348,2022-06-09
536,1654819200000,6.083603677281629,366766106.4154635,2022-06-10
537,1654905600000,5.642998892618643,340039758.0834103,2022-06-11
538,1654992000000,5.143959500967568,310065816.5249367,2022-06-12
539,1655078400000,5.376221070466263,325288956.5177095,2022-06-13
540,1655164800000,4.854547700545273,291070948.2081137,2022-06-14
541,1655251200000,4.614205837643042,278168640.194713,2022-06-15
542,1655337600000,4.536757753635194,273015787.3133169,2022-06-16
543,1655424000000,4.330420987628461,303423124.7404012,2022-06-17
544,1655510400000,4.084475003505085,286711576.1450179,2022-06-18
545,1655596800000,4.00085567359607,280230976.1510541,2022-06-19
546,1655683200000,4.232335555519415,296327508.06913596,2022-06-20
547,1655769600000,5.198456939987395,363883567.0568608,2022-06-21
548,1655856000000,5.232501341642813,366204687.0116589,2022-06-22
549,1655942400000,5.129631412927719,358917794.01339585,2022-06-23
550,1656028800000,5.220324599149952,365024238.5229523,2022-06-24
551,1656115200000,5.503217500399113,383850668.0952291,2022-06-25
552,1656201600000,5.421828913294919,377743737.33305734,2022-06-26
553,1656288000000,5.63431407992083,400355628.2038637,2022-06-27
554,1656374400000,5.3912660243945885,382661652.02128655,2022-06-28
555,1656460800000,4.921321167769936,351262455.20222694,2022-06-29
556,1656547200000,4.698316702432827,332940628.29477,2022-06-30
557,1656633600000,4.817831502352296,340032121.7456312,2022-07-01
558,1656720000000,4.91877130405261,349694938.7656718,2022-07-02
559,1656806400000,4.855955329274553,345052252.9156193,2022-07-03
560,1656892800000,4.792229379125742,340900997.05188906,2022-07-04
561,1656979200000,4.919264688579886,349643811.96575034,2022-07-05
562,1657065600000,5.2931861861302005,376990141.76353955,2022-07-06
563,1657152000000,5.323545121055718,378314718.53320014,2022-07-07
564,1657238400000,5.264954248124722,374364563.9416765,2022-07-08
565,1657324800000,5.1664543350509415,367635572.23481476,2022-07-09
566,1657411200000,5.222577443707955,371871996.92822194,2022-07-10
567,1657497600000,5.1445291854796,368324999.7970097,2022-07-11
568,1657584000000,5.065545424451685,362456253.84526336,2022-07-12
569,1657670400000,4.794415399506154,343184854.5214067,2022-07-13
570,1657756800000,4.844952669592173,346734212.72245026,2022-07-14
571,1657843200000,5.196948453732,372259553.8558636,2022-07-15
572,1657929600000,5.262721550174373,376330313.33871806,2022-07-16
573,1658016000000,5.514621848025882,394868244.3372618,2022-07-17
574,1658102400000,5.580396150461765,399373963.6388097,2022-07-18
575,1658188800000,6.153751850580637,438663411.5031285,2022-07-19
576,1658275200000,6.693821830544838,480115073.9300882,2022-07-20
577,1658361600000,6.6312997605526585,476317108.61145306,2022-07-21
578,1658448000000,6.668494398107461,442995129.50327,2022-07-22
579,1658534400000,6.73972825366857,446124013.7843639,2022-07-23
580,1658620800000,6.540243685940159,433376600.3457411,2022-07-24
581,1658707200000,6.694353247447491,444973206.4027415,2022-07-25
582,1658793600000,6.146020336503441,443105688.06367797,2022-07-26
583,1658880000000,5.860094560621274,422687083.10869634,2022-07-27
584,1658966400000,6.283011755314045,453165016.20016384,2022-07-28
585,1659052800000,7.082891966837872,511287812.8567715,2022-07-29
586,1659139200000,6.800720003554017,494233774.8842974,2022-07-30
587,1659225600000,7.2244947221272255,521267706.9690195,2022-07-31
588,1659312000000,7.438550656849894,537213400.2850661,2022-08-01
589,1659398400000,7.306113274262168,527727804.22656256,2022-08-02
590,1659484800000,7.017858716342296,503598805.62425053,2022-08-03
591,1659571200000,7.336223724104618,522212114.6583769,2022-08-04
592,1659657600000,7.182949513615233,510188726.05302286,2022-08-05
593,1659744000000,7.416682103030461,527234095.0589094,2022-08-06
594,1659830400000,7.175231606993169,510918244.9289582,2022-08-07
595,1659916800000,7.243329261105543,518655901.14017427,2022-08-08
596,1660003200000,7.703992326963138,550889699.7473996,2022-08-09
597,1660089600000,6.997187057013911,501781781.6122515,2022-08-10
598,1660176000000,7.013247327744593,501337309.64488417,2022-08-11
599,1660262400000,6.719816682565998,481423418.7360509,2022-08-12
600,1660348800000,6.779267264549889,485082883.9685629,2022-08-13
601,1660435200000,6.640660139840534,475637350.16759676,2022-08-14
602,1660521600000,6.428339417415035,461007027.09627324,2022-08-15
603,1660608000000,6.1482709358916825,440915578.6658101,2022-08-16
604,1660694400000,6.03382842598447,432221901.0283929,2022-08-17
605,1660780800000,5.879122905768927,419645724.7749376,2022-08-18
606,1660867200000,6.173416501106964,442539627.1925971,2022-08-19
607,1660953600000,6.348892969224485,455327997.70374835,2022-08-20
608,1661040000000,6.392882641281128,458071761.43323845,2022-08-21
609,1661126400000,6.808144875040614,454517135.2221647,2022-08-22
610,1661212800000,6.598802929137462,435842255.8512952,2022-08-23
611,1661299200000,6.444289023040603,426493113.39302427,2022-08-24
612,1661385600000,6.283256037053051,416272866.1888711,2022-08-25
613,1661472000000,6.356525449383375,420991596.98892456,2022-08-26
614,1661558400000,5.873758672829152,388823601.4066376,2022-08-27
615,1661644800000,5.670985523976242,375566830.99953276,2022-08-28
616,1661731200000,5.685607291265736,377110394.33914554,2022-08-29
617,1661817600000,5.804147840358269,384612816.83474076,2022-08-30
618,1661904000000,5.872473247717107,389680728.0630862,2022-08-31
619,1661990400000,5.752246750947996,381507774.97979414,2022-09-01
620,1662076800000,5.706965668405763,379575297.84112316,2022-09-02
621,1662163200000,6.127206720997753,440622764.9687113,2022-09-03
622,1662249600000,6.012293913351314,434269416.49894255,2022-09-04
623,1662336000000,6.31373577220548,454980325.0555396,2022-09-05
624,1662422400000,6.437132580393387,464985395.9782506,2022-09-06
625,1662508800000,6.156196474280318,446279585.9451035,2022-09-07
626,1662595200000,6.208059202780815,448669490.7448319,2022-09-08
627,1662681600000,6.238275458599346,450306728.4134999,2022-09-09
628,1662768000000,6.5185547871073215,470531568.1573202,2022-09-10
629,1662854400000,6.477649182836121,467937310.04697686,2022-09-11
630,1662940800000,6.541113904883337,472120868.1643261,2022-09-12
631,1663027200000,6.287527520697019,453681485.3296044,2022-09-13
632,1663113600000,5.627983037022319,406470797.8366952,2022-09-14
633,1663200000000,5.567951555223381,401223524.52294093,2022-09-15
634,1663286400000,5.385015411685332,388895614.2520145,2022-09-16
635,1663372800000,5.151058352587635,371915491.05924135,2022-09-17
636,1663459200000,5.340003854916574,385522416.94004095,2022-09-18
637,1663545600000,5.275582374966234,382639606.9283628,2022-09-19
638,1663632000000,5.320563227261184,385910232.8493561,2022-09-20
639,1663718400000,4.772592614848065,345215178.7089193,2022-09-21
640,1663804800000,4.446167013171874,299361879.71738017,2022-09-22
641,1663891200000,4.447252314859567,298741477.092218,2022-09-23
642,1663977600000,4.331574491862999,291982198.4788669,2022-09-24
643,1664064000000,4.256520206775814,286652082.2416572,2022-09-25
644,1664150400000,4.342368198597281,292291716.7922147,2022-09-26
645,1664236800000,4.334508244371909,291896127.748927,2022-09-27
646,1664323200000,4.248284333542816,286033602.53408784,2022-09-28
647,1664409600000,4.108251989819257,276767129.6035756,2022-09-29
648,1664496000000,4.1041404512345325,274528437.3617353,2022-09-30
649,1664582400000,4.115066146197305,276028965.4277684,2022-10-01
650,1664668800000,4.275710172297171,287424305.2598754,2022-10-02
651,1664755200000,4.212103713749793,284336568.7996025,2022-10-03
652,1664841600000,4.483297511702803,302248543.2883462,2022-10-04
653,1664928000000,4.7117446986494285,317103791.3200332,2022-10-05
654,1665014400000,4.729541015536127,318195385.7914522,2022-10-06
655,1665100800000,4.743982939274512,318676826.8160033,2022-10-07
656,1665187200000,4.837617577724561,324973746.5308717,2022-10-08
657,1665273600000,5.060172327953426,340097487.7331464,2022-10-09
658,1665360000000,5.081902150211325,340401347.34601945,2022-10-10
659,1665446400000,5.114722959562362,343701612.79209125,2022-10-11
660,1665532800000,4.870471713578449,327001364.64918697,2022-10-12
661,1665619200000,4.811549184243274,323812655.9776927,2022-10-13
662,1665705600000,4.897987958549976,329150953.89500964,2022-10-14
663,1665792000000,5.292080625316885,355820462.5943477,2022-10-15
664,1665878400000,6.013131543340832,403205440.4644009,2022-10-16
665,1665964800000,6.017231939501354,404639891.7848674,2022-10-17
666,1666051200000,6.120916993368098,413045303.91834396,2022-10-18
667,1666137600000,6.6968416842581,452237987.24258053,2022-10-19
668,1666224000000,6.10759661916354,413058945.4769158,2022-10-20
669,1666310400000,6.12868648280719,413376011.46023726,2022-10-21
670,1666396800000,6.182518611188953,417224381.86951876,2022-10-22
671,1666483200000,6.002295718269379,405034652.954512,2022-10-23
672,1666569600000,6.145438357368145,414295000.31571454,2022-10-24
673,1666656000000,5.883707483483604,397117141.3475708,2022-10-25
674,1666742400000,5.994575986214741,404691470.83956707,2022-10-26
675,1666828800000,6.1050902700639,412268198.3779947,2022-10-27
676,1666915200000,6.056760721339537,409130749.6291995,2022-10-28
677,1667001600000,6.36991650080263,426758643.452299,2022-10-29
678,1667088000000,6.954111998663473,469249245.20290047,2022-10-30
679,1667174400000,6.6446589394108,447064376.10131824,2022-10-31
680,1667260800000,6.853934154115344,459331635.631061,2022-11-01
681,1667347200000,6.5830785357300385,443417267.2304722,2022-11-02
682,1667433600000,6.352334815486893,427699290.56275284,2022-11-03
683,1667520000000,6.512050161503921,438324107.37095577,2022-11-04
684,1667606400000,6.8902771434310175,464023001.6165856,2022-11-05
685,1667692800000,7.0014065378194505,471516728.8512595,2022-11-06
686,1667779200000,6.893507559648092,464411002.3285727,2022-11-07
687,1667865600000,6.699973846244718,450779213.09890825,2022-11-08
688,1667952000000,5.5364510445405,374767472.4838451,2022-11-09
689,1668038400000,5.25910729790109,355578477.58464295,2022-11-10
690,1668124800000,5.372269065364511,361997360.4397922,2022-11-11
691,1668211200000,4.934291173928566,333573201.8932485,2022-11-12
692,1668297600000,4.424093025622582,298139129.5074727,2022-11-13
693,1668384000000,4.635288234552152,312246547.4878675,2022-11-14
694,1668470400000,4.7573537501311405,321488315.90241456,2022-11-15
695,1668556800000,4.707894516145925,318897203.15193415,2022-11-16
696,1668643200000,4.603772893095403,311581232.51663584,2022-11-17
697,1668729600000,4.434654975334708,300472361.92302406,2022-11-18
698,1668816000000,4.424677334370936,299766373.9079935,2022-11-19
699,1668902400000,4.532182003826013,307167989.4145035,2022-11-20
