,Time,open,mktcap,Date
0,1600214400000,0.001550429300627122,0.0,2020-09-16
1,1600300800000,0.001550429300627122,0.0,2020-09-17
2,1600387200000,0.002191176773115626,0.0,2020-09-18
3,1600473600000,0.0015665260794873559,0.0,2020-09-19
4,1600560000000,0.0015448084787848134,0.0,2020-09-20
5,1600646400000,0.001696839956035796,0.0,2020-09-21
6,1600732800000,0.001289182166957347,0.0,2020-09-22
7,1600819200000,0.0014261995033646431,0.0,2020-09-23
8,1600905600000,0.0010891405031497037,0.0,2020-09-24
9,1600992000000,0.0010719476999757423,0.0,2020-09-25
10,1601078400000,0.0010598792584865563,0.0,2020-09-26
11,1601164800000,0.001035519546787846,0.0,2020-09-27
12,1601251200000,0.001005805317442013,0.0,2020-09-28
13,1601337600000,0.0010399503519587972,0.0,2020-09-29
14,1601424000000,0.0008064585090374665,0.0,2020-09-30
15,1601510400000,0.0008343817051340617,0.0,2020-10-01
16,1601596800000,0.0008997766883595821,0.0,2020-10-02
17,1601683200000,0.0008547012980242086,0.0,2020-10-03
18,1601769600000,0.000932866322254502,0.0,2020-10-04
19,1601856000000,0.0009910525161237623,0.0,2020-10-05
20,1601942400000,0.0011467083964139162,0.0,2020-10-06
21,1602028800000,0.0009921021925863055,0.0,2020-10-07
22,1602115200000,0.0008901532120564197,0.0,2020-10-08
23,1602201600000,0.0009044385395599279,0.0,2020-10-09
24,1602288000000,0.0006913355713767508,0.0,2020-10-10
25,1602374400000,0.0006433945369027942,0.0,2020-10-11
26,1602460800000,0.0006521903523487339,0.0,2020-10-12
27,1602547200000,0.0007024057640394295,0.0,2020-10-13
28,1602633600000,0.0005652452539098747,0.0,2020-10-14
29,1602720000000,0.00044874709091463947,0.0,2020-10-15
30,1602806400000,0.00050356091165397,0.0,2020-10-16
31,1602892800000,0.0005598333557423274,0.0,2020-10-17
32,1602979200000,0.0005034833790171641,0.0,2020-10-18
33,1603065600000,0.0004451041285991519,0.0,2020-10-19
34,1603152000000,0.00038990678299876953,0.0,2020-10-20
35,1603238400000,0.0003093638945923102,0.0,2020-10-21
36,1603324800000,0.0003185568516369137,0.0,2020-10-22
37,1603411200000,0.00032638631053325895,0.0,2020-10-23
38,1603497600000,0.00040208591007395277,0.0,2020-10-24
39,1603584000000,0.0003408860760810141,0.0,2020-10-25
40,1603670400000,0.00034712649841690184,0.0,2020-10-26
41,1603756800000,0.0003080890233618672,0.0,2020-10-27
42,1603843200000,0.00031501716354915025,0.0,2020-10-28
43,1603929600000,0.0001979945832911882,0.0,2020-10-29
44,1604016000000,0.00027942952127053513,0.0,2020-10-30
45,1604102400000,0.00030160855618361997,0.0,2020-10-31
46,1604188800000,0.0002902252396333238,0.0,2020-11-01
47,1604275200000,0.0002679201413078971,0.0,2020-11-02
48,1604361600000,0.00029601128613015976,0.0,2020-11-03
49,1604448000000,0.0003131173795741371,0.0,2020-11-04
50,1604534400000,0.0003816257651667948,0.0,2020-11-05
51,1604620800000,0.00041601472636324703,0.0,2020-11-06
52,1604707200000,0.000449597217039214,0.0,2020-11-07
53,1604793600000,0.00040172825860092167,0.0,2020-11-08
54,1604880000000,0.0003781246847227207,0.0,2020-11-09
55,1604966400000,0.00039312504064481437,0.0,2020-11-10
56,1605052800000,0.00036036718401776413,0.0,2020-11-11
57,1605139200000,0.0003474687146453763,0.0,2020-11-12
58,1605225600000,0.0003545707623224971,0.0,2020-11-13
59,1605312000000,0.00038273846278534865,0.0,2020-11-14
60,1605398400000,0.0003772092150185584,0.0,2020-11-15
61,1605484800000,0.00032666539403801355,0.0,2020-11-16
62,1605571200000,0.0003300267020876759,0.0,2020-11-17
63,1605657600000,0.00032648319315973335,0.0,2020-11-18
64,1605744000000,0.000318549895137621,0.0,2020-11-19
65,1605830400000,0.0003358304729940807,0.0,2020-11-20
66,1605916800000,0.00029085605398603074,0.0,2020-11-21
67,1606003200000,0.0002293440728761849,0.0,2020-11-22
68,1606089600000,0.00020613625117439407,0.0,2020-11-23
69,1606176000000,0.00024077030805694675,6680625.241443439,2020-11-24
70,1606262400000,0.0002547289778490134,1872805.616946117,2020-11-25
71,1606348800000,0.00025716068743612835,1919205.1650889982,2020-11-26
72,1606435200000,0.0002384889346458444,1787075.2268230016,2020-11-27
73,1606521600000,0.000266412534954721,1943582.8121808155,2020-11-28
74,1606608000000,0.00026399092305760103,1948748.5625295117,2020-11-29
75,1606694400000,0.00025435889109115545,1863304.247865607,2020-11-30
76,1606780800000,0.0002903602251529624,2149999.52552082,2020-12-01
77,1606867200000,0.00030462957334018295,2223075.7090166286,2020-12-02
78,1606953600000,0.0003093305429252378,2316552.4958914164,2020-12-03
79,1607040000000,0.0003011763321662963,2230270.928058241,2020-12-04
80,1607126400000,0.00029609924842235986,2193253.8726383583,2020-12-05
81,1607212800000,0.00028426716178684395,2117158.2814522083,2020-12-06
82,1607299200000,0.00028038371693605554,2052951.9063055434,2020-12-07
83,1607385600000,0.00028147373984382457,2081927.74940929,2020-12-08
84,1607472000000,0.0002796474550600548,2071803.255918841,2020-12-09
85,1607558400000,0.00028470880150139157,2085617.908945187,2020-12-10
86,1607644800000,0.0002794141883258854,2124388.5752715636,2020-12-11
87,1607731200000,0.0002707049833390889,1977336.0646797654,2020-12-12
88,1607817600000,0.00025701429284707354,1912308.1933088144,2020-12-13
89,1607904000000,0.00026372874205025525,1962446.8481299882,2020-12-14
90,1607990400000,0.00027917642174321767,1998778.8524872416,2020-12-15
91,1608076800000,0.0002665564917961342,1998125.2995118995,2020-12-16
92,1608163200000,0.0002660410035537129,2075329.3348917176,2020-12-17
93,1608249600000,0.0002645133704616357,1810364.1053878712,2020-12-18
94,1608336000000,0.00024724439361828806,1833943.29275827,2020-12-19
95,1608422400000,0.0002855052263529372,2134801.828761625,2020-12-20
96,1608508800000,0.00026913655139647514,1980125.3833699806,2020-12-21
97,1608595200000,0.00031216993493955145,2338994.618929709,2020-12-22
98,1608681600000,0.0002701359694517523,2018363.5585850934,2020-12-23
99,1608768000000,0.00023280401819943008,1772259.3652218191,2020-12-24
100,1608854400000,0.00024362613541535885,1831870.1156969466,2020-12-25
101,1608940800000,0.00027395813995076564,2046518.964138138,2020-12-26
102,1609027200000,0.00025372822230257803,1952689.268865749,2020-12-27
103,1609113600000,0.00024245504732786456,1788554.936892606,2020-12-28
104,1609200000000,0.00024219913929959195,1757762.5862787203,2020-12-29
105,1609286400000,0.0005758731759367868,4346611.568271445,2020-12-30
106,1609372800000,0.0016391285461647683,11563549.845348585,2020-12-31
107,1609459200000,0.001494691420933886,11278526.072849406,2021-01-01
108,1609545600000,0.0010264793301679616,7740600.174539501,2021-01-02
109,1609632000000,0.0011135630710790928,8372406.320785664,2021-01-03
110,1609718400000,0.0010929861005924278,8115968.507983185,2021-01-04
111,1609804800000,0.0013790534608687877,10301208.068797462,2021-01-05
112,1609891200000,0.0014616064808522726,10984026.24927125,2021-01-06
113,1609977600000,0.0013214100600718337,9939132.693837626,2021-01-07
114,1610064000000,0.001246518657262058,9152770.268822882,2021-01-08
115,1610150400000,0.0013177069084153766,9843244.063610455,2021-01-09
116,1610236800000,0.0014867443572307696,10448590.283255626,2021-01-10
117,1610323200000,0.001309302117087647,9953507.931074983,2021-01-11
118,1610409600000,0.0010626930895594566,7969624.718913012,2021-01-12
119,1610496000000,0.001112542546842756,8343470.173532372,2021-01-13
120,1610582400000,0.0011223998842736145,8431464.40509428,2021-01-14
121,1610668800000,0.0011772042994478084,8887820.002679672,2021-01-15
122,1610755200000,0.0012037864298038454,9095859.084775995,2021-01-16
123,1610841600000,0.0012009723137922845,9070006.561011182,2021-01-17
124,1610928000000,0.0011436910865509245,8691796.488058064,2021-01-18
125,1611014400000,0.0011314170247375855,8569188.062175203,2021-01-19
126,1611100800000,0.0011376069970420574,8583806.29371179,2021-01-20
127,1611187200000,0.001151491710511379,8751212.669195252,2021-01-21
128,1611273600000,0.0012124033301581002,9197224.97505972,2021-01-22
129,1611360000000,0.0012290720149262535,9264339.04738936,2021-01-23
130,1611446400000,0.0011747052790375078,9192699.179878289,2021-01-24
131,1611532800000,0.0014182218525575514,10200249.057477688,2021-01-25
132,1611619200000,0.0013866436325191194,10410369.465470375,2021-01-26
133,1611705600000,0.001543267348157304,11808482.392097684,2021-01-27
134,1611792000000,0.001385324572420812,10382770.732717607,2021-01-28
135,1611878400000,0.0016222584736935368,12458668.519847019,2021-01-29
136,1611964800000,0.0035700054394563314,25919461.33488779,2021-01-30
137,1612051200000,0.0030040122546844783,22543100.4354868,2021-01-31
138,1612137600000,0.003106672423736545,23281823.016871236,2021-02-01
139,1612224000000,0.003047521803144798,23057199.888343625,2021-02-02
140,1612310400000,0.004332104013676455,33026935.753519192,2021-02-03
141,1612396800000,0.007119341995177103,53174811.55310005,2021-02-04
142,1612483200000,0.006418423100547943,49267598.68687681,2021-02-05
143,1612569600000,0.0073440108561863195,53886086.54911686,2021-02-06
144,1612656000000,0.009053438057232282,68266851.694542,2021-02-07
145,1612742400000,0.011562210444722958,95879052.840347,2021-02-08
146,1612828800000,0.017099647179867932,130889054.45932086,2021-02-09
147,1612915200000,0.01524086257915207,112548519.1366859,2021-02-10
148,1613001600000,0.0157270530107945,120008251.25248632,2021-02-11
149,1613088000000,0.013626094495337025,103884612.48582862,2021-02-12
150,1613174400000,0.013020222011571169,99851687.0901306,2021-02-13
151,1613260800000,0.013781221067776206,105868825.21143545,2021-02-14
152,1613347200000,0.014094844408621163,105763189.14568229,2021-02-15
153,1613433600000,0.013626300042774212,105023098.45582272,2021-02-16
154,1613520000000,0.01562538159984342,118478701.90564597,2021-02-17
155,1613606400000,0.016615234846305983,122549764.87232089,2021-02-18
156,1613692800000,0.018196662762863473,136783393.04176462,2021-02-19
157,1613779200000,0.017712461837352006,133437458.9287378,2021-02-20
158,1613865600000,0.017699810280328375,132509763.23547782,2021-02-21
159,1613952000000,0.016980692966599934,128365276.15548763,2021-02-22
160,1614038400000,0.016135246923685988,120817762.04418153,2021-02-23
161,1614124800000,0.015456359621855785,116579539.4683807,2021-02-24
162,1614211200000,0.02253059836660471,169936960.95241746,2021-02-25
163,1614297600000,0.024409985482619204,185709727.14465186,2021-02-26
164,1614384000000,0.026872770737096097,202672621.78231338,2021-02-27
165,1614470400000,0.0327200727120193,244624261.7516132,2021-02-28
166,1614556800000,0.028996657161629875,217988716.08992887,2021-03-01
167,1614643200000,0.02768939964274974,208300772.44547766,2021-03-02
168,1614729600000,0.0261779760134158,200315646.5030335,2021-03-03
169,1614816000000,0.030344170678747544,228970416.1979714,2021-03-04
170,1614902400000,0.030511144958546017,225633760.8472238,2021-03-05
171,1614988800000,0.03212307144974928,240712770.0141023,2021-03-06
172,1615075200000,0.032151910648522984,242686310.92696986,2021-03-07
173,1615161600000,0.031142332673108588,234556643.0816731,2021-03-08
174,1615248000000,0.030313505817706775,231231770.91596004,2021-03-09
175,1615334400000,0.02895265741370119,232923200.91309935,2021-03-10
176,1615420800000,0.03228907649096196,242880695.23323235,2021-03-11
177,1615507200000,0.03133588833868961,237130356.2551351,2021-03-12
178,1615593600000,0.029975467548031768,226002249.6999889,2021-03-13
179,1615680000000,0.03049647284675397,232310703.94117188,2021-03-14
180,1615766400000,0.02935659139089262,221421989.94078407,2021-03-15
181,1615852800000,0.028950019616250006,218564042.67377022,2021-03-16
182,1615939200000,0.027353481728842,207711553.36195695,2021-03-17
183,1616025600000,0.025938604925123683,195519532.5874923,2021-03-18
184,1616112000000,0.025658804117790226,194244093.1200434,2021-03-19
185,1616198400000,0.025632915311612815,192550015.26891482,2021-03-20
186,1616284800000,0.025970182758684162,194192773.6399283,2021-03-21
187,1616371200000,0.024661708800510038,184370607.82413572,2021-03-22
188,1616457600000,0.022800455164914347,166754262.10665888,2021-03-23
189,1616544000000,0.02411167555046894,179571349.2633092,2021-03-24
190,1616630400000,0.02269436091865945,173956247.28710023,2021-03-25
191,1616716800000,0.023642082262665842,177299736.31889918,2021-03-26
192,1616803200000,0.026855709071804103,202646053.5629069,2021-03-27
193,1616889600000,0.028131851774091488,212533078.75712264,2021-03-28
194,1616976000000,0.028733654723081783,211663795.29675534,2021-03-29
195,1617062400000,0.027950723301507586,205968752.0471533,2021-03-30
196,1617148800000,0.026284812659476048,196898355.48355752,2021-03-31
197,1617235200000,0.02582156552115554,195028330.50209484,2021-04-01
198,1617321600000,0.023857144878072292,179942433.46818373,2021-04-02
199,1617408000000,0.02504013142141133,188871897.1493784,2021-04-03
200,1617494400000,0.024706750651669426,186951565.88301212,2021-04-04
201,1617580800000,0.02431602695796637,182924281.15426368,2021-04-05
202,1617667200000,0.02308601832777785,172811355.23898783,2021-04-06
203,1617753600000,0.025889854110812016,194576421.5201212,2021-04-07
204,1617840000000,0.02514811743255245,184832562.17405352,2021-04-08
205,1617926400000,0.025049554938411097,187981462.7986889,2021-04-09
206,1618012800000,0.027294000815295944,205647347.32754835,2021-04-10
207,1618099200000,0.026895379143636905,208033131.93157437,2021-04-11
208,1618185600000,0.02651923740208871,197806504.4370783,2021-04-12
209,1618272000000,0.026263598066269465,198403325.82672313,2021-04-13
210,1618358400000,0.026000278639523325,194212234.50503778,2021-04-14
211,1618444800000,0.026143943220817884,199490602.8671889,2021-04-15
212,1618531200000,0.026429914073674513,197910933.84010425,2021-04-16
213,1618617600000,0.024574091452122915,186475669.50869,2021-04-17
214,1618704000000,0.025606459322893797,193136631.6721585,2021-04-18
215,1618790400000,0.024924731560141737,184332470.19412032,2021-04-19
216,1618876800000,0.02469465446077169,186318505.65242824,2021-04-20
217,1618963200000,0.026501538833360032,199748005.5185926,2021-04-21
218,1619049600000,0.024450039088882294,187924078.99772504,2021-04-22
219,1619136000000,0.02302708364351913,175372209.55616933,2021-04-23
220,1619222400000,0.023108075163379916,170733769.1440702,2021-04-24
221,1619308800000,0.020743185604192256,156304372.0695929,2021-04-25
222,1619395200000,0.02125898960425003,161370652.4882524,2021-04-26
223,1619481600000,0.022290923739295008,167343817.70763016,2021-04-27
224,1619568000000,0.020726300486416525,159187840.60692787,2021-04-28
225,1619654400000,0.020000493491229857,149265656.55310127,2021-04-29
226,1619740800000,0.018959239378869366,140860681.54269353,2021-04-30
227,1619827200000,0.020842823144437084,157457274.1107344,2021-05-01
228,1619913600000,0.02084638969381345,154129049.86659315,2021-05-02
229,1620000000000,0.02033184552182262,153327982.48129103,2021-05-03
230,1620086400000,0.019931499164034524,150732818.72855902,2021-05-04
231,1620172800000,0.020103958750223732,148186410.7741777,2021-05-05
232,1620259200000,0.019402151251244216,146903579.24203995,2021-05-06
233,1620345600000,0.018478032064603366,139587399.63845223,2021-05-07
234,1620432000000,0.01839999507189329,138461723.77103567,2021-05-08
235,1620518400000,0.018156324836324265,136003765.61763933,2021-05-09
236,1620604800000,0.017505817448677314,131884647.9792118,2021-05-10
237,1620691200000,0.015499119124362176,116247327.9558682,2021-05-11
238,1620777600000,0.015008225827304572,112405064.3638604,2021-05-12
239,1620864000000,0.013351923791988355,105540141.79936673,2021-05-13
240,1620950400000,0.013621768449771563,102162891.81400727,2021-05-14
241,1621036800000,0.013943261008249316,106347765.84234211,2021-05-15
242,1621123200000,0.013875201880354845,104640269.5383708,2021-05-16
243,1621209600000,0.016096906538276137,121120061.84960769,2021-05-17
244,1621296000000,0.015503618237341685,117511286.42352907,2021-05-18
245,1621382400000,0.017615560897341637,134287197.9871817,2021-05-19
246,1621468800000,0.01355525450524035,101838493.99928233,2021-05-20
247,1621555200000,0.012498076825312331,93588932.61535038,2021-05-21
248,1621641600000,0.012440108179648758,93601533.59102696,2021-05-22
249,1621728000000,0.011529069887895364,88500554.49155058,2021-05-23
250,1621814400000,0.010037226562790491,74820021.386227,2021-05-24
251,1621900800000,0.012441318828869702,93822437.36083181,2021-05-25
252,1621987200000,0.011981718584904507,92441614.95625602,2021-05-26
253,1622073600000,0.013312082094233796,100334536.77407283,2021-05-27
254,1622160000000,0.011610903687173792,87575201.26203713,2021-05-28
255,1622246400000,0.010971675441734559,82752700.80193825,2021-05-29
256,1622332800000,0.010483177421997999,79299370.8881239,2021-05-30
257,1622419200000,0.010874264358188354,81950100.23620586,2021-05-31
258,1622505600000,0.012438673690321542,95004732.91305539,2021-06-01
259,1622592000000,0.0129401926121676,98470350.58895834,2021-06-02
260,1622678400000,0.012553357288680454,94677695.28841351,2021-06-03
261,1622764800000,0.013170275373412376,102730134.5177784,2021-06-04
262,1622851200000,0.01218211039674098,91958369.0058537,2021-06-05
263,1622937600000,0.012725573095046598,95012896.65629107,2021-06-06
264,1623024000000,0.014528463759774868,112350691.96494257,2021-06-07
265,1623110400000,0.012261519472156339,95110747.48992963,2021-06-08
266,1623196800000,0.01096365693901702,84353561.1776413,2021-06-09
267,1623283200000,0.011161352525425066,84287233.66502193,2021-06-10
268,1623369600000,0.010926694178915177,82335980.45487975,2021-06-11
269,1623456000000,0.010073421537653319,76507743.30390516,2021-06-12
270,1623542400000,0.00988111771872547,74875941.3006312,2021-06-13
271,1623628800000,0.01020812923188712,76994779.74130043,2021-06-14
272,1623715200000,0.010029091945176311,75601785.8626141,2021-06-15
273,1623801600000,0.009838676582205143,74319389.73207325,2021-06-16
274,1623888000000,0.009552012383803878,72073648.58345991,2021-06-17
275,1623974400000,0.00926488870627658,69880391.31001033,2021-06-18
276,1624060800000,0.00961921479443911,71991525.1846576,2021-06-19
277,1624147200000,0.009702518918539106,73641263.15961592,2021-06-20
278,1624233600000,0.008927959810321363,67345802.69182639,2021-06-21
279,1624320000000,0.006945584625341766,52655408.51255612,2021-06-22
280,1624406400000,0.006371204854992136,47966639.81227051,2021-06-23
281,1624492800000,0.006493926017644585,48421450.094739676,2021-06-24
282,1624579200000,0.006532450310682111,49258736.54234678,2021-06-25
283,1624665600000,0.006738335829688136,50881580.297756575,2021-06-26
284,1624752000000,0.007018025959417954,52681484.07498718,2021-06-27
285,1624838400000,0.007391925187814991,55875509.276461214,2021-06-28
286,1624924800000,0.008609086006422564,64727413.96014038,2021-06-29
287,1625011200000,0.008474931278927133,63712827.7386769,2021-06-30
288,1625097600000,0.00871952194203339,65813740.1735744,2021-07-01
289,1625184000000,0.008775000187355253,66185408.835227676,2021-07-02
290,1625270400000,0.00828927352847628,62453792.13650006,2021-07-03
291,1625356800000,0.00914048698936926,68907118.54959247,2021-07-04
292,1625443200000,0.008873904202554225,67195077.7796122,2021-07-05
293,1625529600000,0.008471610981438263,63718494.65445273,2021-07-06
294,1625616000000,0.008277321860861643,62456568.71073034,2021-07-07
295,1625702400000,0.008122032552988169,61291259.72532626,2021-07-08
296,1625788800000,0.00751928159810453,56679354.28915715,2021-07-09
297,1625875200000,0.007128705763992176,53758702.55211625,2021-07-10
298,1625961600000,0.008082385894108162,60961367.902472176,2021-07-11
299,1626048000000,0.008430264360572632,63595901.87885918,2021-07-12
300,1626134400000,0.008091756640180048,61010237.94495481,2021-07-13
301,1626220800000,0.013531101451129924,101458708.59909287,2021-07-14
302,1626307200000,0.0145525802632623,111724798.8427228,2021-07-15
303,1626393600000,0.014649944946295198,110553474.94671853,2021-07-16
304,1626480000000,0.012823836363325857,96585808.02910613,2021-07-17
305,1626566400000,0.012285165127656518,92903553.19099782,2021-07-18
306,1626652800000,0.01345168833581064,101131541.8331925,2021-07-19
307,1626739200000,0.011695370336719886,88219179.02676055,2021-07-20
308,1626825600000,0.011120926442034176,83841049.76349486,2021-07-21
309,1626912000000,0.011960984474945823,89986833.50860901,2021-07-22
310,1626998400000,0.009887417353648594,74521905.45792226,2021-07-23
311,1627084800000,0.010856984735009697,82033110.18861268,2021-07-24
312,1627171200000,0.01664930814120112,125407877.96631609,2021-07-25
313,1627257600000,0.01894929085835699,141731791.00307238,2021-07-26
314,1627344000000,0.0191288843013983,144351605.1757971,2021-07-27
315,1627430400000,0.025362094071954368,191069468.95727086,2021-07-28
316,1627516800000,0.028299533691463867,213387807.1408154,2021-07-29
317,1627603200000,0.024797922408696105,187430940.7402042,2021-07-30
318,1627689600000,0.02161330873602789,164838860.52199468,2021-07-31
319,1627776000000,0.02557407242778961,193812886.1043016,2021-08-01
320,1627862400000,0.022802576864664168,172438095.08492666,2021-08-02
321,1627948800000,0.019760889149895954,147667698.08298185,2021-08-03
322,1628035200000,0.018235336377795612,137185697.36899397,2021-08-04
323,1628121600000,0.020300781572294598,152154825.58635056,2021-08-05
324,1628208000000,0.019816454956829863,149641858.07325038,2021-08-06
325,1628294400000,0.017595549008149663,132714368.08204399,2021-08-07
326,1628380800000,0.017526173645885566,132110989.08258966,2021-08-08
327,1628467200000,0.018485047531731462,137149560.03744456,2021-08-09
328,1628553600000,0.01820735328911521,139013663.10925442,2021-08-10
329,1628640000000,0.020262773625753613,152097036.65540117,2021-08-11
330,1628726400000,0.024666173376614708,186195741.14946726,2021-08-12
331,1628812800000,0.022243446653820508,167601163.64747208,2021-08-13
332,1628899200000,0.02070076368893884,158528116.69375068,2021-08-14
333,1628985600000,0.018923621057056236,143556294.66038355,2021-08-15
334,1629072000000,0.01858148227810929,140143445.19790488,2021-08-16
335,1629158400000,0.018626954869241534,139840024.56474194,2021-08-17
336,1629244800000,0.0202153980523256,153473962.56231612,2021-08-18
337,1629331200000,0.0199038846159622,150147601.8740146,2021-08-19
338,1629417600000,0.020640178579797993,154165512.39678696,2021-08-20
339,1629504000000,0.02114986354739348,159484251.6042497,2021-08-21
340,1629590400000,0.020707082841834555,156974410.25989217,2021-08-22
341,1629676800000,0.025519258471523608,194171749.22220868,2021-08-23
342,1629763200000,0.027160995446232895,204869290.29043153,2021-08-24
343,1629849600000,0.027468100134198332,207178051.11031252,2021-08-25
344,1629936000000,0.02890915737245995,217601650.58359447,2021-08-26
345,1630022400000,0.03258570209578708,245421877.14847082,2021-08-27
346,1630108800000,0.031045769617399004,236541266.2596895,2021-08-28
347,1630195200000,0.029893757566069278,225602867.47186136,2021-08-29
348,1630281600000,0.028633608742557933,216637928.05961475,2021-08-30
349,1630368000000,0.026617883392245686,201185192.22742188,2021-08-31
350,1630454400000,0.025188268038945427,189989752.61087272,2021-09-01
351,1630540800000,0.02622165234683256,198237891.25216576,2021-09-02
352,1630627200000,0.025670489610993896,193652246.54112065,2021-09-03
353,1630713600000,0.024116382942498012,181660185.88919935,2021-09-04
354,1630800000000,0.023720737469810026,179287840.36724246,2021-09-05
355,1630886400000,0.023949952326990452,180582508.8909473,2021-09-06
356,1630972800000,0.024121427369650898,181709976.22942123,2021-09-07
357,1631059200000,0.023078183379925763,173034750.44225562,2021-09-08
358,1631145600000,0.021205720774815057,160272755.51345742,2021-09-09
359,1631232000000,0.022143407799776287,169879752.441655,2021-09-10
360,1631318400000,0.02127973881967934,160463801.0579465,2021-09-11
361,1631404800000,0.021314148865583443,160792363.20489553,2021-09-12
362,1631491200000,0.02120736536666968,160163914.21183258,2021-09-13
363,1631577600000,0.0477257170670722,362430327.1121747,2021-09-14
364,1631664000000,0.04449846565560574,337834814.8633946,2021-09-15
365,1631750400000,0.052793985012937396,395917602.4801794,2021-09-16
366,1631836800000,0.10253186468334745,768504820.9329096,2021-09-17
367,1631923200000,0.11337277012185842,858722311.33295,2021-09-18
368,1632009600000,0.11714064790471039,881795922.6297032,2021-09-19
369,1632096000000,0.10950726679896403,825972965.7925472,2021-09-20
370,1632182400000,0.08944658546638472,668068382.6073717,2021-09-21
371,1632268800000,0.09843968024243949,735154436.9504008,2021-09-22
372,1632355200000,0.1079852311884756,810222696.2971723,2021-09-23
373,1632441600000,0.11357461530540262,857433647.8816172,2021-09-24
374,1632528000000,0.09721488309257051,734047140.8171502,2021-09-25
375,1632614400000,0.09285904907124497,700807648.4066186,2021-09-26
376,1632700800000,0.08713388034523196,657024571.0498147,2021-09-27
377,1632787200000,0.08417879988168225,641213758.6715168,2021-09-28
378,1632873600000,0.07659427922174702,589107429.4453189,2021-09-29
379,1632960000000,0.0829552185799038,623455964.7718034,2021-09-30
380,1633046400000,0.10039530781000505,754570580.393295,2021-10-01
381,1633132800000,0.10108018404379893,763015751.5916281,2021-10-02
382,1633219200000,0.10212513384655303,770375398.9679626,2021-10-03
383,1633305600000,0.11550874693103293,871813791.2105494,2021-10-04
384,1633392000000,0.11223146345810718,846670596.7088197,2021-10-05
385,1633478400000,0.10518994199147486,796345727.3990829,2021-10-06
386,1633564800000,0.09939877811651057,750151977.9405525,2021-10-07
387,1633651200000,0.09648646726562238,725760572.8033113,2021-10-08
388,1633737600000,0.09886334040114517,746408462.6986694,2021-10-09
389,1633824000000,0.09929867536829275,750652746.6008961,2021-10-10
390,1633910400000,0.09101340263218993,686524202.8050562,2021-10-11
391,1633996800000,0.08867660641289322,667923475.7781395,2021-10-12
392,1634083200000,0.0852863850623096,646144290.543189,2021-10-13
393,1634169600000,0.0849320909127677,641072213.0987328,2021-10-14
394,1634256000000,0.09161628433759474,692204590.7974099,2021-10-15
395,1634342400000,0.08976039347954064,676892495.1630894,2021-10-16
396,1634428800000,0.08700302448247907,653745406.0624654,2021-10-17
397,1634515200000,0.08378205922037957,636344543.6173116,2021-10-18
398,1634601600000,0.08346576841124,625276203.5969352,2021-10-19
399,1634688000000,0.0835409139051652,629076243.5495276,2021-10-20
400,1634774400000,0.08679008079780474,657314738.0893306,2021-10-21
401,1634860800000,0.08331221905444998,629168518.9598261,2021-10-22
402,1634947200000,0.08417445974816286,635046046.8681555,2021-10-23
403,1635033600000,0.08471878224051739,638779304.2231354,2021-10-24
404,1635120000000,0.08207026769101193,619049319.9450924,2021-10-25
405,1635206400000,0.08481605778078787,639746151.778661,2021-10-26
406,1635292800000,0.09013500725992725,677592660.8213415,2021-10-27
407,1635379200000,0.07519356834312384,568136438.2588679,2021-10-28
408,1635465600000,0.08044967679277318,605609639.1258929,2021-10-29
409,1635552000000,0.09236265023448231,698952254.6733154,2021-10-30
410,1635638400000,0.10476413768926773,790271079.8762411,2021-10-31
411,1635724800000,0.09587269423325837,724307461.5716559,2021-11-01
412,1635811200000,0.09104546610926591,687308022.5726336,2021-11-02
413,1635897600000,0.09683652869686961,728303620.7331318,2021-11-03
414,1635984000000,0.09553358880962776,720619212.4249704,2021-11-04
415,1636070400000,0.09227203381439089,689552166.4850048,2021-11-05
416,1636156800000,0.09167145790529452,689730720.6784073,2021-11-06
417,1636243200000,0.09076670987006158,680068244.1034139,2021-11-07
418,1636329600000,0.0909725400796606,686537787.561507,2021-11-08
419,1636416000000,0.09166519092365112,688217075.4019926,2021-11-09
420,1636502400000,0.08919133924513195,675591865.7515426,2021-11-10
421,1636588800000,0.08216535677982229,619608730.7061794,2021-11-11
422,1636675200000,0.08626006976863383,651246114.5977428,2021-11-12
423,1636761600000,0.0842873738724524,635158980.3262197,2021-11-13
424,1636848000000,0.09465983953139613,713041680.007798,2021-11-14
425,1636934400000,0.09373246404748588,702625898.4371475,2021-11-15
426,1637020800000,0.12057272722896825,895218431.8364831,2021-11-16
427,1637107200000,0.11642278458755889,889318286.551937,2021-11-17
428,1637193600000,0.23238268338720017,1797855126.4883,2021-11-18
429,1637280000000,0.2318513356708589,1766358772.5921867,2021-11-19
430,1637366400000,0.23387801573758987,1747706239.1907623,2021-11-20
431,1637452800000,0.35217522857824235,2647569475.723996,2021-11-21
432,1637539200000,0.376002129404344,2842322386.793068,2021-11-22
433,1637625600000,0.39180888131354746,2955726236.6108356,2021-11-23
434,1637712000000,0.37786542022734054,2849805300.8119903,2021-11-24
435,1637798400000,0.5725774888668089,4286043844.9583225,2021-11-25
436,1637884800000,0.7192389817668723,5417820442.161443,2021-11-26
437,1637971200000,0.71451771634628,5389033211.406183,2021-11-27
438,1638057600000,0.6576820398662881,4903671570.801777,2021-11-28
439,1638144000000,0.7125621556884096,5368027154.697147,2021-11-29
440,1638230400000,0.6501129839244285,4979988632.197703,2021-11-30
441,1638316800000,0.6174510506945615,4649327087.355495,2021-12-01
442,1638403200000,0.6477830936120582,4885795068.117836,2021-12-02
443,1638489600000,0.5839835120195281,4405153142.464162,2021-12-03
444,1638576000000,0.5071279978958644,3815029651.2107606,2021-12-04
445,1638662400000,0.5681845476211382,4305631072.975868,2021-12-05
446,1638748800000,0.48542199264995645,3667304136.395257,2021-12-06
447,1638835200000,0.5118613655427736,3840597903.6227245,2021-12-07
448,1638921600000,0.47784610495201374,3597295849.0568347,2021-12-08
449,1639008000000,0.5006658371720806,3775188723.1853075,2021-12-09
450,1639094400000,0.5004742103794065,3821908600.1227117,2021-12-10
451,1639180800000,0.48082362774330145,3653005758.9484076,2021-12-11
452,1639267200000,0.5568947509538761,4185057652.3752537,2021-12-12
453,1639353600000,0.5938740881106457,4485522857.150501,2021-12-13
454,1639440000000,0.5058863309524845,3817573165.80955,2021-12-14
455,1639526400000,0.4988525288476706,3756491742.4136944,2021-12-15
456,1639612800000,0.49820606258071926,3737616757.0950294,2021-12-16
457,1639699200000,0.46907018845261905,3534385189.862954,2021-12-17
458,1639785600000,0.45258958926644427,3413674008.769592,2021-12-18
459,1639872000000,0.46220174069645303,3481067627.5408087,2021-12-19
460,1639958400000,0.44512024246949655,3373263220.541753,2021-12-20
461,1640044800000,0.4322350288945087,3271519491.3210664,2021-12-21
462,1640131200000,0.44336867541899744,3374266359.560679,2021-12-22
463,1640217600000,0.44007159301227483,3318708830.7734246,2021-12-23
464,1640304000000,0.5154388031835294,3872738623.4300265,2021-12-24
465,1640390400000,0.474810801343992,3581296448.3260465,2021-12-25
466,1640476800000,0.5017056553500218,3789360682.842389,2021-12-26
467,1640563200000,0.5125987781540995,3865006860.834739,2021-12-27
468,1640649600000,0.5406761126163893,4100949703.7055016,2021-12-28
469,1640736000000,0.4689434702172818,3556136032.3143396,2021-12-29
470,1640822400000,0.44906892181957986,3346954199.072029,2021-12-30
471,1640908800000,0.46188341163079566,3478234690.901935,2021-12-31
472,1640995200000,0.4545585010349548,3436332243.1991854,2022-01-01
473,1641081600000,0.4629421606202472,3492596283.4390497,2022-01-02
474,1641168000000,0.45719112662372846,3450877966.3137197,2022-01-03
475,1641254400000,0.4421018061690265,3347419609.396079,2022-01-04
476,1641340800000,0.4273915508585159,3248723470.910738,2022-01-05
477,1641427200000,0.3798435227439377,2843865596.7569556,2022-01-06
478,1641513600000,0.3846431965276512,2911154396.7724743,2022-01-07
479,1641600000000,0.3428450872416008,2578665592.590036,2022-01-08
480,1641686400000,0.31590308300002395,2392973385.089991,2022-01-09
481,1641772800000,0.3273496376151032,2473647062.2581415,2022-01-10
482,1641859200000,0.3071267448533954,2314491831.2069163,2022-01-11
483,1641945600000,0.3210544771708984,2423444132.0768576,2022-01-12
484,1642032000000,0.35948036559966656,2714666151.081882,2022-01-13
485,1642118400000,0.3266709844446083,2475507828.36191,2022-01-14
486,1642204800000,0.3243525909250315,2433354922.456366,2022-01-15
487,1642291200000,0.33711628132325244,2536508159.6190534,2022-01-16
488,1642377600000,0.3283323736981146,2476865739.372928,2022-01-17
489,1642464000000,0.3050964729298812,2305238271.062279,2022-01-18
490,1642550400000,0.2999560140836984,2265268188.207019,2022-01-19
491,1642636800000,0.2786502680240276,2110749516.8347626,2022-01-20
492,1642723200000,0.2611494404081228,1978118947.4825094,2022-01-21
493,1642809600000,0.21649570260737389,1634359958.060767,2022-01-22
494,1642896000000,0.18107205662825196,1356384801.7476804,2022-01-23
495,1642982400000,0.19720939592012424,1487525337.1314485,2022-01-24
496,1643068800000,0.18492739937591987,1395421703.6521258,2022-01-25
497,1643155200000,0.18767662878305477,1414095096.6729238,2022-01-26
498,1643241600000,0.21100887319560283,1614589399.7911615,2022-01-27
499,1643328000000,0.1896875180090276,1430717454.3948345,2022-01-28
500,1643414400000,0.19031582099986596,1437237433.092337,2022-01-29
501,1643500800000,0.19275698044725142,1448685503.757407,2022-01-30
502,1643587200000,0.19040368279119566,1437691024.3520594,2022-01-31
503,1643673600000,0.19821936451749378,1492785269.7110863,2022-02-01
504,1643760000000,0.2045976438438324,1543649461.5221624,2022-02-02
505,1643846400000,0.18718902548265678,1396122252.0963404,2022-02-03
506,1643932800000,0.18628426294232453,1400186539.4481099,2022-02-04
507,1644019200000,0.20313120222970052,1522776596.944556,2022-02-05
508,1644105600000,0.29262845136141263,2220397848.360652,2022-02-06
509,1644192000000,0.32138438314715745,2432694671.6587615,2022-02-07
510,1644278400000,0.3486452825120891,2638452636.2518907,2022-02-08
511,1644364800000,0.3794964548057142,2804950965.474757,2022-02-09
512,1644451200000,0.3577052374547659,2688514166.6313705,2022-02-10
513,1644537600000,0.32761550725498007,2490098118.6252522,2022-02-11
514,1644624000000,0.30712363605209164,2316130037.46762,2022-02-12
515,1644710400000,0.3083971206701909,2330553985.882712,2022-02-13
516,1644796800000,0.28227880938816735,2130694917.8617184,2022-02-14
517,1644883200000,0.2956701973012137,2213669232.1987925,2022-02-15
518,1644969600000,0.3545002463411859,2688047189.9521,2022-02-16
519,1645056000000,0.3342414134814878,2532997138.2756977,2022-02-17
520,1645142400000,0.30093935555349904,2282612179.823167,2022-02-18
521,1645228800000,0.29019121031066564,2198204590.0609074,2022-02-19
522,1645315200000,0.28212466147535753,2127530756.036363,2022-02-20
523,1645401600000,0.2525385334742727,1914503392.098896,2022-02-21
524,1645488000000,0.22548693514429086,1701022738.9015756,2022-02-22
525,1645574400000,0.24204365273658618,1822661669.4886925,2022-02-23
526,1645660800000,0.2195339007600897,1658881372.0216115,2022-02-24
527,1645747200000,0.22789402668612102,1716836261.4009912,2022-02-25
528,1645833600000,0.2585873324890027,1954169493.8862135,2022-02-26
529,1645920000000,0.2482671105013488,1871597815.7471175,2022-02-27
530,1646006400000,0.23234434644500293,1750034197.4821389,2022-02-28
531,1646092800000,0.2602413059542975,1949694823.728336,2022-03-01
532,1646179200000,0.25896572534729945,1953609897.1651623,2022-03-02
533,1646265600000,0.2540757706313695,1918605257.9264324,2022-03-03
534,1646352000000,0.24370244549004944,1840285549.2495067,2022-03-04
535,1646438400000,0.22263317549772657,1682118181.6442757,2022-03-05
536,1646524800000,0.2320062977032965,1748186293.3833468,2022-03-06
537,1646611200000,0.21736144388555748,1639058287.5099142,2022-03-07
538,1646697600000,0.21560156449009762,1627036768.7936666,2022-03-08
539,1646784000000,0.21975026609255852,1659705706.819178,2022-03-09
540,1646870400000,0.23345164024498158,1753617055.351377,2022-03-10
541,1646956800000,0.21720146975409152,1641051592.4077907,2022-03-11
542,1647043200000,0.21229695894134276,1605754745.6020622,2022-03-12
543,1647129600000,0.21424890823763132,1615219531.6711884,2022-03-13
544,1647216000000,0.21673781123163874,1626360915.128989,2022-03-14
545,1647302400000,0.21951179327898343,1650135707.175081,2022-03-15
546,1647388800000,0.21561394065039424,1629834069.3570766,2022-03-16
547,1647475200000,0.23891703484529658,1727139729.6291273,2022-03-17
548,1647561600000,0.2277694203173747,1719236058.8942955,2022-03-18
549,1647648000000,0.23109988368104212,1751259786.6640875,2022-03-19
550,1647734400000,0.24935697324045442,1882318830.4988215,2022-03-20
551,1647820800000,0.23333064978398163,1760019284.4609275,2022-03-21
552,1647907200000,0.23595924749172406,1772710695.7737672,2022-03-22
553,1647993600000,0.24104343341987092,1815488914.4860368,2022-03-23
554,1648080000000,0.24897290470577302,1870666558.7263465,2022-03-24
555,1648166400000,0.2524230102947013,1908380907.4981387,2022-03-25
556,1648252800000,0.24490136323920533,1848733362.4219728,2022-03-26
557,1648339200000,0.25128833035899206,1902819896.2149477,2022-03-27
558,1648425600000,0.26268697293811205,1978738308.0865638,2022-03-28
559,1648512000000,0.2628686740300964,2005190394.226715,2022-03-29
560,1648598400000,0.27145331679896645,2036435192.1139412,2022-03-30
561,1648684800000,0.2722673140123051,2058255603.7773855,2022-03-31
562,1648771200000,0.2540569251630521,1904534004.696117,2022-04-01
563,1648857600000,0.26174679419039903,1972488716.2630134,2022-04-02
564,1648944000000,0.2550938603839195,1933232190.691019,2022-04-03
565,1649030400000,0.2644911869326179,1991900487.107098,2022-04-04
566,1649116800000,0.25652076267447715,1935631313.3625531,2022-04-05
567,1649203200000,0.24895156790196105,1892086478.5910487,2022-04-06
568,1649289600000,0.2204461984068395,1675363695.8880823,2022-04-07
569,1649376000000,0.22856217777360027,1731466975.8891027,2022-04-08
570,1649462400000,0.21352175330294562,1600022881.4086683,2022-04-09
571,1649548800000,0.22600010116763788,1703539728.9908464,2022-04-10
572,1649635200000,0.2160734750956177,1636922568.8509138,2022-04-11
573,1649721600000,0.19274271036299773,1457628746.8612733,2022-04-12
574,1649808000000,0.20250280428901374,1527376707.2349195,2022-04-13
575,1649894400000,0.20727115887094216,1564685307.2007258,2022-04-14
576,1649980800000,0.19791174992375288,1494752287.40792,2022-04-15
577,1650067200000,0.20168951184567016,1521284093.2932715,2022-04-16
578,1650153600000,0.20308527831802278,1535195612.44388,2022-04-17
579,1650240000000,0.19248611057176362,1450585344.673659,2022-04-18
580,1650326400000,0.19523002044867427,1473055226.8396647,2022-04-19
581,1650412800000,0.19957703703576932,1504645860.6216433,2022-04-20
582,1650499200000,0.1958110874384812,1475837237.942473,2022-04-21
583,1650585600000,0.1894101980764086,1425379632.8741386,2022-04-22
584,1650672000000,0.19240803120800234,1452977563.7218869,2022-04-23
585,1650758400000,0.18831527225180966,1420489914.045469,2022-04-24
586,1650844800000,0.18688479904816754,1416344138.03965,2022-04-25
587,1650931200000,0.1825063258985912,1378919948.6170812,2022-04-26
588,1651017600000,0.16404162468319408,1236236213.048269,2022-04-27
589,1651104000000,0.1732621691637186,1302691055.8783882,2022-04-28
590,1651190400000,0.168605566866249,1270945887.7964988,2022-04-29
591,1651276800000,0.15520002918051815,1168874763.3541021,2022-04-30
592,1651363200000,0.13226814781728902,988891941.4802614,2022-05-01
593,1651449600000,0.14312083589891292,1078673822.4925654,2022-05-02
594,1651536000000,0.1358612765342849,1025055720.9042164,2022-05-03
595,1651622400000,0.1358912897606488,1024819348.2149249,2022-05-04
596,1651708800000,0.16173852666415658,1217811291.726227,2022-05-05
597,1651795200000,0.13911557858796716,1044472424.3228716,2022-05-06
598,1651881600000,0.1441944882773488,1088510301.7648892,2022-05-07
599,1651968000000,0.1358561974206995,1026650056.2759991,2022-05-08
600,1652054400000,0.13041182881538127,984760025.6263033,2022-05-09
601,1652140800000,0.10561131239537234,809074187.0618608,2022-05-10
602,1652227200000,0.10915401291627967,821281148.4806844,2022-05-11
603,1652313600000,0.06454243928250508,507721620.3945098,2022-05-12
604,1652400000000,0.06878857210805395,522629505.4726195,2022-05-13
605,1652486400000,0.09169292146156119,693259931.4223529,2022-05-14
606,1652572800000,0.10029199236552859,733926858.6809511,2022-05-15
607,1652659200000,0.10014479600713411,751282887.4712465,2022-05-16
608,1652745600000,0.08596718098608161,648868195.3914294,2022-05-17
609,1652832000000,0.08968361143113919,676016219.8025955,2022-05-18
610,1652918400000,0.07744527094984881,584780272.7169762,2022-05-19
611,1653004800000,0.0862839415736297,650124365.4975853,2022-05-20
612,1653091200000,0.08223916903561648,622628676.7592688,2022-05-21
613,1653177600000,0.08586065204893821,648961713.8102801,2022-05-22
614,1653264000000,0.08522951253141857,645224543.7958708,2022-05-23
615,1653350400000,0.08003501582861282,603015829.3821417,2022-05-24
616,1653436800000,0.08351173687005765,628866526.057898,2022-05-25
617,1653523200000,0.08016282648692034,605424546.4720157,2022-05-26
618,1653609600000,0.07368150974054365,555623121.4715482,2022-05-27
619,1653696000000,0.0699662090132445,527387223.7543257,2022-05-28
620,1653782400000,0.07263975102707936,549241943.5140768,2022-05-29
621,1653868800000,0.07859535428534226,593134501.9535882,2022-05-30
622,1653955200000,0.08417058849856993,635538777.7085732,2022-05-31
623,1654041600000,0.0831089932414927,630174818.7391249,2022-06-01
624,1654128000000,0.07393922724718355,558109681.4122103,2022-06-02
625,1654214400000,0.07652938478858506,578686066.362055,2022-06-03
626,1654300800000,0.07358148772590688,553989511.7183518,2022-06-04
627,1654387200000,0.07466053084540072,561570586.2774802,2022-06-05
628,1654473600000,0.07454695969620137,563442723.2640997,2022-06-06
629,1654560000000,0.08805626070149838,666589853.4007926,2022-06-07
630,1654646400000,0.07858841988045623,597979944.1496595,2022-06-08
631,1654732800000,0.07517012082690115,568472411.7543311,2022-06-09
632,1654819200000,0.07588654684068524,571265747.0128655,2022-06-10
633,1654905600000,0.0691437057867571,520491114.6589505,2022-06-11
634,1654992000000,0.06260984911946499,472093671.74147314,2022-06-12
635,1655078400000,0.057625166816465956,438803685.32287365,2022-06-13
636,1655164800000,0.058702568662412795,439194791.351225,2022-06-14
637,1655251200000,0.061239262733703156,461675968.83278495,2022-06-15
638,1655337600000,0.06501576907774465,490706146.8061729,2022-06-16
639,1655424000000,0.055163916829704424,415087002.335102,2022-06-17
640,1655510400000,0.05709428155116596,431928092.1781469,2022-06-18
641,1655596800000,0.05352741271180973,403506697.68831664,2022-06-19
642,1655683200000,0.05603362672865036,421576351.78895515,2022-06-20
643,1655769600000,0.056652775227013376,427785465.6507421,2022-06-21
644,1655856000000,0.05610260138983916,423119224.1733749,2022-06-22
645,1655942400000,0.05422787267461924,410346170.27075577,2022-06-23
646,1656028800000,0.057861104514882,437331065.94325197,2022-06-24
647,1656115200000,0.06221048222166796,471189089.6599362,2022-06-25
648,1656201600000,0.06921460210842276,521126229.2146926,2022-06-26
649,1656288000000,0.06083991283814833,458540744.26849586,2022-06-27
650,1656374400000,0.05996671359528058,451564975.753137,2022-06-28
651,1656460800000,0.05671350185378478,427162809.8193829,2022-06-29
652,1656547200000,0.05631959948513437,425518133.24044496,2022-06-30
653,1656633600000,0.05424112716640697,404412298.6096385,2022-07-01
654,1656720000000,0.05194627510703485,395532736.4725296,2022-07-02
655,1656806400000,0.053384309267929184,402800101.3499017,2022-07-03
656,1656892800000,0.05309081641919687,400173683.7753451,2022-07-04
657,1656979200000,0.05534885570896826,417572291.0774215,2022-07-05
658,1657065600000,0.05324450044643977,402040337.79342026,2022-07-06
659,1657152000000,0.05422037281145261,409864158.3440762,2022-07-07
660,1657238400000,0.05713261173588779,431650344.6330905,2022-07-08
661,1657324800000,0.05482623772908265,415266840.1164916,2022-07-09
662,1657411200000,0.055525183764194935,419362815.6226861,2022-07-10
663,1657497600000,0.05319784876290445,401271439.8470167,2022-07-11
664,1657584000000,0.04821056166604773,363385799.3472739,2022-07-12
665,1657670400000,0.04759228510745574,362530932.41673696,2022-07-13
666,1657756800000,0.048765486250113836,367500999.9027919,2022-07-14
667,1657843200000,0.04961141014520528,374977905.81913525,2022-07-15
668,1657929600000,0.04951696841582094,372970347.15962946,2022-07-16
669,1658016000000,0.050916181569835677,384511607.85414326,2022-07-17
670,1658102400000,0.05100937712120786,385371256.4302973,2022-07-18
671,1658188800000,0.055830599860748585,419560127.9984256,2022-07-19
672,1658275200000,0.05847850257091638,440923871.85886544,2022-07-20
673,1658361600000,0.053893718993437936,407260230.4410375,2022-07-21
674,1658448000000,0.0541580361846869,408710949.2455807,2022-07-22
675,1658534400000,0.05221424429029259,392940692.0276851,2022-07-23
676,1658620800000,0.05399674677559923,406348502.15821826,2022-07-24
677,1658707200000,0.052954759959417445,400645511.71775246,2022-07-25
678,1658793600000,0.04779649736448741,365184017.20661217,2022-07-26
679,1658880000000,0.04755318843541438,358560940.9933087,2022-07-27
680,1658966400000,0.05119825424101328,384555240.7364301,2022-07-28
681,1659052800000,0.05327362141261567,400240207.02893114,2022-07-29
682,1659139200000,0.05513810586362648,419835566.1254407,2022-07-30
683,1659225600000,0.05549567139359238,416481449.87831014,2022-07-31
684,1659312000000,0.0571558238819625,432462945.4345336,2022-08-01
685,1659398400000,0.06521012623117606,485493849.640649,2022-08-02
686,1659484800000,0.060033851930232675,456278880.6498193,2022-08-03
687,1659571200000,0.05826354751024574,438838449.3546329,2022-08-04
688,1659657600000,0.05919151858411075,445865699.29064375,2022-08-05
689,1659744000000,0.06096832555375812,459408702.40011007,2022-08-06
690,1659830400000,0.060189103108502305,452992410.4645459,2022-08-07
691,1659916800000,0.06070645033387647,456954988.95581305,2022-08-08
692,1660003200000,0.06214798178720461,468504452.9056003,2022-08-09
693,1660089600000,0.060060682929945715,450084130.1271386,2022-08-10
694,1660176000000,0.06348502011611255,478214990.4319107,2022-08-11
695,1660262400000,0.06201465503734793,467782396.60811687,2022-08-12
696,1660348800000,0.06596880408285402,496836062.90425575,2022-08-13
697,1660435200000,0.06706804087455451,505473528.1370435,2022-08-14
698,1660521600000,0.07067677926185598,535083228.851462,2022-08-15
699,1660608000000,0.06693516436124777,504745853.897477,2022-08-16
700,1660694400000,0.06956345159395638,522833341.56437284,2022-08-17
701,1660780800000,0.06304483039857911,475426904.12287915,2022-08-18
702,1660867200000,0.05826476270702984,439566117.6043199,2022-08-19
703,1660953600000,0.05306003178145829,399966063.30110204,2022-08-20
704,1661040000000,0.052158697582076724,392400258.2014756,2022-08-21
705,1661126400000,0.05410979886378256,408354090.4474597,2022-08-22
706,1661212800000,0.05335904749248416,402154697.3729645,2022-08-23
707,1661299200000,0.054347420472727594,410257671.24835575,2022-08-24
708,1661385600000,0.05490167993639379,413991026.4905442,2022-08-25
709,1661472000000,0.054868974557736254,414163424.9583892,2022-08-26
710,1661558400000,0.04972546566135833,372465378.86430895,2022-08-27
711,1661644800000,0.05094768459017707,384349132.4433127,2022-08-28
712,1661731200000,0.049748274616632907,376569608.59208125,2022-08-29
713,1661817600000,0.05240535692616219,395445622.5256116,2022-08-30
714,1661904000000,0.05067485457525903,383508116.5140573,2022-08-31
715,1661990400000,0.05031733031430059,379499136.7643194,2022-09-01
716,1662076800000,0.050561800707242775,381113600.86660326,2022-09-02
717,1662163200000,0.049797117246614175,375406807.71347713,2022-09-03
718,1662249600000,0.050441938389609156,380839996.0643513,2022-09-04
719,1662336000000,0.05158658254641515,388789808.07364535,2022-09-05
720,1662422400000,0.050962487774926075,383572805.59092623,2022-09-06
721,1662508800000,0.047413101239159094,357676053.90732366,2022-09-07
722,1662595200000,0.04879451265636203,369863611.22601086,2022-09-08
723,1662681600000,0.04897655540842337,369006827.69526273,2022-09-09
724,1662768000000,0.05203170510373158,391747802.014879,2022-09-10
725,1662854400000,0.052203418934206186,394446432.88485616,2022-09-11
726,1662940800000,0.05196689601600524,391695665.25086844,2022-09-12
727,1663027200000,0.051215859292559694,386515934.97503614,2022-09-13
728,1663113600000,0.04793698643210946,361368373.0724839,2022-09-14
729,1663200000000,0.048815064930346624,367212457.36895454,2022-09-15
730,1663286400000,0.04720936687299076,355973755.79121315,2022-09-16
731,1663372800000,0.04759814876100992,358949347.25702006,2022-09-17
732,1663459200000,0.04913070409680564,370352244.5488427,2022-09-18
733,1663545600000,0.04215949848356411,318444690.47910917,2022-09-19
734,1663632000000,0.043479398721380846,328437583.28776276,2022-09-20
735,1663718400000,0.04146969522773889,313351321.39978236,2022-09-21
736,1663804800000,0.04053532923282105,305079993.96889573,2022-09-22
737,1663891200000,0.04251068542666672,319392184.108089,2022-09-23
738,1663977600000,0.04207447209892025,318680045.39256215,2022-09-24
739,1664064000000,0.04138164744233113,312094174.3329497,2022-09-25
740,1664150400000,0.040607804099157166,306344330.76877904,2022-09-26
741,1664236800000,0.040804716116736646,307310330.72910804,2022-09-27
742,1664323200000,0.04034006982111401,304592905.4891982,2022-09-28
743,1664409600000,0.04026559937554548,303579365.65747637,2022-09-29
744,1664496000000,0.04087232041312917,308148271.75725013,2022-09-30
745,1664582400000,0.04063030983893629,306616203.9420194,2022-10-01
746,1664668800000,0.04030588607659346,303894664.2976608,2022-10-02
747,1664755200000,0.03955727702406583,297073294.2931188,2022-10-03
748,1664841600000,0.04057369693663479,306050785.0447527,2022-10-04
749,1664928000000,0.041434134884595346,312851553.6786541,2022-10-05
750,1665014400000,0.04117764085826293,310465711.6648095,2022-10-06
751,1665100800000,0.04083252052634889,307958252.29988444,2022-10-07
752,1665187200000,0.04037241475957795,304519469.019273,2022-10-08
753,1665273600000,0.04070862496639372,307121763.44614834,2022-10-09
754,1665360000000,0.04226885693509219,318130276.2617117,2022-10-10
755,1665446400000,0.04010272971280524,303374794.33677715,2022-10-11
756,1665532800000,0.039477909986436396,297115360.22716063,2022-10-12
757,1665619200000,0.03921106116368435,295674223.72301793,2022-10-13
758,1665705600000,0.03796267062339984,285967290.17442966,2022-10-14
759,1665792000000,0.03672225434325644,276223684.0167998,2022-10-15
760,1665878400000,0.03664255003220815,276935902.35341305,2022-10-16
761,1665964800000,0.037174590344524715,280447493.038423,2022-10-17
762,1666051200000,0.03694508554364337,279029581.4925131,2022-10-18
763,1666137600000,0.03569400377853444,269113477.39712566,2022-10-19
764,1666224000000,0.0329530170521282,248489786.77206388,2022-10-20
765,1666310400000,0.032884534586058056,247960280.76631665,2022-10-21
766,1666396800000,0.03328086501162145,250834868.2811162,2022-10-22
767,1666483200000,0.033383500599804924,251718556.7833891,2022-10-23
768,1666569600000,0.03399276888517751,256103643.8094556,2022-10-24
769,1666656000000,0.03304637814728725,248999020.13523793,2022-10-25
770,1666742400000,0.03411792002502003,257230676.46222794,2022-10-26
771,1666828800000,0.0349939381670522,263747054.4302944,2022-10-27
772,1666915200000,0.03460128151975799,260914741.23466367,2022-10-28
773,1667001600000,0.035241452247290396,266048356.7338871,2022-10-29
774,1667088000000,0.03650154209008134,274813331.6091074,2022-10-30
775,1667174400000,0.04401225418209598,330431290.2797911,2022-10-31
776,1667260800000,0.04206438608728712,316967907.8632388,2022-11-01
777,1667347200000,0.039993800370528534,301827028.09063244,2022-11-02
778,1667433600000,0.038391766383106984,289874043.35699564,2022-11-03
779,1667520000000,0.03344263557502769,249720605.10510594,2022-11-04
780,1667606400000,0.038283939151746424,289062830.7468053,2022-11-05
781,1667692800000,0.038521906070169316,291113167.17706305,2022-11-06
782,1667779200000,0.03594610289261742,271123357.8558016,2022-11-07
783,1667865600000,0.03616804227798507,272688833.4048077,2022-11-08
784,1667952000000,0.03268720272487543,246907395.56565538,2022-11-09
785,1668038400000,0.02554160913521498,193969981.40114036,2022-11-10
786,1668124800000,0.03172773417196065,238579228.37575132,2022-11-11
787,1668211200000,0.03218456405526378,242353737.177574,2022-11-12
788,1668297600000,0.029466264520683738,221766058.10333303,2022-11-13
789,1668384000000,0.029496172145209536,221490109.76992556,2022-11-14
790,1668470400000,0.029593316434598067,223904804.92477214,2022-11-15
791,1668556800000,0.029321939308405907,221650641.03281006,2022-11-16
792,1668643200000,0.02824269023778517,212528040.9629252,2022-11-17
793,1668729600000,0.027399436615012398,206718186.76699966,2022-11-18
794,1668816000000,0.02756103202563998,207578732.4379927,2022-11-19
795,1668902400000,0.027619362095996157,208269249.76007938,2022-11-20
