,Time,open,mktcap,Date
0,1556150400000,1.0745426474271162,0.0,2019-04-25
1,1556236800000,0.8373005375357041,0.0,2019-04-26
2,1556323200000,0.7741159623804758,0.0,2019-04-27
3,1556409600000,0.7656070440332873,0.0,2019-04-28
4,1556496000000,0.7975452674902802,0.0,2019-04-29
5,1556582400000,0.7322488406032236,0.0,2019-04-30
6,1556668800000,0.6930382156626735,0.0,2019-05-01
7,1556755200000,0.6974391607142587,0.0,2019-05-02
8,1556841600000,0.6710983731254366,0.0,2019-05-03
9,1556928000000,0.6738918403729923,0.0,2019-05-04
10,1557014400000,0.6777871108057374,0.0,2019-05-05
11,1557100800000,0.6998250847828789,0.0,2019-05-06
12,1557187200000,0.6823313172148601,0.0,2019-05-07
13,1557273600000,0.6669182323727451,0.0,2019-05-08
14,1557360000000,0.668266506882278,0.0,2019-05-09
15,1557446400000,0.6659888580325626,0.0,2019-05-10
16,1557532800000,0.6239881116874069,0.0,2019-05-11
17,1557619200000,0.5766319506465185,0.0,2019-05-12
18,1557705600000,0.531670154043365,0.0,2019-05-13
19,1557792000000,0.5677892381587056,0.0,2019-05-14
20,1557878400000,0.6513634088660711,0.0,2019-05-15
21,1557964800000,0.7362410156370386,0.0,2019-05-16
22,1558051200000,0.686632698364687,0.0,2019-05-17
23,1558137600000,0.7151218025463434,0.0,2019-05-18
24,1558224000000,0.6992873847058774,0.0,2019-05-19
25,1558310400000,0.7116223680775529,0.0,2019-05-20
26,1558396800000,0.6863922662589966,0.0,2019-05-21
27,1558483200000,0.6980148739573149,0.0,2019-05-22
28,1558569600000,0.7035874185864213,0.0,2019-05-23
29,1558656000000,0.7161183360691074,0.0,2019-05-24
30,1558742400000,0.7994913917169297,0.0,2019-05-25
31,1558828800000,0.8019466177850397,0.0,2019-05-26
32,1558915200000,0.7962789971035609,0.0,2019-05-27
33,1559001600000,0.7896219017009678,0.0,2019-05-28
34,1559088000000,0.7816253959977,0.0,2019-05-29
35,1559174400000,0.7784381765602029,0.0,2019-05-30
36,1559260800000,0.7583733351994217,0.0,2019-05-31
37,1559347200000,0.7649435135469836,0.0,2019-06-01
38,1559433600000,0.7435595513933497,0.0,2019-06-02
39,1559520000000,0.7491960067791604,0.0,2019-06-03
40,1559606400000,0.6713006459494638,0.0,2019-06-04
41,1559692800000,0.6428521544009811,0.0,2019-06-05
42,1559779200000,0.6905230778113556,0.0,2019-06-06
43,1559865600000,0.6777758563393708,0.0,2019-06-07
44,1559952000000,0.6907404563472045,0.0,2019-06-08
45,1560038400000,0.680020722565756,0.0,2019-06-09
46,1560124800000,0.671970636005754,0.0,2019-06-10
47,1560211200000,0.6919929101591652,0.0,2019-06-11
48,1560297600000,0.7386773168417045,0.0,2019-06-12
49,1560384000000,0.7248061777228664,0.0,2019-06-13
50,1560470400000,0.6984694071806764,0.0,2019-06-14
51,1560556800000,0.6935299373390253,0.0,2019-06-15
52,1560643200000,0.6952952436577142,0.0,2019-06-16
53,1560729600000,0.6977928756700107,0.0,2019-06-17
54,1560816000000,0.7016481646620164,0.0,2019-06-18
55,1560902400000,0.6968323419811966,0.0,2019-06-19
56,1560988800000,0.7081238759404702,0.0,2019-06-20
57,1561075200000,0.7252159261855584,0.0,2019-06-21
58,1561161600000,0.7189263079491247,0.0,2019-06-22
59,1561248000000,0.71693956149798,0.0,2019-06-23
60,1561334400000,0.7150125968872608,0.0,2019-06-24
61,1561420800000,0.7099898705031099,0.0,2019-06-25
62,1561507200000,0.7104772854685301,0.0,2019-06-26
63,1561593600000,0.7018072373983262,0.0,2019-06-27
64,1561680000000,0.6719324931020657,0.0,2019-06-28
65,1561766400000,0.6807787092626799,0.0,2019-06-29
66,1561852800000,0.7199007828277582,0.0,2019-06-30
67,1561939200000,0.6829213103909404,0.0,2019-07-01
68,1562025600000,0.6976445353467476,0.0,2019-07-02
69,1562112000000,0.710260123128858,0.0,2019-07-03
70,1562198400000,0.7314773875112351,0.0,2019-07-04
71,1562284800000,0.7802639326718773,0.0,2019-07-05
72,1562371200000,0.8338272722623824,0.0,2019-07-06
73,1562457600000,0.8412735825192547,0.0,2019-07-07
74,1562544000000,0.8086073598884048,0.0,2019-07-08
75,1562630400000,0.7905591463133681,0.0,2019-07-09
76,1562716800000,0.8277786950624773,0.0,2019-07-10
77,1562803200000,0.9247743679622974,0.0,2019-07-11
78,1562889600000,0.8738409489714515,0.0,2019-07-12
79,1562976000000,0.9501792087035882,0.0,2019-07-13
80,1563062400000,0.9713120340464153,0.0,2019-07-14
81,1563148800000,0.9018575039380466,0.0,2019-07-15
82,1563235200000,0.8586000421304397,0.0,2019-07-16
83,1563321600000,0.8134698169646284,0.0,2019-07-17
84,1563408000000,0.7977555146631796,0.0,2019-07-18
85,1563494400000,0.8527949914326473,0.0,2019-07-19
86,1563580800000,0.8715847515056634,0.0,2019-07-20
87,1563667200000,0.897044593246354,0.0,2019-07-21
88,1563753600000,0.9437800845894305,0.0,2019-07-22
89,1563840000000,0.9234319428972768,0.0,2019-07-23
90,1563926400000,0.8590251701548526,0.0,2019-07-24
91,1564012800000,0.8516222663444531,0.0,2019-07-25
92,1564099200000,0.8404010833765978,0.0,2019-07-26
93,1564185600000,0.8775114175262989,0.0,2019-07-27
94,1564272000000,0.855477267064872,0.0,2019-07-28
95,1564358400000,0.8824898964272888,0.0,2019-07-29
96,1564444800000,0.8794130542952406,0.0,2019-07-30
97,1564531200000,0.8700608472596384,0.0,2019-07-31
98,1564617600000,0.8799068604517103,0.0,2019-08-01
99,1564704000000,0.8713391436601441,0.0,2019-08-02
100,1564790400000,0.8891662583531362,0.0,2019-08-03
101,1564876800000,0.9174840943760605,0.0,2019-08-04
102,1564963200000,0.9025249126026583,0.0,2019-08-05
103,1565049600000,0.904154347592556,0.0,2019-08-06
104,1565136000000,0.89545747820061,0.0,2019-08-07
105,1565222400000,0.8989990317507973,0.0,2019-08-08
106,1565308800000,0.909432461546164,0.0,2019-08-09
107,1565395200000,0.9504720488177679,0.0,2019-08-10
108,1565481600000,0.9538445887049448,0.0,2019-08-11
109,1565568000000,0.9700911948930504,0.0,2019-08-12
110,1565654400000,0.9799113786434276,0.0,2019-08-13
111,1565740800000,0.9597006587688433,0.0,2019-08-14
112,1565827200000,0.8965474959750566,0.0,2019-08-15
113,1565913600000,0.8799823061306207,0.0,2019-08-16
114,1566000000000,0.8647237094900719,0.0,2019-08-17
115,1566086400000,0.8698064826358375,0.0,2019-08-18
116,1566172800000,0.8710742845500083,0.0,2019-08-19
117,1566259200000,0.8738094511128862,0.0,2019-08-20
118,1566345600000,0.864487583020811,0.0,2019-08-21
119,1566432000000,0.8532794946274083,0.0,2019-08-22
120,1566518400000,0.866595587929266,0.0,2019-08-23
121,1566604800000,0.8776732182171936,0.0,2019-08-24
122,1566691200000,0.8699153172131757,0.0,2019-08-25
123,1566777600000,0.8718878590739124,0.0,2019-08-26
124,1566864000000,0.9056899118863868,0.0,2019-08-27
125,1566950400000,0.8739371372821328,0.0,2019-08-28
126,1567036800000,0.7621922102926485,0.0,2019-08-29
127,1567123200000,0.7446539048091165,0.0,2019-08-30
128,1567209600000,0.7470538624466556,0.0,2019-08-31
129,1567296000000,0.7321288810970497,0.0,2019-09-01
130,1567382400000,0.7262647422723115,0.0,2019-09-02
131,1567468800000,0.7421312125375987,0.0,2019-09-03
132,1567555200000,0.7438322543994608,0.0,2019-09-04
133,1567641600000,0.7334226143484007,0.0,2019-09-05
134,1567728000000,0.7324671498625501,0.0,2019-09-06
135,1567814400000,0.7166051275418299,0.0,2019-09-07
136,1567900800000,0.7165143030177211,0.0,2019-09-08
137,1567987200000,0.7137630160867774,0.0,2019-09-09
138,1568073600000,0.7100339911962524,0.0,2019-09-10
139,1568160000000,0.710824037703383,0.0,2019-09-11
140,1568246400000,0.7126472662746494,0.0,2019-09-12
141,1568332800000,0.7215244580238194,0.0,2019-09-13
142,1568419200000,0.7159297718072452,0.0,2019-09-14
143,1568505600000,0.7234355912296248,0.0,2019-09-15
144,1568592000000,0.718305417077824,0.0,2019-09-16
145,1568678400000,0.7091052800678058,0.0,2019-09-17
146,1568764800000,0.7163560042452726,0.0,2019-09-18
147,1568851200000,0.7231560671155158,0.0,2019-09-19
148,1568937600000,0.712532161791867,0.0,2019-09-20
149,1569024000000,0.715939375121972,0.0,2019-09-21
150,1569110400000,0.706920092398747,0.0,2019-09-22
151,1569196800000,0.7141736954721101,0.0,2019-09-23
152,1569283200000,0.701074496536779,0.0,2019-09-24
153,1569369600000,0.5300715393213354,0.0,2019-09-25
154,1569456000000,0.5211195182631736,0.0,2019-09-26
155,1569542400000,0.5250746452513284,0.0,2019-09-27
156,1569628800000,0.524273471623895,0.0,2019-09-28
157,1569715200000,0.5231961650668386,0.0,2019-09-29
158,1569801600000,0.5064158011608602,0.0,2019-09-30
159,1569888000000,0.5239067101506121,0.0,2019-10-01
160,1569974400000,0.531973729680307,0.0,2019-10-02
161,1570060800000,0.531973729680307,0.0,2019-10-03
162,1570147200000,0.5296478543423309,0.0,2019-10-04
163,1570233600000,0.530970954686208,0.0,2019-10-05
164,1570320000000,0.5260088351433818,0.0,2019-10-06
165,1570406400000,0.5197248561965558,0.0,2019-10-07
166,1570492800000,0.5263037812771063,0.0,2019-10-08
167,1570579200000,0.5197150291908098,0.0,2019-10-09
168,1570665600000,0.5321149028674355,0.0,2019-10-10
169,1570752000000,0.5272217875843316,0.0,2019-10-11
170,1570838400000,0.519248508229398,0.0,2019-10-12
171,1570924800000,0.5224023920742672,0.0,2019-10-13
172,1571011200000,0.5211519074488381,0.0,2019-10-14
173,1571097600000,0.5347334932906975,0.0,2019-10-15
174,1571184000000,0.5268087194683342,0.0,2019-10-16
175,1571270400000,0.5289399563475459,0.0,2019-10-17
176,1571356800000,0.5287061095114457,0.0,2019-10-18
177,1571443200000,0.5202560849539379,0.0,2019-10-19
178,1571529600000,0.5188251486777898,0.0,2019-10-20
179,1571616000000,0.5216457714730324,0.0,2019-10-21
180,1571702400000,0.5201244926460968,0.0,2019-10-22
181,1571788800000,0.5196326222447658,0.0,2019-10-23
182,1571875200000,0.48474931186355763,0.0,2019-10-24
183,1571961600000,0.4896875696770432,0.0,2019-10-25
184,1572048000000,0.5301053669739566,0.0,2019-10-26
185,1572134400000,0.5404110099335021,0.0,2019-10-27
186,1572220800000,0.5951434621952362,0.0,2019-10-28
187,1572307200000,0.5944859471322119,0.0,2019-10-29
188,1572393600000,0.5967537112362203,0.0,2019-10-30
189,1572480000000,0.565256033633134,0.0,2019-10-31
190,1572566400000,0.5868809671779781,0.0,2019-11-01
191,1572652800000,0.6129422097885218,0.0,2019-11-02
192,1572739200000,0.6135764086804097,0.0,2019-11-03
193,1572825600000,0.59984848912356,0.0,2019-11-04
194,1572912000000,0.6036693787968814,0.0,2019-11-05
195,1572998400000,0.5969783612450388,0.0,2019-11-06
196,1573084800000,0.6005864170211722,0.0,2019-11-07
197,1573171200000,0.5880400692168223,0.0,2019-11-08
198,1573257600000,0.5669065754775044,0.0,2019-11-09
199,1573344000000,0.5775548917906838,0.0,2019-11-10
200,1573430400000,0.5906141849467913,0.0,2019-11-11
201,1573516800000,0.5738735111251446,0.0,2019-11-12
202,1573603200000,0.5723111332078531,0.0,2019-11-13
203,1573689600000,0.5739395259195154,0.0,2019-11-14
204,1573776000000,0.5733656103414384,0.0,2019-11-15
205,1573862400000,0.5570192599112772,0.0,2019-11-16
206,1573948800000,0.55429071205649,0.0,2019-11-17
207,1574035200000,0.5517591159520687,0.0,2019-11-18
208,1574121600000,0.5148900643541722,0.0,2019-11-19
209,1574208000000,0.505046461539442,0.0,2019-11-20
210,1574294400000,0.5020289948386455,0.0,2019-11-21
211,1574380800000,0.4596789923990968,0.0,2019-11-22
212,1574467200000,0.41100740267651004,0.0,2019-11-23
213,1574553600000,0.4055260322483667,0.0,2019-11-24
214,1574640000000,0.35686218174092654,0.0,2019-11-25
215,1574726400000,0.3511906667565069,0.0,2019-11-26
216,1574812800000,0.36026101859310433,0.0,2019-11-27
217,1574899200000,0.3666776008902068,0.0,2019-11-28
218,1574985600000,0.370718094716406,0.0,2019-11-29
219,1575072000000,0.39340487260752605,0.0,2019-11-30
220,1575158400000,0.38608243996948466,0.0,2019-12-01
221,1575244800000,0.3831721638155914,0.0,2019-12-02
222,1575331200000,0.38911326999860796,0.0,2019-12-03
223,1575417600000,0.3847897282971147,0.0,2019-12-04
224,1575504000000,0.3773922855509921,0.0,2019-12-05
225,1575590400000,0.37736226322541033,0.0,2019-12-06
226,1575676800000,0.3804485211468438,0.0,2019-12-07
227,1575763200000,0.3795175791272867,0.0,2019-12-08
228,1575849600000,0.38227806459273245,0.0,2019-12-09
229,1575936000000,0.37800240312961314,0.0,2019-12-10
230,1576022400000,0.37068764997183484,0.0,2019-12-11
231,1576108800000,0.3801681729901883,76602905.95002714,2019-12-12
232,1576195200000,0.38200775762932726,77172160.63755734,2019-12-13
233,1576281600000,0.3805369883918641,76804046.1794239,2019-12-14
234,1576368000000,0.3746645171059235,75751207.13256343,2019-12-15
235,1576454400000,0.3748501415463009,75772008.51531242,2019-12-16
236,1576540800000,0.35665799643693563,71925890.51443464,2019-12-17
237,1576627200000,0.3205697975158006,65054044.33566494,2019-12-18
238,1576713600000,0.3455704671063733,70187131.69872944,2019-12-19
239,1576800000000,0.34156628057247695,69521994.29285957,2019-12-20
240,1576886400000,0.3428985546769185,69319971.8134085,2019-12-21
241,1576972800000,0.3324995503035062,67128897.83655459,2019-12-22
242,1577059200000,0.3440892156624685,69773060.8928551,2019-12-23
243,1577145600000,0.33762014085142805,68362809.63887563,2019-12-24
244,1577232000000,0.3536597157951578,71095646.8962177,2019-12-25
245,1577318400000,0.3423842053807846,68870254.67672457,2019-12-26
246,1577404800000,0.3418906135871713,68951911.25382131,2019-12-27
247,1577491200000,0.34969410453780647,70565710.18997075,2019-12-28
248,1577577600000,0.3525811955898424,71096027.97645696,2019-12-29
249,1577664000000,0.3570824156413156,71758497.38904248,2019-12-30
250,1577750400000,0.3529970819417184,71095405.7760135,2019-12-31
251,1577836800000,0.3506376323897534,70516100.16872364,2020-01-01
252,1577923200000,0.3537881293921,71252935.62159058,2020-01-02
253,1578009600000,0.3437283675507374,69242957.10934538,2020-01-03
254,1578096000000,0.3531661506177534,71244665.33184959,2020-01-04
255,1578182400000,0.3542795588771938,71351217.10286129,2020-01-05
256,1578268800000,0.3860605222487266,77649759.37362055,2020-01-06
257,1578355200000,0.38568394419790075,77769830.85577859,2020-01-07
258,1578441600000,0.39315179544787204,79176011.61308244,2020-01-08
259,1578528000000,0.38157221352252124,76820395.78065082,2020-01-09
260,1578614400000,0.3844086867311983,77460304.32448857,2020-01-10
261,1578700800000,0.3896730418261924,78700280.52652916,2020-01-11
262,1578787200000,0.4088224911963525,82255043.67027499,2020-01-12
263,1578873600000,0.41414799645749456,83267746.44153064,2020-01-13
264,1578960000000,0.40227078119598625,80863121.01564342,2020-01-14
265,1579046400000,0.4331719816769452,88265992.28288552,2020-01-15
266,1579132800000,0.44057378256114854,88887936.9164898,2020-01-16
267,1579219200000,0.4113455053124466,82738493.64371745,2020-01-17
268,1579305600000,0.4300359414491142,87035701.6409135,2020-01-18
269,1579392000000,0.4161866847602234,83927839.12480806,2020-01-19
270,1579478400000,0.4035921524053059,81178816.56365313,2020-01-20
271,1579564800000,0.41132215250072834,82611579.70388824,2020-01-21
272,1579651200000,0.42121397679890127,84856282.63503474,2020-01-22
273,1579737600000,0.42882231143640315,86087139.89015126,2020-01-23
274,1579824000000,0.4134370331341401,82645379.6384755,2020-01-24
275,1579910400000,0.4159669533894219,83515698.7680115,2020-01-25
276,1579996800000,0.4163954154013108,83538096.05118671,2020-01-26
277,1580083200000,0.42418425193758935,85048200.2288972,2020-01-27
278,1580169600000,0.4290608957765618,86277310.18531589,2020-01-28
279,1580256000000,0.44010784599300606,88242200.09416841,2020-01-29
280,1580342400000,0.44004095804451016,88903586.47300738,2020-01-30
281,1580428800000,0.44430182932730095,89468979.86164503,2020-01-31
282,1580515200000,0.43579169405295054,87621719.59137751,2020-02-01
283,1580601600000,0.43610280091261366,87387787.74016152,2020-02-02
284,1580688000000,0.4378578306556858,88137986.31463577,2020-02-03
285,1580774400000,0.434204851715919,87400395.16022418,2020-02-04
286,1580860800000,0.4333581111035561,87047778.41623226,2020-02-05
287,1580947200000,0.459610164260117,92542459.05373722,2020-02-06
288,1581033600000,0.5311374394041629,106274359.51330191,2020-02-07
289,1581120000000,0.5622321325046408,112329257.454806,2020-02-08
290,1581206400000,0.5548962096699509,111394390.50466645,2020-02-09
291,1581292800000,0.5708077054154121,114666441.0697408,2020-02-10
292,1581379200000,0.6691467262641332,134538745.85406664,2020-02-11
293,1581465600000,0.6502982790628351,131177086.68767694,2020-02-12
294,1581552000000,0.673380860078363,134504858.6626582,2020-02-13
295,1581638400000,0.6325947490785927,127287569.61444266,2020-02-14
296,1581724800000,0.656765846095429,131718778.2806127,2020-02-15
297,1581811200000,0.6065717603738697,121587316.04070495,2020-02-16
298,1581897600000,0.6423558946860803,128885647.96799396,2020-02-17
299,1581984000000,0.6300238034408087,126095833.89051661,2020-02-18
300,1582070400000,0.6485446293779573,130005597.97490449,2020-02-19
301,1582156800000,0.6297867179355143,126846908.37448722,2020-02-20
302,1582243200000,0.6227276815982108,123429081.35511185,2020-02-21
303,1582329600000,0.6177006663707275,123954445.72721049,2020-02-22
304,1582416000000,0.6011433302504896,120686758.8241029,2020-02-23
305,1582502400000,0.614017012065272,123925758.66301541,2020-02-24
306,1582588800000,0.6097635789891872,121384270.3131913,2020-02-25
307,1582675200000,0.562818181658872,112980887.05420692,2020-02-26
308,1582761600000,0.5170415058577674,102888206.15570807,2020-02-27
309,1582848000000,0.5351411019367527,107094532.73597497,2020-02-28
310,1582934400000,0.5284753084269403,106244125.94323018,2020-02-29
311,1583020800000,0.5633296222944406,114118254.91559245,2020-03-01
312,1583107200000,0.5625236690949681,112764942.39344178,2020-03-02
313,1583193600000,0.6211435246297883,124563545.42951114,2020-03-03
314,1583280000000,0.5927010258152869,119176843.63204893,2020-03-04
315,1583366400000,0.582575231380637,116644183.18407862,2020-03-05
316,1583452800000,0.5912505994736532,118269482.64059982,2020-03-06
317,1583539200000,0.5933314367956591,118807474.24107876,2020-03-07
318,1583625600000,0.5803682381652511,116517242.56179957,2020-03-08
319,1583712000000,0.5084461203521331,101820122.411478,2020-03-09
320,1583798400000,0.5038169094896323,101089877.32176267,2020-03-10
321,1583884800000,0.5126157859333802,103028617.35134138,2020-03-11
322,1583971200000,0.5027951313928362,100415037.7990791,2020-03-12
323,1584057600000,0.3174134812384801,61556499.74035878,2020-03-13
324,1584144000000,0.3372811512025732,65925668.29057257,2020-03-14
325,1584230400000,0.3445935069825024,68968946.91433325,2020-03-15
326,1584316800000,0.3628330471831257,72651786.84180553,2020-03-16
327,1584403200000,0.3393908910102715,65172813.36660332,2020-03-17
328,1584489600000,0.35453904741186726,71189553.56892446,2020-03-18
329,1584576000000,0.3506927377375257,70172720.07074618,2020-03-19
330,1584662400000,0.38025434737697794,74685687.28322354,2020-03-20
331,1584748800000,0.3814127768086476,76600396.94017747,2020-03-21
332,1584835200000,0.38961841850034035,77492298.79436521,2020-03-22
333,1584921600000,0.37023584509666063,74720429.85882452,2020-03-23
334,1585008000000,0.3932118843958046,78483713.9104717,2020-03-24
335,1585094400000,0.40604660541986076,81268527.13846871,2020-03-25
336,1585180800000,0.3984147440462674,79389833.98308778,2020-03-26
337,1585267200000,0.40447000490697704,80588938.16955516,2020-03-27
338,1585353600000,0.3831030942675285,75232744.85934058,2020-03-28
339,1585440000000,0.3855340223213524,76962742.16941206,2020-03-29
340,1585526400000,0.37727271388719363,75286205.47855087,2020-03-30
341,1585612800000,0.39433025575249425,79012565.71732101,2020-03-31
342,1585699200000,0.4004513752762026,79802895.77108799,2020-04-01
343,1585785600000,0.40461761305729993,81524355.455844,2020-04-02
344,1585872000000,0.4176273949523112,82589358.92990956,2020-04-03
345,1585958400000,0.4285023791196248,85827506.77902094,2020-04-04
346,1586044800000,0.4314176489960298,86246776.54527175,2020-04-05
347,1586131200000,0.4263146443945792,85414016.67789684,2020-04-06
348,1586217600000,0.45313696991176516,90426275.68936493,2020-04-07
349,1586304000000,0.45187580208689276,90420168.92206247,2020-04-08
350,1586390400000,0.4578106694230194,92312923.09211169,2020-04-09
351,1586476800000,0.4631867979796168,92778449.906537,2020-04-10
352,1586563200000,0.4243515389004405,85108159.34821482,2020-04-11
353,1586649600000,0.42677142558886877,85271468.50826457,2020-04-12
354,1586736000000,0.4283581627817266,85404761.95508316,2020-04-13
355,1586822400000,0.4229023065985161,84561474.85332052,2020-04-14
356,1586908800000,0.4257961287898525,84777513.75301324,2020-04-15
357,1586995200000,0.41500791529119807,83257330.73196076,2020-04-16
358,1587081600000,0.4353258487414576,86660516.71801454,2020-04-17
359,1587168000000,0.4296835136549685,85269150.14642996,2020-04-18
360,1587254400000,0.437790062700811,88316887.32214716,2020-04-19
361,1587340800000,0.43475541900024656,86569914.4513809,2020-04-20
362,1587427200000,0.4141840641946382,82675587.06245472,2020-04-21
363,1587513600000,0.4124335907463323,82391503.40807663,2020-04-22
364,1587600000000,0.42526249924927223,85060885.03787106,2020-04-23
365,1587686400000,0.42688794668093805,85270432.83088942,2020-04-24
366,1587772800000,0.43237191780586504,86203273.59625679,2020-04-25
367,1587859200000,0.44188641772354564,88193451.39874174,2020-04-26
368,1587945600000,0.44660340817766053,89090611.34253237,2020-04-27
369,1588032000000,0.45548721283486776,90498386.36967452,2020-04-28
370,1588118400000,0.4529628002379558,90168995.56080012,2020-04-29
371,1588204800000,0.46817435652373757,93353494.47203527,2020-04-30
372,1588291200000,0.46037254656092513,90031498.0019816,2020-05-01
373,1588377600000,0.4667920517646529,92877808.86290495,2020-05-02
374,1588464000000,0.46537376601932673,92436452.12959002,2020-05-03
375,1588550400000,0.45431003493555877,90339635.41416553,2020-05-04
376,1588636800000,0.4457222004597035,83839832.11370516,2020-05-05
377,1588723200000,0.4462387652820629,84219964.99059428,2020-05-06
378,1588809600000,0.45302578327824333,85363719.51652868,2020-05-07
379,1588896000000,0.45604763683778304,86391538.91564627,2020-05-08
380,1588982400000,0.46054874354610714,88036820.23815167,2020-05-09
381,1589068800000,0.4495888903194383,84805839.27210039,2020-05-10
382,1589155200000,0.4390905633621211,82695644.97316822,2020-05-11
383,1589241600000,0.45234456104620746,85325640.74801137,2020-05-12
384,1589328000000,0.4636680925842856,87561957.97612196,2020-05-13
385,1589414400000,0.46339715368910755,88621213.6617692,2020-05-14
386,1589500800000,0.4804804749995935,87470282.43137978,2020-05-15
387,1589587200000,0.46506029965802864,86414116.7822757,2020-05-16
388,1589673600000,0.45557557026398526,85576546.08341837,2020-05-17
389,1589760000000,0.4739262791175549,88886935.08435483,2020-05-18
390,1589846400000,0.47079635839726874,89447876.07507521,2020-05-19
391,1589932800000,0.4799778710367418,90189505.34012032,2020-05-20
392,1590019200000,0.47914853141381875,89961275.61248177,2020-05-21
393,1590105600000,0.45720057854626045,86232833.75876431,2020-05-22
394,1590192000000,0.46527370629014203,87913497.40672816,2020-05-23
395,1590278400000,0.4644006268243722,87599773.40264717,2020-05-24
396,1590364800000,0.4419423063695219,84336155.5795715,2020-05-25
397,1590451200000,0.4574484370714586,86200361.25670572,2020-05-26
398,1590537600000,0.458753704722775,86531900.33613594,2020-05-27
399,1590624000000,0.4692037964918706,88361906.3870222,2020-05-28
400,1590710400000,0.4778100365833343,89945428.11388761,2020-05-29
401,1590796800000,0.47302548348778367,89621802.048166,2020-05-30
402,1590883200000,0.4874977966445478,91987852.89608559,2020-05-31
403,1590969600000,0.48049521988623567,90438376.86499587,2020-06-01
404,1591056000000,0.4948210100119776,92927228.60461533,2020-06-02
405,1591142400000,0.5075537349261228,95884728.07706663,2020-06-03
406,1591228800000,0.5634364200102757,106902974.31151111,2020-06-04
407,1591315200000,0.5509501166257681,103905698.88957828,2020-06-05
408,1591401600000,0.5427362488848819,102538196.5248053,2020-06-06
409,1591488000000,0.5416667770361472,101968274.48406693,2020-06-07
410,1591574400000,0.5417241343944076,102174566.73388657,2020-06-08
411,1591660800000,0.5338359812530283,100811792.90636557,2020-06-09
412,1591747200000,0.5322544912292213,100399030.77446511,2020-06-10
413,1591833600000,0.5356058914239183,101028871.2783845,2020-06-11
414,1591920000000,0.5116420401473497,96496972.8573505,2020-06-12
415,1592006400000,0.5225386670500787,98624035.94870892,2020-06-13
416,1592092800000,0.519725418530013,98105086.21667877,2020-06-14
417,1592179200000,0.509051087852297,96048417.15259276,2020-06-15
418,1592265600000,0.5124006275518157,96670818.8625889,2020-06-16
419,1592352000000,0.5123576578743223,96621855.58565703,2020-06-17
420,1592438400000,0.508390728125016,96065169.9047504,2020-06-18
421,1592524800000,0.5087177810614164,96211558.17576496,2020-06-19
422,1592611200000,0.5028222604020675,94842401.92958336,2020-06-20
423,1592697600000,0.496081155990103,93665365.88664839,2020-06-21
424,1592784000000,0.49772784820149707,94005175.49101166,2020-06-22
425,1592870400000,0.5116532284858566,96517654.12392062,2020-06-23
426,1592956800000,0.5036916703133733,94956356.73011824,2020-06-24
427,1593043200000,0.4984053923583541,94010385.58357324,2020-06-25
428,1593129600000,0.4994709430682088,94299312.12467793,2020-06-26
429,1593216000000,0.49931829252400983,94056977.21422328,2020-06-27
430,1593302400000,0.4853952818398659,91428513.14195727,2020-06-28
431,1593388800000,0.48808477018521634,91840688.3116003,2020-06-29
432,1593475200000,0.5028558855959827,94664963.40258771,2020-06-30
433,1593561600000,0.48598664841839234,91514139.09411551,2020-07-01
434,1593648000000,0.48923769371282066,92135287.05440888,2020-07-02
435,1593734400000,0.4898119137476783,92152618.94390072,2020-07-03
436,1593820800000,0.5043445402083063,95025310.37140821,2020-07-04
437,1593907200000,0.5134779708484052,96579321.16206586,2020-07-05
438,1593993600000,0.5135810899536103,96635084.22749506,2020-07-06
439,1594080000000,0.5344086820429655,100541574.89387788,2020-07-07
440,1594166400000,0.531311881056987,99953638.1559831,2020-07-08
441,1594252800000,0.545824897895744,102696082.64961226,2020-07-09
442,1594339200000,0.5342139217691041,100554992.85368453,2020-07-10
443,1594425600000,0.5287503654825183,99536347.0365177,2020-07-11
444,1594512000000,0.5311967943538045,99998418.54615258,2020-07-12
445,1594598400000,0.5386197475604635,101235947.44776452,2020-07-13
446,1594684800000,0.536200582087072,100927388.3194569,2020-07-14
447,1594771200000,0.5279044846718999,99398470.5421554,2020-07-15
448,1594857600000,0.5189337488510914,97693429.90866691,2020-07-16
449,1594944000000,0.5092124771337614,95911594.32684368,2020-07-17
450,1595030400000,0.5178664908489966,97524386.78797069,2020-07-18
451,1595116800000,0.515713115266937,97213710.62975127,2020-07-19
452,1595203200000,0.5204468262991702,97994036.62282407,2020-07-20
453,1595289600000,0.5200310985287668,97860714.97230776,2020-07-21
454,1595376000000,0.5281071049672913,99449474.74319981,2020-07-22
455,1595462400000,0.529198174842578,99670892.84700006,2020-07-23
456,1595548800000,0.5264819194574143,99035353.80625378,2020-07-24
457,1595635200000,0.51820766992722,97522539.3149237,2020-07-25
458,1595721600000,0.5266662981070517,99165637.80818933,2020-07-26
459,1595808000000,0.5188421493366869,97692245.89518721,2020-07-27
460,1595894400000,0.5322046110411228,100219217.61750643,2020-07-28
461,1595980800000,0.5360368448377727,100799862.64265746,2020-07-29
462,1596067200000,0.5479476324364558,103055196.55945233,2020-07-30
463,1596153600000,0.5500774672012875,103712293.65457115,2020-07-31
464,1596240000000,0.5437341763088331,102170004.55164737,2020-08-01
465,1596326400000,0.5656376344810474,106457272.41008745,2020-08-02
466,1596412800000,0.5413030960106784,101702932.99517825,2020-08-03
467,1596499200000,0.5480748899197265,102921235.19670318,2020-08-04
468,1596585600000,0.5545562378258077,104206425.08162242,2020-08-05
469,1596672000000,0.5570665629693116,104676399.90869427,2020-08-06
470,1596758400000,0.558092219677665,104905752.56224552,2020-08-07
471,1596844800000,0.5481983013289443,102865696.57455486,2020-08-08
472,1596931200000,0.5481278840908148,103019689.50079836,2020-08-09
473,1597017600000,0.543413893230189,102037147.59636258,2020-08-10
474,1597104000000,0.5492472119586289,102959337.36142749,2020-08-11
475,1597190400000,0.529823127545951,99285835.40083875,2020-08-12
476,1597276800000,0.5404910585954547,101415005.4426181,2020-08-13
477,1597363200000,0.5397439370972945,100928042.68189874,2020-08-14
478,1597449600000,0.5412709075965877,101398729.2003826,2020-08-15
479,1597536000000,0.6311874413355906,118190857.16024691,2020-08-16
480,1597622400000,0.6238016948680202,117001163.08843364,2020-08-17
481,1597708800000,0.618986148800806,116051640.42676958,2020-08-18
482,1597795200000,0.5930156348197384,111309352.05784069,2020-08-19
483,1597881600000,0.5741885456237166,107695615.10324763,2020-08-20
484,1597968000000,0.6048807353436191,113547337.52291007,2020-08-21
485,1598054400000,0.5926725000551121,111103314.61911172,2020-08-22
486,1598140800000,0.5933787005092479,111260487.97699946,2020-08-23
487,1598227200000,0.5959023158562703,111734598.40485762,2020-08-24
488,1598313600000,0.5991611008646559,112338224.05284773,2020-08-25
489,1598400000000,0.5787678949771047,108762262.53901036,2020-08-26
490,1598486400000,0.5933431637284183,111305746.36825758,2020-08-27
491,1598572800000,0.5803137849262673,108835964.62325585,2020-08-28
492,1598659200000,0.5890013080591855,110526631.6782757,2020-08-29
493,1598745600000,0.5850500147772397,109650874.13154879,2020-08-30
494,1598832000000,0.591041682545226,110769244.6120193,2020-08-31
495,1598918400000,0.6150406979143842,115793247.7751654,2020-09-01
496,1599004800000,0.6770596667691733,128923767.106678,2020-09-02
497,1599091200000,0.6348869533286315,119070640.45007832,2020-09-03
498,1599177600000,0.5724568115970644,107889802.50494185,2020-09-04
499,1599264000000,0.5624517804954442,105028377.30940513,2020-09-05
500,1599350400000,0.548499069202654,101964508.73635837,2020-09-06
501,1599436800000,0.5752534930280477,107804112.59563352,2020-09-07
502,1599523200000,0.563212852353725,106231904.3600261,2020-09-08
503,1599609600000,0.5556606324677925,104389317.84590846,2020-09-09
504,1599696000000,0.563244770515052,105565769.91116822,2020-09-10
505,1599782400000,0.5419059127751866,101512515.2341785,2020-09-11
506,1599868800000,0.5521181547157725,103776950.3813179,2020-09-12
507,1599955200000,0.5620788398398131,105293491.89675388,2020-09-13
508,1600041600000,0.5999274741639452,111326486.29736404,2020-09-14
509,1600128000000,0.5849470063340882,109204497.46146321,2020-09-15
510,1600214400000,0.5849950255128236,109707697.40280688,2020-09-16
511,1600300800000,0.5816684911046021,108769825.28621513,2020-09-17
512,1600387200000,0.5795272181737602,108243774.81557658,2020-09-18
513,1600473600000,0.573937892305865,107244750.95633389,2020-09-19
514,1600560000000,0.5743976466213173,107089731.47919767,2020-09-20
515,1600646400000,0.5569133604124715,104088520.56506741,2020-09-21
516,1600732800000,0.5377692074795057,100555000.49994053,2020-09-22
517,1600819200000,0.5398599814421329,100803707.50260752,2020-09-23
518,1600905600000,0.5274413641985402,98480777.70131126,2020-09-24
519,1600992000000,0.5378472521462601,100508747.68734652,2020-09-25
520,1601078400000,0.5363991954533475,100102644.26107705,2020-09-26
521,1601164800000,0.5374345157438463,100333773.48239516,2020-09-27
522,1601251200000,0.5275088054103652,98480877.81583376,2020-09-28
523,1601337600000,0.5160730660678433,96078509.61877982,2020-09-29
524,1601424000000,0.5144413500345247,96022570.7686393,2020-09-30
525,1601510400000,0.5162964575153186,96330924.33987087,2020-10-01
526,1601596800000,0.5175609209668675,96806061.592526,2020-10-02
527,1601683200000,0.5070598636524597,94864556.90202981,2020-10-03
528,1601769600000,0.5233560172892262,97863658.13671671,2020-10-04
529,1601856000000,0.5201409542185962,97138617.47541222,2020-10-05
530,1601942400000,0.5196291269803331,97032692.13323806,2020-10-06
531,1602028800000,0.5097420666375189,95025124.99535058,2020-10-07
532,1602115200000,0.5153960772024815,96211144.1107097,2020-10-08
533,1602201600000,0.5183395104387377,96928594.18726882,2020-10-09
534,1602288000000,0.5241073276534776,97736418.52280435,2020-10-10
535,1602374400000,0.5256545318536676,98145111.25086644,2020-10-11
536,1602460800000,0.5290345231050082,98816924.18573433,2020-10-12
537,1602547200000,0.533896481879568,100011792.72325994,2020-10-13
538,1602633600000,0.5245245959519419,98254165.97328061,2020-10-14
539,1602720000000,0.5293875934830801,98834077.07519573,2020-10-15
540,1602806400000,0.5173257630480858,96479902.38537219,2020-10-16
541,1602892800000,0.5014585079384549,93695377.05511603,2020-10-17
542,1602979200000,0.49147661014054056,91299321.31199871,2020-10-18
543,1603065600000,0.4962993485302429,92576968.21648076,2020-10-19
544,1603152000000,0.5014611807224746,93454523.56134349,2020-10-20
545,1603238400000,0.5022895009685764,93578618.64997862,2020-10-21
546,1603324800000,0.5092933003373499,95134587.46278474,2020-10-22
547,1603411200000,0.5110340353697514,95420721.19750792,2020-10-23
548,1603497600000,0.5084478385436324,95095002.02992915,2020-10-24
549,1603584000000,0.5100788260491526,95060745.92749667,2020-10-25
550,1603670400000,0.5069245892684909,94605614.14415735,2020-10-26
551,1603756800000,0.49815982540518305,93130419.95890753,2020-10-27
552,1603843200000,0.4905200085944649,91395869.25373636,2020-10-28
553,1603929600000,0.4797390579995908,89451238.64256458,2020-10-29
554,1604016000000,0.4783525055062055,89109143.7233477,2020-10-30
555,1604102400000,0.457640389708012,85251624.67722581,2020-10-31
556,1604188800000,0.46143184021600586,86102496.73265606,2020-11-01
557,1604275200000,0.4526665679720277,84522408.84977475,2020-11-02
558,1604361600000,0.43073134843525795,80186305.58994822,2020-11-03
559,1604448000000,0.41677697671810476,77640969.42286742,2020-11-04
560,1604534400000,0.40581072030821574,75633792.84843446,2020-11-05
561,1604620800000,0.41714053471584217,77960555.2499528,2020-11-06
562,1604707200000,0.4325486039023643,80445057.60967837,2020-11-07
563,1604793600000,0.4139127373523129,77124878.15323839,2020-11-08
564,1604880000000,0.416571711137858,78018993.84818798,2020-11-09
565,1604966400000,0.41819591316820637,77988012.92721277,2020-11-10
566,1605052800000,0.4238419563677672,78985913.24122612,2020-11-11
567,1605139200000,0.4298565974947498,80118427.51322934,2020-11-12
568,1605225600000,0.4247888617139875,79335135.36632429,2020-11-13
569,1605312000000,0.4263745821130208,79525272.20331798,2020-11-14
570,1605398400000,0.42155818240413184,78622825.71259049,2020-11-15
571,1605484800000,0.41946022142593636,78212562.11456093,2020-11-16
572,1605571200000,0.4182718961516593,77962387.48627919,2020-11-17
573,1605657600000,0.4314186750199631,80535384.44600716,2020-11-18
574,1605744000000,0.42642503717729024,79466984.42310509,2020-11-19
575,1605830400000,0.4471493401338492,83366113.1868155,2020-11-20
576,1605916800000,0.45663272763864443,84803029.72790363,2020-11-21
577,1606003200000,0.46792301525424446,87269835.88305083,2020-11-22
578,1606089600000,0.45906866481069764,85662529.47510347,2020-11-23
579,1606176000000,0.47232173076630757,87829240.9424616,2020-11-24
580,1606262400000,0.47901210301520775,89165367.32721263,2020-11-25
581,1606348800000,0.46636888747926547,87900401.25360662,2020-11-26
582,1606435200000,0.45382731640863605,84387582.36075549,2020-11-27
583,1606521600000,0.45985331762516196,85777617.60883465,2020-11-28
584,1606608000000,0.461840427835591,86117778.89365728,2020-11-29
585,1606694400000,0.46290815236346133,86187139.05218771,2020-11-30
586,1606780800000,0.47257075502366935,88334977.77000515,2020-12-01
587,1606867200000,0.4548140822832088,84800206.2918823,2020-12-02
588,1606953600000,0.455513340899348,85293912.89948137,2020-12-03
589,1607040000000,0.4616981238314051,86138286.37254912,2020-12-04
590,1607126400000,0.4501482435262755,83868683.67771374,2020-12-05
591,1607212800000,0.4481944019311969,83502090.86869563,2020-12-06
592,1607299200000,0.44793993939055254,83351965.12301777,2020-12-07
593,1607385600000,0.44638373192812464,83348904.4177566,2020-12-08
594,1607472000000,0.44567196163829187,83103816.6440487,2020-12-09
595,1607558400000,0.4437325784372195,82748141.89026074,2020-12-10
596,1607644800000,0.4409788830181835,82268298.77676679,2020-12-11
597,1607731200000,0.43624552125919774,81516227.7378023,2020-12-12
598,1607817600000,0.43739755251271023,81596987.08984195,2020-12-13
599,1607904000000,0.44140610136040836,82355913.89020891,2020-12-14
600,1607990400000,0.4407068639991465,82209554.56207715,2020-12-15
601,1608076800000,0.43642641538461896,81499790.09921189,2020-12-16
602,1608163200000,0.45308773582905637,84403882.32234113,2020-12-17
603,1608249600000,0.44742734474485324,83551772.32613982,2020-12-18
604,1608336000000,0.45239393361055497,84425780.05519637,2020-12-19
605,1608422400000,0.4574888296156078,85215803.91860545,2020-12-20
606,1608508800000,0.4549535660880093,84992107.83543932,2020-12-21
607,1608595200000,0.44404640473700374,83050634.72419271,2020-12-22
608,1608681600000,0.4510558233468936,84038674.89397097,2020-12-23
609,1608768000000,0.42610202107859674,79802988.12615943,2020-12-24
610,1608854400000,0.4402818493372135,79069925.62400407,2020-12-25
611,1608940800000,0.4353556070589935,77940225.36913335,2020-12-26
612,1609027200000,0.4423474058096094,79200396.22476766,2020-12-27
613,1609113600000,0.43105843464082527,77575297.83831011,2020-12-28
614,1609200000000,0.43836095492734733,78767163.46445166,2020-12-29
615,1609286400000,0.4547499715460862,81591874.72211803,2020-12-30
616,1609372800000,0.4508577717560277,80911820.14135936,2020-12-31
617,1609459200000,0.45580466672320524,81645684.01894577,2021-01-01
618,1609545600000,0.518652589508079,91036360.05402102,2021-01-02
619,1609632000000,0.510980386435212,90146637.31723054,2021-01-03
620,1609718400000,0.5013608669992771,88613281.8398583,2021-01-04
621,1609804800000,0.47335307224159334,83126878.00016846,2021-01-05
622,1609891200000,0.5020552752941022,88140737.16391425,2021-01-06
623,1609977600000,0.512636165236647,90070411.4442348,2021-01-07
624,1610064000000,0.510737543707248,90076716.69839333,2021-01-08
625,1610150400000,0.49500831512621146,86837600.73398894,2021-01-09
626,1610236800000,0.49839752994534875,88064343.41543263,2021-01-10
627,1610323200000,0.5037116758084225,88507316.4433073,2021-01-11
628,1610409600000,0.4663451424821619,83200749.50304814,2021-01-12
629,1610496000000,0.4671785644368202,82301191.76603585,2021-01-13
630,1610582400000,0.4903148575555955,86061026.71155916,2021-01-14
631,1610668800000,0.498084167206921,87796596.97387454,2021-01-15
632,1610755200000,0.49901844581403887,87795618.4626061,2021-01-16
633,1610841600000,0.4964053662667862,87348660.65657859,2021-01-17
634,1610928000000,0.5024203157041481,88234603.11404215,2021-01-18
635,1611014400000,0.5062868502317754,89100704.13088518,2021-01-19
636,1611100800000,0.5200927506320691,91081625.97646597,2021-01-20
637,1611187200000,0.5054432945969509,88898981.94940923,2021-01-21
638,1611273600000,0.48420362841541564,85227613.35438593,2021-01-22
639,1611360000000,0.5007224386386038,86795359.31897335,2021-01-23
640,1611446400000,0.5133990104915698,90981578.64839558,2021-01-24
641,1611532800000,0.5026781606083728,88515190.43302009,2021-01-25
642,1611619200000,0.5099415031736638,89567158.2897149,2021-01-26
643,1611705600000,0.5108624960013624,89864538.7967602,2021-01-27
644,1611792000000,0.520422478628868,91508501.00998898,2021-01-28
645,1611878400000,0.5461225157619787,95886542.87468909,2021-01-29
646,1611964800000,0.5543539258712077,97779576.04638916,2021-01-30
647,1612051200000,0.5573425185285942,98057859.41421227,2021-01-31
648,1612137600000,0.586148270652516,103018557.77746171,2021-02-01
649,1612224000000,0.5941081420338776,104398429.13331473,2021-02-02
650,1612310400000,0.6264262522467324,110257150.50244641,2021-02-03
651,1612396800000,0.6191333282685139,108448376.18850537,2021-02-04
652,1612483200000,0.5986908064941832,106028953.96426968,2021-02-05
653,1612569600000,0.6272555804643469,108995854.31545399,2021-02-06
654,1612656000000,0.6722443185211923,118053617.08307162,2021-02-07
655,1612742400000,0.7237698177821883,126614736.7586766,2021-02-08
656,1612828800000,0.7203362471329614,125894511.73142917,2021-02-09
657,1612915200000,0.9172750087302811,161608382.8321345,2021-02-10
658,1613001600000,0.9081451218183079,160160789.09586874,2021-02-11
659,1613088000000,0.8865060361116129,155528982.02581334,2021-02-12
660,1613174400000,0.9046182115781155,159242176.50277457,2021-02-13
661,1613260800000,0.9519091018050367,166965255.3585262,2021-02-14
662,1613347200000,0.9479626971199323,166892971.5148842,2021-02-15
663,1613433600000,0.9393984544629975,165424494.52332705,2021-02-16
664,1613520000000,0.9281626314675422,163538403.66827625,2021-02-17
665,1613606400000,0.995392138176756,174231236.11465377,2021-02-18
666,1613692800000,1.1556334986254782,203246490.1013116,2021-02-19
667,1613779200000,2.3121934868254392,400824109.06617826,2021-02-20
668,1613865600000,2.067937523812822,351134040.84699786,2021-02-21
669,1613952000000,2.184967092607682,387166638.4741805,2021-02-22
670,1614038400000,1.843502556319857,322919761.79885757,2021-02-23
671,1614124800000,1.5825374558918637,273374906.4495648,2021-02-24
672,1614211200000,1.5554307342949074,273823474.3363417,2021-02-25
673,1614297600000,1.4730752573157706,258703712.02130893,2021-02-26
674,1614384000000,1.3525385331845847,238475273.65374488,2021-02-27
675,1614470400000,1.4477184790792685,252147577.71977627,2021-02-28
676,1614556800000,1.2556147740864012,224326338.85413775,2021-03-01
677,1614643200000,1.3492186823845724,237531174.50325862,2021-03-02
678,1614729600000,1.3862463221075454,243994564.4891219,2021-03-03
679,1614816000000,1.5103355763278903,263781434.3256603,2021-03-04
680,1614902400000,1.4720613648698724,259934708.84349465,2021-03-05
681,1614988800000,1.4246434187943906,250649366.01872838,2021-03-06
682,1615075200000,1.4728436347597305,259176625.71830672,2021-03-07
683,1615161600000,1.4918093688467453,260174407.60653865,2021-03-08
684,1615248000000,1.4553805615821058,256933347.35613084,2021-03-09
685,1615334400000,1.6247708009524637,284517766.93665135,2021-03-10
686,1615420800000,1.5199669000840768,269044766.289618,2021-03-11
687,1615507200000,1.5245633089836816,266771364.1873576,2021-03-12
688,1615593600000,1.4689815673105726,258811336.5649151,2021-03-13
689,1615680000000,1.5240047919778443,268414140.77844518,2021-03-14
690,1615766400000,1.5051991231822395,263245906.7770241,2021-03-15
691,1615852800000,1.4612477971689235,256771697.63830954,2021-03-16
692,1615939200000,1.5543349249762006,273435654.2860508,2021-03-17
693,1616025600000,1.8322998798250985,322465992.0412222,2021-03-18
694,1616112000000,1.9780151811672466,342136031.41576684,2021-03-19
695,1616198400000,2.0984010947008027,370286923.4563848,2021-03-20
696,1616284800000,2.0908726660659407,368105334.15807706,2021-03-21
697,1616371200000,1.975465412370571,348670186.6626792,2021-03-22
698,1616457600000,1.8886107219397343,332822949.96747535,2021-03-23
699,1616544000000,1.802694968532562,316805147.2402389,2021-03-24
700,1616630400000,1.7820817851208253,314080726.8170726,2021-03-25
701,1616716800000,1.7256618515717672,304181512.1365049,2021-03-26
702,1616803200000,1.7899265960124364,315076852.54356813,2021-03-27
703,1616889600000,1.8458206389544525,328939547.04515135,2021-03-28
704,1616976000000,1.8498617177492285,324590063.6782716,2021-03-29
705,1617062400000,1.8577856259502532,327022869.3111693,2021-03-30
706,1617148800000,1.9791231320423532,348112682.41899085,2021-03-31
707,1617235200000,1.9088996153889568,337405194.56073684,2021-04-01
708,1617321600000,2.0583623838908323,359127051.39502907,2021-04-02
709,1617408000000,2.1401341246381103,377840136.2887534,2021-04-03
710,1617494400000,2.039311947477714,359694362.6023031,2021-04-04
711,1617580800000,2.3319190137688595,411617997.38695794,2021-04-05
712,1617667200000,2.515921811876649,443919365.1979832,2021-04-06
713,1617753600000,2.6141195003281332,457841071.3505207,2021-04-07
714,1617840000000,2.4415899245617623,430448792.16908044,2021-04-08
715,1617926400000,2.6257444212482,459691434.3046997,2021-04-09
716,1618012800000,3.181245613021859,559164440.1859748,2021-04-10
717,1618099200000,3.234416037019445,568609155.159731,2021-04-11
718,1618185600000,4.254175433524136,741927160.3392961,2021-04-12
719,1618272000000,4.2177553641147965,746983739.3519745,2021-04-13
720,1618358400000,3.93664865482659,688287447.4115636,2021-04-14
721,1618444800000,3.6942527351238157,614310024.8031467,2021-04-15
722,1618531200000,3.9887648009798498,665371532.0869775,2021-04-16
723,1618617600000,3.684384019636345,611008553.2837082,2021-04-17
724,1618704000000,3.6739371317730383,612106070.8077509,2021-04-18
725,1618790400000,3.3517006324762266,551817095.550988,2021-04-19
726,1618876800000,3.138212721895349,527393658.86963046,2021-04-20
727,1618963200000,3.4031128550329366,559105425.4618589,2021-04-21
728,1619049600000,3.32833913398201,547753517.3445846,2021-04-22
729,1619136000000,3.273832596050591,542665099.9394199,2021-04-23
730,1619222400000,3.1098363396536532,516267586.1084719,2021-04-24
731,1619308800000,3.0012798626267703,500500820.89201456,2021-04-25
732,1619395200000,3.0123710048324432,497949191.42958176,2021-04-26
733,1619481600000,3.4104014272494534,563518248.9500065,2021-04-27
734,1619568000000,3.5469324543483913,590953284.9266682,2021-04-28
735,1619654400000,3.5098579375719314,581828470.0663339,2021-04-29
736,1619740800000,3.7812964879566815,626626728.6870698,2021-04-30
737,1619827200000,4.481748969281781,737846712.6519358,2021-05-01
738,1619913600000,4.777856889776396,784827928.1696161,2021-05-02
739,1620000000000,4.806370317548189,795329040.0157973,2021-05-03
740,1620086400000,4.933184098991804,818522962.5364149,2021-05-04
741,1620172800000,5.298508022656876,880241190.5153534,2021-05-05
742,1620259200000,6.9934002216123075,1157268722.4456987,2021-05-06
743,1620345600000,6.788284168867099,1132915639.380201,2021-05-07
744,1620432000000,6.482758797058683,1080575677.7950578,2021-05-08
745,1620518400000,6.585841935090625,1090048484.7834885,2021-05-09
746,1620604800000,7.843984971563935,1304184997.4554331,2021-05-10
747,1620691200000,8.284495238929564,1370590900.9840176,2021-05-11
748,1620777600000,9.745131797327423,1602160440.3343782,2021-05-12
749,1620864000000,11.430155128718724,1950035516.4552433,2021-05-13
750,1620950400000,9.553245651903964,1564429653.7867603,2021-05-14
751,1621036800000,9.586102946390625,1590289866.3662076,2021-05-15
752,1621123200000,7.904784396584625,1319335175.249681,2021-05-16
753,1621209600000,8.188255603621915,1339966646.3180532,2021-05-17
754,1621296000000,7.363614954778861,1225299708.6379268,2021-05-18
755,1621382400000,7.176524262691057,1186223541.9822342,2021-05-19
756,1621468800000,5.048878066829098,851903076.3998618,2021-05-20
757,1621555200000,6.11651573104169,1012310543.9174806,2021-05-21
758,1621641600000,5.152278018263812,869248391.7992929,2021-05-22
759,1621728000000,4.63452140942149,770860438.3475589,2021-05-23
760,1621814400000,4.007523166203843,648144311.6263853,2021-05-24
761,1621900800000,4.868057895606913,803495836.0966607,2021-05-25
762,1621987200000,4.71443300983514,785217291.8678871,2021-05-26
763,1622073600000,5.171976402908772,858134680.9128088,2021-05-27
764,1622160000000,4.834310133664751,799517971.9652041,2021-05-28
765,1622246400000,4.309478741516038,712343432.8070722,2021-05-29
766,1622332800000,4.263758448034402,711549197.6091888,2021-05-30
767,1622419200000,4.365842415331802,723725782.0128108,2021-05-31
768,1622505600000,4.521448147038093,749690245.4603544,2021-06-01
769,1622592000000,4.494926066521647,748399664.0132043,2021-06-02
770,1622678400000,4.771259096067342,791696347.6171176,2021-06-03
771,1622764800000,5.099481069028644,849739847.4557687,2021-06-04
772,1622851200000,4.785552675863827,794727048.8142395,2021-06-05
773,1622937600000,4.709873844548019,772227596.981016,2021-06-06
774,1623024000000,4.730835773491181,784751136.5574943,2021-06-07
775,1623110400000,4.361966320399835,730130230.9809594,2021-06-08
776,1623196800000,4.082374114980893,678417888.1550363,2021-06-09
777,1623283200000,4.270542711802486,710524791.2620308,2021-06-10
778,1623369600000,4.043916630868985,673649976.2746475,2021-06-11
779,1623456000000,3.9597060441231875,654084323.4209901,2021-06-12
780,1623542400000,3.8466702234673655,641017283.7848314,2021-06-13
781,1623628800000,4.035339483078571,667142320.6890315,2021-06-14
782,1623715200000,4.172661518654334,690654414.157093,2021-06-15
783,1623801600000,4.103094837836367,680301172.3319179,2021-06-16
784,1623888000000,3.90010243355645,645481176.4559404,2021-06-17
785,1623974400000,3.8408594648237258,635608190.7126973,2021-06-18
786,1624060800000,3.68174450248403,611059663.1385777,2021-06-19
787,1624147200000,3.627917338614085,602089236.682621,2021-06-20
788,1624233600000,3.6039116217506852,596851633.032513,2021-06-21
789,1624320000000,2.7998691065295707,463940949.8552219,2021-06-22
790,1624406400000,2.767196887292575,457616221.041272,2021-06-23
791,1624492800000,3.0659729970153373,503143809.2939723,2021-06-24
792,1624579200000,3.2158751446697083,532873542.46469164,2021-06-25
793,1624665600000,2.998189862149076,497019766.6659307,2021-06-26
794,1624752000000,3.0623890031238057,506985145.5762991,2021-06-27
795,1624838400000,3.14927472472697,523946502.2226233,2021-06-28
796,1624924800000,3.2026806089186994,530535230.6237436,2021-06-29
797,1625011200000,3.453068439715183,573302332.8684978,2021-06-30
798,1625097600000,3.4997618662779937,579524776.0998337,2021-07-01
799,1625184000000,3.3258051838412284,550582365.9211284,2021-07-02
800,1625270400000,3.3196839375259044,549040838.5232244,2021-07-03
801,1625356800000,3.3434783965839134,553889618.5281457,2021-07-04
802,1625443200000,3.3976622943934114,563599388.2830248,2021-07-05
803,1625529600000,3.3052148676715882,547239561.4984113,2021-07-06
804,1625616000000,3.318465821414783,550238975.8924634,2021-07-07
805,1625702400000,3.307769522463191,547951929.5447134,2021-07-08
806,1625788800000,3.139306520119387,519252338.1105824,2021-07-09
807,1625875200000,3.2089774404989755,532163874.2407223,2021-07-10
808,1625961600000,3.0860671005227736,511425461.705215,2021-07-11
809,1626048000000,3.1194099509878956,516991057.68344116,2021-07-12
810,1626134400000,3.1295238801493546,518181822.52986914,2021-07-13
811,1626220800000,3.032476284178684,502873380.19953656,2021-07-14
812,1626307200000,3.0211255050638433,500592121.8409409,2021-07-15
813,1626393600000,2.963325341131525,491012175.2079802,2021-07-16
814,1626480000000,2.889153839555191,478777796.39622474,2021-07-17
815,1626566400000,2.934001419515356,486138730.74167687,2021-07-18
816,1626652800000,2.9306681333924223,484777266.3452861,2021-07-19
817,1626739200000,2.735475658641734,453872806.1222308,2021-07-20
818,1626825600000,2.6025293659345587,431252368.8004327,2021-07-21
819,1626912000000,2.8129243566440363,462426326.82724905,2021-07-22
820,1626998400000,2.8199925931485468,466982019.45692873,2021-07-23
821,1627084800000,2.924433128845817,484344572.154995,2021-07-24
822,1627171200000,2.9097016278120496,481920470.0669447,2021-07-25
823,1627257600000,3.0865606471253013,510004922.2147443,2021-07-26
824,1627344000000,3.067619150869466,508598903.9414768,2021-07-27
825,1627430400000,3.2620376743324906,541703845.3940674,2021-07-28
826,1627516800000,3.243889931481947,537404672.7441118,2021-07-29
827,1627603200000,3.222035651022095,538775799.9161537,2021-07-30
828,1627689600000,3.3300200052812268,553692600.0247699,2021-07-31
829,1627776000000,3.636447439397849,585297530.8791995,2021-08-01
830,1627862400000,3.6112350106983384,580667355.1376896,2021-08-02
831,1627948800000,3.657315469513616,588884168.7251337,2021-08-03
832,1628035200000,3.528704209654009,562438735.4087033,2021-08-04
833,1628121600000,3.5857871450776067,576791633.5138385,2021-08-05
834,1628208000000,3.616633091235645,581922090.8032752,2021-08-06
835,1628294400000,3.8560927208631632,620168827.1354853,2021-08-07
836,1628380800000,4.0964646651697665,657183854.2537155,2021-08-08
837,1628467200000,3.8176347223430374,614337355.4797924,2021-08-09
838,1628553600000,4.03696988113177,642678474.0136523,2021-08-10
839,1628640000000,4.4069104609110825,700813387.1901865,2021-08-11
840,1628726400000,4.453843805434971,719727206.0517647,2021-08-12
841,1628812800000,4.403236173938616,707981461.9116646,2021-08-13
842,1628899200000,4.792424035811845,771237495.2684941,2021-08-14
843,1628985600000,4.687848481112159,753262293.5497379,2021-08-15
844,1629072000000,4.663148493798334,749639930.7784716,2021-08-16
845,1629158400000,4.650771014147965,758413031.6811956,2021-08-17
846,1629244800000,4.374516118583371,712740361.2409626,2021-08-18
847,1629331200000,4.384640493730591,705377862.3639336,2021-08-19
848,1629417600000,4.5137556775619565,715908903.4583923,2021-08-20
849,1629504000000,4.640769551970979,747494126.6437047,2021-08-21
850,1629590400000,4.549872306994526,730005846.7905638,2021-08-22
851,1629676800000,4.568397805853218,736766345.7522409,2021-08-23
852,1629763200000,4.885229929196777,786104689.6753175,2021-08-24
853,1629849600000,4.576932574186812,738239885.6559012,2021-08-25
854,1629936000000,4.704358036171939,756665394.3018306,2021-08-26
855,1630022400000,4.446653775391367,716660129.7314625,2021-08-27
856,1630108800000,4.607363943275041,741264052.073062,2021-08-28
857,1630195200000,4.537265492939076,730590799.7991643,2021-08-29
858,1630281600000,4.421999513896275,712785242.8185968,2021-08-30
859,1630368000000,4.358696000225412,704614127.072783,2021-08-31
860,1630454400000,4.411045978415768,709722357.1598661,2021-09-01
861,1630540800000,4.693486762274437,753074931.7938516,2021-09-02
862,1630627200000,4.609613909223164,740063773.8065461,2021-09-03
863,1630713600000,4.641571286085499,745161606.763317,2021-09-04
864,1630800000000,4.635872582269851,745651803.0659155,2021-09-05
865,1630886400000,4.788325194773977,771602656.6480786,2021-09-06
866,1630972800000,5.885554264587833,947909720.8037899,2021-09-07
867,1631059200000,4.975876199486357,798840027.4056705,2021-09-08
868,1631145600000,4.828400707790066,777400032.3501278,2021-09-09
869,1631232000000,5.06193568729707,814177207.3196192,2021-09-10
870,1631318400000,4.886909538419587,785541504.036236,2021-09-11
871,1631404800000,4.8160381761911175,774405016.9453738,2021-09-12
872,1631491200000,4.9130995625082,792647717.6693779,2021-09-13
873,1631577600000,4.814660283567732,773407254.5035938,2021-09-14
874,1631664000000,4.952941353525334,796291520.0877278,2021-09-15
875,1631750400000,5.2599536806445535,845699995.8126452,2021-09-16
876,1631836800000,5.102633481112806,819651976.8303858,2021-09-17
877,1631923200000,5.10377762708544,828032902.104551,2021-09-18
878,1632009600000,5.384346257229622,861766404.9826382,2021-09-19
879,1632096000000,5.145965272169711,827169933.246904,2021-09-20
880,1632182400000,4.484123874368961,718996182.852477,2021-09-21
881,1632268800000,4.3278799190111465,695401168.1781944,2021-09-22
882,1632355200000,4.819788228687079,775326832.9835954,2021-09-23
883,1632441600000,4.908963868153038,789642966.2886075,2021-09-24
884,1632528000000,4.154750207031293,674667655.4388343,2021-09-25
885,1632614400000,3.972911847318993,642385761.8266494,2021-09-26
886,1632700800000,3.630019489025137,583625062.6329919,2021-09-27
887,1632787200000,3.602014617384311,579562040.4714347,2021-09-28
888,1632873600000,3.578995627026129,579645870.4302905,2021-09-29
889,1632960000000,3.845359371886524,616070832.2704959,2021-09-30
890,1633046400000,4.042424358542908,646849682.4054857,2021-10-01
891,1633132800000,4.323805121841642,695339561.9609133,2021-10-02
892,1633219200000,4.272684323534727,689877801.3883903,2021-10-03
893,1633305600000,4.1794102766339645,672283364.5155014,2021-10-04
894,1633392000000,4.094536533961157,661985414.3154488,2021-10-05
895,1633478400000,4.168852875699405,670457723.9136685,2021-10-06
896,1633564800000,4.268346657071532,687255138.8082199,2021-10-07
897,1633651200000,4.2216270283360355,678157867.8122116,2021-10-08
898,1633737600000,4.1754597532153666,670933948.5590999,2021-10-09
899,1633824000000,4.096749568735628,658170458.03369,2021-10-10
900,1633910400000,3.942751407122954,636466061.9621183,2021-10-11
901,1633996800000,4.002407619486444,641016818.1142479,2021-10-12
902,1634083200000,3.9967686638216406,643147094.8405868,2021-10-13
903,1634169600000,4.061830848362158,653433464.3605373,2021-10-14
904,1634256000000,4.086869292127133,657451041.4195452,2021-10-15
905,1634342400000,4.331448184074746,698306514.6046432,2021-10-16
906,1634428800000,4.337699575440592,694977518.9874413,2021-10-17
907,1634515200000,4.449965892264571,717496412.2529722,2021-10-18
908,1634601600000,4.527855784461546,731586421.051149,2021-10-19
909,1634688000000,4.666713616149027,748942943.7355764,2021-10-20
910,1634774400000,5.1683059687457265,836287220.5853621,2021-10-21
911,1634860800000,5.371565015475189,864437686.4996778,2021-10-22
912,1634947200000,5.417292180257732,865235171.5603303,2021-10-23
913,1635033600000,5.267322213170682,851956354.053422,2021-10-24
914,1635120000000,5.277202917016671,851442600.631637,2021-10-25
915,1635206400000,5.541075404788461,891358319.5135016,2021-10-26
916,1635292800000,5.532792420803416,889625475.7022775,2021-10-27
917,1635379200000,5.494036526520818,881797489.5446215,2021-10-28
918,1635465600000,6.074175102311105,979116232.4214605,2021-10-29
919,1635552000000,6.376090349760807,1019069534.3544878,2021-10-30
920,1635638400000,5.978193683766923,961455411.3437464,2021-10-31
921,1635724800000,6.296946508595329,1013789550.2485288,2021-11-01
922,1635811200000,6.291423413546416,1009525460.8787491,2021-11-02
923,1635897600000,6.262691557716153,1007210372.6068822,2021-11-03
924,1635984000000,6.285322601106004,1010924553.6094793,2021-11-04
925,1636070400000,6.348675618555964,1007060493.7295629,2021-11-05
926,1636156800000,6.486762892415802,1041113421.7753412,2021-11-06
927,1636243200000,6.552228646021273,1053430314.8076178,2021-11-07
928,1636329600000,7.441118190160503,1196733282.4637086,2021-11-08
929,1636416000000,7.292784167958805,1171785761.221157,2021-11-09
930,1636502400000,7.37741752806057,1191020422.6991842,2021-11-10
931,1636588800000,7.515269272703909,1208658784.2690353,2021-11-11
932,1636675200000,7.989498851764694,1285007581.4561994,2021-11-12
933,1636761600000,7.7037778271092625,1235931423.3776321,2021-11-13
934,1636848000000,7.242660658445945,1166703787.4438496,2021-11-14
935,1636934400000,7.1470737856792015,1149629615.2448614,2021-11-15
936,1637020800000,6.6449237706732145,1070541751.175635,2021-11-16
937,1637107200000,6.3084322152603765,1015066218.0525713,2021-11-17
938,1637193600000,6.427986469898714,1009948886.8804061,2021-11-18
939,1637280000000,5.8986537019734415,927185475.496698,2021-11-19
940,1637366400000,6.490354112301287,1009825679.9434181,2021-11-20
941,1637452800000,6.541605496869556,1028561947.5209529,2021-11-21
942,1637539200000,6.237133118619007,982950556.2065489,2021-11-22
943,1637625600000,6.194880410288304,973552641.5074021,2021-11-23
944,1637712000000,6.299496068740484,989188021.3753632,2021-11-24
945,1637798400000,6.168538456488383,972111788.016272,2021-11-25
946,1637884800000,6.837419631967166,1070707126.137873,2021-11-26
947,1637971200000,6.193668872597032,971515842.774552,2021-11-27
948,1638057600000,6.328848688343061,991043996.7416062,2021-11-28
949,1638144000000,6.530306926605058,1026490684.6098149,2021-11-29
950,1638230400000,6.953579941295426,1094123919.3146176,2021-11-30
951,1638316800000,6.879733949827156,1082757749.0071282,2021-12-01
952,1638403200000,7.124232047394305,1119167183.1810946,2021-12-02
953,1638489600000,7.00576333151474,1101178811.5003092,2021-12-03
954,1638576000000,6.70270055481335,1058859686.4491856,2021-12-04
955,1638662400000,6.518357797307508,1032785728.617157,2021-12-05
956,1638748800000,6.2244076101122445,975326601.3241148,2021-12-06
957,1638835200000,6.218777873307002,976808900.5904464,2021-12-07
958,1638921600000,6.149485265267452,966354381.3734429,2021-12-08
959,1639008000000,6.193296972294964,973287720.3522102,2021-12-09
960,1639094400000,5.866187070342225,924307355.2370812,2021-12-10
961,1639180800000,5.919262283820452,932989313.0160849,2021-12-11
962,1639267200000,5.919055661838838,934439462.7841487,2021-12-12
963,1639353600000,6.025883932915778,946679373.6625963,2021-12-13
964,1639440000000,5.658910009816374,891374457.5562696,2021-12-14
965,1639526400000,5.840712818966045,918352651.1521173,2021-12-15
966,1639612800000,5.908253623854461,930147456.2084281,2021-12-16
967,1639699200000,5.772861060570382,905139136.380387,2021-12-17
968,1639785600000,5.690710483717644,897699813.1835833,2021-12-18
969,1639872000000,5.788762082377107,910108638.3855437,2021-12-19
970,1639958400000,5.772709633800857,907206651.3678672,2021-12-20
971,1640044800000,5.840220555681205,918795149.807158,2021-12-21
972,1640131200000,6.042786878260039,950676483.1796403,2021-12-22
973,1640217600000,6.137681195841524,963825248.1082783,2021-12-23
974,1640304000000,6.2611458850072985,981201265.3875558,2021-12-24
975,1640390400000,6.290406187570957,990780529.8905576,2021-12-25
976,1640476800000,6.389323496106769,1006675313.323057,2021-12-26
977,1640563200000,6.713171518637502,1054829543.2467707,2021-12-27
978,1640649600000,6.855823084221412,1078217986.5312963,2021-12-28
979,1640736000000,6.4635876489858,1021469574.7965424,2021-12-29
980,1640822400000,6.308420686533995,984731007.6038035,2021-12-30
981,1640908800000,6.767301463090407,1055483901.2334609,2021-12-31
982,1640995200000,6.5518128076977815,1032290446.7040718,2022-01-01
983,1641081600000,6.744471068712437,1064131844.6205368,2022-01-02
984,1641168000000,6.653363292815837,1047450374.3729244,2022-01-03
985,1641254400000,6.432835667874618,1012841042.4275794,2022-01-04
986,1641340800000,6.457151580969521,1014215755.4100363,2022-01-05
987,1641427200000,6.256049518256514,984710795.3178256,2022-01-06
988,1641513600000,6.272364775200573,988758685.6849529,2022-01-07
989,1641600000000,6.1678608286742636,967482884.1747203,2022-01-08
990,1641686400000,6.140031312578877,969794321.3386024,2022-01-09
991,1641772800000,6.281215198976135,989598629.2431736,2022-01-10
992,1641859200000,6.144963102758066,965692093.0077106,2022-01-11
993,1641945600000,6.3993126744895,1002560259.7086879,2022-01-12
994,1642032000000,6.86717766681613,1078977608.8857956,2022-01-13
995,1642118400000,6.766538284443927,1064360036.445844,2022-01-14
996,1642204800000,6.803648369676631,1068371982.5228332,2022-01-15
997,1642291200000,7.0954000357573195,1114123563.0415943,2022-01-16
998,1642377600000,7.0596367052046585,1109676778.3797698,2022-01-17
999,1642464000000,7.012734933124862,1102069435.379313,2022-01-18
1000,1642550400000,7.034688519217233,1105591413.572259,2022-01-19
1001,1642636800000,7.098185984764466,1114977508.5295036,2022-01-20
1002,1642723200000,7.029746667362105,1106499538.6438808,2022-01-21
1003,1642809600000,6.240629760175153,984419092.8281549,2022-01-22
1004,1642896000000,5.667212582068335,890070068.9652755,2022-01-23
1005,1642982400000,6.119849029874658,960289699.8658025,2022-01-24
1006,1643068800000,6.27201816986768,985804544.9909346,2022-01-25
1007,1643155200000,6.258392332336102,983380471.8186159,2022-01-26
1008,1643241600000,6.361734438116677,1006898727.5062337,2022-01-27
1009,1643328000000,6.53330194806833,1025117560.6842655,2022-01-28
1010,1643414400000,6.588730547778986,1035211758.1261837,2022-01-29
1011,1643500800000,6.785035820139604,1065207324.1340928,2022-01-30
1012,1643587200000,6.805983867521794,1069394406.3461818,2022-01-31
1013,1643673600000,6.875954062215136,1079019768.5234613,2022-02-01
1014,1643760000000,6.943836044233221,1091064229.7599664,2022-02-02
1015,1643846400000,6.77481382523328,1064840919.698138,2022-02-03
1016,1643932800000,6.685905205865326,1050007468.573151,2022-02-04
1017,1644019200000,7.036574216381109,1097846295.714768,2022-02-05
1018,1644105600000,7.0225707071832035,1106919106.947098,2022-02-06
1019,1644192000000,7.156183934429494,1123794709.800866,2022-02-07
1020,1644278400000,7.302294365664193,1109846574.717801,2022-02-08
1021,1644364800000,6.815462491176023,1032434038.0373468,2022-02-09
1022,1644451200000,7.030385461755298,1066371655.0936698,2022-02-10
1023,1644537600000,6.926216294433672,1050048330.7748909,2022-02-11
1024,1644624000000,6.733035586194223,1022455794.8361232,2022-02-12
1025,1644710400000,6.756663403504189,1024472293.7349732,2022-02-13
1026,1644796800000,6.782112429367239,1028687619.9750746,2022-02-14
1027,1644883200000,6.658174596717737,1010722626.9680076,2022-02-15
1028,1644969600000,6.917203407717036,1049940770.4272377,2022-02-16
1029,1645056000000,6.896404206474104,1045895979.2279639,2022-02-17
1030,1645142400000,6.589008005505274,1000121783.1551051,2022-02-18
1031,1645228800000,6.632766797352577,1008921788.994587,2022-02-19
1032,1645315200000,6.6462260254766745,1008207001.1854887,2022-02-20
1033,1645401600000,6.273670195330709,953078278.2079991,2022-02-21
1034,1645488000000,6.079915385322656,925776463.9534664,2022-02-22
1035,1645574400000,6.177553597135235,939631217.4817164,2022-02-23
1036,1645660800000,6.151613491076673,934113822.0424521,2022-02-24
1037,1645747200000,6.221145433870407,944514356.4157438,2022-02-25
1038,1645833600000,6.328461811147622,960702232.0140089,2022-02-26
1039,1645920000000,6.406369228685006,972181867.9059656,2022-02-27
1040,1646006400000,6.345564825661671,962952167.3110971,2022-02-28
1041,1646092800000,6.69680294714695,1017408998.5617721,2022-03-01
1042,1646179200000,6.736537645668519,1020972155.895524,2022-03-02
1043,1646265600000,6.812006839703292,1033737193.5223807,2022-03-03
1044,1646352000000,6.806004148399053,1031800924.8101192,2022-03-04
1045,1646438400000,6.720911616350052,1019230516.643785,2022-03-05
1046,1646524800000,6.807334027861235,1033189862.7756894,2022-03-06
1047,1646611200000,6.8011659164348535,1036318581.8400246,2022-03-07
1048,1646697600000,6.765587854377147,1027425292.1115733,2022-03-08
1049,1646784000000,6.554230972396686,995925176.7527888,2022-03-09
1050,1646870400000,6.649806313832651,1008876831.7424545,2022-03-10
1051,1646956800000,6.334186452847523,961705705.8988575,2022-03-11
1052,1647043200000,6.327353416058985,959668302.7993846,2022-03-12
1053,1647129600000,6.475501330061376,983256865.3646286,2022-03-13
1054,1647216000000,6.243917966904738,948736977.7279551,2022-03-14
1055,1647302400000,6.343621884939132,963954742.2219486,2022-03-15
1056,1647388800000,6.307275753283865,955531579.1098145,2022-03-16
1057,1647475200000,6.537627528076525,994359758.9393532,2022-03-17
1058,1647561600000,6.3198335147266835,959037923.6968775,2022-03-18
1059,1647648000000,6.358909330559744,965125473.0352731,2022-03-19
1060,1647734400000,6.323291726289261,959539116.2175871,2022-03-20
1061,1647820800000,6.463926225609325,979487163.1128932,2022-03-21
1062,1647907200000,6.375162165141379,966251242.9886556,2022-03-22
1063,1647993600000,6.433196974166534,978116521.4690968,2022-03-23
1064,1648080000000,6.4862470195529065,985518534.5362078,2022-03-24
1065,1648166400000,6.507272107064228,987366262.1340492,2022-03-25
1066,1648252800000,6.521091612847074,990920107.2104336,2022-03-26
1067,1648339200000,6.4885030103628845,985759048.6851673,2022-03-27
1068,1648425600000,6.569755241620356,995839083.5060934,2022-03-28
1069,1648512000000,6.762601579325093,1026792691.7317939,2022-03-29
1070,1648598400000,6.7471014453938984,1023687971.9803555,2022-03-30
1071,1648684800000,6.7618297079487695,1025531604.975754,2022-03-31
1072,1648771200000,6.6752155239088005,1010424815.6077394,2022-04-01
1073,1648857600000,6.858433033687013,1040410996.6273208,2022-04-02
1074,1648944000000,6.856507239011625,1042727658.3896044,2022-04-03
1075,1649030400000,6.9900654141163026,1059197370.8033073,2022-04-04
1076,1649116800000,6.978375436387627,1058445335.0398096,2022-04-05
1077,1649203200000,6.999466263907154,1063106457.7152265,2022-04-06
1078,1649289600000,6.611997826308333,1001615704.1942176,2022-04-07
1079,1649376000000,6.794872889598511,1031181767.6861817,2022-04-08
1080,1649462400000,6.6309321155208805,1005782922.2173418,2022-04-09
1081,1649548800000,6.6315099487954,1006390003.5415372,2022-04-10
1082,1649635200000,6.68830097984033,1019285958.5741806,2022-04-11
1083,1649721600000,6.313417471425241,961249052.5763266,2022-04-12
1084,1649808000000,6.39811198830235,971668357.3548154,2022-04-13
1085,1649894400000,6.579149735529447,999193618.754509,2022-04-14
1086,1649980800000,6.598624526105514,1001333051.6544261,2022-04-15
1087,1650067200000,6.571196968859985,997848287.2379494,2022-04-16
1088,1650153600000,6.529976555051519,990129454.608763,2022-04-17
1089,1650240000000,6.411667898578435,975206030.9185562,2022-04-18
1090,1650326400000,6.58316924790399,999075588.478498,2022-04-19
1091,1650412800000,6.53284395735447,997139117.2818974,2022-04-20
1092,1650499200000,6.530817439128842,991734873.5488786,2022-04-21
1093,1650585600000,6.473336820386971,980648312.2378476,2022-04-22
1094,1650672000000,6.4779467620775115,983839240.6760025,2022-04-23
1095,1650758400000,6.4262915450267535,975221068.7705514,2022-04-24
1096,1650844800000,6.426739643005102,976090148.9866736,2022-04-25
1097,1650931200000,6.3106077622497265,958185423.272031,2022-04-26
1098,1651017600000,6.139577335800717,932482440.8535254,2022-04-27
1099,1651104000000,6.135403004908374,930737231.6586585,2022-04-28
1100,1651190400000,6.189198458559748,940637829.780048,2022-04-29
1101,1651276800000,6.4365250577370094,976669544.4081191,2022-04-30
1102,1651363200000,6.330778397417756,959702086.7201214,2022-05-01
1103,1651449600000,6.239096604552022,947240524.0284928,2022-05-02
1104,1651536000000,6.245859772962624,947338358.4554601,2022-05-03
1105,1651622400000,6.310560940970192,958315839.3021275,2022-05-04
1106,1651708800000,6.520068601030727,990927362.1854143,2022-05-05
1107,1651795200000,6.333866754157302,962197204.4627461,2022-05-06
1108,1651881600000,6.3619713118164185,965728976.5343636,2022-05-07
1109,1651968000000,6.318072028674642,959430342.0829054,2022-05-08
1110,1652054400000,6.146162446563199,933588279.5558851,2022-05-09
1111,1652140800000,5.6804202473240455,869263930.9912525,2022-05-10
1112,1652227200000,5.834003000301835,884469909.5297,2022-05-11
1113,1652313600000,4.970349133333211,729094528.2186451,2022-05-12
1114,1652400000000,5.359003601008525,814562258.2413595,2022-05-13
1115,1652486400000,5.554228668952682,844747499.324795,2022-05-14
1116,1652572800000,5.55712361786781,842008450.9470787,2022-05-15
1117,1652659200000,5.56917469492901,841999036.708185,2022-05-16
1118,1652745600000,5.443213428544886,824915676.3745776,2022-05-17
1119,1652832000000,5.756097727264849,872975633.6955004,2022-05-18
1120,1652918400000,5.506928979170032,837093847.4633856,2022-05-19
1121,1653004800000,5.602135496024323,849829870.4487504,2022-05-20
1122,1653091200000,5.659342990618996,858645279.2812175,2022-05-21
1123,1653177600000,5.768560421834184,875959785.434018,2022-05-22
1124,1653264000000,5.746011425960285,872378876.9466801,2022-05-23
1125,1653350400000,5.682964672242623,861816732.6380954,2022-05-24
1126,1653436800000,5.638742554767141,856450514.8113962,2022-05-25
1127,1653523200000,5.5932734905665145,849494111.7984248,2022-05-26
1128,1653609600000,5.477869521010545,832091653.8730547,2022-05-27
1129,1653696000000,5.235224070362533,794120070.6438075,2022-05-28
1130,1653782400000,5.337612419965831,809495946.1626118,2022-05-29
1131,1653868800000,5.421195891760411,823150883.9555053,2022-05-30
1132,1653955200000,5.699183146516877,863504351.5690348,2022-05-31
1133,1654041600000,5.65909719246686,858226867.4609522,2022-06-01
1134,1654128000000,5.420334533266966,823384381.4907578,2022-06-02
1135,1654214400000,5.450349372115358,804605128.7790366,2022-06-03
1136,1654300800000,5.367262131570487,796388731.6531535,2022-06-04
1137,1654387200000,5.4023730730146085,801885506.8245913,2022-06-05
1138,1654473600000,5.401774331253665,803727670.9237291,2022-06-06
1139,1654560000000,5.484589626801454,814996913.9898136,2022-06-07
1140,1654646400000,5.48477909596742,814290042.4219611,2022-06-08
1141,1654732800000,5.524609046683353,820200260.6027993,2022-06-09
1142,1654819200000,5.497169911388236,815518736.6575522,2022-06-10
1143,1654905600000,5.383153635961834,798679001.1428531,2022-06-11
1144,1654992000000,5.286156589841213,783759480.5974646,2022-06-12
1145,1655078400000,4.870789200667839,727066822.0026715,2022-06-13
1146,1655164800000,4.251606809656855,629251787.0830858,2022-06-14
1147,1655251200000,4.45061433813724,662791135.4504195,2022-06-15
1148,1655337600000,4.3957416873499815,653058530.0884577,2022-06-16
1149,1655424000000,3.9559915061217477,584701849.7915977,2022-06-17
1150,1655510400000,3.960387710686674,590588194.1778071,2022-06-18
1151,1655596800000,3.6080888643156666,535949550.98450226,2022-06-19
1152,1655683200000,3.9537044777735266,587527190.0118306,2022-06-20
1153,1655769600000,4.063208868774655,601198401.0164735,2022-06-21
1154,1655856000000,4.2101212051339845,625703779.8562765,2022-06-22
1155,1655942400000,4.080600887410288,605004719.119712,2022-06-23
1156,1656028800000,4.241953791644295,630334030.7601358,2022-06-24
1157,1656115200000,4.2954058577446705,635014053.7175642,2022-06-25
1158,1656201600000,4.33865476481418,643316490.6099428,2022-06-26
1159,1656288000000,4.300834651096596,640085588.9402679,2022-06-27
1160,1656374400000,4.282213918982358,637088044.6116515,2022-06-28
1161,1656460800000,4.169402769118859,619069246.2155913,2022-06-29
1162,1656547200000,4.108448134824288,610777030.0178962,2022-06-30
1163,1656633600000,4.045328258410942,603123975.0150121,2022-07-01
1164,1656720000000,4.05089270564105,602484386.590692,2022-07-02
1165,1656806400000,4.099492319049303,608713979.257666,2022-07-03
1166,1656892800000,4.11160299287804,611363023.9119556,2022-07-04
1167,1656979200000,4.076577337004784,605626560.6717564,2022-07-05
1168,1657065600000,4.049382905968909,601711570.3052225,2022-07-06
1169,1657152000000,4.010903812401172,596487541.7951584,2022-07-07
1170,1657238400000,4.035061284551847,599302973.2218955,2022-07-08
1171,1657324800000,3.9487561080099822,585434316.2020711,2022-07-09
1172,1657411200000,3.942020521255938,585192138.8177993,2022-07-10
1173,1657497600000,3.917672701446607,581661799.58322,2022-07-11
1174,1657584000000,3.893841641029406,577981038.0747707,2022-07-12
1175,1657670400000,3.794257076025594,550816057.486268,2022-07-13
1176,1657756800000,3.9508489962625863,574978130.2965977,2022-07-14
1177,1657843200000,4.005012807119924,581631917.2038926,2022-07-15
1178,1657929600000,3.9921550493267004,580048610.6250147,2022-07-16
1179,1658016000000,4.106543457271792,597298233.7841539,2022-07-17
1180,1658102400000,4.096313166287538,595163401.4568628,2022-07-18
1181,1658188800000,4.259040111502277,618101023.3139492,2022-07-19
1182,1658275200000,4.222574667622964,616565044.9938606,2022-07-20
1183,1658361600000,4.155227849476083,604657594.7153436,2022-07-21
1184,1658448000000,4.121476352378576,600408381.3283714,2022-07-22
1185,1658534400000,4.104859005593849,597012300.5181247,2022-07-23
1186,1658620800000,4.119580517884579,598626001.4805241,2022-07-24
1187,1658707200000,4.1616255466378815,605672045.8441378,2022-07-25
1188,1658793600000,3.972738186242485,579082871.761177,2022-07-26
1189,1658880000000,4.013255124254672,583343550.8051755,2022-07-27
1190,1658966400000,4.176951436355508,606822512.0832775,2022-07-28
1191,1659052800000,4.295695744745676,623949696.0348264,2022-07-29
1192,1659139200000,4.3953474685150065,641284630.6399993,2022-07-30
1193,1659225600000,4.4460936969112685,646609487.8111504,2022-07-31
1194,1659312000000,4.461121577214018,647948923.7931114,2022-08-01
1195,1659398400000,4.426029758230285,643197984.8723903,2022-08-02
1196,1659484800000,4.35969147373933,632400165.4778274,2022-08-03
1197,1659571200000,4.509377705448839,656545688.8299916,2022-08-04
1198,1659657600000,4.557424546960361,660101496.7440635,2022-08-05
1199,1659744000000,4.733437029117596,688347932.0747371,2022-08-06
1200,1659830400000,4.7813844083751995,694829075.845299,2022-08-07
1201,1659916800000,4.750966607911559,690655621.03998,2022-08-08
1202,1660003200000,4.894416796043265,713320144.3634496,2022-08-09
1203,1660089600000,4.777219525770013,695349693.54088,2022-08-10
1204,1660176000000,4.932892331410093,718032349.6844503,2022-08-11
1205,1660262400000,4.931410692224133,716724974.6882746,2022-08-12
1206,1660348800000,5.046413523931028,735821539.8015292,2022-08-13
1207,1660435200000,5.106384936652447,743240078.5728074,2022-08-14
1208,1660521600000,5.0501776785675085,734219032.4239247,2022-08-15
1209,1660608000000,4.991003143519655,724497746.592953,2022-08-16
1210,1660694400000,4.8996527088864195,712416741.60027,2022-08-17
1211,1660780800000,4.853899528986703,704725998.3493532,2022-08-18
1212,1660867200000,4.850185884012222,705632271.3574063,2022-08-19
1213,1660953600000,4.390635843867385,639682083.0440067,2022-08-20
1214,1661040000000,4.429719838329899,642416445.8905487,2022-08-21
1215,1661126400000,4.583137402307423,665566007.6215136,2022-08-22
1216,1661212800000,4.547563677167489,660954813.7679075,2022-08-23
1217,1661299200000,4.526616998411494,657602429.2633151,2022-08-24
1218,1661385600000,4.49378269730297,653249609.7658653,2022-08-25
1219,1661472000000,4.5711892295230605,664842723.0274822,2022-08-26
1220,1661558400000,4.381231831521567,640172194.7396857,2022-08-27
1221,1661644800000,4.376520596604167,636369524.3221844,2022-08-28
1222,1661731200000,4.335350503531378,631325232.8612993,2022-08-29
1223,1661817600000,4.408041957279852,639514161.3152589,2022-08-30
1224,1661904000000,4.2520637833177455,618070925.1658404,2022-08-31
1225,1661990400000,4.29179042976136,624009004.705448,2022-09-01
1226,1662076800000,4.302529078647818,625454386.5310904,2022-09-02
1227,1662163200000,4.262665402491297,619305311.7899308,2022-09-03
1228,1662249600000,4.245377767018668,618510427.7549495,2022-09-04
1229,1662336000000,4.21249965835259,612636509.3238404,2022-09-05
1230,1662422400000,3.9927869317833276,579484599.2540867,2022-09-06
1231,1662508800000,3.9754254220214484,577898967.034838,2022-09-07
1232,1662595200000,4.006415241742565,581797497.1270167,2022-09-08
1233,1662681600000,4.0456333746276965,586739112.5573277,2022-09-09
1234,1662768000000,4.314934384709853,627297641.9366163,2022-09-10
1235,1662854400000,4.329039353936103,629336786.3223786,2022-09-11
1236,1662940800000,4.316177471167735,627401389.6932575,2022-09-12
1237,1663027200000,4.372674027593023,636490278.5641875,2022-09-13
1238,1663113600000,4.142128104783463,602470802.4854969,2022-09-14
1239,1663200000000,4.308748615775441,627162305.2553449,2022-09-15
1240,1663286400000,4.187227310642299,608669389.3027323,2022-09-16
1241,1663372800000,4.2569578082201796,619088122.0311409,2022-09-17
1242,1663459200000,4.274670924523738,623178856.0262623,2022-09-18
1243,1663545600000,4.1283090567738965,599901686.8141968,2022-09-19
1244,1663632000000,4.2072426355344295,611755108.9898697,2022-09-20
1245,1663718400000,4.150735105014931,603015791.8300564,2022-09-21
1246,1663804800000,4.139243760098606,600617060.9981961,2022-09-22
1247,1663891200000,4.260916631033199,619818658.1372446,2022-09-23
1248,1663977600000,4.231776433928912,616351725.9596176,2022-09-24
1249,1664064000000,4.247763578984227,616760132.8766961,2022-09-25
1250,1664150400000,4.211947289803243,612799824.519161,2022-09-26
1251,1664236800000,4.228433105227797,615447954.1804358,2022-09-27
1252,1664323200000,4.252609599012284,619238026.3007493,2022-09-28
1253,1664409600000,4.261731433900134,619458764.3154018,2022-09-29
1254,1664496000000,4.319464050282887,627998566.2408012,2022-09-30
1255,1664582400000,4.284512195919025,621863686.6923293,2022-10-01
1256,1664668800000,4.29071725517493,623404904.9508079,2022-10-02
1257,1664755200000,4.267854056764631,620973373.8243812,2022-10-03
1258,1664841600000,4.316883117295808,627760116.8925192,2022-10-04
1259,1664928000000,4.394296837566911,638829228.35575,2022-10-05
1260,1665014400000,4.395026959852864,638911769.3342166,2022-10-06
1261,1665100800000,4.416355392053788,641593093.64964,2022-10-07
1262,1665187200000,4.364111459454915,633950833.4803091,2022-10-08
1263,1665273600000,4.352092198842107,632856802.4886594,2022-10-09
1264,1665360000000,4.3570424536633094,631893890.0570159,2022-10-10
1265,1665446400000,4.360279400732353,633395387.2856709,2022-10-11
1266,1665532800000,4.358944720997086,633019253.5207716,2022-10-12
1267,1665619200000,4.399401858424081,639535610.5087413,2022-10-13
1268,1665705600000,4.3774527266316525,636489582.0669749,2022-10-14
1269,1665792000000,4.389018454396844,637552569.9764445,2022-10-15
1270,1665878400000,4.398082966485332,638789268.0616902,2022-10-16
1271,1665964800000,4.437126877453487,645026769.9526621,2022-10-17
1272,1666051200000,4.46876680122112,649051060.9627337,2022-10-18
1273,1666137600000,4.3936797340340545,638964142.8280469,2022-10-19
1274,1666224000000,4.387008333183031,638159731.193026,2022-10-20
1275,1666310400000,4.360473014165646,631300076.4219618,2022-10-21
1276,1666396800000,4.331119319555817,629356376.5040141,2022-10-22
1277,1666483200000,4.360931705217997,633975688.0397034,2022-10-23
1278,1666569600000,4.393437721325927,639339571.6726902,2022-10-24
1279,1666656000000,4.402734822467174,639938981.4784341,2022-10-25
1280,1666742400000,4.46486935956026,649568206.5200427,2022-10-26
1281,1666828800000,4.4926111136557365,653136766.3287487,2022-10-27
1282,1666915200000,4.477841312548562,651853115.3734641,2022-10-28
1283,1667001600000,4.507924861826886,655597525.1751015,2022-10-29
1284,1667088000000,4.594615001358152,667977416.3535775,2022-10-30
1285,1667174400000,4.580368216032141,666115770.2221584,2022-10-31
1286,1667260800000,4.643659170791834,675098879.5837243,2022-11-01
1287,1667347200000,4.642124095906994,674800952.6548139,2022-11-02
1288,1667433600000,4.601459490322922,668962838.6141059,2022-11-03
1289,1667520000000,4.650715778949757,675784750.5538225,2022-11-04
1290,1667606400000,4.812927171147689,699348716.2410706,2022-11-05
1291,1667692800000,4.819158485927686,701165658.7142642,2022-11-06
1292,1667779200000,4.780452807420789,695098972.169196,2022-11-07
1293,1667865600000,4.6969679184418265,682574688.8726256,2022-11-08
1294,1667952000000,4.360659094724501,633390135.7477756,2022-11-09
1295,1668038400000,3.8954747953286093,567226362.8216128,2022-11-10
1296,1668124800000,4.0707627215854,590443750.7090118,2022-11-11
1297,1668211200000,3.763635630715218,548843193.4405311,2022-11-12
1298,1668297600000,3.676387992956495,535397874.86386615,2022-11-13
1299,1668384000000,3.5175215161899698,510591851.75442207,2022-11-14
1300,1668470400000,3.6673194087487926,532204714.1992294,2022-11-15
1301,1668556800000,3.6986359543627545,537543016.4258989,2022-11-16
1302,1668643200000,3.6956066254153117,536948149.2696482,2022-11-17
1303,1668729600000,3.642739086916311,530003240.3976533,2022-11-18
1304,1668816000000,3.5612030351023067,518079022.40542877,2022-11-19
1305,1668902400000,3.590969762933451,521876607.7252659,2022-11-20
