,Time,open,mktcap,Date
0,1631491200000,15.732550131058474,0.0,2021-09-13
1,1631577600000,15.732550131058474,0.0,2021-09-14
2,1631664000000,21.062165715187415,0.0,2021-09-15
3,1631750400000,22.64666411307558,0.0,2021-09-16
4,1631836800000,20.643008302956822,0.0,2021-09-17
5,1631923200000,20.04879307944953,0.0,2021-09-18
6,1632009600000,20.832670970181308,0.0,2021-09-19
7,1632182400000,11.973508155833018,77713208.38177675,2021-09-21
8,1632268800000,11.973508155833018,77713208.38177675,2021-09-22
9,1632355200000,13.04881525314541,84692413.0927312,2021-09-23
10,1632441600000,14.942377288416512,96982405.52482787,2021-09-24
11,1632528000000,13.390077524827005,87364433.81183116,2021-09-25
12,1632614400000,13.690602154165898,82598169.3496617,2021-09-26
13,1632700800000,16.637020311858684,115222200.85118298,2021-09-27
14,1632787200000,16.81895835554232,117662264.49847487,2021-09-28
15,1632873600000,15.884571848727818,103838649.11667265,2021-09-29
16,1632960000000,15.188582600537039,101519198.2699505,2021-09-30
17,1633046400000,15.535459140520167,103036639.01153454,2021-10-01
18,1633132800000,16.548060156991266,107569495.41137734,2021-10-02
19,1633219200000,16.548060156991266,107569495.41137734,2021-10-03
20,1633305600000,18.8053730828358,122607724.12188692,2021-10-04
21,1633392000000,19.09820075080267,124758044.41608483,2021-10-05
22,1633478400000,27.552760949219795,179312822.9290874,2021-10-06
23,1633564800000,25.536121725646197,165769603.7780436,2021-10-07
24,1633651200000,24.831962391025186,161219290.0873692,2021-10-08
25,1633737600000,24.78217957414085,161094806.6839252,2021-10-09
26,1633824000000,24.629826399082486,157108585.85871342,2021-10-10
27,1633910400000,24.341042124151084,158195398.87413445,2021-10-11
28,1633996800000,23.363487654251493,151872700.13373706,2021-10-12
29,1634083200000,23.357891652365836,155761253.0855601,2021-10-13
30,1634169600000,23.34717786424458,150245187.14436457,2021-10-14
31,1634256000000,22.232671809027842,155068620.57404232,2021-10-15
32,1634342400000,22.354960794859252,149059397.00006685,2021-10-16
33,1634428800000,21.79720602301976,146150341.33531925,2021-10-17
34,1634515200000,20.95184428821095,140490548.8526462,2021-10-18
35,1634601600000,22.184160075704284,148383607.6554439,2021-10-19
36,1634688000000,23.10859012539862,159957303.91744584,2021-10-20
37,1634774400000,24.53923862874796,162122040.47292623,2021-10-21
38,1634860800000,24.51832202380066,164115843.3526274,2021-10-22
39,1634947200000,32.91948449978423,221118158.4574152,2021-10-23
40,1635033600000,35.007853963160706,216828036.09179008,2021-10-24
41,1635120000000,31.7486027099606,211150347.78425878,2021-10-25
42,1635206400000,35.21591147289299,240868366.89446208,2021-10-26
43,1635292800000,34.228224811222354,230102296.4560542,2021-10-27
44,1635379200000,32.75548538967994,220118354.29272315,2021-10-28
45,1635465600000,38.88084005752042,262792091.32185322,2021-10-29
46,1635552000000,39.18129948317708,264185848.25719061,2021-10-30
47,1635638400000,36.57984552378681,245124807.907862,2021-10-31
48,1635724800000,36.51170798256818,245932359.76006985,2021-11-01
49,1635811200000,35.303297911853385,236683247.3224886,2021-11-02
50,1635897600000,34.252097804835635,231978169.8851987,2021-11-03
51,1635984000000,38.78549544235898,262901182.4829716,2021-11-04
52,1636070400000,35.70607714277788,241159222.74041295,2021-11-05
53,1636156800000,37.27587515567287,251867732.28272352,2021-11-06
54,1636243200000,36.43397700668075,246844768.81462845,2021-11-07
55,1636329600000,34.75604493975359,238839977.68729928,2021-11-08
56,1636416000000,33.58317588080615,227213716.36383945,2021-11-09
57,1636502400000,32.83274102735822,222316522.47532248,2021-11-10
58,1636588800000,30.27536402774359,203291377.32724524,2021-11-11
59,1636675200000,34.86724062985716,236682735.87434825,2021-11-12
60,1636761600000,30.101091482209274,204264063.59459996,2021-11-13
61,1636848000000,30.527953491558666,206912693.4367129,2021-11-14
62,1636934400000,31.376943690143452,212253690.10409805,2021-11-15
63,1637020800000,30.067769622631417,204006183.6949888,2021-11-16
64,1637107200000,29.06955521906901,199266704.6935496,2021-11-17
65,1637193600000,28.257734853418633,190957441.3564919,2021-11-18
66,1637280000000,25.39128899626902,173007374.40311563,2021-11-19
67,1637366400000,38.13062890937466,266072100.7618122,2021-11-20
68,1637452800000,44.62913089027687,304382363.82101697,2021-11-21
69,1637539200000,37.58328748261542,257133954.46188107,2021-11-22
70,1637625600000,37.574588189645155,256883797.76835108,2021-11-23
71,1637712000000,38.260426995251244,261608033.61362,2021-11-24
72,1637798400000,37.22713165395903,258244246.6535301,2021-11-25
73,1637884800000,42.48946656379806,295340162.6208776,2021-11-26
74,1637971200000,36.444873184699276,255320528.16854766,2021-11-27
75,1638057600000,34.58118724908963,241802903.4541254,2021-11-28
76,1638144000000,34.740350298132995,242582050.45904148,2021-11-29
77,1638230400000,35.33590164674328,247192388.12363708,2021-11-30
78,1638316800000,34.00311641720533,238277596.82901424,2021-12-01
79,1638403200000,33.078650438189044,231662850.89174318,2021-12-02
80,1638489600000,30.83113018799174,216066692.9620337,2021-12-03
81,1638576000000,28.054092820695544,196544227.95087475,2021-12-04
82,1638662400000,29.29856405428408,204558469.92235723,2021-12-05
83,1638748800000,27.809144512385043,194865745.14124307,2021-12-06
84,1638835200000,28.340843438212815,198317617.1874197,2021-12-07
85,1638921600000,27.923175951536535,194900259.3848541,2021-12-08
86,1639008000000,28.61783463489254,200909878.752109,2021-12-09
87,1639094400000,25.093981225065786,177290974.11203018,2021-12-10
88,1639180800000,22.484802911555565,157736976.74625394,2021-12-11
89,1639267200000,24.934328869294617,174872999.096961,2021-12-12
90,1639353600000,24.87265275989194,174766369.26625708,2021-12-13
91,1639440000000,21.045242126076097,148269465.62233645,2021-12-14
92,1639526400000,21.663556045259273,151828526.2550863,2021-12-15
93,1639612800000,24.61502012503468,172829872.55858508,2021-12-16
94,1639699200000,25.842300791156152,181615221.38688332,2021-12-17
95,1639785600000,24.531147024531624,172468554.44377413,2021-12-18
96,1639872000000,24.582585243632387,172751179.86378142,2021-12-19
97,1639958400000,22.81970895457415,160974441.359087,2021-12-20
98,1640044800000,24.596684272778802,173235467.78187266,2021-12-21
99,1640131200000,25.241911211192875,177378977.00019047,2021-12-22
100,1640217600000,25.267773806894436,178083215.31494698,2021-12-23
101,1640304000000,26.506760714470577,186285273.77506748,2021-12-24
102,1640390400000,23.647456666831754,166664429.52602193,2021-12-25
103,1640476800000,22.86155893172002,160857250.23764324,2021-12-26
104,1640563200000,24.15895035442539,170088591.2617397,2021-12-27
105,1640649600000,24.9965542722794,176322450.38352302,2021-12-28
106,1640736000000,21.385685662851998,150840188.46461126,2021-12-29
107,1640822400000,20.65202724549931,145621423.51612082,2021-12-30
108,1640908800000,22.107146707632776,155569837.14848948,2021-12-31
109,1640995200000,21.69443473847762,153034496.2742964,2022-01-01
110,1641081600000,22.47943235302215,158669898.8118008,2022-01-02
111,1641168000000,29.99412825955633,212009311.7602096,2022-01-03
112,1641254400000,30.003815815278188,212136417.70499593,2022-01-04
113,1641340800000,34.62516807347838,244724873.42083722,2022-01-05
114,1641427200000,30.362852936713956,207112396.69408476,2022-01-06
115,1641513600000,31.310415396764906,220839555.75135005,2022-01-07
116,1641600000000,30.632203231209086,217009981.7083415,2022-01-08
117,1641686400000,32.85553752872353,232234597.4728173,2022-01-09
118,1641772800000,37.07101373212912,262218910.7129351,2022-01-10
119,1641859200000,39.65699500668283,279534204.9880032,2022-01-11
120,1641945600000,37.71977499654855,267484505.46621472,2022-01-12
121,1642032000000,42.92436922950498,305190263.5839165,2022-01-13
122,1642118400000,40.44300325120863,286319022.51091677,2022-01-14
123,1642204800000,43.23409727931097,306570930.0977986,2022-01-15
124,1642291200000,51.335635691614364,363661863.7817019,2022-01-16
125,1642377600000,58.0442117057649,411705380.7547074,2022-01-17
126,1642464000000,49.695668159430184,354627590.205807,2022-01-18
127,1642550400000,49.03955225625935,352403242.18708736,2022-01-19
128,1642636800000,57.4957929575119,414286629.93060005,2022-01-20
129,1642723200000,49.17536129939004,358511868.7006248,2022-01-21
130,1642809600000,38.45148415484037,275001226.1894424,2022-01-22
131,1642896000000,34.87221644153114,252635896.111722,2022-01-23
132,1642982400000,40.48441799924134,293398797.2582572,2022-01-24
133,1643068800000,42.97983916043763,310323237.0446829,2022-01-25
134,1643155200000,44.46906367425667,320756862.7519253,2022-01-26
135,1643241600000,41.258985456950086,297798758.17817986,2022-01-27
136,1643328000000,36.85292809738465,257335482.07906783,2022-01-28
137,1643414400000,40.78291469387853,294058284.5725381,2022-01-29
138,1643500800000,42.74525204478616,308645542.67524064,2022-01-30
139,1643587200000,38.192952984803796,275949732.9427363,2022-01-31
140,1643673600000,40.66402608293547,293401515.9098938,2022-02-01
141,1643760000000,43.18105953887141,312546175.2719003,2022-02-02
142,1643846400000,37.5851068275464,271396131.88869226,2022-02-03
143,1643932800000,37.49467139815867,271124881.878509,2022-02-04
144,1644019200000,44.70451060558076,323457947.38334864,2022-02-05
145,1644105600000,45.65652100526334,331370519.3643441,2022-02-06
146,1644192000000,39.05429892026858,281665922.5146195,2022-02-07
147,1644278400000,41.78869726301645,302671132.17386043,2022-02-08
148,1644364800000,43.12508159966796,310758935.7239972,2022-02-09
149,1644451200000,44.172674238271185,320087038.4265477,2022-02-10
150,1644537600000,42.57890566134791,313031642.05377895,2022-02-11
151,1644624000000,35.7916950162908,262847853.2203988,2022-02-12
152,1644710400000,34.51852791444052,253381680.30168003,2022-02-13
153,1644796800000,34.12720012801358,250863189.66992545,2022-02-14
154,1644883200000,33.98518520616472,250185677.5837023,2022-02-15
155,1644969600000,39.10722460249787,288874414.29174554,2022-02-16
156,1645056000000,36.785375074886474,271164425.95369244,2022-02-17
157,1645142400000,32.934603524696676,243417767.31114188,2022-02-18
158,1645228800000,32.150884038812656,237056379.51122707,2022-02-19
159,1645315200000,31.53304579657801,231764451.52540278,2022-02-20
160,1645401600000,28.707324595817436,211638247.6090728,2022-02-21
161,1645488000000,26.918651560635784,199429086.7838661,2022-02-22
162,1645574400000,27.206013689389955,200569831.56520173,2022-02-23
163,1645660800000,26.38398758787542,194478853.96256462,2022-02-24
164,1645747200000,25.371877181221272,187141573.08963776,2022-02-25
165,1645833600000,28.951111778819133,214112074.34794784,2022-02-26
166,1645920000000,28.281319074952485,208506182.2828397,2022-02-27
167,1646006400000,25.66070136345401,189416110.00013962,2022-02-28
168,1646092800000,29.312073753110315,214197110.18574566,2022-03-01
169,1646179200000,32.68055039736304,241609714.94836774,2022-03-02
170,1646265600000,31.85545892848477,235669567.24891636,2022-03-03
171,1646352000000,29.683157383711656,219836431.6996257,2022-03-04
172,1646438400000,26.352898286085356,194985341.34858307,2022-03-05
173,1646524800000,26.899232685416095,198887742.36721328,2022-03-06
174,1646611200000,24.227380307798317,179986044.56867385,2022-03-07
175,1646697600000,22.40661819850855,166027534.93886328,2022-03-08
176,1646784000000,24.295716797762992,181006173.51542386,2022-03-09
177,1646870400000,25.126349013011797,186945888.56261095,2022-03-10
178,1646956800000,24.47281164656879,182531962.3379429,2022-03-11
179,1647043200000,23.85704222699649,177918764.79807454,2022-03-12
180,1647129600000,23.257458327560737,173548261.9320108,2022-03-13
181,1647216000000,23.11484904692591,172630708.1943749,2022-03-14
182,1647302400000,21.25933906374056,158612103.15895554,2022-03-15
183,1647388800000,21.81127291539319,163073102.5227326,2022-03-16
184,1647475200000,23.364016466111703,175001948.45623794,2022-03-17
185,1647561600000,25.000310391067252,186711809.0411537,2022-03-18
186,1647648000000,29.45475877250275,220235911.64065024,2022-03-19
187,1647734400000,30.189875694500873,225695183.0148017,2022-03-20
188,1647820800000,28.224027996939313,211053521.09668806,2022-03-21
189,1647907200000,29.16520109320621,218306526.9199214,2022-03-22
190,1647993600000,28.621180729863372,214209984.81007937,2022-03-23
191,1648080000000,28.409529171745213,212422965.92665616,2022-03-24
192,1648166400000,28.334712779536257,212178961.86437926,2022-03-25
193,1648252800000,28.662559068043915,214531501.00633824,2022-03-26
194,1648339200000,28.67146975179247,215022567.9990604,2022-03-27
195,1648425600000,29.749714732012766,222979816.38797742,2022-03-28
196,1648512000000,28.4370595190185,212519495.51905277,2022-03-29
197,1648598400000,30.84142010611197,231430499.9070607,2022-03-30
198,1648684800000,34.056498178210056,255780984.76422307,2022-03-31
199,1648771200000,39.804568394910426,297551942.32019264,2022-04-01
200,1648857600000,42.27400446691357,317061562.0863473,2022-04-02
201,1648944000000,39.42998940847259,297309117.09418017,2022-04-03
202,1649030400000,39.40475290754943,296255133.1649241,2022-04-04
203,1649116800000,41.65336145106865,313929059.5752543,2022-04-05
204,1649203200000,40.97547347279732,311058434.47117233,2022-04-06
205,1649289600000,37.892787555418565,287299103.20411825,2022-04-07
206,1649376000000,36.35320643016779,274161626.38661206,2022-04-08
207,1649462400000,33.18555832124052,249354176.38709244,2022-04-09
208,1649548800000,37.69761024383557,284085233.65277994,2022-04-10
209,1649635200000,33.177419419125656,251467537.6531268,2022-04-11
210,1649721600000,27.932537468000014,210783341.19298753,2022-04-12
211,1649808000000,31.445008329867104,237165717.70971054,2022-04-13
212,1649894400000,38.40300973665993,289515236.4238985,2022-04-14
213,1649980800000,35.094761073027065,264763113.11199147,2022-04-15
214,1650067200000,35.71862336439841,270624383.1383143,2022-04-16
215,1650153600000,36.55887242574867,275891663.5392553,2022-04-17
216,1650240000000,35.034816676184455,264341239.89557368,2022-04-18
217,1650326400000,37.6178748377877,284065896.4061459,2022-04-19
218,1650412800000,39.15790308762039,295071658.3276347,2022-04-20
219,1650499200000,36.45978827147342,275243367.80518013,2022-04-21
220,1650585600000,34.69101490218691,261928688.7740446,2022-04-22
221,1650672000000,33.49778774998606,253255721.5185795,2022-04-23
222,1650758400000,31.934675629364225,241767513.1476368,2022-04-24
223,1650844800000,31.440119485165805,238275584.88455456,2022-04-25
224,1650931200000,33.03971892247224,250253014.07100937,2022-04-26
225,1651017600000,29.415411556240837,221056703.29993072,2022-04-27
226,1651104000000,29.424466938398893,222751353.47221917,2022-04-28
227,1651190400000,29.28975646351277,222134494.2911855,2022-04-29
228,1651276800000,28.125572841611884,213463462.21902436,2022-04-30
229,1651363200000,25.476260723912418,192062645.56406522,2022-05-01
230,1651449600000,27.210998327849087,206915104.84867382,2022-05-02
231,1651536000000,28.024942225820148,212035975.98430133,2022-05-03
232,1651622400000,27.729927897208842,210852787.7254453,2022-05-04
233,1651708800000,32.94086537229832,250215881.50275552,2022-05-05
234,1651795200000,30.344676042780318,230668055.07336587,2022-05-06
235,1651881600000,30.410491472520476,231350856.7158887,2022-05-07
236,1651968000000,27.82029656777248,211658386.2395563,2022-05-08
237,1652054400000,27.691659796570303,210457098.88561547,2022-05-09
238,1652140800000,25.881167595067325,196459156.89676768,2022-05-10
239,1652227200000,27.646074824516464,210429696.5424019,2022-05-11
240,1652313600000,22.319227441112723,177634059.68315685,2022-05-12
241,1652400000000,21.831257293945956,166525952.0009612,2022-05-13
242,1652486400000,20.838099146545257,160773016.7912064,2022-05-14
243,1652572800000,21.429586224973193,162423869.9261889,2022-05-15
244,1652659200000,21.651797405922924,165499902.43222815,2022-05-16
245,1652745600000,20.322969767812076,154917366.86768,2022-05-17
246,1652832000000,21.32116300014424,162749105.10446212,2022-05-18
247,1652918400000,18.72097218556628,143252728.6860109,2022-05-19
248,1653004800000,18.493055748870706,141186237.39416295,2022-05-20
249,1653091200000,18.091344121425305,138031866.55309013,2022-05-21
250,1653177600000,18.827665866103217,143215456.64014354,2022-05-22
251,1653264000000,20.492414443200925,156758991.0058931,2022-05-23
252,1653350400000,19.940229510366088,152372850.57141188,2022-05-24
253,1653436800000,19.5382935955565,149224324.91069385,2022-05-25
254,1653523200000,21.2904187367197,162739988.4456868,2022-05-26
255,1653609600000,19.507923171031205,149944140.36336645,2022-05-27
256,1653696000000,17.889752231638248,136644787.74561012,2022-05-28
257,1653782400000,18.928159017552858,144810005.9665412,2022-05-29
258,1653868800000,19.511442042776988,149451770.68749723,2022-05-30
259,1653955200000,21.89867137202945,167873119.36085516,2022-05-31
260,1654041600000,20.484129147319063,157148668.20955062,2022-06-01
261,1654128000000,18.639520568265848,143320752.3268186,2022-06-02
262,1654214400000,20.701032178626573,159434303.1688315,2022-06-03
263,1654300800000,21.281999487959645,163147374.88104236,2022-06-04
264,1654387200000,21.94860613461268,168049727.6756364,2022-06-05
265,1654473600000,21.397683072521026,164527570.33893824,2022-06-06
266,1654560000000,22.698635759454497,174504246.58640653,2022-06-07
267,1654646400000,20.757745369123555,160201926.68575126,2022-06-08
268,1654732800000,19.603528269843853,151246496.09335178,2022-06-09
269,1654819200000,19.12695486124652,146992747.22088727,2022-06-10
270,1654905600000,18.058816500115775,138701808.63929632,2022-06-11
271,1654992000000,15.520679061554988,119148375.97401075,2022-06-12
272,1655078400000,15.590361834774393,121289675.0980165,2022-06-13
273,1655164800000,13.33965687739797,101802145.33455284,2022-06-14
274,1655251200000,14.576049252708863,112047002.51777,2022-06-15
275,1655337600000,15.320086796858934,117500408.08251387,2022-06-16
276,1655424000000,13.204908346041773,101393620.86905709,2022-06-17
277,1655510400000,15.55076233921118,120132620.17259206,2022-06-18
278,1655596800000,14.768663069441216,113555093.79840785,2022-06-19
279,1655683200000,16.78918871687502,129322193.52901882,2022-06-20
280,1655769600000,17.483461674729444,134918306.5885212,2022-06-21
281,1655856000000,17.003473258108475,131080530.90848227,2022-06-22
282,1655942400000,16.379972517826925,126795034.4539182,2022-06-23
283,1656028800000,17.420701052545272,134422306.47519293,2022-06-24
284,1656115200000,19.922334764540697,154692334.49067345,2022-06-25
285,1656201600000,19.873025520218427,153376160.99178067,2022-06-26
286,1656288000000,18.83637614290768,146006614.43314067,2022-06-27
287,1656374400000,18.746372695949997,144911891.0343324,2022-06-28
288,1656460800000,18.887900698052263,146418548.5774531,2022-06-29
289,1656547200000,16.633188837992023,128703210.00253151,2022-06-30
290,1656633600000,15.33869932876289,117563593.35486762,2022-07-01
291,1656720000000,15.793477387954205,122753994.18336338,2022-07-02
292,1656806400000,16.148953181064986,125056748.28053993,2022-07-03
293,1656892800000,16.461405575390224,127294211.56362158,2022-07-04
294,1656979200000,17.44759008512851,135413717.67985138,2022-07-05
295,1657065600000,17.76249156846059,137460901.09519714,2022-07-06
296,1657152000000,19.51335105996401,151093850.62066412,2022-07-07
297,1657238400000,21.571992162024095,167239612.02727863,2022-07-08
298,1657324800000,22.607557832571963,172696114.0144295,2022-07-09
299,1657411200000,26.416602099511334,204824873.0712448,2022-07-10
300,1657497600000,25.32833871924795,196371794.79174316,2022-07-11
301,1657584000000,21.863491805684156,169686160.3605942,2022-07-12
302,1657670400000,23.833692274484118,184992215.18452835,2022-07-13
303,1657756800000,29.77210307169945,234891990.4214178,2022-07-14
304,1657843200000,28.83674476601786,225460010.6085942,2022-07-15
305,1657929600000,30.247322930344787,236296187.45284018,2022-07-16
306,1658016000000,33.41420102529563,260785481.7588331,2022-07-17
307,1658102400000,28.52150187291103,223842743.70877576,2022-07-18
308,1658188800000,31.631890897198797,247654356.0712446,2022-07-19
309,1658275200000,28.3694575728649,223697037.04287922,2022-07-20
310,1658361600000,28.47268457568057,224071158.17180702,2022-07-21
311,1658448000000,29.12100684425989,228421634.45182437,2022-07-22
312,1658534400000,26.957549312564844,211376970.35396984,2022-07-23
313,1658620800000,27.47597423585448,215300712.87397507,2022-07-24
314,1658707200000,27.899189434223672,220068872.34804693,2022-07-25
315,1658793600000,25.326075987691503,196048079.07917026,2022-07-26
316,1658880000000,25.27765027023777,197580961.75012133,2022-07-27
317,1658966400000,29.234070868118824,229593740.0375206,2022-07-28
318,1659052800000,31.515850794888433,247316615.1582356,2022-07-29
319,1659139200000,33.89898773266969,270992728.9860371,2022-07-30
320,1659225600000,35.728088041148446,281129081.4016817,2022-07-31
321,1659312000000,40.20717927829694,317376338.77009785,2022-08-01
322,1659398400000,39.605385880832884,312458860.83462083,2022-08-02
323,1659484800000,39.1477265524696,314493682.5300803,2022-08-03
324,1659571200000,40.88608961569098,321776743.64631665,2022-08-04
325,1659657600000,39.7188332420108,313575359.8124516,2022-08-05
326,1659744000000,43.86330225929854,338415573.06146026,2022-08-06
327,1659830400000,42.07207982221975,332863182.25900567,2022-08-07
328,1659916800000,43.56021520793051,344575581.3825957,2022-08-08
329,1660003200000,43.96063672443484,347845505.6777951,2022-08-09
330,1660089600000,41.45942033737519,327354604.76172584,2022-08-10
331,1660176000000,46.09931766531453,364116058.23729086,2022-08-11
332,1660262400000,42.94952095469693,339983159.0013356,2022-08-12
333,1660348800000,43.514164001852045,344631266.18130577,2022-08-13
334,1660435200000,39.51378935306036,313306399.64094627,2022-08-14
335,1660521600000,35.6716619976672,282684717.2482545,2022-08-15
336,1660608000000,37.49781509996147,296713549.0855966,2022-08-16
337,1660694400000,34.88620321377871,275808986.9952287,2022-08-17
338,1660780800000,33.524963193156964,266115211.95314547,2022-08-18
339,1660867200000,34.37926575049942,279316071.59794754,2022-08-19
340,1660953600000,32.064907916344495,254081252.71532598,2022-08-20
341,1661040000000,32.10786595632506,255128928.7539968,2022-08-21
342,1661126400000,36.140827763075784,286775668.236471,2022-08-22
343,1661212800000,41.42379140949264,326146552.8074527,2022-08-23
344,1661299200000,42.153096050064455,333194573.43904215,2022-08-24
345,1661385600000,40.60704991105943,322782035.37569195,2022-08-25
346,1661472000000,40.908632266252596,326083944.89472485,2022-08-26
347,1661558400000,35.197830488202655,282517937.0674126,2022-08-27
348,1661644800000,38.87463345383965,308985277.5676967,2022-08-28
349,1661731200000,39.890313970947254,318787591.7849126,2022-08-29
350,1661817600000,44.645092226740644,352744208.46482193,2022-08-30
351,1661904000000,44.24841879507067,355290040.06620663,2022-08-31
352,1661990400000,49.641905091297325,402330373.0288137,2022-09-01
353,1662076800000,49.81077164476002,397081046.1032326,2022-09-02
354,1662163200000,50.60630163511127,404918457.0797656,2022-09-03
355,1662249600000,52.07536990866719,415510716.5255516,2022-09-04
356,1662336000000,56.72628059398407,453797260.7555281,2022-09-05
357,1662422400000,49.08089340439058,393113137.24757963,2022-09-06
358,1662508800000,47.14026020474317,377243227.85511523,2022-09-07
359,1662595200000,53.07823577981411,426127857.1676076,2022-09-08
360,1662681600000,51.4510967511924,412257179.3657378,2022-09-09
361,1662768000000,51.21341143761449,410292078.01983684,2022-09-10
362,1662854400000,48.93634023847274,391919537.99891347,2022-09-11
363,1662940800000,49.64827818455194,398784530.0481623,2022-09-12
364,1663027200000,46.26644993543214,371006810.16110283,2022-09-13
365,1663113600000,43.6526880374945,350754720.82222,2022-09-14
366,1663200000000,47.11575221756714,378076402.31139344,2022-09-15
367,1663286400000,44.18517703272154,355676676.8191453,2022-09-16
368,1663372800000,44.09365126606871,353917924.3018772,2022-09-17
369,1663459200000,46.363204225491785,369163152.8647348,2022-09-18
370,1663545600000,39.607213526249865,318595595.36784697,2022-09-19
371,1663632000000,44.72714174339024,360113994.18172085,2022-09-20
372,1663718400000,39.45444219228412,317314454.9086386,2022-09-21
373,1663804800000,39.093105507860486,313740187.70411325,2022-09-22
374,1663891200000,41.14682786898058,331568460.4698265,2022-09-23
375,1663977600000,39.83391712715684,321100776.8456931,2022-09-24
376,1664064000000,39.246494787435836,317976354.13725114,2022-09-25
377,1664150400000,39.30566890821643,316908348.69144166,2022-09-26
378,1664236800000,40.716242791647524,328059043.3601648,2022-09-27
379,1664323200000,41.3901300743616,335096825.892608,2022-09-28
380,1664409600000,41.839039335867625,337599003.9120879,2022-09-29
381,1664496000000,39.94621200445997,322588180.1305454,2022-09-30
382,1664582400000,39.73314303820509,320927729.50113916,2022-10-01
383,1664668800000,38.962432773640124,314764353.41130155,2022-10-02
384,1664755200000,37.79155009654247,306039871.9360034,2022-10-03
385,1664841600000,39.03802045419463,315680463.77000433,2022-10-04
386,1664928000000,40.78795492125418,329228685.7660326,2022-10-05
387,1665014400000,50.68862915818081,407827735.20604163,2022-10-06
388,1665100800000,44.25705737210156,358693548.62568855,2022-10-07
389,1665187200000,42.603180895224135,345412006.92406946,2022-10-08
390,1665273600000,44.43404883796,360095369.63794976,2022-10-09
391,1665360000000,45.0995759371368,365752966.5390845,2022-10-10
392,1665446400000,41.30348193199283,336065850.4985427,2022-10-11
393,1665532800000,38.273828167882584,310200420.27800757,2022-10-12
394,1665619200000,38.48700979156279,312062289.15720177,2022-10-13
395,1665705600000,38.347573387495125,310738681.8785931,2022-10-14
396,1665792000000,37.8511885173935,306543847.3374128,2022-10-15
397,1665878400000,36.49020841207054,296414568.10303146,2022-10-16
398,1665964800000,37.63605595233926,305122797.6500874,2022-10-17
399,1666051200000,38.54263086146119,312738251.99689513,2022-10-18
400,1666137600000,37.1263310079436,300400941.8425074,2022-10-19
401,1666224000000,35.24634844799488,286627806.5665352,2022-10-20
402,1666310400000,33.47461951245964,272324161.2191383,2022-10-21
403,1666396800000,35.26824565236082,286133714.3455113,2022-10-22
404,1666483200000,34.67611671570576,282327422.5782112,2022-10-23
405,1666569600000,37.16921264369091,302082566.2937033,2022-10-24
406,1666656000000,36.02520710003022,293576178.77332574,2022-10-25
407,1666742400000,37.70356432588052,307267419.2601275,2022-10-26
408,1666828800000,42.07630451306214,343254826.28238446,2022-10-27
409,1666915200000,39.14197070845427,319477139.20925057,2022-10-28
410,1667001600000,42.51120540589232,348726694.5192522,2022-10-29
411,1667088000000,43.399026533315876,354649736.7673564,2022-10-30
412,1667174400000,41.47849436446096,338736832.9647801,2022-10-31
413,1667260800000,42.709588300987555,348587918.0468866,2022-11-01
414,1667347200000,41.897487916188105,342575958.86393034,2022-11-02
415,1667433600000,40.496488900623326,330959108.8758188,2022-11-03
416,1667520000000,40.15566233681899,328762722.94975126,2022-11-04
417,1667606400000,43.20204686859162,354039087.81362706,2022-11-05
418,1667692800000,40.89249699237979,334832055.38220894,2022-11-06
419,1667779200000,38.32345276878414,314229278.3498601,2022-11-07
420,1667865600000,38.57635865395034,316291870.1301073,2022-11-08
421,1667952000000,35.352970489345,291068933.28361654,2022-11-09
422,1668038400000,26.412362987179204,216995975.22852352,2022-11-10
423,1668124800000,34.716369449377794,284986680.5907828,2022-11-11
424,1668211200000,34.813585641442394,283667359.76457286,2022-11-12
425,1668297600000,36.89401643180265,303042010.23458177,2022-11-13
426,1668384000000,38.51636761085978,321786661.3915686,2022-11-14
427,1668470400000,42.291281011515494,348235476.7653396,2022-11-15
428,1668556800000,42.803528428730196,352234461.9796051,2022-11-16
429,1668643200000,40.782869641064195,334658126.0997955,2022-11-17
430,1668729600000,39.775822555734045,327534839.119495,2022-11-18
431,1668816000000,40.68268800465974,334673640.03127897,2022-11-19
432,1668902400000,42.846108372546624,352807013.77328694,2022-11-20
