,Time,open,mktcap,Date
0,1568764800000,0.11440315561916242,181921868.8926456,2019-09-18
1,1568851200000,0.07820936216578471,122042999.71579961,2019-09-19
2,1568937600000,0.057816042038081085,93471509.82404302,2019-09-20
3,1569024000000,0.052569976191852934,86997867.69222786,2019-09-21
4,1569110400000,0.04799052181403463,82197489.87433445,2019-09-22
5,1569196800000,0.03974469397600902,69517033.7414375,2019-09-23
6,1569283200000,0.0378187991163208,67114068.60201465,2019-09-24
7,1569369600000,0.029529729513760115,56377440.58075029,2019-09-25
8,1569456000000,0.03014218710994275,19441751.305037558,2019-09-26
9,1569542400000,0.028942805521468867,18701589.194600083,2019-09-27
10,1569628800000,0.03699490411952716,23862367.92990303,2019-09-28
11,1569715200000,0.03993609226733013,25542872.673248213,2019-09-29
12,1569801600000,0.03567410551413672,23060906.27947901,2019-09-30
13,1569888000000,0.03794365766157802,24493870.34086961,2019-10-01
14,1569974400000,0.037609178281318226,73395606.78132702,2019-10-02
15,1570060800000,0.037609178281318226,73395606.78132702,2019-10-03
16,1570147200000,0.03817185601275415,24332545.85295131,2019-10-04
17,1570233600000,0.0386801308377213,24531330.387781058,2019-10-05
18,1570320000000,0.04188266370391801,26679335.97620821,2019-10-06
19,1570406400000,0.038017316013573915,24198772.522648383,2019-10-07
20,1570492800000,0.03813629460297406,24252607.23102387,2019-10-08
21,1570579200000,0.03867485489148758,24619379.46072205,2019-10-09
22,1570665600000,0.03907831315512046,0.0,2019-10-10
23,1570752000000,0.03813581871953218,24274049.749892708,2019-10-11
24,1570838400000,0.035809490885628195,22788598.94091064,2019-10-12
25,1570924800000,0.03501141951995891,22285320.40945974,2019-10-13
26,1571011200000,0.03307690851037947,21167879.459191088,2019-10-14
27,1571097600000,0.03721801655200903,23765408.661552977,2019-10-15
28,1571184000000,0.038085700542189016,24404838.626859576,2019-10-16
29,1571270400000,0.03734615248790331,23643017.38712567,2019-10-17
30,1571356800000,0.03527766355358061,25038002.732321247,2019-10-18
31,1571443200000,0.03389264567326841,24073226.7739702,2019-10-19
32,1571529600000,0.03355290121284911,23853814.15846948,2019-10-20
33,1571616000000,0.03324834926092926,23515393.153852224,2019-10-21
34,1571702400000,0.033369049029544316,23777212.507619053,2019-10-22
35,1571788800000,0.03161045447145873,22486874.52495283,2019-10-23
36,1571875200000,0.02803890320667784,22573277.068144828,2019-10-24
37,1571961600000,0.028799962005148914,23388580.242919974,2019-10-25
38,1572048000000,0.030693857879365082,24666552.383681357,2019-10-26
39,1572134400000,0.03079727738429103,24682622.588861264,2019-10-27
40,1572220800000,0.031680688562673434,25495879.583347116,2019-10-28
41,1572307200000,0.03179065891046793,25753935.15840184,2019-10-29
42,1572393600000,0.03400928772224473,27524030.174453605,2019-10-30
43,1572480000000,0.032807704786383694,26402875.96605991,2019-10-31
44,1572566400000,0.03323129398985461,26846745.04662592,2019-11-01
45,1572652800000,0.03485430175961846,28049929.497804016,2019-11-02
46,1572739200000,0.034420350081154225,27688840.564177115,2019-11-03
47,1572825600000,0.03683857043893704,29595582.353731755,2019-11-04
48,1572912000000,0.0363929185769756,29288172.44263918,2019-11-05
49,1572998400000,0.03620872421103457,29139937.11105309,2019-11-06
50,1573084800000,0.034185796387947165,27489639.540962763,2019-11-07
51,1573171200000,0.03280850478337551,26403519.784988597,2019-11-08
52,1573257600000,0.03289393405333642,26475045.74672625,2019-11-09
53,1573344000000,0.036926277633659084,29717407.377258353,2019-11-10
54,1573430400000,0.03544513121392906,28525415.268626116,2019-11-11
55,1573516800000,0.03449879473392944,27790997.45879201,2019-11-12
56,1573603200000,0.035216118105045664,28264740.420090314,2019-11-13
57,1573689600000,0.03504233467921572,28180901.067286685,2019-11-14
58,1573776000000,0.03396882821788609,27366616.361839235,2019-11-15
59,1573862400000,0.03246541239482738,26109494.336314492,2019-11-16
60,1573948800000,0.032839537780031444,26404336.9350342,2019-11-17
61,1574035200000,0.03271924971864734,28471608.852255,2019-11-18
62,1574121600000,0.030724601812555964,26783577.805387184,2019-11-19
63,1574208000000,0.030320020016240547,26535260.43138929,2019-11-20
64,1574294400000,0.02939051012379247,25575326.59881244,2019-11-21
65,1574380800000,0.027390415885175167,23879940.561355658,2019-11-22
66,1574467200000,0.02634150540426245,22966206.773129188,2019-11-23
67,1574553600000,0.025608987380293834,24980826.915572673,2019-11-24
68,1574640000000,0.024188215002351184,23467178.179192156,2019-11-25
69,1574726400000,0.02414278167689606,23400220.130891986,2019-11-26
70,1574812800000,0.024381033916115645,23552517.327893168,2019-11-27
71,1574899200000,0.02625647912105957,25452149.29744317,2019-11-28
72,1574985600000,0.025084399500199518,24219799.713143896,2019-11-29
73,1575072000000,0.026974269498114153,26065900.193054207,2019-11-30
74,1575158400000,0.025398670941052855,24540922.594457813,2019-12-01
75,1575244800000,0.02667476791267375,25135948.255126476,2019-12-02
76,1575331200000,0.02508716660219787,24213058.289776158,2019-12-03
77,1575417600000,0.024300110160364992,23494437.108704004,2019-12-04
78,1575504000000,0.02316540389567765,22519410.681417838,2019-12-05
79,1575590400000,0.02257662095885276,21836456.055998974,2019-12-06
80,1575676800000,0.023605433965414424,23048249.985322397,2019-12-07
81,1575763200000,0.024597065471031417,23637173.743139625,2019-12-08
82,1575849600000,0.02729943845003627,26021073.486914165,2019-12-09
83,1575936000000,0.02521640016715668,24413422.509571746,2019-12-10
84,1576022400000,0.023492216714700705,22710723.548862927,2019-12-11
85,1576108800000,0.024652835460914877,23823240.503494594,2019-12-12
86,1576195200000,0.02324275306193307,22579161.671595465,2019-12-13
87,1576281600000,0.023426238393140102,22811228.162292633,2019-12-14
88,1576368000000,0.023271171672630393,22461393.010295283,2019-12-15
89,1576454400000,0.022852333936270165,22115367.22028836,2019-12-16
90,1576540800000,0.02094905532174623,20563186.351282172,2019-12-17
91,1576627200000,0.018557713308301742,19433528.703919835,2019-12-18
92,1576713600000,0.019520274712221078,20063789.698092878,2019-12-19
93,1576800000000,0.0182214026626319,18828192.13528054,2019-12-20
94,1576886400000,0.018836295707907045,19476485.703500953,2019-12-21
95,1576972800000,0.018430442476022043,19065680.986183655,2019-12-22
96,1577059200000,0.018610582667787163,19322092.268108413,2019-12-23
97,1577145600000,0.015705072745235808,22471121.380005658,2019-12-24
98,1577232000000,0.0150924685475494,22959548.414869055,2019-12-25
99,1577318400000,0.01471751306154164,22261108.512155853,2019-12-26
100,1577404800000,0.014701088653830617,22237252.358064078,2019-12-27
101,1577491200000,0.014211275281529519,21499219.339720674,2019-12-28
102,1577577600000,0.014250802789917614,21803945.28911159,2019-12-29
103,1577664000000,0.01309058979320444,19803814.624307286,2019-12-30
104,1577750400000,0.011126976320422335,16953330.23361225,2019-12-31
105,1577836800000,0.010224201212810409,19852758.6379392,2020-01-01
106,1577923200000,0.010300867757896867,19963620.926689222,2020-01-02
107,1578009600000,0.010077358924666307,19494402.41817173,2020-01-03
108,1578096000000,0.010379162965216779,20164091.21827738,2020-01-04
109,1578182400000,0.011111162119030488,21557864.053482033,2020-01-05
110,1578268800000,0.011528205476564286,22405749.964255515,2020-01-06
111,1578355200000,0.011076408669331461,21532418.920176417,2020-01-07
112,1578441600000,0.010645455138500012,20805287.83983009,2020-01-08
113,1578528000000,0.01020128188631971,19841843.696504965,2020-01-09
114,1578614400000,0.010093457964821322,19625007.066496707,2020-01-10
115,1578700800000,0.010681298940606614,20601217.895298734,2020-01-11
116,1578787200000,0.011370072279548586,21989039.17764542,2020-01-12
117,1578873600000,0.01098073363947108,21327323.539400533,2020-01-13
118,1578960000000,0.010487594968021945,20328195.967436038,2020-01-14
119,1579046400000,0.0102545251944781,19888930.40014602,2020-01-15
120,1579132800000,0.010415916054290535,20225507.886051618,2020-01-16
121,1579219200000,0.011530526770978884,22298970.356434073,2020-01-17
122,1579305600000,0.011532895606134698,23244372.420624625,2020-01-18
123,1579392000000,0.011874426358034578,23934981.775239922,2020-01-19
124,1579478400000,0.010840148822222985,21776597.67646956,2020-01-20
125,1579564800000,0.010540540429943375,21205295.014758527,2020-01-21
126,1579651200000,0.010410278694475686,20850150.25017946,2020-01-22
127,1579737600000,0.010731175230084222,21505866.311395165,2020-01-23
128,1579824000000,0.010202853861826944,21179627.64688308,2020-01-24
129,1579910400000,0.011069466068220677,23000950.904283978,2020-01-25
130,1579996800000,0.012075370227167403,25058589.27897578,2020-01-26
131,1580083200000,0.011667671396892737,24201000.66301814,2020-01-27
132,1580169600000,0.011361495407571837,23626575.95535279,2020-01-28
133,1580256000000,0.011471094746590436,23905947.11803108,2020-01-29
134,1580342400000,0.011568631155736078,24115242.02270768,2020-01-30
135,1580428800000,0.011950511931756665,24734323.095272318,2020-01-31
136,1580515200000,0.013151703030393095,27533008.024842862,2020-02-01
137,1580601600000,0.013375850890881525,29966413.46940697,2020-02-02
138,1580688000000,0.01308144508696736,36869017.845035255,2020-02-03
139,1580774400000,0.015550999842569963,48973252.71355289,2020-02-04
140,1580860800000,0.018108036080928504,55817202.232049435,2020-02-05
141,1580947200000,0.022800337370669263,72181273.3851106,2020-02-06
142,1581033600000,0.020641260469276886,66067858.7167518,2020-02-07
143,1581120000000,0.02136489224171556,67948210.15181893,2020-02-08
144,1581206400000,0.018480710678731915,58391710.18494592,2020-02-09
145,1581292800000,0.019611428323992045,61936129.22511659,2020-02-10
146,1581379200000,0.018897729063278128,59813033.935171954,2020-02-11
147,1581465600000,0.033871644566848776,107431734.67392448,2020-02-12
148,1581552000000,0.06932368994721677,221132401.43898714,2020-02-13
149,1581638400000,0.05457578708447178,171990941.724765,2020-02-14
150,1581724800000,0.05448749743728182,172905162.94468617,2020-02-15
151,1581811200000,0.048054946414308845,152207254.3849805,2020-02-16
152,1581897600000,0.05194036846558556,169351121.2589972,2020-02-17
153,1581984000000,0.051809274854351425,165419042.60337257,2020-02-18
154,1582070400000,0.05095234057545117,165963809.66879,2020-02-19
155,1582156800000,0.04655308722899049,152667945.28573307,2020-02-20
156,1582243200000,0.046234092815839185,147871262.12318918,2020-02-21
157,1582329600000,0.04632398708688511,149613497.69103184,2020-02-22
158,1582416000000,0.045487352427503784,147119612.6941288,2020-02-23
159,1582502400000,0.04275046665859108,141808273.3437385,2020-02-24
160,1582588800000,0.03803505023393551,125700918.75277197,2020-02-25
161,1582675200000,0.035673695150589664,117842067.16795574,2020-02-26
162,1582761600000,0.03269118632484816,107609453.78477244,2020-02-27
163,1582848000000,0.035821596606967904,117577133.35267746,2020-02-28
164,1582934400000,0.035514949915287655,118651944.30562295,2020-02-29
165,1583020800000,0.034508566521258,115042803.26029299,2020-03-01
166,1583107200000,0.03439214247540656,116018339.0826242,2020-03-02
167,1583193600000,0.03849068414318305,129049501.12330873,2020-03-03
168,1583280000000,0.04139971196277588,139410287.009269,2020-03-04
169,1583366400000,0.041570766371304455,140304635.32029325,2020-03-05
170,1583452800000,0.04564766470486735,154567874.08533424,2020-03-06
171,1583539200000,0.05839279336399273,194240184.55113694,2020-03-07
172,1583625600000,0.0560445866688133,189433562.35712498,2020-03-08
173,1583712000000,0.05040665433619669,168693161.0342976,2020-03-09
174,1583798400000,0.045268598473720854,153793437.5955552,2020-03-10
175,1583884800000,0.04493992648268682,153573120.48435214,2020-03-11
176,1583971200000,0.04815136710369305,162718424.99437135,2020-03-12
177,1584057600000,0.02666230042942818,85917455.748436,2020-03-13
178,1584144000000,0.03565841254499474,119928778.5872097,2020-03-14
179,1584230400000,0.042267020867963294,141433403.06339842,2020-03-15
180,1584316800000,0.040745934703676046,137966129.15352148,2020-03-16
181,1584403200000,0.036502140077124476,124208802.31135915,2020-03-17
182,1584489600000,0.03787188170208677,130601792.99796565,2020-03-18
183,1584576000000,0.036440081477639906,125234393.99421978,2020-03-19
184,1584662400000,0.04058173469671579,137451078.64090827,2020-03-20
185,1584748800000,0.038108912236177,130602577.99170661,2020-03-21
186,1584835200000,0.036950559882604796,127039549.40593264,2020-03-22
187,1584921600000,0.03360743735151037,115473741.15773049,2020-03-23
188,1585008000000,0.03415548309273033,129589111.08579256,2020-03-24
189,1585094400000,0.033694343984459946,129133534.69016992,2020-03-25
190,1585180800000,0.03297184511932298,124920131.56433989,2020-03-26
191,1585267200000,0.03413696387313145,130681109.54116741,2020-03-27
192,1585353600000,0.03211791848060551,121659454.17593686,2020-03-28
193,1585440000000,0.03106457947907603,118413163.60846905,2020-03-29
194,1585526400000,0.030884708742295142,117997981.36399664,2020-03-30
195,1585612800000,0.03167408017305874,120882258.62162127,2020-03-31
196,1585699200000,0.03189173753272652,121625755.58876117,2020-04-01
197,1585785600000,0.03243372929376741,125089443.54327723,2020-04-02
198,1585872000000,0.03332038096857369,128999427.7928823,2020-04-03
199,1585958400000,0.03371563255801794,130442288.60237285,2020-04-04
200,1586044800000,0.03331522764234484,129543143.62240623,2020-04-05
201,1586131200000,0.033081295289498124,128010789.79923414,2020-04-06
202,1586217600000,0.03462823149540046,134013473.45392181,2020-04-07
203,1586304000000,0.03423142783935417,130173596.36260484,2020-04-08
204,1586390400000,0.03370295085038409,131165821.59702124,2020-04-09
205,1586476800000,0.03654963398133751,141466716.6716048,2020-04-10
206,1586563200000,0.03289700482126201,127528758.26730107,2020-04-11
207,1586649600000,0.032879997445564295,127636613.19711196,2020-04-12
208,1586736000000,0.033285797529323674,130590283.68481767,2020-04-13
209,1586822400000,0.03250105782730095,126325045.61016129,2020-04-14
210,1586908800000,0.03302615592992152,128345264.43366092,2020-04-15
211,1586995200000,0.03213609832642424,124450990.56607279,2020-04-16
212,1587081600000,0.032741307090513906,127293232.8629773,2020-04-17
213,1587168000000,0.032466243835340726,127300979.54872148,2020-04-18
214,1587254400000,0.03408745742979474,133757930.3548673,2020-04-19
215,1587340800000,0.03285495053219567,128597486.31568886,2020-04-20
216,1587427200000,0.030925938041161845,121844301.33037293,2020-04-21
217,1587513600000,0.031011029452645382,121118755.04351959,2020-04-22
218,1587600000000,0.03256522824585931,127478320.48129147,2020-04-23
219,1587686400000,0.032507940051396796,129574133.74512148,2020-04-24
220,1587772800000,0.03291391951149617,130908332.45819518,2020-04-25
221,1587859200000,0.0331220575780935,131733499.82576652,2020-04-26
222,1587945600000,0.03418638305147946,136126251.93774045,2020-04-27
223,1588032000000,0.034018295394316535,135529068.058801,2020-04-28
224,1588118400000,0.03366968320809007,134281335.68303782,2020-04-29
225,1588204800000,0.035078753830380074,140169282.86375427,2020-04-30
226,1588291200000,0.03532749471688246,141171634.5978613,2020-05-01
227,1588377600000,0.04204424792832409,172085721.18694466,2020-05-02
228,1588464000000,0.04373840648190568,178970384.11159354,2020-05-03
229,1588550400000,0.03932335438659145,159392063.40523738,2020-05-04
230,1588636800000,0.041639465146177085,168070175.91264415,2020-05-05
231,1588723200000,0.0401901297857354,164006831.7766652,2020-05-06
232,1588809600000,0.038644834169570805,160034984.73124728,2020-05-07
233,1588896000000,0.039582415155528766,161399880.65533227,2020-05-08
234,1588982400000,0.03938396510096816,161437531.9483145,2020-05-09
235,1589068800000,0.03899978552679277,159241609.05415195,2020-05-10
236,1589155200000,0.034345008843286694,139893350.96815577,2020-05-11
237,1589241600000,0.033767179703819095,137758648.02217025,2020-05-12
238,1589328000000,0.03532779138867604,144250668.65318426,2020-05-13
239,1589414400000,0.035581834123397146,145044910.666589,2020-05-14
240,1589500800000,0.037903564428801176,154607526.36486474,2020-05-15
241,1589587200000,0.03579285954869342,146366241.24523652,2020-05-16
242,1589673600000,0.03594175356010037,146559141.74606612,2020-05-17
243,1589760000000,0.03593837350834843,148473615.96408984,2020-05-18
244,1589846400000,0.03612046201387362,149856534.3801631,2020-05-19
245,1589932800000,0.036086857587807095,149327040.24024737,2020-05-20
246,1590019200000,0.03822488388285368,158174170.74525985,2020-05-21
247,1590105600000,0.03601802795268122,152060383.81763068,2020-05-22
248,1590192000000,0.038966193421859904,162245066.06467977,2020-05-23
249,1590278400000,0.03676236373583464,162531903.17130658,2020-05-24
250,1590364800000,0.03787666005297356,166787982.8009457,2020-05-25
251,1590451200000,0.03946797680874104,173547798.84158745,2020-05-26
252,1590537600000,0.044739152510765594,198813694.2464948,2020-05-27
253,1590624000000,0.04874442375315582,214643638.04023176,2020-05-28
254,1590710400000,0.04517767642626063,197901650.32346085,2020-05-29
255,1590796800000,0.045033871673401095,198356580.26531368,2020-05-30
256,1590883200000,0.04557099404776262,200368226.0871139,2020-05-31
257,1590969600000,0.04409614473873607,190208318.57936513,2020-06-01
258,1591056000000,0.04367560017864433,195504629.7007953,2020-06-02
259,1591142400000,0.042718974128390624,191570719.2170128,2020-06-03
260,1591228800000,0.04329303619779666,194445667.8915158,2020-06-04
261,1591315200000,0.04388056073814706,196921750.62873286,2020-06-05
262,1591401600000,0.044039097452125434,198195665.14152434,2020-06-06
263,1591488000000,0.04406894570836631,197371655.62787578,2020-06-07
264,1591574400000,0.04383056769261886,196754903.09766215,2020-06-08
265,1591660800000,0.04404377788376749,197790297.82564703,2020-06-09
266,1591747200000,0.04345550562431955,195162115.59916782,2020-06-10
267,1591833600000,0.04506265349907186,201848628.8224175,2020-06-11
268,1591920000000,0.0401269737615735,179730494.62122276,2020-06-12
269,1592006400000,0.04215396072076747,189528440.1884064,2020-06-13
270,1592092800000,0.042385138386172604,190144704.9735151,2020-06-14
271,1592179200000,0.04098719107177788,184038916.42018986,2020-06-15
272,1592265600000,0.04071911416267112,183065062.22759756,2020-06-16
273,1592352000000,0.0415811522243368,186586908.7385739,2020-06-17
274,1592438400000,0.04259587955367833,192441673.03213805,2020-06-18
275,1592524800000,0.04546438085232287,205817480.95741996,2020-06-19
276,1592611200000,0.04418044153703822,199091398.47221437,2020-06-20
277,1592697600000,0.043835716128911476,197295805.0680178,2020-06-21
278,1592784000000,0.04344858193726396,196166018.59761867,2020-06-22
279,1592870400000,0.04383259468841079,197741981.9400845,2020-06-23
280,1592956800000,0.042117504773414596,196427108.65494508,2020-06-24
281,1593043200000,0.041600230071347416,194014305.37214804,2020-06-25
282,1593129600000,0.04070184411618744,190732484.95837405,2020-06-26
283,1593216000000,0.03941238007981363,184112229.9829441,2020-06-27
284,1593302400000,0.037302836474363166,177468973.40456408,2020-06-28
285,1593388800000,0.03830940847334739,179492339.48367828,2020-06-29
286,1593475200000,0.038440706279595706,179876980.82815927,2020-06-30
287,1593561600000,0.038395988133932205,179729168.18543762,2020-07-01
288,1593648000000,0.03883559390448888,184843974.66026202,2020-07-02
289,1593734400000,0.0379551902864329,180073131.89380813,2020-07-03
290,1593820800000,0.03969082526053622,188443513.8800263,2020-07-04
291,1593907200000,0.041206074004237515,195705255.74649465,2020-07-05
292,1593993600000,0.0395479766803188,187066840.4811509,2020-07-06
293,1594080000000,0.04022886216548537,190942329.10465476,2020-07-07
294,1594166400000,0.04053555631818759,192386158.27676103,2020-07-08
295,1594252800000,0.04193822291644519,198858510.4046725,2020-07-09
296,1594339200000,0.0406826706339838,193308815.3341653,2020-07-10
297,1594425600000,0.04121271433218762,195859349.13901663,2020-07-11
298,1594512000000,0.04137757983244713,197095812.78775313,2020-07-12
299,1594598400000,0.04270353060181469,202767736.1111759,2020-07-13
300,1594684800000,0.04113000093555449,194920089.28038958,2020-07-14
301,1594771200000,0.04073065769606617,193264816.33722493,2020-07-15
302,1594857600000,0.04051209586947894,192584080.81147757,2020-07-16
303,1594944000000,0.038991943763155845,185432267.70557228,2020-07-17
304,1595030400000,0.039579695088234855,188438524.01868767,2020-07-18
305,1595116800000,0.03992889371065007,190636961.12824082,2020-07-19
306,1595203200000,0.03993831353452778,191257405.4157533,2020-07-20
307,1595289600000,0.040720893041730655,195343866.3940183,2020-07-21
308,1595376000000,0.04151103586647801,197909130.25584075,2020-07-22
309,1595462400000,0.04210126276421238,201470277.29631692,2020-07-23
310,1595548800000,0.042254176254780354,208828001.79275033,2020-07-24
311,1595635200000,0.04276383793016253,211438028.20904872,2020-07-25
312,1595721600000,0.04286699973945264,211765507.2189806,2020-07-26
313,1595808000000,0.04105652666532136,202903124.91648677,2020-07-27
314,1595894400000,0.040019864994407364,198237060.22802958,2020-07-28
315,1595980800000,0.04234747541936364,209657370.0102752,2020-07-29
316,1596067200000,0.043667411264589714,215674900.0964167,2020-07-30
317,1596153600000,0.04261829520579104,210839841.66944674,2020-07-31
318,1596240000000,0.044297445565539426,218422818.2119713,2020-08-01
319,1596326400000,0.04571874987217471,236616253.46950927,2020-08-02
320,1596412800000,0.04386469989479339,221496487.72834203,2020-08-03
321,1596499200000,0.04492925812965089,220559561.89089623,2020-08-04
322,1596585600000,0.0430958809959138,216692414.24111372,2020-08-05
323,1596672000000,0.04339497332687489,218413174.62582502,2020-08-06
324,1596758400000,0.04423838870926114,223025132.70569465,2020-08-07
325,1596844800000,0.04359905131420364,219361265.9085292,2020-08-08
326,1596931200000,0.044918513412207,225712587.39189327,2020-08-09
327,1597017600000,0.0449223905492259,226359277.37661752,2020-08-10
328,1597104000000,0.0525443648201242,264051037.31301403,2020-08-11
329,1597190400000,0.051567245248720604,259364838.25233415,2020-08-12
330,1597276800000,0.05217182450439849,263397936.40533644,2020-08-13
331,1597363200000,0.05065322521271644,255247791.1644669,2020-08-14
332,1597449600000,0.05378843333139903,272398589.8312624,2020-08-15
333,1597536000000,0.05229964418417106,263658025.2019563,2020-08-16
334,1597622400000,0.05336839728144471,268391140.50782257,2020-08-17
335,1597708800000,0.05610830674179964,282432085.1687823,2020-08-18
336,1597795200000,0.05291179572730473,267464299.7267337,2020-08-19
337,1597881600000,0.05012034799080861,252752477.51370448,2020-08-20
338,1597968000000,0.05203433907918149,262059035.34874475,2020-08-21
339,1598054400000,0.048894991154721144,246878310.8029714,2020-08-22
340,1598140800000,0.04983244742955476,251513144.41880804,2020-08-23
341,1598227200000,0.048731456741006485,254064962.64771184,2020-08-24
342,1598313600000,0.04962291576184575,258612716.94670182,2020-08-25
343,1598400000000,0.046603473436291516,242622486.54110408,2020-08-26
344,1598486400000,0.04642838069743724,242228736.51186308,2020-08-27
345,1598572800000,0.043957012978031326,230138630.06115076,2020-08-28
346,1598659200000,0.04494298899968745,234392191.79162392,2020-08-29
347,1598745600000,0.04547061470763855,236160862.50482398,2020-08-30
348,1598832000000,0.04698196776989387,245179307.9214582,2020-08-31
349,1598918400000,0.045577829879995944,237473130.23977435,2020-09-01
350,1599004800000,0.04530387782317805,240260116.64221138,2020-09-02
351,1599091200000,0.04267721173870327,225558078.14896393,2020-09-03
352,1599177600000,0.03900153936341749,208489182.2800457,2020-09-04
353,1599264000000,0.039125326570744245,211284654.18153036,2020-09-05
354,1599350400000,0.03646551250305115,193398416.91446555,2020-09-06
355,1599436800000,0.03668817637822,194001419.39521518,2020-09-07
356,1599523200000,0.03683194526605991,194793234.43849853,2020-09-08
357,1599609600000,0.03635027866702997,191870459.33830896,2020-09-09
358,1599696000000,0.0372619230896579,196564458.27381194,2020-09-10
359,1599782400000,0.03891254089483408,205407821.41619143,2020-09-11
360,1599868800000,0.03846784077510656,203453225.49254388,2020-09-12
361,1599955200000,0.038521958167254525,202993141.33357292,2020-09-13
362,1600041600000,0.037092694403394036,195761558.29181972,2020-09-14
363,1600128000000,0.03740314463752136,197720836.69983184,2020-09-15
364,1600214400000,0.03592747464820237,190004424.6821546,2020-09-16
365,1600300800000,0.03614943749317438,191872213.53836846,2020-09-17
366,1600387200000,0.03453819837312999,183599558.08152828,2020-09-18
367,1600473600000,0.03449137485344412,183229090.05978575,2020-09-19
368,1600560000000,0.034481886159711976,183284895.97542796,2020-09-20
369,1600646400000,0.03362332300873454,178419098.46553427,2020-09-21
370,1600732800000,0.0317513097684366,168903548.7333423,2020-09-22
371,1600819200000,0.03208721534277058,170392795.04991522,2020-09-23
372,1600905600000,0.029618242976058556,162631932.93372458,2020-09-24
373,1600992000000,0.03202481110297542,175976481.91381505,2020-09-25
374,1601078400000,0.03228588883086907,177742564.3127572,2020-09-26
375,1601164800000,0.03225140093129649,177338605.4893064,2020-09-27
376,1601251200000,0.031488241655754576,173341576.7399575,2020-09-28
377,1601337600000,0.03188008210564044,175489523.75424245,2020-09-29
378,1601424000000,0.031982032167386217,175757661.05379534,2020-09-30
379,1601510400000,0.031736680799602006,174649037.2666282,2020-10-01
380,1601596800000,0.031079981316228578,172758521.26220912,2020-10-02
381,1601683200000,0.030465779584247368,169197106.16634184,2020-10-03
382,1601769600000,0.03096459813499248,172498146.26148814,2020-10-04
383,1601856000000,0.03099118949332326,172843351.67613986,2020-10-05
384,1601942400000,0.031203348863126507,174079647.581521,2020-10-06
385,1602028800000,0.029977288992807955,167449909.19958836,2020-10-07
386,1602115200000,0.030379684255619703,169619804.52015063,2020-10-08
387,1602201600000,0.032109013342601654,178949423.0024049,2020-10-09
388,1602288000000,0.034328228082303965,191521998.85130295,2020-10-10
389,1602374400000,0.03426584260172632,191558096.52191925,2020-10-11
390,1602460800000,0.033989153260212755,189507224.54563117,2020-10-12
391,1602547200000,0.03434863483425695,192147676.0192012,2020-10-13
392,1602633600000,0.034114498909576095,190467994.1371258,2020-10-14
393,1602720000000,0.03486698661625053,194532533.34527156,2020-10-15
394,1602806400000,0.033594834478142065,186983427.9543853,2020-10-16
395,1602892800000,0.03152017554983286,176291881.29659188,2020-10-17
396,1602979200000,0.03144961803312646,177802360.35730374,2020-10-18
397,1603065600000,0.031521326720155986,178092257.92916203,2020-10-19
398,1603152000000,0.03156117871619174,178141673.24360034,2020-10-20
399,1603238400000,0.03027269601979033,170798605.8865656,2020-10-21
400,1603324800000,0.031221368223725295,177358139.25319064,2020-10-22
401,1603411200000,0.03243538958218982,182812494.66046178,2020-10-23
402,1603497600000,0.033028657307379014,191269507.57956368,2020-10-24
403,1603584000000,0.032648154528981656,189608030.21673244,2020-10-25
404,1603670400000,0.03227451770705532,187515474.62229282,2020-10-26
405,1603756800000,0.03079603982844275,179482142.75100365,2020-10-27
406,1603843200000,0.03116996223570636,179895195.95256698,2020-10-28
407,1603929600000,0.030025701427279027,174385002.56406364,2020-10-29
408,1604016000000,0.029523605963402037,171404045.23176748,2020-10-30
409,1604102400000,0.029362011741666496,170670907.57227767,2020-10-31
410,1604188800000,0.029112829537007515,169054781.42104897,2020-11-01
411,1604275200000,0.029284396905681104,175915828.4346452,2020-11-02
412,1604361600000,0.030002543429702527,180348159.56838205,2020-11-03
413,1604448000000,0.028532088543806997,171639763.01268852,2020-11-04
414,1604534400000,0.028611687679962687,171985020.68670186,2020-11-05
415,1604620800000,0.02941876884528952,177432560.01632583,2020-11-06
416,1604707200000,0.031249272438231016,188045355.98800483,2020-11-07
417,1604793600000,0.02987043800944197,179790069.50163463,2020-11-08
418,1604880000000,0.030442300536636203,183074872.18539807,2020-11-09
419,1604966400000,0.03113691932226158,184642118.9706879,2020-11-10
420,1605052800000,0.03131145392795704,188056687.5029489,2020-11-11
421,1605139200000,0.03311259831297001,198788355.23892254,2020-11-12
422,1605225600000,0.03105483067612491,187221252.03661996,2020-11-13
423,1605312000000,0.032214520985740194,194140545.7505372,2020-11-14
424,1605398400000,0.03188530824020888,191636423.0595732,2020-11-15
425,1605484800000,0.03131768271843615,188228948.93707702,2020-11-16
426,1605571200000,0.03182751769381136,191479120.70990172,2020-11-17
427,1605657600000,0.030986275847356734,187843241.19983634,2020-11-18
428,1605744000000,0.030363096878053053,184122456.1700987,2020-11-19
429,1605830400000,0.03015321908245545,183237118.16020802,2020-11-20
430,1605916800000,0.0306067632374491,197129213.05171657,2020-11-21
431,1606003200000,0.03273048465748816,197907670.39251658,2020-11-22
432,1606089600000,0.03367858981741091,204116751.5941331,2020-11-23
433,1606176000000,0.03488492886915501,216022422.781897,2020-11-24
434,1606262400000,0.03625382417936552,226130457.50618774,2020-11-25
435,1606348800000,0.03596382605610601,223588452.1896804,2020-11-26
436,1606435200000,0.032767751096821736,203574762.82555723,2020-11-27
437,1606521600000,0.03353788250885518,208978828.82893294,2020-11-28
438,1606608000000,0.03399649874691537,211237223.15837583,2020-11-29
439,1606694400000,0.033648895096620675,209178314.02411062,2020-11-30
440,1606780800000,0.03438912939283878,214362279.54748473,2020-12-01
441,1606867200000,0.034524191953700156,219399159.26999012,2020-12-02
442,1606953600000,0.03791413525336124,242607060.44259897,2020-12-03
443,1607040000000,0.038982913955462564,249723778.65049997,2020-12-04
444,1607126400000,0.035645997562555216,227571930.81926325,2020-12-05
445,1607212800000,0.03727348777543874,237112252.84083334,2020-12-06
446,1607299200000,0.036995680022986546,236245044.18134996,2020-12-07
447,1607385600000,0.039561014799036016,253388615.68420428,2020-12-08
448,1607472000000,0.03636177480712534,232413600.25705665,2020-12-09
449,1607558400000,0.03658637490570047,234327123.05121875,2020-12-10
450,1607644800000,0.03577608268550537,228566132.99044886,2020-12-11
451,1607731200000,0.03328820640135418,213047359.82296568,2020-12-12
452,1607817600000,0.03480416129012342,222176875.30708316,2020-12-13
453,1607904000000,0.034907025461679564,222573148.0816323,2020-12-14
454,1607990400000,0.03452347908540728,220465241.68243963,2020-12-15
455,1608076800000,0.034630814915572364,221129239.4888314,2020-12-16
456,1608163200000,0.03518273932052577,225338983.03110155,2020-12-17
457,1608249600000,0.03467852794762045,223381378.906689,2020-12-18
458,1608336000000,0.035453057969170254,227589736.3898327,2020-12-19
459,1608422400000,0.03576916870695239,229609846.1298265,2020-12-20
460,1608508800000,0.036986266907392186,239295541.79915315,2020-12-21
461,1608595200000,0.036709147016397284,236079292.42170957,2020-12-22
462,1608681600000,0.03711023687742066,238095353.26549146,2020-12-23
463,1608768000000,0.030621773059428658,205695873.54859513,2020-12-24
464,1608854400000,0.03313384141406273,219708840.48956105,2020-12-25
465,1608940800000,0.0323769691433083,212183960.8356971,2020-12-26
466,1609027200000,0.03250230702682422,213955846.6633037,2020-12-27
467,1609113600000,0.03189003405156422,211058001.90763837,2020-12-28
468,1609200000000,0.03401562121537536,224548193.33875754,2020-12-29
469,1609286400000,0.0328771339882755,216108984.40792486,2020-12-30
470,1609372800000,0.03268812671761248,215679998.42959294,2020-12-31
471,1609459200000,0.03192042990554817,210675131.65030494,2021-01-01
472,1609545600000,0.03310325182467262,223019620.24925745,2021-01-02
473,1609632000000,0.033492441807176164,227112267.33461905,2021-01-03
474,1609718400000,0.03335453919130654,229056151.35709226,2021-01-04
475,1609804800000,0.03246782097283608,219456931.1943363,2021-01-05
476,1609891200000,0.03793118844625475,257377092.6118197,2021-01-06
477,1609977600000,0.038782140537840855,261911024.35372752,2021-01-07
478,1610064000000,0.038953986170491846,261502708.22815326,2021-01-08
479,1610150400000,0.062222706199075356,417452348.56704724,2021-01-09
480,1610236800000,0.0518901612735221,351086503.9186216,2021-01-10
481,1610323200000,0.04981780509033178,336553113.5752076,2021-01-11
482,1610409600000,0.0434955512673859,295125277.59753495,2021-01-12
483,1610496000000,0.04675037608974958,316433372.3931572,2021-01-13
484,1610582400000,0.053226180726098006,361688863.4519635,2021-01-14
485,1610668800000,0.05709522050113493,382876774.29453087,2021-01-15
486,1610755200000,0.05508748844563264,370460953.47237295,2021-01-16
487,1610841600000,0.059750932306747745,409129705.84425545,2021-01-17
488,1610928000000,0.061136268278186835,416633534.9389981,2021-01-18
489,1611014400000,0.06443868905258364,434751463.41687083,2021-01-19
490,1611100800000,0.07006769244742853,474133893.8683697,2021-01-20
491,1611187200000,0.10279208510108365,695969383.5068411,2021-01-21
492,1611273600000,0.09549519263702881,658033748.4221905,2021-01-22
493,1611360000000,0.09610746813902471,650186320.7426428,2021-01-23
494,1611446400000,0.09618061223282712,670057967.939738,2021-01-24
495,1611532800000,0.09379033643593299,651090130.2825193,2021-01-25
496,1611619200000,0.09174332484403626,638631973.4482638,2021-01-26
497,1611705600000,0.09065455514683049,629217200.9710594,2021-01-27
498,1611792000000,0.08062109432449727,557272057.4559212,2021-01-28
499,1611878400000,0.09179464298020887,638937654.6490558,2021-01-29
500,1611964800000,0.08693664400342135,604627649.1892451,2021-01-30
501,1612051200000,0.0810546875276072,564213016.1193473,2021-01-31
502,1612137600000,0.08198227658824088,557256607.3515441,2021-02-01
503,1612224000000,0.08770024395759601,621436598.137093,2021-02-02
504,1612310400000,0.09182753266050961,661111097.866694,2021-02-03
505,1612396800000,0.09490042888782227,674715946.4310398,2021-02-04
506,1612483200000,0.08980407692216116,644356785.1302782,2021-02-05
507,1612569600000,0.09814039312175689,695657806.0414748,2021-02-06
508,1612656000000,0.10193720178677428,718986608.5183371,2021-02-07
509,1612742400000,0.09633524049103086,686890382.8868144,2021-02-08
510,1612828800000,0.10017906327669487,710705483.3512194,2021-02-09
511,1612915200000,0.104657362601315,748153969.8441501,2021-02-10
512,1613001600000,0.10749088339732552,770554250.4220605,2021-02-11
513,1613088000000,0.1343896207275018,956149869.92508,2021-02-12
514,1613174400000,0.1371715785528197,976114303.5947853,2021-02-13
515,1613260800000,0.13734468611162268,988166084.1603673,2021-02-14
516,1613347200000,0.1267856728968043,905450497.3476542,2021-02-15
517,1613433600000,0.1445221264448145,1029954363.7897265,2021-02-16
518,1613520000000,0.1373162233040988,982444584.541471,2021-02-17
519,1613606400000,0.1391487789525723,993677239.4039935,2021-02-18
520,1613692800000,0.1497614735053025,1069981832.162602,2021-02-19
521,1613779200000,0.1542418889736911,1094891273.981753,2021-02-20
522,1613865600000,0.14263247780491517,1013472392.9656596,2021-02-21
523,1613952000000,0.14769907572947744,1057806696.0341959,2021-02-22
524,1614038400000,0.13820518072607663,989731812.1283425,2021-02-23
525,1614124800000,0.11923059425012952,864485418.151848,2021-02-24
526,1614211200000,0.1291186669672716,945661620.2219827,2021-02-25
527,1614297600000,0.11871030674999285,891286949.1717527,2021-02-26
528,1614384000000,0.11947055442963554,879487953.3529094,2021-02-27
529,1614470400000,0.120461921444801,883385090.320802,2021-02-28
530,1614556800000,0.11663842138725053,860705808.047814,2021-03-01
531,1614643200000,0.12543183129970445,938990896.9999173,2021-03-02
532,1614729600000,0.12377988460955618,928811546.3862544,2021-03-03
533,1614816000000,0.12827154065139243,964114814.8238552,2021-03-04
534,1614902400000,0.1619564088631379,1221724888.7845583,2021-03-05
535,1614988800000,0.14996212485959437,1128820054.8199935,2021-03-06
536,1615075200000,0.14540034797058235,1096220129.6392481,2021-03-07
537,1615161600000,0.1528716932344584,1149291091.3774202,2021-03-08
538,1615248000000,0.17487752291793668,1323204860.193982,2021-03-09
539,1615334400000,0.20805490471671015,1539421466.1166854,2021-03-10
540,1615420800000,0.21847282850073094,1645069022.4514406,2021-03-11
541,1615507200000,0.2690921988853849,2019377243.8698354,2021-03-12
542,1615593600000,0.27095598750458155,2040201910.3142283,2021-03-13
543,1615680000000,0.27614589047754395,2053449070.1605766,2021-03-14
544,1615766400000,0.3683876706017407,2801685264.5850735,2021-03-15
545,1615852800000,0.39811368999967534,3029209805.410769,2021-03-16
546,1615939200000,0.34614171466635735,2592363382.555427,2021-03-17
547,1616025600000,0.36405538101169826,2750224827.6486583,2021-03-18
548,1616112000000,0.3473715568543999,2622516675.995866,2021-03-19
549,1616198400000,0.34704254251147126,2620001691.768255,2021-03-20
550,1616284800000,0.32057699673845913,2430601154.1514115,2021-03-21
551,1616371200000,0.3448865588136677,2579729228.9534636,2021-03-22
552,1616457600000,0.3191055870979273,2424285636.866367,2021-03-23
553,1616544000000,0.3264337699658213,2519655155.467413,2021-03-24
554,1616630400000,0.3085603803114623,2395422511.421393,2021-03-25
555,1616716800000,0.3010270607565986,2360968132.2130394,2021-03-26
556,1616803200000,0.34446167183436416,2655208724.70082,2021-03-27
557,1616889600000,0.3420342072138396,2645841445.0223656,2021-03-28
558,1616976000000,0.34319421326527955,2641719466.923042,2021-03-29
559,1617062400000,0.37755539696910767,2852791336.3356276,2021-03-30
560,1617148800000,0.3946263007864592,3075166491.0185895,2021-03-31
561,1617235200000,0.3686393011829175,2863001316.414102,2021-04-01
562,1617321600000,0.3536339021704083,2799081807.8959775,2021-04-02
563,1617408000000,0.36481027395425875,2776575966.719794,2021-04-03
564,1617494400000,0.31219938865859714,2561663396.770814,2021-04-04
565,1617580800000,0.3341723990891673,2653130373.951369,2021-04-05
566,1617667200000,0.32917017481014255,2606349306.671771,2021-04-06
567,1617753600000,0.33755508125330635,2592657023.345568,2021-04-07
568,1617840000000,0.3132212045059783,2487387738.1029468,2021-04-08
569,1617926400000,0.33445015977158987,2638673138.7845135,2021-04-09
570,1618012800000,0.3486861392270855,2771168942.901946,2021-04-10
571,1618099200000,0.3387660254607645,2688764445.594081,2021-04-11
572,1618185600000,0.366275192494864,2737231164.775709,2021-04-12
573,1618272000000,0.35629645704336516,2869456977.506342,2021-04-13
574,1618358400000,0.39993994857808357,3090361996.4048867,2021-04-14
575,1618444800000,0.3849778116666072,2972153814.8706346,2021-04-15
576,1618531200000,0.3868323936607179,3056957853.0401673,2021-04-16
577,1618617600000,0.348809405267741,2768385675.6401553,2021-04-17
578,1618704000000,0.3500464258638221,2781167676.4450207,2021-04-18
579,1618790400000,0.3216676482059229,2546701418.2569156,2021-04-19
580,1618876800000,0.29301328481936545,2316377742.405134,2021-04-20
581,1618963200000,0.3207464124729584,2577802787.167301,2021-04-21
582,1619049600000,0.29413313257705986,2388806789.433233,2021-04-22
583,1619136000000,0.2608822860029455,2083062064.090911,2021-04-23
584,1619222400000,0.2692680677332139,2140139024.096472,2021-04-24
585,1619308800000,0.24500064364525628,2016188692.8072689,2021-04-25
586,1619395200000,0.24749160895947414,1994786035.0278118,2021-04-26
587,1619481600000,0.2866367942141069,2315452763.137595,2021-04-27
588,1619568000000,0.3046916774496398,2471000039.791819,2021-04-28
589,1619654400000,0.28894913104273645,2329077480.581651,2021-04-29
590,1619740800000,0.28801981666265963,2332215838.4251633,2021-04-30
591,1619827200000,0.30195090278841435,2447556024.381147,2021-05-01
592,1619913600000,0.3268776460926394,2684561593.599938,2021-05-02
593,1620000000000,0.33295745288291,2749776251.164733,2021-05-03
594,1620086400000,0.32736893821580526,2700301268.188375,2021-05-04
595,1620172800000,0.2802041609262722,2369674858.9247775,2021-05-05
596,1620259200000,0.3170647928662865,2611839832.175146,2021-05-06
597,1620345600000,0.2997018484020362,2486721208.7546334,2021-05-07
598,1620432000000,0.30846882416443594,2541875467.3747344,2021-05-08
599,1620518400000,0.2995035512841115,2467008620.747119,2021-05-09
600,1620604800000,0.29336574107228636,2423907404.9807563,2021-05-10
601,1620691200000,0.2673380877013595,2215969640.857091,2021-05-11
602,1620777600000,0.2854062079953805,2332531833.30149,2021-05-12
603,1620864000000,0.24646478961254373,2073193575.235548,2021-05-13
604,1620950400000,0.33753901502905825,2782237570.6155376,2021-05-14
605,1621036800000,0.34413813733159904,2830498934.202223,2021-05-15
606,1621123200000,0.30635493316725704,2538874499.152464,2021-05-16
607,1621209600000,0.3286366208385756,2719819702.6276393,2021-05-17
608,1621296000000,0.2954136973443187,2488561158.6193256,2021-05-18
609,1621382400000,0.33435672999329463,2770632590.4386888,2021-05-19
610,1621468800000,0.21924410608830178,1837885151.9734159,2021-05-20
611,1621555200000,0.2730164363036589,2299103586.845496,2021-05-21
612,1621641600000,0.2412162874712736,1990853715.988642,2021-05-22
613,1621728000000,0.27880015881203335,2308106579.3019767,2021-05-23
614,1621814400000,0.23470285727925733,1977862464.1719263,2021-05-24
615,1621900800000,0.2549850210771132,2149165505.0396314,2021-05-25
616,1621987200000,0.2543252616637743,2146423687.9622028,2021-05-26
617,1622073600000,0.2750408009152128,2303585325.8740654,2021-05-27
618,1622160000000,0.25548359965484924,2156675580.561502,2021-05-28
619,1622246400000,0.22007361438303022,1854688681.5885303,2021-05-29
620,1622332800000,0.21178585250030527,1791253224.3763058,2021-05-30
621,1622419200000,0.21965178882529424,1851266143.0195744,2021-05-31
622,1622505600000,0.23434652856872534,1971812532.8792567,2021-06-01
623,1622592000000,0.22690652363000768,1947741751.4183748,2021-06-02
624,1622678400000,0.23361393082809567,2000590221.1284099,2021-06-03
625,1622764800000,0.25966610931047934,2231974653.4227777,2021-06-04
626,1622851200000,0.2337187459953914,2010457734.4756055,2021-06-05
627,1622937600000,0.2227347264847916,1907714314.8026226,2021-06-06
628,1623024000000,0.22961413459556274,1961661649.8059087,2021-06-07
629,1623110400000,0.20761368637435829,1794888644.860062,2021-06-08
630,1623196800000,0.21710645294487554,1863794174.1283762,2021-06-09
631,1623283200000,0.21899077080517065,1891985970.8562546,2021-06-10
632,1623369600000,0.2069883723867314,1779916302.3109324,2021-06-11
633,1623456000000,0.20049391697627122,1722417437.0413702,2021-06-12
634,1623542400000,0.1902872567000893,1650291387.1209884,2021-06-13
635,1623628800000,0.1973155616786505,1688097685.6686,2021-06-14
636,1623715200000,0.2079166891917228,1777551035.100177,2021-06-15
637,1623801600000,0.21145897420621929,1815949797.9361649,2021-06-16
638,1623888000000,0.2034545223940739,1746544636.016025,2021-06-17
639,1623974400000,0.20906088708065157,1801707157.526062,2021-06-18
640,1624060800000,0.20667623277157798,1778903966.9298692,2021-06-19
641,1624147200000,0.1964401560280279,1692101752.3085818,2021-06-20
642,1624233600000,0.19441666555203685,1672250538.9738932,2021-06-21
643,1624320000000,0.17498686934002108,1527290326.0694556,2021-06-22
644,1624406400000,0.16664959372927082,1446295753.6763504,2021-06-23
645,1624492800000,0.1826784835363888,1605735100.1927195,2021-06-24
646,1624579200000,0.19261492939665942,1696454879.9697149,2021-06-25
647,1624665600000,0.1684243084001802,1484135428.0669744,2021-06-26
648,1624752000000,0.17819201526478468,1568234197.1334693,2021-06-27
649,1624838400000,0.1825240995515327,1604224146.4020145,2021-06-28
650,1624924800000,0.18361309024992797,1614489167.202498,2021-06-29
651,1625011200000,0.1908687710193984,1685275129.8837202,2021-06-30
652,1625097600000,0.19578957540910139,1722217648.9603882,2021-07-01
653,1625184000000,0.21492772581627712,1920066237.9982834,2021-07-02
654,1625270400000,0.19590930744240265,1750346050.6728628,2021-07-03
655,1625356800000,0.19468201224934212,1739256805.6715431,2021-07-04
656,1625443200000,0.1956177461865335,1753253538.3061762,2021-07-05
657,1625529600000,0.1868434908737023,1674026139.49335,2021-07-06
658,1625616000000,0.1851280570847548,1655354483.8310142,2021-07-07
659,1625702400000,0.18642984462100515,1669986026.53544,2021-07-08
660,1625788800000,0.17329760440676412,1550835518.4205403,2021-07-09
661,1625875200000,0.17730118015776683,1584528258.0122077,2021-07-10
662,1625961600000,0.17056936129917047,1528181554.8149443,2021-07-11
663,1626048000000,0.17297866228071337,1549536746.3665285,2021-07-12
664,1626134400000,0.16988060667186472,1519380223.9466548,2021-07-13
665,1626220800000,0.1770036073217493,1589360595.9279904,2021-07-14
666,1626307200000,0.1709245793417108,1528955805.9043844,2021-07-15
667,1626393600000,0.17517503534547146,1567131871.3603134,2021-07-16
668,1626480000000,0.1820534872847981,1630722771.5603647,2021-07-17
669,1626566400000,0.18878630700810337,1690856445.4217846,2021-07-18
670,1626652800000,0.1836093327454644,1641311404.4262,2021-07-19
671,1626739200000,0.17479618514886405,1574781916.534244,2021-07-20
672,1626825600000,0.1602682738017226,1433942891.3131976,2021-07-21
673,1626912000000,0.17082816318550675,1523015888.9814136,2021-07-22
674,1626998400000,0.1745717097197734,1722928995.1439452,2021-07-23
675,1627084800000,0.17389801069425997,1583861041.6331244,2021-07-24
676,1627171200000,0.1807315180469374,1645855160.6240506,2021-07-25
677,1627257600000,0.1778667395103555,1622903063.4381204,2021-07-26
678,1627344000000,0.1836113846383906,1678399382.479851,2021-07-27
679,1627430400000,0.19659178448154224,1787121661.4167855,2021-07-28
680,1627516800000,0.1972907536622281,1800243459.0574052,2021-07-29
681,1627603200000,0.20395536542696754,1872515139.102078,2021-07-30
682,1627689600000,0.21617517578849035,1972702548.8159423,2021-07-31
683,1627776000000,0.21486694147156896,1966699611.2364442,2021-08-01
684,1627862400000,0.20484876238295313,1900058804.1952357,2021-08-02
685,1627948800000,0.21002940762398037,1955422464.0425656,2021-08-03
686,1628035200000,0.21649941395518021,2025598986.248871,2021-08-04
687,1628121600000,0.2178749692267387,2026005092.9928684,2021-08-05
688,1628208000000,0.21921747790584634,2041140161.0319467,2021-08-06
689,1628294400000,0.21824041644323036,2027565798.56489,2021-08-07
690,1628380800000,0.2253025744252076,2092510697.6263826,2021-08-08
691,1628467200000,0.21375341625304162,1986798283.0263383,2021-08-09
692,1628553600000,0.22173810442773556,2054022209.955351,2021-08-10
693,1628640000000,0.2252201859355057,2085458335.668992,2021-08-11
694,1628726400000,0.22864995869270588,2120146222.9439874,2021-08-12
695,1628812800000,0.2186351200124845,2031423074.1006644,2021-08-13
696,1628899200000,0.23096147559280886,2142629281.6159897,2021-08-14
697,1628985600000,0.2598334336217373,2443882851.955322,2021-08-15
698,1629072000000,0.2521493652900064,2341008741.8424664,2021-08-16
699,1629158400000,0.24365151753324896,2304580146.9792614,2021-08-17
700,1629244800000,0.22686138723727378,2139521621.9019327,2021-08-18
701,1629331200000,0.2269112820797098,2117170116.2685127,2021-08-19
702,1629417600000,0.23592318924329708,2174575218.3107204,2021-08-20
703,1629504000000,0.2453674860974457,2280696172.822411,2021-08-21
704,1629590400000,0.24256609972009224,2257280173.755949,2021-08-22
705,1629676800000,0.24237067222205955,2298406256.18431,2021-08-23
706,1629763200000,0.2594435514821289,2455683517.7644925,2021-08-24
707,1629849600000,0.2542372275363659,2431716117.6519246,2021-08-25
708,1629936000000,0.25725390464562103,2437707618.9148445,2021-08-26
709,1630022400000,0.24171772993973803,2296454014.637659,2021-08-27
710,1630108800000,0.2522595675144108,2378956703.350323,2021-08-28
711,1630195200000,0.2615228675071471,2472956996.241496,2021-08-29
712,1630281600000,0.25281739051182295,2397278329.7934227,2021-08-30
713,1630368000000,0.24517063006675083,2321410310.6771603,2021-08-31
714,1630454400000,0.25247002675313324,2390529215.413597,2021-09-01
715,1630540800000,0.2639060717894396,2538920246.46876,2021-09-02
716,1630627200000,0.27378657157554914,2633377668.674646,2021-09-03
717,1630713600000,0.2841438785939645,2738438844.4105663,2021-09-04
718,1630800000000,0.3142919536126568,3031127941.418388,2021-09-05
719,1630886400000,0.3054029736077619,2936575083.829045,2021-09-06
720,1630972800000,0.3126437452280356,3010190618.9793515,2021-09-07
721,1631059200000,0.27367099704659886,2631269053.5441957,2021-09-08
722,1631145600000,0.3167730838918963,3052753764.263536,2021-09-09
723,1631232000000,0.331601902843638,3218971194.0462117,2021-09-10
724,1631318400000,0.3142140722825231,3021478821.072685,2021-09-11
725,1631404800000,0.3618136033568249,3481404561.4129868,2021-09-12
726,1631491200000,0.4214527484118327,4063707171.549014,2021-09-13
727,1631577600000,0.4320748946552396,4131816507.4794984,2021-09-14
728,1631664000000,0.46084428457063437,4449645539.4916935,2021-09-15
729,1631750400000,0.5088376840865344,4909713321.9816065,2021-09-16
730,1631836800000,0.47870954234458274,4605779511.648638,2021-09-17
731,1631923200000,0.4228022344025816,4131425281.8467784,2021-09-18
732,1632009600000,0.4255740499499192,4110852962.1612644,2021-09-19
733,1632096000000,0.3989045665458887,3857140459.0340333,2021-09-20
734,1632182400000,0.34170299335884563,3283218602.5417504,2021-09-21
735,1632268800000,0.30358011167362486,2914645986.2734103,2021-09-22
736,1632355200000,0.3677846019744772,3821541765.1130667,2021-09-23
737,1632441600000,0.3847604132940142,3946434341.0742564,2021-09-24
738,1632528000000,0.35113049253587464,3623252541.8726554,2021-09-25
739,1632614400000,0.3453834440003408,3542655378.7993255,2021-09-26
740,1632700800000,0.3372046142328158,3464920448.388182,2021-09-27
741,1632787200000,0.3219300896719378,3289045349.3259363,2021-09-28
742,1632873600000,0.30394214638712164,3140882748.2882795,2021-09-29
743,1632960000000,0.31313076061532186,3213816611.6085787,2021-09-30
744,1633046400000,0.33934284572365664,3536901030.529355,2021-10-01
745,1633132800000,0.36634332732654706,3819327305.129705,2021-10-02
746,1633219200000,0.38872588282486864,4053733178.914851,2021-10-03
747,1633305600000,0.40215076534869876,4193824733.732685,2021-10-04
748,1633392000000,0.40864372067498644,4274063960.6342106,2021-10-05
749,1633478400000,0.4015480029645516,4210685364.5737247,2021-10-06
750,1633564800000,0.3813734299890457,3983199812.3520494,2021-10-07
751,1633651200000,0.3792756314838682,5611759414.656277,2021-10-08
752,1633737600000,0.3724870214156864,5532494024.027723,2021-10-09
753,1633824000000,0.3740482343615848,5540219352.240336,2021-10-10
754,1633910400000,0.34310435915495685,5040033573.641277,2021-10-11
755,1633996800000,0.34522148011097437,5102469327.412875,2021-10-12
756,1634083200000,0.3506649838540812,5208181214.176597,2021-10-13
757,1634169600000,0.35944593362866367,5326729633.632502,2021-10-14
758,1634256000000,0.38631209975613623,5689881580.551437,2021-10-15
759,1634342400000,0.36803846803402446,5462511478.488896,2021-10-16
760,1634428800000,0.37544025473630843,5560539160.228103,2021-10-17
761,1634515200000,0.3569805827042817,5294356881.023504,2021-10-18
762,1634601600000,0.35637070383228475,5297433010.403274,2021-10-19
763,1634688000000,0.37629503344603477,5591945496.656439,2021-10-20
764,1634774400000,0.4031498147190467,5987404757.998808,2021-10-21
765,1634860800000,0.38142625679975933,5673549317.344099,2021-10-22
766,1634947200000,0.3796193185259931,5701111715.310015,2021-10-23
767,1635033600000,0.38024633775073025,5707488629.137536,2021-10-24
768,1635120000000,0.36847379869501334,5526964210.641533,2021-10-25
769,1635206400000,0.3896615541475612,5855047106.710093,2021-10-26
770,1635292800000,0.39207924627290375,5884142756.0495405,2021-10-27
771,1635379200000,0.3529559376664506,5287142422.411411,2021-10-28
772,1635465600000,0.3726479201464082,5604813982.113712,2021-10-29
773,1635552000000,0.39174447723650674,5881955545.369097,2021-10-30
774,1635638400000,0.42007410938544415,6294651000.216297,2021-10-31
775,1635724800000,0.40759163664116704,6124763656.920664,2021-11-01
776,1635811200000,0.40266960441243815,6093829865.557369,2021-11-02
777,1635897600000,0.3965462306796346,5987305498.668835,2021-11-03
778,1635984000000,0.3924444523827187,5937389077.19462,2021-11-04
779,1636070400000,0.3937128747376226,5918865406.63691,2021-11-05
780,1636156800000,0.39446951615759074,5962641671.576636,2021-11-06
781,1636243200000,0.38749507321691784,5886861383.866377,2021-11-07
782,1636329600000,0.3961334913084901,5972071537.426299,2021-11-08
783,1636416000000,0.4223326668426661,6434390205.604328,2021-11-09
784,1636502400000,0.4289479886896499,6513001608.942322,2021-11-10
785,1636588800000,0.4085805744235429,6192845044.370635,2021-11-11
786,1636675200000,0.43294958020286756,6584652355.120198,2021-11-12
787,1636761600000,0.4592177902467646,6895650491.635693,2021-11-13
788,1636848000000,0.44220952196131785,6711333977.146684,2021-11-14
789,1636934400000,0.440530494045303,6683437788.755029,2021-11-15
790,1637020800000,0.4305584593180825,6531972248.014423,2021-11-16
791,1637107200000,0.4030383270360652,6185787591.664275,2021-11-17
792,1637193600000,0.4073432867778918,6187371823.92755,2021-11-18
793,1637280000000,0.3595695505431843,5523652219.885397,2021-11-19
794,1637366400000,0.38418983598526724,5902260739.216686,2021-11-20
795,1637452800000,0.3914729398605904,6019936609.084964,2021-11-21
796,1637539200000,0.39149983762034807,6044075681.84367,2021-11-22
797,1637625600000,0.36651418304799266,5696265690.079446,2021-11-23
798,1637712000000,0.37207132260792813,5789520669.451227,2021-11-24
799,1637798400000,0.35441932418229166,6432162133.772228,2021-11-25
800,1637884800000,0.35932105136117964,6473280618.570287,2021-11-26
801,1637971200000,0.32298092112238824,5865511401.154142,2021-11-27
802,1638057600000,0.33309621499101794,6023708676.420145,2021-11-28
803,1638144000000,0.3326612270049436,6019397866.339552,2021-11-29
804,1638230400000,0.3554094987721729,6505901184.618147,2021-11-30
805,1638316800000,0.3512317012871304,6422516979.945514,2021-12-01
806,1638403200000,0.3521883336867179,6413048891.983574,2021-12-02
807,1638489600000,0.3413263415382474,6242380812.141871,2021-12-03
808,1638576000000,0.31989251650061773,5845687130.335589,2021-12-04
809,1638662400000,0.2865354703820887,5218688117.526608,2021-12-05
810,1638748800000,0.27433852174892576,5013521516.03882,2021-12-06
811,1638835200000,0.28122229442655344,5133966877.855458,2021-12-07
812,1638921600000,0.274994942261481,5029148426.946349,2021-12-08
813,1639008000000,0.2819982667454504,5146041183.2583475,2021-12-09
814,1639094400000,0.25566578791991346,4712619045.5384245,2021-12-10
815,1639180800000,0.23800259972252227,4389198534.4620495,2021-12-11
816,1639267200000,0.2541829084328567,4644145411.600951,2021-12-12
817,1639353600000,0.2564001235814079,4684444855.439172,2021-12-13
818,1639440000000,0.22699700621356175,4141622361.740488,2021-12-14
819,1639526400000,0.23462010945666636,4288774187.6376386,2021-12-15
820,1639612800000,0.2575410138324388,4694906439.251084,2021-12-16
821,1639699200000,0.2631327123644067,4785235480.784773,2021-12-17
822,1639785600000,0.2533355231584326,4624037681.772633,2021-12-18
823,1639872000000,0.30785033077824747,5622761590.417489,2021-12-19
824,1639958400000,0.32782945617924286,6012106683.411292,2021-12-20
825,1640044800000,0.30770973965673293,5674499969.193513,2021-12-21
826,1640131200000,0.31032452511073894,5690805686.560766,2021-12-22
827,1640217600000,0.32159567347748713,5955159475.675818,2021-12-23
828,1640304000000,0.33064921855453705,6122274154.102251,2021-12-24
829,1640390400000,0.3109323880868032,5748271667.084862,2021-12-25
830,1640476800000,0.3170671741891992,5876625560.832637,2021-12-26
831,1640563200000,0.319906496728715,5902561849.483268,2021-12-27
832,1640649600000,0.31489587887563303,5832140971.016724,2021-12-28
833,1640736000000,0.2917318644671499,5397182403.674379,2021-12-29
834,1640822400000,0.28223952492280807,5179910059.320685,2021-12-30
835,1640908800000,0.2993613135264384,5525315114.79425,2021-12-31
836,1640995200000,0.2911793194792918,5448936261.518896,2022-01-01
837,1641081600000,0.3021268066759141,5615159721.340395,2022-01-02
838,1641168000000,0.3129485683647038,5860917106.058299,2022-01-03
839,1641254400000,0.30742718042822953,5732532453.766203,2022-01-04
840,1641340800000,0.328272222438435,6235540413.525833,2022-01-05
841,1641427200000,0.2901378661547374,5414349270.032179,2022-01-06
842,1641513600000,0.2950236224946863,5510442037.758961,2022-01-07
843,1641600000000,0.2721275835056521,5083131308.188686,2022-01-08
844,1641686400000,0.26669951465745,4993373400.425405,2022-01-09
845,1641772800000,0.27229774325350253,5072143947.369764,2022-01-10
846,1641859200000,0.2613879325532678,4876672031.115753,2022-01-11
847,1641945600000,0.27518813991119934,5130063215.756833,2022-01-12
848,1642032000000,0.29674209169094196,5534656599.452655,2022-01-13
849,1642118400000,0.2786987551352283,5210336072.0724945,2022-01-14
850,1642204800000,0.28187664722839084,5228268020.650883,2022-01-15
851,1642291200000,0.28058739341601246,5227419046.226479,2022-01-16
852,1642377600000,0.27987623522094196,5213834382.628946,2022-01-17
853,1642464000000,0.2712586585361721,5061214794.290508,2022-01-18
854,1642550400000,0.2665581224309669,4968736927.676743,2022-01-19
855,1642636800000,0.2678511333208741,5011103034.755612,2022-01-20
856,1642723200000,0.26080486570850114,4901488193.375493,2022-01-21
857,1642809600000,0.2351449802108186,4391370044.14395,2022-01-22
858,1642896000000,0.2225840912654611,4186442554.294643,2022-01-23
859,1642982400000,0.22181093021888884,4170076949.7240634,2022-01-24
860,1643068800000,0.20726925951550149,3909856768.745437,2022-01-25
861,1643155200000,0.21320222125603422,4015019064.4627137,2022-01-26
862,1643241600000,0.21226335263340454,4014130947.0551653,2022-01-27
863,1643328000000,0.2095589940871869,3953823974.282947,2022-01-28
864,1643414400000,0.2167713651153529,4086706973.793946,2022-01-29
865,1643500800000,0.22294481691201373,4188116323.439179,2022-01-30
866,1643587200000,0.220305295117052,4151789034.6795807,2022-01-31
867,1643673600000,0.22295327635436044,4224013686.859711,2022-02-01
868,1643760000000,0.23055838810853416,4391495776.502715,2022-02-02
869,1643846400000,0.22166797480296876,4201280842.4394293,2022-02-03
870,1643932800000,0.23707062540920712,4509357392.823289,2022-02-04
871,1644019200000,0.2502182199046851,4716849694.523173,2022-02-05
872,1644105600000,0.2608988990808717,4957734338.008694,2022-02-06
873,1644192000000,0.2587942592010343,4903893845.253759,2022-02-07
874,1644278400000,0.2624446304222722,5093622997.598932,2022-02-08
875,1644364800000,0.25463848265190536,4929107936.364837,2022-02-09
876,1644451200000,0.257768333804162,4999010367.996442,2022-02-10
877,1644537600000,0.2481086507923286,4817803813.23831,2022-02-11
878,1644624000000,0.23438100881516816,4543614035.728011,2022-02-12
879,1644710400000,0.23271670692373608,4508894313.922587,2022-02-13
880,1644796800000,0.22799711072306073,4421350006.543625,2022-02-14
881,1644883200000,0.2424953288088988,4710422738.681565,2022-02-15
882,1644969600000,0.25900311125466746,5008052688.512666,2022-02-16
883,1645056000000,0.2624101131730347,5117347155.063509,2022-02-17
884,1645142400000,0.23485597177450254,4568452735.898679,2022-02-18
885,1645228800000,0.23032706249102086,4471659720.957837,2022-02-19
886,1645315200000,0.2332932169340634,4520722968.775381,2022-02-20
887,1645401600000,0.21586610770548906,4209015904.197793,2022-02-21
888,1645488000000,0.1994803428196025,3869882555.1411376,2022-02-22
889,1645574400000,0.23519199968786533,4580860663.360492,2022-02-23
890,1645660800000,0.21980200904448782,4307111067.246675,2022-02-24
891,1645747200000,0.21607829685305954,4221338369.0509553,2022-02-25
892,1645833600000,0.22521638484078685,4406742237.113285,2022-02-26
893,1645920000000,0.224065358765986,4361375383.117292,2022-02-27
894,1646006400000,0.21059580274952644,4113215868.1254983,2022-02-28
895,1646092800000,0.2304472425994173,4520274087.612623,2022-03-01
896,1646179200000,0.22666078018695043,4456849771.658528,2022-03-02
897,1646265600000,0.2231636458849974,4389267257.38017,2022-03-03
898,1646352000000,0.22203492471236902,4374093030.49271,2022-03-04
899,1646438400000,0.2060221985189766,4048902587.1831503,2022-03-05
900,1646524800000,0.21080817446759542,4141415407.3083806,2022-03-06
901,1646611200000,0.20281195980797517,3982003059.574935,2022-03-07
902,1646697600000,0.20694262505364394,4068215484.7603393,2022-03-08
903,1646784000000,0.20487838327774394,4031684019.354031,2022-03-09
904,1646870400000,0.21304992596278263,4195214534.5449862,2022-03-10
905,1646956800000,0.21676841416372253,4261040854.486364,2022-03-11
906,1647043200000,0.20583942056130045,4072597238.773262,2022-03-12
907,1647129600000,0.20621153075221105,4070938589.3972473,2022-03-13
908,1647216000000,0.19944476022106142,3939151375.387042,2022-03-14
909,1647302400000,0.20360044428977983,4010506476.5436993,2022-03-15
910,1647388800000,0.20036215179475125,3966123478.448321,2022-03-16
911,1647475200000,0.2046009635472988,3985490762.2028503,2022-03-17
912,1647561600000,0.2058168386223555,4064005112.862358,2022-03-18
913,1647648000000,0.20828371452673045,4116662635.5424795,2022-03-19
914,1647734400000,0.21028235936467893,4154268116.9095483,2022-03-20
915,1647820800000,0.209159803470356,4125763424.5117154,2022-03-21
916,1647907200000,0.21137289985715396,4175654839.4561486,2022-03-22
917,1647993600000,0.21445043729633934,4278969943.456427,2022-03-23
918,1648080000000,0.2188028588182196,4366763780.929453,2022-03-24
919,1648166400000,0.22003216507430082,4393369904.223154,2022-03-25
920,1648252800000,0.22328428893743313,4443951421.630451,2022-03-26
921,1648339200000,0.22677372278579877,4520109792.488771,2022-03-27
922,1648425600000,0.2417419005231128,4814823563.235355,2022-03-28
923,1648512000000,0.23539761839967513,4734121650.387166,2022-03-29
924,1648598400000,0.25400184811362153,5063005583.014604,2022-03-30
925,1648684800000,0.25378626822325095,5062509656.093236,2022-03-31
926,1648771200000,0.23613842878730046,4713112554.82758,2022-04-01
927,1648857600000,0.2461238476337719,4931391405.2713995,2022-04-02
928,1648944000000,0.2450988634412479,4922210281.823333,2022-04-03
929,1649030400000,0.24851160854054208,4977895087.191955,2022-04-04
930,1649116800000,0.23868796670018427,4787931626.282526,2022-04-05
931,1649203200000,0.22748806867678628,4596272340.05111,2022-04-06
932,1649289600000,0.2107611046505889,4235485315.495732,2022-04-07
933,1649376000000,0.22417252748947122,4500896545.019096,2022-04-08
934,1649462400000,0.20875843748814532,4165371076.2063885,2022-04-09
935,1649548800000,0.2143271309262204,4292523622.324776,2022-04-10
936,1649635200000,0.21004049196166813,4230199596.2987876,2022-04-11
937,1649721600000,0.1954794175502173,3933271510.5843453,2022-04-12
938,1649808000000,0.19965151917369248,3999267861.946214,2022-04-13
939,1649894400000,0.20433609204784936,4091993796.88202,2022-04-14
940,1649980800000,0.1968783125943602,3951200647.2312994,2022-04-15
941,1650067200000,0.20060487475463526,4017735121.9480033,2022-04-16
942,1650153600000,0.19924046256625383,4011987281.7108016,2022-04-17
943,1650240000000,0.1932798965938406,3858168507.61512,2022-04-18
944,1650326400000,0.19499405590414873,3904004932.07658,2022-04-19
945,1650412800000,0.19947740699617364,4005472354.423382,2022-04-20
946,1650499200000,0.19633970207916296,3937287139.7979198,2022-04-21
947,1650585600000,0.19129616944282182,3824435180.487842,2022-04-22
948,1650672000000,0.19017893318392104,3846641797.411921,2022-04-23
949,1650758400000,0.18800877132771293,3812161878.811279,2022-04-24
950,1650844800000,0.18588625662902497,3770768670.098854,2022-04-25
951,1650931200000,0.1819300063857437,3680248654.973121,2022-04-26
952,1651017600000,0.16777430955196185,3387798159.591778,2022-04-27
953,1651104000000,0.1694553099023234,3431938889.0777235,2022-04-28
954,1651190400000,0.16952357375079555,3435007552.123084,2022-04-29
955,1651276800000,0.15975623689200624,3242715836.935267,2022-04-30
956,1651363200000,0.1421067888539316,2882713441.312418,2022-05-01
957,1651449600000,0.14630450246271545,2977868371.9993334,2022-05-02
958,1651536000000,0.14014721716235082,2902968282.8501544,2022-05-03
959,1651622400000,0.13906530705034664,2886683905.0618443,2022-05-04
960,1651708800000,0.15157512655742528,3135772934.9756246,2022-05-05
961,1651795200000,0.13606876408332955,2821636588.4801927,2022-05-06
962,1651881600000,0.13453790647930708,2788972908.6936083,2022-05-07
963,1651968000000,0.13067631872872995,2714729210.3576717,2022-05-08
964,1652054400000,0.1277021011685217,2650964345.817822,2022-05-09
965,1652140800000,0.10771620911187822,2272450406.5335536,2022-05-10
966,1652227200000,0.11507018979835373,2385888751.8317385,2022-05-11
967,1652313600000,0.09069836120441259,1946785984.077551,2022-05-12
968,1652400000000,0.08709559984337797,1786570619.3219407,2022-05-13
969,1652486400000,0.09670702936316604,1975341832.9074476,2022-05-14
970,1652572800000,0.1023719913578056,2081432183.8466353,2022-05-15
971,1652659200000,0.10792942972192757,2194451256.815543,2022-05-16
972,1652745600000,0.10226675693313522,2087175589.5864387,2022-05-17
973,1652832000000,0.10892581410318225,2224061217.071657,2022-05-18
974,1652918400000,0.0996378331821567,2041688523.957798,2022-05-19
975,1653004800000,0.10426763255719591,2128326614.5806274,2022-05-20
976,1653091200000,0.10024349464464781,2044831283.958288,2022-05-21
977,1653177600000,0.10184092694270357,2078788894.3731081,2022-05-22
978,1653264000000,0.1046113763722412,2150615385.28522,2022-05-23
979,1653350400000,0.09860470467406626,2031335760.2318418,2022-05-24
980,1653436800000,0.099413255191949,2084521339.976017,2022-05-25
981,1653523200000,0.09769326375878125,2051645896.234244,2022-05-26
982,1653609600000,0.09136879779276205,1914292561.4619446,2022-05-27
983,1653696000000,0.08721183222058063,1827915116.9659333,2022-05-28
984,1653782400000,0.08945535542988302,1880226758.3214185,2022-05-29
985,1653868800000,0.09056658125415783,1900705961.9474473,2022-05-30
986,1653955200000,0.09751801852840868,2046062573.8271487,2022-05-31
987,1654041600000,0.09465524759926641,2005552739.080152,2022-06-01
988,1654128000000,0.09019305780570505,1903933214.0446312,2022-06-02
989,1654214400000,0.09273170941705615,1957659963.1176658,2022-06-03
990,1654300800000,0.08905661395157133,1873849617.2382298,2022-06-04
991,1654387200000,0.09063356531197385,1903448379.8931262,2022-06-05
992,1654473600000,0.09402940484478751,1991968050.939432,2022-06-06
993,1654560000000,0.09684482297491588,2047461788.8240125,2022-06-07
994,1654646400000,0.09132698200216124,1933604102.9227338,2022-06-08
995,1654732800000,0.08825885049341131,1860917261.5608516,2022-06-09
996,1654819200000,0.08675992356658556,1834451471.887533,2022-06-10
997,1654905600000,0.08127300964524455,1712530786.8628247,2022-06-11
998,1654992000000,0.07796459617582774,1643113923.606856,2022-06-12
999,1655078400000,0.0699344955379364,1488974732.467446,2022-06-13
1000,1655164800000,0.06516331276654237,1366997558.2933774,2022-06-14
1001,1655251200000,0.06757724952188975,1422332538.6623054,2022-06-15
1002,1655337600000,0.07179984441574937,1511907346.8387997,2022-06-16
1003,1655424000000,0.06533179886152318,1375286820.6969094,2022-06-17
1004,1655510400000,0.06864736461369071,1451259664.9852293,2022-06-18
1005,1655596800000,0.062407096813533534,1312528514.9952598,2022-06-19
1006,1655683200000,0.06638488938356814,1397999738.5966012,2022-06-20
1007,1655769600000,0.0712155739690616,1502689259.8384347,2022-06-21
1008,1655856000000,0.07368399713539568,1554474626.145317,2022-06-22
1009,1655942400000,0.07006870677510826,1493663047.967041,2022-06-23
1010,1656028800000,0.07336403075210678,1559115908.3555653,2022-06-24
1011,1656115200000,0.07410742155804935,1584986977.5358355,2022-06-25
1012,1656201600000,0.07414247357896757,1575556010.1670463,2022-06-26
1013,1656288000000,0.06904800691850052,1469419342.0523424,2022-06-27
1014,1656374400000,0.07024559041381638,1494356930.7721791,2022-06-28
1015,1656460800000,0.0660763759105316,1399278509.6373494,2022-06-29
1016,1656547200000,0.0645139617587628,1374182504.0561342,2022-06-30
1017,1656633600000,0.06304252291955033,1332442654.3716855,2022-07-01
1018,1656720000000,0.06210164445458259,1338738490.4605894,2022-07-02
1019,1656806400000,0.063702126914739,1363316158.931356,2022-07-03
1020,1656892800000,0.0626483025141449,1340625137.4023879,2022-07-04
1021,1656979200000,0.06384056048232957,1365173322.8233197,2022-07-05
1022,1657065600000,0.06179885889647841,1323547094.5901108,2022-07-06
1023,1657152000000,0.06260794711465306,1340209322.17903,2022-07-07
1024,1657238400000,0.06496090114992507,1392508720.3778155,2022-07-08
1025,1657324800000,0.06491557747386709,1390720427.5312784,2022-07-09
1026,1657411200000,0.06893443377690223,1483874857.6504538,2022-07-10
1027,1657497600000,0.06503836027511471,1392887216.5384529,2022-07-11
1028,1657584000000,0.060893909802749155,1303619592.1898541,2022-07-12
1029,1657670400000,0.059909860003793114,1290139771.5904925,2022-07-13
1030,1657756800000,0.06324021692546705,1352500003.3510296,2022-07-14
1031,1657843200000,0.06412241443332684,1374619435.4651222,2022-07-15
1032,1657929600000,0.06516887761411298,1393547818.6299407,2022-07-16
1033,1658016000000,0.0664836686927078,1420365441.4562023,2022-07-17
1034,1658102400000,0.06508090029464084,1397852334.1483827,2022-07-18
1035,1658188800000,0.07070356866548376,1510273407.8672204,2022-07-19
1036,1658275200000,0.0734672523493225,1576878306.94049,2022-07-20
1037,1658361600000,0.0707450592526784,1517528882.086471,2022-07-21
1038,1658448000000,0.07136117391097586,1531446534.123447,2022-07-22
1039,1658534400000,0.0697862361465673,1505652545.181863,2022-07-23
1040,1658620800000,0.06896730315131444,1486203563.3657522,2022-07-24
1041,1658707200000,0.07233510118929244,1572865914.7215614,2022-07-25
1042,1658793600000,0.06561760450039027,1425694622.2734647,2022-07-26
1043,1658880000000,0.06583208019329466,1420843157.6539335,2022-07-27
1044,1658966400000,0.07060942582277087,1517852195.4470356,2022-07-28
1045,1659052800000,0.07237084625547703,1559056199.7657824,2022-07-29
1046,1659139200000,0.0720784916747178,1636752597.0736244,2022-07-30
1047,1659225600000,0.073015948633822,1636416463.981208,2022-07-31
1048,1659312000000,0.07621951460945078,1724905814.99959,2022-08-01
1049,1659398400000,0.07721684721307062,1739871478.9249456,2022-08-02
1050,1659484800000,0.07342306110149578,1669576835.165151,2022-08-03
1051,1659571200000,0.07118929033071482,1611732050.7736697,2022-08-04
1052,1659657600000,0.07288261953726655,1647341424.788644,2022-08-05
1053,1659744000000,0.07612043521350774,1720295539.4293935,2022-08-06
1054,1659830400000,0.07730864464040826,1749558765.018001,2022-08-07
1055,1659916800000,0.07721395425747059,1744984569.41547,2022-08-08
1056,1660003200000,0.08024710054287082,1805771756.6384866,2022-08-09
1057,1660089600000,0.07508759634606665,1698521366.5174913,2022-08-10
1058,1660176000000,0.07890660165288411,1781884472.7652342,2022-08-11
1059,1660262400000,0.0810472453876428,1833002645.4282513,2022-08-12
1060,1660348800000,0.08317699794167285,1886362207.704906,2022-08-13
1061,1660435200000,0.08167020211952515,1848315078.7239666,2022-08-14
1062,1660521600000,0.07953349342873459,1797571261.0015054,2022-08-15
1063,1660608000000,0.07825480763582297,1769296582.211901,2022-08-16
1064,1660694400000,0.07733333985591985,1754841425.4782174,2022-08-17
1065,1660780800000,0.07419547845981958,1682439676.2058527,2022-08-18
1066,1660867200000,0.07139278787615276,1618343151.7144003,2022-08-19
1067,1660953600000,0.06580453804653669,1488650531.13555,2022-08-20
1068,1661040000000,0.06806190046208149,1539021698.4933608,2022-08-21
1069,1661126400000,0.06969450519303581,1579806778.3358288,2022-08-22
1070,1661212800000,0.06666564780864377,1519248826.441685,2022-08-23
1071,1661299200000,0.06744907784449412,1538564203.4782248,2022-08-24
1072,1661385600000,0.06759719535210364,1544345854.5606778,2022-08-25
1073,1661472000000,0.0698337520054595,1592772480.0151222,2022-08-26
1074,1661558400000,0.06279305414485037,1427364192.9682658,2022-08-27
1075,1661644800000,0.0633963616503086,1446305590.5143888,2022-08-28
1076,1661731200000,0.06322786629079274,1447222914.6836832,2022-08-29
1077,1661817600000,0.06615709684874559,1510596545.3230517,2022-08-30
1078,1661904000000,0.06369753328549436,1459477743.5520856,2022-08-31
1079,1661990400000,0.06346394987579244,1453049254.2206843,2022-09-01
1080,1662076800000,0.06367667409172123,1459672223.986347,2022-09-02
1081,1662163200000,0.06187812072678768,1422254479.3452008,2022-09-03
1082,1662249600000,0.061121461353402316,1404797426.412743,2022-09-04
1083,1662336000000,0.06168234299564259,1415836550.8275561,2022-09-05
1084,1662422400000,0.06247064809692576,1433697501.387622,2022-09-06
1085,1662508800000,0.05870295940800696,1355215852.2630842,2022-09-07
1086,1662595200000,0.06096445249549195,1404398918.181932,2022-09-08
1087,1662681600000,0.06138129573193282,1408316319.5157423,2022-09-09
1088,1662768000000,0.06368893962009314,1462863915.4420009,2022-09-10
1089,1662854400000,0.06391720282942598,1468659664.2515247,2022-09-11
1090,1662940800000,0.06400991803304142,1468517342.7371168,2022-09-12
1091,1663027200000,0.07318514806540644,1673198840.3729305,2022-09-13
1092,1663113600000,0.065052881450313,1491760270.9307897,2022-09-14
1093,1663200000000,0.06438673551964122,1477959144.7973843,2022-09-15
1094,1663286400000,0.06117952133558796,1406118824.4555173,2022-09-16
1095,1663372800000,0.060744593714986334,1399450569.1791031,2022-09-17
1096,1663459200000,0.06196006309658302,1426121630.8861692,2022-09-18
1097,1663545600000,0.05760547945798336,1326637030.763243,2022-09-19
1098,1663632000000,0.05932613391313445,1366730812.3810687,2022-09-20
1099,1663718400000,0.057558877785105635,1327460595.1029544,2022-09-21
1100,1663804800000,0.05692938436588481,1309485261.3962667,2022-09-22
1101,1663891200000,0.060371134876814184,1401566742.4251337,2022-09-23
1102,1663977600000,0.061235818313327646,1431842337.6510355,2022-09-24
1103,1664064000000,0.06129509951294495,1425638031.7815459,2022-09-25
1104,1664150400000,0.059133722582966855,1375115791.460965,2022-09-26
1105,1664236800000,0.06007498663595459,1394103215.9769878,2022-09-27
1106,1664323200000,0.05844504964409325,1369703242.68743,2022-09-28
1107,1664409600000,0.05823054273196358,1359973963.4155843,2022-09-29
1108,1664496000000,0.05796161428786254,1399632376.1441023,2022-09-30
1109,1664582400000,0.05743530258707694,1395562288.3055239,2022-10-01
1110,1664668800000,0.05774802109919388,1405390800.2916605,2022-10-02
1111,1664755200000,0.056598791408135514,1381538340.9169095,2022-10-03
1112,1664841600000,0.0579833770094774,1413791862.1442134,2022-10-04
1113,1664928000000,0.05847239427505948,1423361063.4900231,2022-10-05
1114,1665014400000,0.05802699960703867,1411621896.2014427,2022-10-06
1115,1665100800000,0.0581554262071653,1415524397.3673975,2022-10-07
1116,1665187200000,0.05980492024892825,1452379197.2776558,2022-10-08
1117,1665273600000,0.06041555988463058,1471172482.0920603,2022-10-09
1118,1665360000000,0.06013764913516174,1462695685.590112,2022-10-10
1119,1665446400000,0.05851409494492893,1426417682.987065,2022-10-11
1120,1665532800000,0.06099463165080231,1485841993.911404,2022-10-12
1121,1665619200000,0.06591180701505774,1605281543.451757,2022-10-13
1122,1665705600000,0.06504692860763964,1585083925.1864433,2022-10-14
1123,1665792000000,0.06168060159857996,1501799972.4609451,2022-10-15
1124,1665878400000,0.0605463976464376,1474900273.6979623,2022-10-16
1125,1665964800000,0.061445957425323425,1494375893.1357362,2022-10-17
1126,1666051200000,0.06259734818654032,1523962008.5650818,2022-10-18
1127,1666137600000,0.06254681740632188,1521770007.9992232,2022-10-19
1128,1666224000000,0.05945964014955925,1445584149.958983,2022-10-20
1129,1666310400000,0.058670579354679446,1428043859.037233,2022-10-21
1130,1666396800000,0.05976673447321596,1455520297.5692964,2022-10-22
1131,1666483200000,0.05990633890008651,1465042400.782268,2022-10-23
1132,1666569600000,0.06076283545566485,1483412819.6287901,2022-10-24
1133,1666656000000,0.05864641456562174,1432208573.1040828,2022-10-25
1134,1666742400000,0.059903468703673815,1466145213.7676253,2022-10-26
1135,1666828800000,0.06062935681182352,1481734844.7885928,2022-10-27
1136,1666915200000,0.058851755875751095,1440523705.2325916,2022-10-28
1137,1667001600000,0.06007954652122129,1470615839.7543404,2022-10-29
1138,1667088000000,0.0611748265140505,1494895442.0208294,2022-10-30
1139,1667174400000,0.060647009305776337,1482832516.31464,2022-10-31
1140,1667260800000,0.05969445181138527,1463639249.222934,2022-11-01
1141,1667347200000,0.058495127946583,1439374961.9760473,2022-11-02
1142,1667433600000,0.05886362527387221,1449831607.9926708,2022-11-03
1143,1667520000000,0.06000650046386431,1478877996.4561005,2022-11-04
1144,1667606400000,0.0632739309301124,1557439084.5051785,2022-11-05
1145,1667692800000,0.06216694940654126,1531861115.6941774,2022-11-06
1146,1667779200000,0.05929832980378687,1460956422.6219683,2022-11-07
1147,1667865600000,0.05923006668092604,1457655742.049248,2022-11-08
1148,1667952000000,0.05231310655316891,1291465936.23676,2022-11-09
1149,1668038400000,0.04395015862191811,1078409575.1822517,2022-11-10
1150,1668124800000,0.05033134177533968,1238262517.6304433,2022-11-11
1151,1668211200000,0.048611045408543684,1192287929.1456888,2022-11-12
1152,1668297600000,0.04734007782415528,1159521403.7628102,2022-11-13
1153,1668384000000,0.04572001150315215,1122154762.3069322,2022-11-14
1154,1668470400000,0.04734681899144343,1166286635.7672977,2022-11-15
1155,1668556800000,0.049351897304331496,1219308544.529952,2022-11-16
1156,1668643200000,0.04841337123406088,1191722552.379463,2022-11-17
1157,1668729600000,0.04886115849569686,1204042130.1261668,2022-11-18
1158,1668816000000,0.048777227611741546,1200593266.846141,2022-11-19
1159,1668902400000,0.04917282826674955,1210715595.5816195,2022-11-20
