,Time,open,mktcap,Date
0,1568937600000,0.996261841291135,0.0,2019-09-20
1,1569024000000,0.9983602404440751,0.0,2019-09-21
2,1569110400000,0.9988599053336156,0.0,2019-09-22
3,1569196800000,1.0000125949585876,0.0,2019-09-23
4,1569283200000,1.00042605617893,0.0,2019-09-24
5,1569369600000,1.0354837407711317,0.0,2019-09-25
6,1569456000000,0.9993406334273108,0.0,2019-09-26
7,1569542400000,0.9955110411110961,0.0,2019-09-27
8,1569628800000,0.9987965578143414,0.0,2019-09-28
9,1569715200000,0.998506095647937,0.0,2019-09-29
10,1569801600000,0.9996964405098997,0.0,2019-09-30
11,1569888000000,1.0002844954216263,0.0,2019-10-01
12,1569974400000,1.000900961984332,0.0,2019-10-02
13,1570060800000,0.9990498312356836,0.0,2019-10-03
14,1570147200000,1.0002700080446236,0.0,2019-10-04
15,1570233600000,0.9991473048136699,0.0,2019-10-05
16,1570320000000,0.999919651029523,0.0,2019-10-06
17,1570406400000,0.9995063343721496,0.0,2019-10-07
18,1570492800000,0.996679046545614,0.0,2019-10-08
19,1570579200000,0.9990026827147271,0.0,2019-10-09
20,1570665600000,0.9999110303650914,0.0,2019-10-10
21,1570752000000,0.9967872736978919,0.0,2019-10-11
22,1570838400000,1.000887716085313,0.0,2019-10-12
23,1570924800000,0.9979311643252209,0.0,2019-10-13
24,1571011200000,0.9994324079197527,0.0,2019-10-14
25,1571097600000,0.998936786767793,0.0,2019-10-15
26,1571184000000,1.000390854174009,0.0,2019-10-16
27,1571270400000,0.9999056742556043,0.0,2019-10-17
28,1571356800000,1.0010969722843606,0.0,2019-10-18
29,1571443200000,0.9993891914359048,0.0,2019-10-19
30,1571529600000,0.9998314542502124,0.0,2019-10-20
31,1571616000000,0.9989183080102566,0.0,2019-10-21
32,1571702400000,0.999590709983593,0.0,2019-10-22
33,1571788800000,0.999330948318541,0.0,2019-10-23
34,1571875200000,1.0013481071194246,0.0,2019-10-24
35,1571961600000,1.0000587104008498,0.0,2019-10-25
36,1572048000000,0.9978000943466504,0.0,2019-10-26
37,1572134400000,0.9967408802699775,0.0,2019-10-27
38,1572220800000,0.9934818413012555,0.0,2019-10-28
39,1572307200000,0.9987694081409781,0.0,2019-10-29
40,1572393600000,0.9979063202928906,0.0,2019-10-30
41,1572480000000,0.9974172856284429,0.0,2019-10-31
42,1572566400000,0.9983801108175794,0.0,2019-11-01
43,1572652800000,0.9994347161391787,0.0,2019-11-02
44,1572739200000,0.9998222041913927,0.0,2019-11-03
45,1572825600000,0.9997822097088972,0.0,2019-11-04
46,1572912000000,0.9979360589118328,0.0,2019-11-05
47,1572998400000,0.9998488031147466,0.0,2019-11-06
48,1573084800000,1.001271923057834,0.0,2019-11-07
49,1573171200000,1.0015085060193105,0.0,2019-11-08
50,1573257600000,1.00090750673793,0.0,2019-11-09
51,1573344000000,1.0008654591135138,0.0,2019-11-10
52,1573430400000,1.0004473826716314,0.0,2019-11-11
53,1573516800000,1.0036392210514935,0.0,2019-11-12
54,1573603200000,1.0016395388855241,0.0,2019-11-13
55,1573689600000,1.0013960101701955,0.0,2019-11-14
56,1573776000000,1.001107468486892,0.0,2019-11-15
57,1573862400000,1.0038096906199543,0.0,2019-11-16
58,1573948800000,1.00310473790605,0.0,2019-11-17
59,1574035200000,1.001416107257776,0.0,2019-11-18
60,1574121600000,1.003133553027289,0.0,2019-11-19
61,1574208000000,1.0019145918366676,0.0,2019-11-20
62,1574294400000,1.0026123251477643,0.0,2019-11-21
63,1574380800000,1.0029624340832273,0.0,2019-11-22
64,1574467200000,1.0031703297274388,0.0,2019-11-23
65,1574553600000,1.0007959346770927,0.0,2019-11-24
66,1574640000000,0.9997112483653579,0.0,2019-11-25
67,1574726400000,1.0010122119936224,0.0,2019-11-26
68,1574812800000,0.9987197535166621,0.0,2019-11-27
69,1574899200000,0.9975141939726045,0.0,2019-11-28
70,1574985600000,0.9995180821694312,0.0,2019-11-29
71,1575072000000,0.9988999161517886,0.0,2019-11-30
72,1575158400000,0.9995567795850258,0.0,2019-12-01
73,1575244800000,0.9995531997610242,0.0,2019-12-02
74,1575331200000,0.9988068502576253,0.0,2019-12-03
75,1575417600000,0.9988237730624505,0.0,2019-12-04
76,1575504000000,0.9996030866616107,0.0,2019-12-05
77,1575590400000,0.9986244527848871,0.0,2019-12-06
78,1575676800000,0.9997792837624713,0.0,2019-12-07
79,1575763200000,0.9990282488496609,0.0,2019-12-08
80,1575849600000,0.9975180133675693,0.0,2019-12-09
81,1575936000000,1.0004330824470005,0.0,2019-12-10
82,1576022400000,0.9997745316847245,0.0,2019-12-11
83,1576108800000,1.0002118296036053,0.0,2019-12-12
84,1576195200000,1.0009375200530097,0.0,2019-12-13
85,1576281600000,0.9998938392185384,0.0,2019-12-14
86,1576368000000,0.9999778056146912,0.0,2019-12-15
87,1576454400000,0.9988853588857854,0.0,2019-12-16
88,1576540800000,1.002787014308617,0.0,2019-12-17
89,1576627200000,1.0005955852153403,0.0,2019-12-18
90,1576713600000,1.0015637811256468,0.0,2019-12-19
91,1576800000000,1.003452605295821,0.0,2019-12-20
92,1576886400000,1.000269053781907,0.0,2019-12-21
93,1576972800000,1.0005558985137517,0.0,2019-12-22
94,1577059200000,1.0043485211995633,0.0,2019-12-23
95,1577145600000,1.0007426886004438,0.0,2019-12-24
96,1577232000000,1.0030491308366931,0.0,2019-12-25
97,1577318400000,1.0011917298676547,0.0,2019-12-26
98,1577404800000,1.0024166808060273,0.0,2019-12-27
99,1577491200000,1.002666784229084,0.0,2019-12-28
100,1577577600000,1.0012505778149143,0.0,2019-12-29
101,1577664000000,1.0009617565356386,0.0,2019-12-30
102,1577750400000,1.000162845639963,0.0,2019-12-31
103,1577836800000,1.002687911821109,0.0,2020-01-01
104,1577923200000,1.0012189281837351,0.0,2020-01-02
105,1578009600000,1.0019625218476467,0.0,2020-01-03
106,1578096000000,1.0013603867676337,0.0,2020-01-04
107,1578182400000,1.0011901332043587,0.0,2020-01-05
108,1578268800000,1.0004380185433723,0.0,2020-01-06
109,1578355200000,1.0016253582984405,0.0,2020-01-07
110,1578441600000,0.998114689677926,0.0,2020-01-08
111,1578528000000,0.9966020688635557,0.0,2020-01-09
112,1578614400000,1.0004378528856517,0.0,2020-01-10
113,1578700800000,1.0004925498374593,0.0,2020-01-11
114,1578787200000,0.9981437645644837,0.0,2020-01-12
115,1578873600000,0.9989145034018299,0.0,2020-01-13
116,1578960000000,0.9992110554019286,0.0,2020-01-14
117,1579046400000,1.0018174041749355,0.0,2020-01-15
118,1579132800000,1.000450325012995,0.0,2020-01-16
119,1579219200000,0.9989432275848205,0.0,2020-01-17
120,1579305600000,0.9977545791731818,0.0,2020-01-18
121,1579392000000,0.9970517565242616,0.0,2020-01-19
122,1579478400000,1.0011011483393635,0.0,2020-01-20
123,1579564800000,1.0004417756865671,0.0,2020-01-21
124,1579651200000,1.0007181984667695,0.0,2020-01-22
125,1579737600000,1.0033622557548032,0.0,2020-01-23
126,1579824000000,1.0034363338940593,0.0,2020-01-24
127,1579910400000,1.00109633002611,0.0,2020-01-25
128,1579996800000,0.9985766367038592,0.0,2020-01-26
129,1580083200000,1.0035984628408632,0.0,2020-01-27
130,1580169600000,0.9997831150517951,0.0,2020-01-28
131,1580256000000,0.9981947299403061,0.0,2020-01-29
132,1580342400000,0.9976352254005881,0.0,2020-01-30
133,1580428800000,0.9996057296501629,0.0,2020-01-31
134,1580515200000,0.994653627780857,0.0,2020-02-01
135,1580601600000,0.9986853030382751,0.0,2020-02-02
136,1580688000000,1.0012603427916167,0.0,2020-02-03
137,1580774400000,1.0020230622307156,0.0,2020-02-04
138,1580860800000,1.0040650574939807,0.0,2020-02-05
139,1580947200000,0.999520047662899,0.0,2020-02-06
140,1581033600000,0.999038108807573,0.0,2020-02-07
141,1581120000000,0.9995047034237854,0.0,2020-02-08
142,1581206400000,0.9974727124943881,0.0,2020-02-09
143,1581292800000,1.002208494562955,0.0,2020-02-10
144,1581379200000,0.9979392090879055,0.0,2020-02-11
145,1581465600000,0.9957909051438998,0.0,2020-02-12
146,1581552000000,0.9988661075278203,0.0,2020-02-13
147,1581638400000,0.9974228978228943,0.0,2020-02-14
148,1581724800000,0.9994099418097877,0.0,2020-02-15
149,1581811200000,0.9942724907675871,0.0,2020-02-16
150,1581897600000,1.0027811206778672,0.0,2020-02-17
151,1581984000000,1.0070325284842523,0.0,2020-02-18
152,1582070400000,0.9951531695790841,0.0,2020-02-19
153,1582156800000,1.0033096435368116,0.0,2020-02-20
154,1582243200000,0.9961827658817816,0.0,2020-02-21
155,1582329600000,0.9984707034550162,0.0,2020-02-22
156,1582416000000,1.0014970066333964,0.0,2020-02-23
157,1582502400000,0.998400254369674,0.0,2020-02-24
158,1582588800000,0.993962922480847,0.0,2020-02-25
159,1582675200000,1.0006052219535253,0.0,2020-02-26
160,1582761600000,0.9987549881842039,0.0,2020-02-27
161,1582848000000,1.0007156687108878,0.0,2020-02-28
162,1582934400000,0.9990507702330366,0.0,2020-02-29
163,1583020800000,0.9954679913014091,0.0,2020-03-01
164,1583107200000,0.9995916242936566,0.0,2020-03-02
165,1583193600000,1.0018606892117876,0.0,2020-03-03
166,1583280000000,0.9955329668215637,0.0,2020-03-04
167,1583366400000,1.0004615017133642,0.0,2020-03-05
168,1583452800000,0.995569650990103,0.0,2020-03-06
169,1583539200000,0.9989732227744531,0.0,2020-03-07
170,1583625600000,1.00002072614084,0.0,2020-03-08
171,1583712000000,1.0064674855993012,0.0,2020-03-09
172,1583798400000,1.0047240967245323,0.0,2020-03-10
173,1583884800000,0.9964646292179739,0.0,2020-03-11
174,1583971200000,0.9976020009826966,0.0,2020-03-12
175,1584057600000,1.0008972437788977,0.0,2020-03-13
176,1584144000000,1.0090303099891886,0.0,2020-03-14
177,1584230400000,1.0020302031466026,0.0,2020-03-15
178,1584316800000,1.004805089042311,0.0,2020-03-16
179,1584403200000,1.0076459374553974,0.0,2020-03-17
180,1584489600000,0.997556126205575,0.0,2020-03-18
181,1584576000000,1.001368607224179,0.0,2020-03-19
182,1584662400000,0.9987134944977298,0.0,2020-03-20
183,1584748800000,1.0022062489672778,0.0,2020-03-21
184,1584835200000,0.9987805117877172,0.0,2020-03-22
185,1584921600000,1.0028089313672304,0.0,2020-03-23
186,1585008000000,1.001772346850563,0.0,2020-03-24
187,1585094400000,1.0023606019143207,0.0,2020-03-25
188,1585180800000,1.0046149607189212,0.0,2020-03-26
189,1585267200000,1.0027535307657918,0.0,2020-03-27
190,1585353600000,1.0039680805816875,0.0,2020-03-28
191,1585440000000,0.9999512917437074,0.0,2020-03-29
192,1585526400000,1.0007319338618852,0.0,2020-03-30
193,1585612800000,0.9985663370797244,0.0,2020-03-31
194,1585699200000,0.998372715481883,0.0,2020-04-01
195,1585785600000,0.9957749063430249,0.0,2020-04-02
196,1585872000000,1.005679053798249,0.0,2020-04-03
197,1585958400000,0.9944524870093151,0.0,2020-04-04
198,1586044800000,0.998742279100578,0.0,2020-04-05
199,1586131200000,1.0002601382141882,0.0,2020-04-06
200,1586217600000,1.0006674727244496,0.0,2020-04-07
201,1586304000000,0.9919692879382213,0.0,2020-04-08
202,1586390400000,0.9986340982284145,0.0,2020-04-09
203,1586476800000,1.0006930197471648,0.0,2020-04-10
204,1586563200000,1.0025773151545028,0.0,2020-04-11
205,1586649600000,0.9997688797593889,0.0,2020-04-12
206,1586736000000,0.9985418189548486,0.0,2020-04-13
207,1586822400000,0.9976632069124124,0.0,2020-04-14
208,1586908800000,0.9955783822027195,0.0,2020-04-15
209,1586995200000,0.9998840381229496,0.0,2020-04-16
210,1587081600000,0.9985487112410749,0.0,2020-04-17
211,1587168000000,0.9995453192922936,0.0,2020-04-18
212,1587254400000,0.9995457967213932,0.0,2020-04-19
213,1587340800000,0.9993289263627312,0.0,2020-04-20
214,1587427200000,1.000640448048537,147102131.8771298,2020-04-21
215,1587513600000,0.9971484759702713,153821183.10127392,2020-04-22
216,1587600000000,0.998514465779491,159131535.26647946,2020-04-23
217,1587686400000,0.9967258328169845,150694867.8973791,2020-04-24
218,1587772800000,0.9996174487056173,146638040.20170864,2020-04-25
219,1587859200000,1.0026138668226172,150544168.13932174,2020-04-26
220,1587945600000,0.9997066126557334,147887855.9618005,2020-04-27
221,1588032000000,0.9984564792703393,154056687.08405992,2020-04-28
222,1588118400000,0.9989128847194144,153272384.1002222,2020-04-29
223,1588204800000,0.9973302784566339,143708419.44871083,2020-04-30
224,1588291200000,1.0009277603971434,135184301.50107846,2020-05-01
225,1588377600000,0.9976440655171114,129756146.75798544,2020-05-02
226,1588464000000,0.9999033344455273,131059808.06690696,2020-05-03
227,1588550400000,1.0008733988567573,131620212.73594159,2020-05-04
228,1588636800000,1.0023577264114314,134322260.46368927,2020-05-05
229,1588723200000,1.0014801233066892,138022340.16697288,2020-05-06
230,1588809600000,1.0036992470505126,139854003.4453645,2020-05-07
231,1588896000000,0.9931078909139345,138094761.65238905,2020-05-08
232,1588982400000,0.9962606730320018,138482387.80831936,2020-05-09
233,1589068800000,0.996931847031388,126194483.54770513,2020-05-10
234,1589155200000,1.0028668958512492,124394430.51295838,2020-05-11
235,1589241600000,0.9955420512676504,122751939.33455332,2020-05-12
236,1589328000000,0.9982956012029756,120923495.20180175,2020-05-13
237,1589414400000,0.9983876939706522,123161085.81720021,2020-05-14
238,1589500800000,0.9960712768044898,119578526.30106273,2020-05-15
239,1589587200000,1.0022759684782858,118623708.74255641,2020-05-16
240,1589673600000,0.9996956824686385,119007745.54754518,2020-05-17
241,1589760000000,0.9985960220759392,127975558.92423287,2020-05-18
242,1589846400000,0.9985301127721309,119313855.8957693,2020-05-19
243,1589932800000,0.9976923430938672,120471764.69582814,2020-05-20
244,1590019200000,0.9988399270111195,118267016.69405428,2020-05-21
245,1590105600000,1.0002151280712201,116133973.69290654,2020-05-22
246,1590192000000,0.9990311993099239,121644427.91090971,2020-05-23
247,1590278400000,1.0001186093290717,123127117.29280451,2020-05-24
248,1590364800000,0.994946864748036,121864339.06092627,2020-05-25
249,1590451200000,0.9988740064150308,120658547.62067534,2020-05-26
250,1590537600000,1.0000779156605029,120976288.17652777,2020-05-27
251,1590624000000,1.000403342563401,122372551.06331082,2020-05-28
252,1590710400000,1.00167630315313,121126174.69543807,2020-05-29
253,1590796800000,1.001127106299386,116429765.25533737,2020-05-30
254,1590883200000,0.9987484305613576,120809402.16820724,2020-05-31
255,1590969600000,0.9952287409660439,121800558.65462716,2020-06-01
256,1591056000000,1.0043161093730038,118742161.2190651,2020-06-02
257,1591142400000,0.9995071372585096,116045459.56872718,2020-06-03
258,1591228800000,0.9985079730211832,113900857.78550099,2020-06-04
259,1591315200000,1.0011285749926395,118226765.97326475,2020-06-05
260,1591401600000,0.9991249106664524,115187984.31737515,2020-06-06
261,1591488000000,1.0002721585717165,115872990.14331348,2020-06-07
262,1591574400000,1.0002854142947601,121932168.56213734,2020-06-08
263,1591660800000,1.0049016081335789,119216063.13892439,2020-06-09
264,1591747200000,0.998609349891642,120131298.87657623,2020-06-10
265,1591833600000,1.000339818626034,121415641.2732148,2020-06-11
266,1591920000000,1.0022217613395286,121415002.15486558,2020-06-12
267,1592006400000,1.0014333401257118,120058392.82907076,2020-06-13
268,1592092800000,1.0004533990000393,121758140.26459932,2020-06-14
269,1592179200000,1.0004509057895579,122850902.37723927,2020-06-15
270,1592265600000,1.0002804122587232,119412247.73873734,2020-06-16
271,1592352000000,0.9996903940662817,120750130.55922237,2020-06-17
272,1592438400000,1.0009223697321932,120016760.29656227,2020-06-18
273,1592524800000,0.9999162558239533,120381805.07298717,2020-06-19
274,1592611200000,1.0006925855892075,114658974.62230743,2020-06-20
275,1592697600000,0.9999419319889999,116865657.81517608,2020-06-21
276,1592784000000,1.0007576073135074,115961760.975008,2020-06-22
277,1592870400000,0.999758410615843,120148856.75220056,2020-06-23
278,1592956800000,1.0015797579285075,122238347.54241845,2020-06-24
279,1593043200000,1.0026654903902286,119163999.23258226,2020-06-25
280,1593129600000,1.0004123933694051,119197818.19606651,2020-06-26
281,1593216000000,0.9997783273230766,116824955.33803147,2020-06-27
282,1593302400000,1.0007188604748318,121111257.23191398,2020-06-28
283,1593388800000,1.0010956205339578,122657223.37094927,2020-06-29
284,1593475200000,1.0008076397736405,113129278.65945923,2020-06-30
285,1593561600000,1.0001792129263425,114596545.3221824,2020-07-01
286,1593648000000,1.0002490739517544,115706226.69246398,2020-07-02
287,1593734400000,1.000835932406594,117656342.37122886,2020-07-03
288,1593820800000,1.001139075383419,117077721.95537584,2020-07-04
289,1593907200000,0.9999118092670036,120453940.32519682,2020-07-05
290,1593993600000,0.9989046105514541,121149963.52503887,2020-07-06
291,1594080000000,1.001986036267056,122454346.22783582,2020-07-07
292,1594166400000,1.0002899621844192,128259084.07691716,2020-07-08
293,1594252800000,0.9995287426091907,128582012.95194824,2020-07-09
294,1594339200000,1.000149712072731,118139881.37182924,2020-07-10
295,1594425600000,0.9987115635178081,115046113.7982141,2020-07-11
296,1594512000000,0.9998909657342555,117469715.49285121,2020-07-12
297,1594598400000,0.9987465320888902,121439773.5810358,2020-07-13
298,1594684800000,1.0002273638674992,116013148.17922573,2020-07-14
299,1594771200000,0.9993832733194247,118543943.08902715,2020-07-15
300,1594857600000,1.0006815346960334,113186415.30657749,2020-07-16
301,1594944000000,1.0007078732001742,108583547.85129333,2020-07-17
302,1595030400000,0.9999602937521048,106897098.2494133,2020-07-18
303,1595116800000,1.0000646044303954,116048338.4555797,2020-07-19
304,1595203200000,0.9981771613809489,116541407.96635537,2020-07-20
305,1595289600000,0.9995138467301447,112050443.32284866,2020-07-21
306,1595376000000,0.9989188757934345,116144892.38447541,2020-07-22
307,1595462400000,0.9981023397843809,117420080.72169317,2020-07-23
308,1595548800000,0.9984355834530384,118807187.60417874,2020-07-24
309,1595635200000,1.0006606188183906,124075173.05003676,2020-07-25
310,1595721600000,0.999428784179602,130843345.25919181,2020-07-26
311,1595808000000,0.998591737254819,130210850.73856804,2020-07-27
312,1595894400000,0.995216966439863,132149684.14500876,2020-07-28
313,1595980800000,0.998349659917082,131243736.09595977,2020-07-29
314,1596067200000,0.9984379950496484,133602241.6993557,2020-07-30
315,1596153600000,0.9963280491649057,130631503.63721241,2020-07-31
316,1596240000000,0.9989736383879998,134892456.1998832,2020-08-01
317,1596326400000,0.9974348244629715,137748865.5200699,2020-08-02
318,1596412800000,0.9995925835540551,126622437.26519744,2020-08-03
319,1596499200000,0.9999025848773953,129775034.14854252,2020-08-04
320,1596585600000,0.994918077458221,127133678.87034982,2020-08-05
321,1596672000000,0.9976557135932629,135687656.1767683,2020-08-06
322,1596758400000,0.9989740162027048,139674931.69933033,2020-08-07
323,1596844800000,0.9981554395608206,138531930.84547138,2020-08-08
324,1596931200000,0.999965875543354,138067244.79654226,2020-08-09
325,1597017600000,1.000169722434879,138920390.05718395,2020-08-10
326,1597104000000,0.9991974999719654,135635859.42598346,2020-08-11
327,1597190400000,1.0015852168760297,130784768.43925287,2020-08-12
328,1597276800000,1.001581871318211,131605913.2234848,2020-08-13
329,1597363200000,0.998206900750968,131382535.01302925,2020-08-14
330,1597449600000,0.9981535823919317,135990222.27790877,2020-08-15
331,1597536000000,0.9990169826677963,134157804.25662102,2020-08-16
332,1597622400000,1.000955565648118,133527627.5497973,2020-08-17
333,1597708800000,0.9978550392644601,132758867.74536315,2020-08-18
334,1597795200000,0.9992480522120175,136347955.8638356,2020-08-19
335,1597881600000,1.0006312325573183,130388203.48164359,2020-08-20
336,1597968000000,0.9990832847555523,132697298.98187423,2020-08-21
337,1598054400000,1.0000468141117664,134629096.77229026,2020-08-22
338,1598140800000,1.0007397999680931,136747636.09941494,2020-08-23
339,1598227200000,0.9986626526882897,137331074.52009764,2020-08-24
340,1598313600000,0.9993973551905659,141772164.814572,2020-08-25
341,1598400000000,0.9989440158298715,143096460.84979483,2020-08-26
342,1598486400000,0.9992208495488253,138054829.1859697,2020-08-27
343,1598572800000,1.0011076418096212,135269013.46206623,2020-08-28
344,1598659200000,0.9981557842580454,135570129.56373656,2020-08-29
345,1598745600000,0.9992229328027983,133816653.52132498,2020-08-30
346,1598832000000,1.0014801170755685,133334042.57110569,2020-08-31
347,1598918400000,0.9996368364721404,132778478.74766165,2020-09-01
348,1599004800000,0.9961492198580576,133414067.10554338,2020-09-02
349,1599091200000,0.9984430257896458,133720701.09816927,2020-09-03
350,1599177600000,0.9987359954115375,136266071.2659438,2020-09-04
351,1599264000000,1.0032369569401967,141994908.11763856,2020-09-05
352,1599350400000,1.00413749072277,143573025.05711648,2020-09-06
353,1599436800000,1.0018497105964217,146153967.43202975,2020-09-07
354,1599523200000,1.0016359901941918,139409960.00078008,2020-09-08
355,1599609600000,1.0035436282765546,140660753.95626745,2020-09-09
356,1599696000000,1.0007340118101105,143717852.97255224,2020-09-10
357,1599782400000,0.9993786446776632,143696466.5167544,2020-09-11
358,1599868800000,0.9991063811736984,145556349.7028562,2020-09-12
359,1599955200000,1.0020160550790236,147463301.04655707,2020-09-13
360,1600041600000,1.0004346556343873,151631383.18475538,2020-09-14
361,1600128000000,1.001912151773649,146458013.03508484,2020-09-15
362,1600214400000,0.9986604821497165,135957044.45031956,2020-09-16
363,1600300800000,0.9997068101235684,133199494.3651711,2020-09-17
364,1600387200000,0.9998801588467168,138641099.08607796,2020-09-18
365,1600473600000,0.9995984477581968,143879821.8679021,2020-09-19
366,1600560000000,0.9977241477231426,147417494.57405257,2020-09-20
367,1600646400000,0.9982803424821406,146957102.31215388,2020-09-21
368,1600732800000,0.9950487616315944,146448326.5183786,2020-09-22
369,1600819200000,1.0003082209351617,147659395.9935184,2020-09-23
370,1600905600000,1.00178833391488,147354374.3215293,2020-09-24
371,1600992000000,0.9992259339288097,137761577.81335846,2020-09-25
372,1601078400000,0.9986077036659996,139222296.45570308,2020-09-26
373,1601164800000,0.999041281569726,140742035.01640022,2020-09-27
374,1601251200000,1.000034561509185,136727524.6046558,2020-09-28
375,1601337600000,1.0003395837071412,127110742.81902386,2020-09-29
376,1601424000000,1.001755418634432,126772218.16291443,2020-09-30
377,1601510400000,1.0009760092973583,125142123.93168984,2020-10-01
378,1601596800000,1.0038880010620816,124931505.94227535,2020-10-02
379,1601683200000,1.0017187987148326,125265651.02512072,2020-10-03
380,1601769600000,0.9982842917782389,126780547.71303323,2020-10-04
381,1601856000000,0.998772223367878,127121976.51424913,2020-10-05
382,1601942400000,0.9992628203059827,127819480.7280956,2020-10-06
383,1602028800000,1.0032547737175783,127313555.59899895,2020-10-07
384,1602115200000,1.0016737449996018,127277589.2770094,2020-10-08
385,1602201600000,1.0005580911589345,130237670.25372511,2020-10-09
386,1602288000000,1.001023943352918,137698462.82284275,2020-10-10
387,1602374400000,1.000429752376824,140273950.94940853,2020-10-11
388,1602460800000,1.0018589943245366,138841286.56829765,2020-10-12
389,1602547200000,0.9977867879837456,141828922.0464849,2020-10-13
390,1602633600000,1.0018332086532986,133468129.01914392,2020-10-14
391,1602720000000,0.9981947765549645,132230317.45361038,2020-10-15
392,1602806400000,0.9986017436202606,129312077.3042911,2020-10-16
393,1602892800000,1.0002419597478498,135553685.58402058,2020-10-17
394,1602979200000,0.9991552174782783,140762886.65945384,2020-10-18
395,1603065600000,1.0001701615614007,145104677.49897927,2020-10-19
396,1603152000000,0.9977071759695898,153451483.27408728,2020-10-20
397,1603238400000,0.9994866265875106,170649020.3058386,2020-10-21
398,1603324800000,0.9986333471380417,199152852.80369884,2020-10-22
399,1603411200000,0.9976278146761292,232992441.02092716,2020-10-23
400,1603497600000,1.001362939580222,230303962.11850643,2020-10-24
401,1603584000000,0.9983852604024294,235147442.481319,2020-10-25
402,1603670400000,0.9978217229844416,235075233.91814896,2020-10-26
403,1603756800000,0.9990767797705301,254336903.07832628,2020-10-27
404,1603843200000,0.9962323527085429,255841761.4260345,2020-10-28
405,1603929600000,1.0011846445425818,260290663.66135132,2020-10-29
406,1604016000000,0.9989085280731003,273810908.1702261,2020-10-30
407,1604102400000,0.998012133944546,278021262.0605975,2020-10-31
408,1604188800000,0.9972715299690653,277848772.05670625,2020-11-01
409,1604275200000,0.9968778408079703,277925295.48181254,2020-11-02
410,1604361600000,1.0000666541188994,275390333.62950766,2020-11-03
411,1604448000000,0.9985512027590753,277488078.12876374,2020-11-04
412,1604534400000,1.002400640389033,280607773.15303725,2020-11-05
413,1604620800000,0.9999724064056468,286357640.41185015,2020-11-06
414,1604707200000,1.0001666297049743,286016405.0051415,2020-11-07
415,1604793600000,0.9974332560255426,283965908.91749203,2020-11-08
416,1604880000000,0.9952747236896436,286922103.24588007,2020-11-09
417,1604966400000,0.9991126992059584,287777768.69970345,2020-11-10
418,1605052800000,0.9995385500688497,287727650.02899957,2020-11-11
419,1605139200000,0.9987248848115468,287068741.1070451,2020-11-12
420,1605225600000,0.9970676272919253,284374114.72290695,2020-11-13
421,1605312000000,1.0002636700156897,285994790.5643132,2020-11-14
422,1605398400000,0.9973703636934713,282274351.7851378,2020-11-15
423,1605484800000,0.9985665755871603,280753801.4523364,2020-11-16
424,1605571200000,0.9997506485652199,266566044.30962044,2020-11-17
425,1605657600000,1.0002452979691148,260399367.75832593,2020-11-18
426,1605744000000,1.0008447276940804,255885010.10262698,2020-11-19
427,1605830400000,1.0009093859251954,243935263.36052546,2020-11-20
428,1605916800000,0.9987140283341077,247670846.52515614,2020-11-21
429,1606003200000,0.9956510756569733,255262610.68632618,2020-11-22
430,1606089600000,0.9903839880305614,249903762.0535093,2020-11-23
431,1606176000000,0.9991940947657484,250948112.58019036,2020-11-24
432,1606262400000,0.9959454865931696,255871152.89558452,2020-11-25
433,1606348800000,1.0138725951338854,242360516.98699662,2020-11-26
434,1606435200000,1.0016933153025303,245991329.56468147,2020-11-27
435,1606521600000,1.002251839804215,236847625.65293863,2020-11-28
436,1606608000000,1.0003740447744072,249438135.24034402,2020-11-29
437,1606694400000,0.9982148937809127,252734264.02241176,2020-11-30
438,1606780800000,1.0008930016298785,241963993.01684302,2020-12-01
439,1606867200000,1.001844884601057,250935990.5387087,2020-12-02
440,1606953600000,0.998992940145964,248120378.5864604,2020-12-03
441,1607040000000,0.9988014866582546,249509779.30762398,2020-12-04
442,1607126400000,1.0027299832916041,253197607.47149253,2020-12-05
443,1607212800000,0.9987022508684843,254616125.21461716,2020-12-06
444,1607299200000,1.0008280141672778,253134143.60100916,2020-12-07
445,1607385600000,0.9987540780618779,237585250.04792008,2020-12-08
446,1607472000000,1.0006608919805802,233845095.18740276,2020-12-09
447,1607558400000,1.001778586539857,247097968.66562238,2020-12-10
448,1607644800000,0.998998731486308,236863540.9359147,2020-12-11
449,1607731200000,0.9981145578241711,233686063.33181322,2020-12-12
450,1607817600000,1.0008508309024817,238100572.89939186,2020-12-13
451,1607904000000,1.0018920034257381,237091291.84643227,2020-12-14
452,1607990400000,0.9993408396009278,218249016.4611185,2020-12-15
453,1608076800000,0.9999751712650333,224890278.02796873,2020-12-16
454,1608163200000,0.9969321645633297,244705128.79280034,2020-12-17
455,1608249600000,0.9994433200612948,237515909.07891738,2020-12-18
456,1608336000000,1.0017554882270483,243145357.20114362,2020-12-19
457,1608422400000,0.9974663628621367,246658954.96587968,2020-12-20
458,1608508800000,0.9991580479323586,248490326.87613726,2020-12-21
459,1608595200000,0.9981904115321725,242994545.12589717,2020-12-22
460,1608681600000,0.9996982589361896,224342721.05557075,2020-12-23
461,1608768000000,1.0036020721891135,192937413.27981073,2020-12-24
462,1608854400000,1.0016062199532416,177709301.64199752,2020-12-25
463,1608940800000,0.9993907230058241,161076444.84066355,2020-12-26
464,1609027200000,1.001389859883763,160991539.32430476,2020-12-27
465,1609113600000,0.9983160655504565,159659207.52777135,2020-12-28
466,1609200000000,1.0035112680430167,141205447.7909912,2020-12-29
467,1609286400000,0.9991150781936299,131960308.82756384,2020-12-30
468,1609372800000,0.9990974193069326,127796964.06050304,2020-12-31
469,1609459200000,1.001615434988656,142782241.28992578,2021-01-01
470,1609545600000,0.9976123270141312,151201221.07165462,2021-01-02
471,1609632000000,1.0004583840943706,171615057.70186436,2021-01-03
472,1609718400000,0.9896300404190126,199077886.70300546,2021-01-04
473,1609804800000,0.973513662156914,183192538.4003703,2021-01-05
474,1609891200000,1.001544271890997,202024312.66373852,2021-01-06
475,1609977600000,1.002813331763463,228793784.83445576,2021-01-07
476,1610064000000,1.0016810125290998,296558694.0783193,2021-01-08
477,1610150400000,0.9995282110194269,286382279.74869305,2021-01-09
478,1610236800000,0.9967531730911522,312520237.2624331,2021-01-10
479,1610323200000,0.992129837606624,298275997.6218469,2021-01-11
480,1610409600000,1.0055221607115385,269576449.2954214,2021-01-12
481,1610496000000,1.0035694077777133,239107327.69800523,2021-01-13
482,1610582400000,1.0032297359258076,249214067.46330985,2021-01-14
483,1610668800000,1.0053669837131056,248752457.72794905,2021-01-15
484,1610755200000,0.9996397474318822,233898234.3867227,2021-01-16
485,1610841600000,0.998727780577424,268920834.81515986,2021-01-17
486,1610928000000,0.9983654363506224,270674755.9380066,2021-01-18
487,1611014400000,0.9978926221428739,283218484.51101786,2021-01-19
488,1611100800000,0.9942591745729114,330995663.26531684,2021-01-20
489,1611187200000,1.0097413752938935,327609070.0650253,2021-01-21
490,1611273600000,0.9982213334652328,319089710.3186511,2021-01-22
491,1611360000000,1.0078335416578759,347236693.68786633,2021-01-23
492,1611446400000,0.9987560766386758,368291317.2621654,2021-01-24
493,1611532800000,0.9936870292698041,382114217.13660604,2021-01-25
494,1611619200000,0.9992201390380879,374493060.0024074,2021-01-26
495,1611705600000,1.000893383521251,395355664.31917375,2021-01-27
496,1611792000000,1.001510886191842,420159413.26234764,2021-01-28
497,1611878400000,0.9944134414554179,447421023.3157794,2021-01-29
498,1611964800000,0.9946521927135819,445467073.12004894,2021-01-30
499,1612051200000,0.9945542844090042,453647700.24725354,2021-01-31
500,1612137600000,1.000115624327855,463724015.67911315,2021-02-01
501,1612224000000,0.9967444734578205,459047319.87164176,2021-02-02
502,1612310400000,0.9950970168345262,456612108.2869947,2021-02-03
503,1612396800000,1.0031781350214108,476658839.52081585,2021-02-04
504,1612483200000,0.996322056712757,469763878.7841165,2021-02-05
505,1612569600000,1.0003586457026001,461413931.69276905,2021-02-06
506,1612656000000,0.9976983617883262,469463893.9728191,2021-02-07
507,1612742400000,0.9975829092296085,494728160.27816683,2021-02-08
508,1612828800000,1.001663033596222,485529069.55367655,2021-02-09
509,1612915200000,0.999259383404479,472010621.27233315,2021-02-10
510,1613001600000,0.9977900149264504,471510210.64424527,2021-02-11
511,1613088000000,0.9983362151557718,471770012.55438834,2021-02-12
512,1613174400000,0.9968975137630264,486475993.24551517,2021-02-13
513,1613260800000,0.9954507032749998,515351322.3018108,2021-02-14
514,1613347200000,0.9964193994398567,519483329.10798264,2021-02-15
515,1613433600000,0.9939120881712434,512355404.7450036,2021-02-16
516,1613520000000,1.0014641992742528,496009661.928165,2021-02-17
517,1613606400000,0.9999497051513394,501917749.66583794,2021-02-18
518,1613692800000,1.0028147655531905,474579250.7388092,2021-02-19
519,1613779200000,1.0055174923044923,502448919.1941874,2021-02-20
520,1613865600000,1.0069205065431552,549281128.0319201,2021-02-21
521,1613952000000,1.0040805492200868,578909721.5405957,2021-02-22
522,1614038400000,1.0037952764632225,601810995.9551332,2021-02-23
523,1614124800000,1.0004507685393813,644394575.3956295,2021-02-24
524,1614211200000,1.0077974403490393,675518062.0991359,2021-02-25
525,1614297600000,1.0057807204984235,693884654.8810267,2021-02-26
526,1614384000000,1.0117226759318614,715883718.7451433,2021-02-27
527,1614470400000,0.9997133238572721,708931902.6586891,2021-02-28
528,1614556800000,1.0023364126779681,724984133.5152317,2021-03-01
529,1614643200000,1.009499033390036,890832993.886182,2021-03-02
530,1614729600000,1.007025651088388,863473425.0362476,2021-03-03
531,1614816000000,1.0001652798336635,811089848.2466638,2021-03-04
532,1614902400000,0.9987267672592398,746316814.1651689,2021-03-05
533,1614988800000,1.00589955432694,724894594.6022835,2021-03-06
534,1615075200000,1.0014870071430784,681815803.269705,2021-03-07
535,1615161600000,1.002194659072576,652181792.5822146,2021-03-08
536,1615248000000,1.0035599989390085,602033351.4371881,2021-03-09
537,1615334400000,1.0022271680093255,571856324.8356398,2021-03-10
538,1615420800000,0.999366738763415,562603320.4711766,2021-03-11
539,1615507200000,1.000684484310553,533146480.5801295,2021-03-12
540,1615593600000,1.0024394474181577,534622286.7583861,2021-03-13
541,1615680000000,1.002540391883143,529572848.1507714,2021-03-14
542,1615766400000,1.0026056308211544,545719888.1121848,2021-03-15
543,1615852800000,1.0077542376920212,571693518.7310435,2021-03-16
544,1615939200000,1.0019178930681512,572546383.1967356,2021-03-17
545,1616025600000,1.0050073151994239,569167979.5214086,2021-03-18
546,1616112000000,1.0038377983809266,545357999.7491506,2021-03-19
547,1616198400000,1.0030738950219211,566287592.9991653,2021-03-20
548,1616284800000,1.0052653173419595,611211716.6424844,2021-03-21
549,1616371200000,1.0042322659745049,629785030.3993691,2021-03-22
550,1616457600000,0.9980908002331239,581750269.6816871,2021-03-23
551,1616544000000,1.0003008989963733,593506451.1987287,2021-03-24
552,1616630400000,1.0037262876904622,591107971.1537064,2021-03-25
553,1616716800000,1.0054557699961546,593297055.3521433,2021-03-26
554,1616803200000,1.001241900371747,658068370.3982396,2021-03-27
555,1616889600000,1.0026748013883557,722090726.9727727,2021-03-28
556,1616976000000,1.0015655623120021,742542166.2078499,2021-03-29
557,1617062400000,1.0007425835730295,746469653.531169,2021-03-30
558,1617148800000,1.0004128559527334,755587912.8705293,2021-03-31
559,1617235200000,1.0000263420987685,791253939.6347944,2021-04-01
560,1617321600000,1.0185458075786766,816287110.7214147,2021-04-02
561,1617408000000,1.000245714831504,798156913.5845994,2021-04-03
562,1617494400000,1.001300870436708,793919376.9729849,2021-04-04
563,1617580800000,1.000268269504523,785259731.594939,2021-04-05
564,1617667200000,0.998399173515189,772380278.7210308,2021-04-06
565,1617753600000,1.001345014752093,769205050.6534287,2021-04-07
566,1617840000000,1.0021615054505055,751782603.5571532,2021-04-08
567,1617926400000,1.0019808668152173,709358532.3643664,2021-04-09
568,1618012800000,1.0011391489327466,724772323.1416343,2021-04-10
569,1618099200000,1.0004036962029774,726159168.5542015,2021-04-11
570,1618185600000,1.0016633236619112,727233320.6556646,2021-04-12
571,1618272000000,1.0000858299806927,718832424.4900591,2021-04-13
572,1618358400000,1.0000539863771445,745703391.2315911,2021-04-14
573,1618444800000,0.9980101049329775,734841831.8270024,2021-04-15
574,1618531200000,0.9992907970380587,732995114.4132401,2021-04-16
575,1618617600000,1.0022076114422518,834052500.1797125,2021-04-17
576,1618704000000,0.9965406654512168,866465323.0343575,2021-04-18
577,1618790400000,0.9988710431288971,886162445.8582667,2021-04-19
578,1618876800000,1.004077934213519,816265611.4798185,2021-04-20
579,1618963200000,0.9985894027111161,904941236.807442,2021-04-21
580,1619049600000,1.0089718794264306,845471468.0405964,2021-04-22
581,1619136000000,1.0073037685729986,858356684.7566394,2021-04-23
582,1619222400000,1.0021851235583297,844337748.3677586,2021-04-24
583,1619308800000,1.0022024287580882,893624270.8937331,2021-04-25
584,1619395200000,1.0016599065447063,895051934.676027,2021-04-26
585,1619481600000,0.9977906171629245,924855782.8513815,2021-04-27
586,1619568000000,1.002253171604616,867083875.7718422,2021-04-28
587,1619654400000,0.9992766249389012,831613752.8082356,2021-04-29
588,1619740800000,1.002076626230243,834605094.5708252,2021-04-30
589,1619827200000,1.001535869113224,811825512.5415928,2021-05-01
590,1619913600000,1.0001837110928444,824425959.5547504,2021-05-02
591,1620000000000,1.0003552290206403,824743227.4198889,2021-05-03
592,1620086400000,0.9978039255925262,827990759.3006161,2021-05-04
593,1620172800000,1.0028884909495641,825150235.4339687,2021-05-05
594,1620259200000,1.0005867823948247,835994593.7298592,2021-05-06
595,1620345600000,0.9877977077168144,824769490.7254435,2021-05-07
596,1620432000000,1.0279949426578505,836520704.2797456,2021-05-08
597,1620518400000,0.9869664929146441,807856754.7849417,2021-05-09
598,1620604800000,1.0208136429905024,824202679.0144926,2021-05-10
599,1620691200000,1.0012275316582526,838088426.0282639,2021-05-11
600,1620777600000,1.0009113824194846,822545192.3239568,2021-05-12
601,1620864000000,0.9794715650304634,799730833.3761716,2021-05-13
602,1620950400000,1.0046605528622448,806425693.521854,2021-05-14
603,1621036800000,1.0002348702587438,836909086.7620633,2021-05-15
604,1621123200000,1.0070074576618657,855032422.065986,2021-05-16
605,1621209600000,1.0076729336697607,875348173.843912,2021-05-17
606,1621296000000,1.0102389430785252,858783831.0622443,2021-05-18
607,1621382400000,0.9969537205716869,882057165.821659,2021-05-19
608,1621468800000,1.000753161183845,864682897.6622313,2021-05-20
609,1621555200000,1.049547074411688,999500362.4152235,2021-05-21
610,1621641600000,0.996911912597518,1042449277.9434601,2021-05-22
611,1621728000000,0.9988495962450143,1000637992.6814044,2021-05-23
612,1621814400000,0.9926375426405866,1050928555.159174,2021-05-24
613,1621900800000,1.0003322410975888,1040654216.4915956,2021-05-25
614,1621987200000,0.9987898284377176,954346106.7316333,2021-05-26
615,1622073600000,0.995948460310389,953985100.5246763,2021-05-27
616,1622160000000,0.9976386870351416,967625322.631425,2021-05-28
617,1622246400000,1.0022818464519259,900366288.4207598,2021-05-29
618,1622332800000,1.0003194586224349,894259985.2233071,2021-05-30
619,1622419200000,0.9989382133972488,889456783.1738762,2021-05-31
620,1622505600000,0.9990066464001907,875834875.7055358,2021-06-01
621,1622592000000,1.0015892993757722,836698796.1268257,2021-06-02
622,1622678400000,1.001248427551296,801168920.7415686,2021-06-03
623,1622764800000,1.0004818782757139,789071870.8030503,2021-06-04
624,1622851200000,1.000689848628865,777347370.4055367,2021-06-05
625,1622937600000,0.9997571582373416,778256478.6642162,2021-06-06
626,1623024000000,1.0010185188553726,785935587.4734868,2021-06-07
627,1623110400000,0.985865324252345,775107807.8488901,2021-06-08
628,1623196800000,1.001977136139769,829552120.187894,2021-06-09
629,1623283200000,1.0069918984086077,820268579.5158801,2021-06-10
630,1623369600000,0.9977750242335093,814787624.5977786,2021-06-11
631,1623456000000,0.9995547306475424,713173483.8704728,2021-06-12
632,1623542400000,0.9999160522537287,735779082.2888744,2021-06-13
633,1623628800000,1.002253416794804,732670334.4594896,2021-06-14
634,1623715200000,1.0019955354397927,725630406.1436666,2021-06-15
635,1623801600000,1.0006410121529181,695988075.0307748,2021-06-16
636,1623888000000,1.000522243905401,681065912.7906787,2021-06-17
637,1623974400000,1.0027080410700864,673547437.2937274,2021-06-18
638,1624060800000,1.0019833624718169,661872659.5165596,2021-06-19
639,1624147200000,1.0004358106441948,660888271.3641287,2021-06-20
640,1624233600000,1.001607625494279,662913717.0791032,2021-06-21
641,1624320000000,0.9760317395261079,620293744.6475444,2021-06-22
642,1624406400000,0.9878970363797154,617660440.8435984,2021-06-23
643,1624492800000,1.001908433169483,706217586.2416567,2021-06-24
644,1624579200000,1.0008420223874408,718035073.6467543,2021-06-25
645,1624665600000,1.0012183377467578,634326938.1829386,2021-06-26
646,1624752000000,0.9970733557425084,632871018.661526,2021-06-27
647,1624838400000,1.0060635799168198,700175101.7665259,2021-06-28
648,1624924800000,1.0045395928498961,605718734.7263331,2021-06-29
649,1625011200000,1.0043224379345164,558451310.1211201,2021-06-30
650,1625097600000,1.002312577598575,569028068.4652396,2021-07-01
651,1625184000000,1.0047532379060922,556185052.3897966,2021-07-02
652,1625270400000,1.0045919332856137,562409781.1229285,2021-07-03
653,1625356800000,1.0003990920650243,579343637.6924751,2021-07-04
654,1625443200000,1.0029518796467454,590360261.9038905,2021-07-05
655,1625529600000,1.0011997552185565,589268895.2996564,2021-07-06
656,1625616000000,1.0025571179156993,573065620.8917099,2021-07-07
657,1625702400000,1.001440357672601,572761355.2652686,2021-07-08
658,1625788800000,0.9989803788717961,563581624.3770783,2021-07-09
659,1625875200000,1.0017457418789375,578952431.5571966,2021-07-10
660,1625961600000,1.0027218812678511,579501972.952685,2021-07-11
661,1626048000000,1.0011518337298202,578014475.3457812,2021-07-12
662,1626134400000,1.0030012141317253,570023491.6299626,2021-07-13
663,1626220800000,1.0033116239266608,523635610.36978734,2021-07-14
664,1626307200000,1.0014669311698334,511770727.42758155,2021-07-15
665,1626393600000,1.0039669474888315,514967364.85476303,2021-07-16
666,1626480000000,1.00298037234287,519159717.33395237,2021-07-17
667,1626566400000,1.000730512601389,533550871.7217922,2021-07-18
668,1626652800000,1.004876037417929,544300486.3243389,2021-07-19
669,1626739200000,1.0049714480172918,543578272.4250753,2021-07-20
670,1626825600000,1.0090366291162807,550683993.7998664,2021-07-21
671,1626912000000,1.0021593157359368,549345357.5329193,2021-07-22
672,1626998400000,1.0029504839582741,551829657.001807,2021-07-23
673,1627084800000,1.0078302699732213,552577698.6891918,2021-07-24
674,1627171200000,1.0021927221779314,559844359.2625602,2021-07-25
675,1627257600000,1.0054643095683433,576262971.3889037,2021-07-26
676,1627344000000,0.9956066790608047,559449904.3004763,2021-07-27
677,1627430400000,1.0223944496894621,609027482.815411,2021-07-28
678,1627516800000,0.9998883379849531,573301855.2919697,2021-07-29
679,1627603200000,0.9963882382908973,567535782.637104,2021-07-30
680,1627689600000,1.0008026580507825,553890647.670848,2021-07-31
681,1627776000000,0.9994131291319515,551272561.5197835,2021-08-01
682,1627862400000,1.0012958489215598,552534103.8906382,2021-08-02
683,1627948800000,0.9957103267082626,505800118.68729895,2021-08-03
684,1628035200000,1.0051270914194486,514644213.61764985,2021-08-04
685,1628121600000,0.9958290141964099,501114496.81339055,2021-08-05
686,1628208000000,1.0005510851262132,504179135.18842274,2021-08-06
687,1628294400000,1.0012035431488882,497166247.2488733,2021-08-07
688,1628380800000,0.9984285059276411,500227543.73254466,2021-08-08
689,1628467200000,0.9932456433639956,494478503.09288687,2021-08-09
690,1628553600000,1.0012130701130932,480123573.22331226,2021-08-10
691,1628640000000,0.9977426310504424,479106907.4290477,2021-08-11
692,1628726400000,0.9994284518921496,474901323.3369676,2021-08-12
693,1628812800000,1.001869022123327,485298061.65305495,2021-08-13
694,1628899200000,1.0007872394233874,475079162.8306363,2021-08-14
695,1628985600000,0.9994661109734321,475773564.8622151,2021-08-15
696,1629072000000,0.9994754731512003,495025127.1903924,2021-08-16
697,1629158400000,1.0008336080179132,490372042.66754925,2021-08-17
698,1629244800000,0.9975592758957245,490436940.05374265,2021-08-18
699,1629331200000,0.9963269911672241,489864196.5795212,2021-08-19
700,1629417600000,1.0047195493064718,484933668.0927661,2021-08-20
701,1629504000000,0.9987953975918284,480569833.5777842,2021-08-21
702,1629590400000,1.0029110529444476,483703414.72028506,2021-08-22
703,1629676800000,1.0006119080141667,486235310.5877722,2021-08-23
704,1629763200000,0.998426765798678,479363747.92493796,2021-08-24
705,1629849600000,0.9993613047333781,455082784.5264951,2021-08-25
706,1629936000000,1.0020975812915778,456313857.96535087,2021-08-26
707,1630022400000,0.9996109862249489,456761078.911921,2021-08-27
708,1630108800000,1.0002710125529868,452926630.4025776,2021-08-28
709,1630195200000,1.00016812526313,451268675.0858168,2021-08-29
710,1630281600000,0.9999238501804929,458159956.4595527,2021-08-30
711,1630368000000,0.9994719664480227,456141627.0062031,2021-08-31
712,1630454400000,1.002154251510983,464361392.1053669,2021-09-01
713,1630540800000,0.9973214273212696,462226695.0562799,2021-09-02
714,1630627200000,1.000566471517838,464644967.09405404,2021-09-03
715,1630713600000,1.0046103890564588,461198077.5771264,2021-09-04
716,1630800000000,1.00029169166676,460086425.78007764,2021-09-05
717,1630886400000,0.9986477434517229,457881696.79263777,2021-09-06
718,1630972800000,1.001731349138075,456668577.88365257,2021-09-07
719,1631059200000,1.004286793789178,459914774.04735357,2021-09-08
720,1631145600000,0.9997160269239351,458171568.06663454,2021-09-09
721,1631232000000,1.0013610249997664,457115885.3373731,2021-09-10
722,1631318400000,1.001370216823991,457798680.49945194,2021-09-11
723,1631404800000,1.0037037786259009,456732893.933841,2021-09-12
724,1631491200000,0.9995134612244444,468577294.9139774,2021-09-13
725,1631577600000,1.0028995785398724,479031880.95933586,2021-09-14
726,1631664000000,1.000717932700168,478427177.88086176,2021-09-15
727,1631750400000,1.0047271657139007,478879390.8468017,2021-09-16
728,1631836800000,1.0014953216338165,473668794.30457944,2021-09-17
729,1631923200000,1.003790327766872,483479018.79660344,2021-09-18
730,1632009600000,1.0035507034973055,482158524.495947,2021-09-19
731,1632096000000,1.0035529632810312,482873526.313261,2021-09-20
732,1632182400000,0.9985679760789156,482184485.10949665,2021-09-21
733,1632268800000,0.9977671771490022,478194316.5367347,2021-09-22
734,1632355200000,1.000415399089137,481596267.4464701,2021-09-23
735,1632441600000,1.0028369920139073,310480739.8149546,2021-09-24
736,1632528000000,1.001357128364564,304284616.01641536,2021-09-25
737,1632614400000,1.0024127531398863,309058861.29949296,2021-09-26
738,1632700800000,1.0054663735345577,306096378.2192304,2021-09-27
739,1632787200000,1.0028927745217142,302355271.83102965,2021-09-28
740,1632873600000,1.0084398694275984,301656014.9644324,2021-09-29
741,1632960000000,1.0036705248068225,303467460.33961886,2021-09-30
742,1633046400000,1.0020630580497105,301765569.64040375,2021-10-01
743,1633132800000,1.0016063420164267,300438123.86146855,2021-10-02
744,1633219200000,1.0017491801187177,300196078.95562315,2021-10-03
745,1633305600000,1.002108449018147,298751576.6802026,2021-10-04
746,1633392000000,1.0012709241445965,294847916.31831044,2021-10-05
747,1633478400000,0.9998921180478653,290708888.87527746,2021-10-06
748,1633564800000,1.000392780479663,287817829.96324426,2021-10-07
749,1633651200000,1.0024686068268096,278259132.0722103,2021-10-08
750,1633737600000,1.0005112762543245,276129769.8143383,2021-10-09
751,1633824000000,1.0009877087263321,274746406.6792627,2021-10-10
752,1633910400000,1.0011062040195746,256261894.5334237,2021-10-11
753,1633996800000,1.009870524522619,256187762.60867053,2021-10-12
754,1634083200000,1.000084547250521,256132494.9485304,2021-10-13
755,1634169600000,1.0026700017343686,257084981.05559278,2021-10-14
756,1634256000000,1.0000109792955745,280397146.28744996,2021-10-15
757,1634342400000,1.0052452475741902,284678367.21236634,2021-10-16
758,1634428800000,1.004325017577072,285815256.1465688,2021-10-17
759,1634515200000,1.0018360602116474,284341687.33914995,2021-10-18
760,1634601600000,0.99887087926101,282049676.906732,2021-10-19
761,1634688000000,1.0029067555205908,296037420.5290567,2021-10-20
762,1634774400000,1.0035890483258423,293571217.8446859,2021-10-21
763,1634860800000,1.0000890346910387,296383941.9724531,2021-10-22
764,1634947200000,0.994447937226869,325320481.072968,2021-10-23
765,1635033600000,1.0062677465747312,330641584.412678,2021-10-24
766,1635120000000,1.017796321418229,332940760.635134,2021-10-25
767,1635206400000,1.0032353342594338,296268448.9344357,2021-10-26
768,1635292800000,0.9912004290288149,297654206.92026436,2021-10-27
769,1635379200000,0.9980762914768567,299061587.5004034,2021-10-28
770,1635465600000,0.9941267261182486,237978635.6997087,2021-10-29
771,1635552000000,1.001859937196781,237830154.67816514,2021-10-30
772,1635638400000,0.9950621082964323,236017386.7944079,2021-10-31
773,1635724800000,0.9954402514272994,236856673.8757995,2021-11-01
774,1635811200000,1.0204212536312092,241954971.94477642,2021-11-02
775,1635897600000,0.9878319037038631,243233014.77149105,2021-11-03
776,1635984000000,1.0280506927776911,270775177.9225375,2021-11-04
777,1636070400000,1.0251180145185739,269775690.2248612,2021-11-05
778,1636156800000,1.0004232645862134,264738285.2385649,2021-11-06
779,1636243200000,1.008105751664639,267076399.0745121,2021-11-07
780,1636329600000,1.0045196120859734,265950535.021104,2021-11-08
781,1636416000000,1.0006809753670542,264316600.57083985,2021-11-09
782,1636502400000,1.0007661187598829,265524501.6687849,2021-11-10
783,1636588800000,0.9841280172783519,259134445.33114117,2021-11-11
784,1636675200000,1.0002982193104393,258685188.57887107,2021-11-12
785,1636761600000,1.0049750421645205,259380383.91325563,2021-11-13
786,1636848000000,1.0035864032378787,259552248.3866032,2021-11-14
787,1636934400000,1.0190445978247165,262283860.3280423,2021-11-15
788,1637020800000,1.002927009785659,257322416.21447545,2021-11-16
789,1637107200000,0.9904694419735056,259022599.30533236,2021-11-17
790,1637193600000,1.008506523971299,261527985.3000543,2021-11-18
791,1637280000000,1.0152960780399691,289093301.23168576,2021-11-19
792,1637366400000,1.003710074313354,286496478.98702705,2021-11-20
793,1637452800000,1.0092836021293998,288098982.5166104,2021-11-21
794,1637539200000,1.0005445213755308,292000508.9630912,2021-11-22
795,1637625600000,0.9933655508749394,290914838.60746306,2021-11-23
796,1637712000000,1.0047316947186695,310407959.9220712,2021-11-24
797,1637798400000,0.9973206441115742,309155605.038209,2021-11-25
798,1637884800000,0.9983366427036059,314776233.58226174,2021-11-26
799,1637971200000,0.9991009322607928,314827153.75814867,2021-11-27
800,1638057600000,1.000467772225257,325624895.0396229,2021-11-28
801,1638144000000,1.0294033777429037,334292211.91490895,2021-11-29
802,1638230400000,0.9962694444784574,324465729.22550535,2021-11-30
803,1638316800000,0.9988589291821859,275260133.1746946,2021-12-01
804,1638403200000,0.997570389447601,276524337.21091014,2021-12-02
805,1638489600000,0.9976241501389835,276868921.3621439,2021-12-03
806,1638576000000,1.0018836069493777,318546642.10267353,2021-12-04
807,1638662400000,1.004081678523181,317158146.82005095,2021-12-05
808,1638748800000,1.0018161505222178,317442661.91888314,2021-12-06
809,1638835200000,1.0015997678190496,312085082.143834,2021-12-07
810,1638921600000,0.9997834549910506,319005505.6284302,2021-12-08
811,1639008000000,1.0047220071340677,321126679.1741323,2021-12-09
812,1639094400000,0.99207434591431,319110292.25231886,2021-12-10
813,1639180800000,1.0004554559786927,320197807.08215076,2021-12-11
814,1639267200000,1.0018270424904279,320870055.1445371,2021-12-12
815,1639353600000,0.9956778697663545,319555489.26716787,2021-12-13
816,1639440000000,0.9968358775823104,320584046.41083574,2021-12-14
817,1639526400000,1.0029366909754505,322131422.364368,2021-12-15
818,1639612800000,1.0003721839146051,321287936.5259865,2021-12-16
819,1639699200000,0.9967781455960089,311249582.8452071,2021-12-17
820,1639785600000,1.0026277968525896,315465784.7459599,2021-12-18
821,1639872000000,0.9997838358563269,314012314.5242615,2021-12-19
822,1639958400000,0.9978626979275488,313605284.8985117,2021-12-20
823,1640044800000,1.0041703764506527,311053494.6568384,2021-12-21
824,1640131200000,1.0017936349650693,311608882.54251856,2021-12-22
825,1640217600000,1.0056491388188846,315851369.5286243,2021-12-23
826,1640304000000,1.0012567286966636,314653734.6489497,2021-12-24
827,1640390400000,0.9922845699852152,311712702.0666938,2021-12-25
828,1640476800000,1.0014829318436138,314954915.77758336,2021-12-26
829,1640563200000,1.0006771504178211,314802929.67148566,2021-12-27
830,1640649600000,1.0003484489562713,315538985.27280426,2021-12-28
831,1640736000000,1.0028224394105767,317492281.41255325,2021-12-29
832,1640822400000,1.004840991207775,323825979.0453339,2021-12-30
833,1640908800000,0.999188178480614,322828688.372809,2021-12-31
834,1640995200000,1.0025794859587946,324431572.1819259,2022-01-01
835,1641081600000,1.0092121754453718,327026948.91389793,2022-01-02
836,1641168000000,1.0039839829738477,326117458.5486141,2022-01-03
837,1641254400000,1.0010929714100216,322024769.47358054,2022-01-04
838,1641340800000,1.0026218669618092,322358189.0827502,2022-01-05
839,1641427200000,0.984097228394702,315386448.2159317,2022-01-06
840,1641513600000,1.0020442816589732,317954292.6900219,2022-01-07
841,1641600000000,1.0020796025092882,319577017.2915892,2022-01-08
842,1641686400000,1.003747750126793,330546172.5615046,2022-01-09
843,1641772800000,1.0014342444049338,329016878.5954416,2022-01-10
844,1641859200000,1.0037371592796833,329080448.8347298,2022-01-11
845,1641945600000,1.0036944919696702,330132949.69714683,2022-01-12
846,1642032000000,1.0142043082017844,334913377.2535831,2022-01-13
847,1642118400000,0.9977673239009357,311770560.46726584,2022-01-14
848,1642204800000,1.001256575216584,312927753.8482215,2022-01-15
849,1642291200000,1.0003208613773642,312637672.54364187,2022-01-16
850,1642377600000,0.9964878898395015,311476876.12551737,2022-01-17
851,1642464000000,1.0027184964557647,313526775.6028513,2022-01-18
852,1642550400000,1.0006279383733976,313262040.7482321,2022-01-19
853,1642636800000,0.9966921608754818,314248303.4481845,2022-01-20
854,1642723200000,1.0039460497071737,318156546.8678152,2022-01-21
855,1642809600000,1.0011693884114894,315163350.6791452,2022-01-22
856,1642896000000,1.0027181631436022,314779603.24499196,2022-01-23
857,1642982400000,1.0063337032016937,315526776.08790356,2022-01-24
858,1643068800000,1.0013187989733239,312449886.5421789,2022-01-25
859,1643155200000,0.9990124415390682,284312489.12120134,2022-01-26
860,1643241600000,0.9961252480511298,282773712.5931381,2022-01-27
861,1643328000000,1.0032827073757375,280469312.060537,2022-01-28
862,1643414400000,1.004871609450125,282276308.780848,2022-01-29
863,1643500800000,1.0042912859383866,241487661.1306022,2022-01-30
864,1643587200000,1.0019353780295743,230921735.05971506,2022-01-31
865,1643673600000,1.0032716022199717,231868632.77466926,2022-02-01
866,1643760000000,1.0001826573190917,231736710.40826383,2022-02-02
867,1643846400000,1.0001544436126877,232610587.7142944,2022-02-03
868,1643932800000,1.0021268481371635,235658086.2008005,2022-02-04
869,1644019200000,1.003207965625624,236355712.3259791,2022-02-05
870,1644105600000,1.0004893232089376,245811451.6237099,2022-02-06
871,1644192000000,1.0118566112849299,248200237.57580778,2022-02-07
872,1644278400000,0.9986088586458711,245924950.47676075,2022-02-08
873,1644364800000,1.0017468117425221,247485322.80282995,2022-02-09
874,1644451200000,0.9980624420463422,256601845.20019868,2022-02-10
875,1644537600000,0.9982011605356941,256785333.5354057,2022-02-11
876,1644624000000,1.0000387198144987,259233576.42899844,2022-02-12
877,1644710400000,0.9992979278731816,259039452.49115595,2022-02-13
878,1644796800000,1.0007779355133206,260065594.75240254,2022-02-14
879,1644883200000,1.0012998171302316,260434131.12883022,2022-02-15
880,1644969600000,1.004311332560414,265590296.27563438,2022-02-16
881,1645056000000,1.0020678829736482,266495817.51487622,2022-02-17
882,1645142400000,1.0000759797480412,266909320.04280457,2022-02-18
883,1645228800000,1.0005642223012414,227965393.70694396,2022-02-19
884,1645315200000,1.0015050756049304,228366542.55244073,2022-02-20
885,1645401600000,1.0059177150759835,229226371.02755877,2022-02-21
886,1645488000000,0.988383465438287,199627061.4104835,2022-02-22
887,1645574400000,0.9991958245582729,206856830.91662094,2022-02-23
888,1645660800000,0.9908015324640793,208060097.5373592,2022-02-24
889,1645747200000,1.0004580886280985,225051264.88055488,2022-02-25
890,1645833600000,1.0041607665686707,225866157.69524568,2022-02-26
891,1645920000000,1.0021268688286666,226711816.08017755,2022-02-27
892,1646006400000,0.9954924672236004,227585120.10016885,2022-02-28
893,1646092800000,1.004058611247106,230299667.44624984,2022-03-01
894,1646179200000,1.0023687728273718,234023101.8233935,2022-03-02
895,1646265600000,1.0009775951305837,234143279.275603,2022-03-03
896,1646352000000,1.001424637882976,237459383.73418263,2022-03-04
897,1646438400000,0.9981694003148512,240275238.26397088,2022-03-05
898,1646524800000,1.0018959717449716,241341615.307324,2022-03-06
899,1646611200000,1.0003882580763452,242396207.00419742,2022-03-07
900,1646697600000,1.0006049645493447,246092974.69527566,2022-03-08
901,1646784000000,0.9990815903532116,246656749.91882,2022-03-09
902,1646870400000,0.9999253188526886,247245663.85926157,2022-03-10
903,1646956800000,1.0000533143203365,249570109.2886722,2022-03-11
904,1647043200000,1.0003790442280025,252751049.8572341,2022-03-12
905,1647129600000,1.0014794295256613,253899621.89626858,2022-03-13
906,1647216000000,0.996663422770069,252184290.25947067,2022-03-14
907,1647302400000,1.0013111036834814,256416836.37334123,2022-03-15
908,1647388800000,0.9982201117360385,287406393.58714306,2022-03-16
909,1647475200000,1.0002672158618073,311393935.5026204,2022-03-17
910,1647561600000,1.00067640430379,323221500.83005065,2022-03-18
911,1647648000000,1.0026411283655035,325014216.2706711,2022-03-19
912,1647734400000,0.9997494392568496,324053484.37728643,2022-03-20
913,1647820800000,0.9998865644764472,323666219.54892296,2022-03-21
914,1647907200000,0.9996243868679884,325183371.7855197,2022-03-22
915,1647993600000,1.0000901630719958,309653337.12674415,2022-03-23
916,1648080000000,0.996523895088913,283905581.87216616,2022-03-24
917,1648166400000,0.9997737643573685,284226751.91623515,2022-03-25
918,1648252800000,0.9997746616975444,269754187.219481,2022-03-26
919,1648339200000,0.9992730898984747,282181446.6756563,2022-03-27
920,1648425600000,0.996936025072901,281315477.9920411,2022-03-28
921,1648512000000,0.9961691820171424,282970371.30315626,2022-03-29
922,1648598400000,0.9985149308590542,283714102.28033805,2022-03-30
923,1648684800000,0.9986537104930128,284294283.96359074,2022-03-31
924,1648771200000,1.002382675162688,282300364.8938048,2022-04-01
925,1648857600000,0.9996484712571655,291567196.20337546,2022-04-02
926,1648944000000,1.000027700190025,291854320.6010861,2022-04-03
927,1649030400000,1.0003359239208356,291660763.34394217,2022-04-04
928,1649116800000,1.0014271985477472,291540539.1103733,2022-04-05
929,1649203200000,1.0012398225515362,291963567.028691,2022-04-06
930,1649289600000,0.9997781750884903,293033551.10732204,2022-04-07
931,1649376000000,1.0003241267273453,292620313.74521756,2022-04-08
932,1649462400000,1.0005453143638086,294828971.0566658,2022-04-09
933,1649548800000,1.0019448715392945,294968550.59510344,2022-04-10
934,1649635200000,1.0037351892480977,294654025.1154987,2022-04-11
935,1649721600000,1.0011693717914043,295097065.9249873,2022-04-12
936,1649808000000,1.0021700066201118,278285800.5007239,2022-04-13
937,1649894400000,1.0012182154276554,280052639.09604686,2022-04-14
938,1649980800000,1.0001052798723808,299962296.8416799,2022-04-15
939,1650067200000,1.0005850271047667,300035580.0902108,2022-04-16
940,1650153600000,1.0013139644150315,300505192.04204744,2022-04-17
941,1650240000000,1.0024463818248033,300878011.6077413,2022-04-18
942,1650326400000,1.000771500085147,301300865.91262096,2022-04-19
943,1650412800000,1.000816231026302,303591259.8881684,2022-04-20
944,1650499200000,0.9996763660440182,303997491.1827144,2022-04-21
945,1650585600000,1.00083447660804,305627307.1619749,2022-04-22
946,1650672000000,1.0000124256491696,308364895.57327026,2022-04-23
947,1650758400000,1.0012473783774227,308830967.5313759,2022-04-24
948,1650844800000,1.0004236560557678,308730329.93450797,2022-04-25
949,1650931200000,0.9998866609939244,313151417.4624156,2022-04-26
950,1651017600000,1.0006023121552463,312570121.63079965,2022-04-27
951,1651104000000,1.0007499635841548,311351455.4362148,2022-04-28
952,1651190400000,1.0007856066602752,312465719.11012524,2022-04-29
953,1651276800000,1.0010814837695414,313041806.23323053,2022-04-30
954,1651363200000,1.0034557797588708,313222663.232466,2022-05-01
955,1651449600000,0.9996177202037123,313188097.8748692,2022-05-02
956,1651536000000,1.0026140199713347,313988249.13413954,2022-05-03
957,1651622400000,1.0013926167963252,315215262.9906865,2022-05-04
958,1651708800000,1.0002428606517173,320402328.7426523,2022-05-05
959,1651795200000,1.001523001867803,301688503.3021179,2022-05-06
960,1651881600000,1.0007159961534084,300957679.2751572,2022-05-07
961,1651968000000,1.0021481814552304,301000456.12675476,2022-05-08
962,1652054400000,1.002494095069142,301311462.62331134,2022-05-09
963,1652140800000,0.9982119248647952,307830362.5091458,2022-05-10
964,1652227200000,1.0028147336754376,308160038.11008316,2022-05-11
965,1652313600000,0.9969655953309251,310914817.9929337,2022-05-12
966,1652400000000,1.001444717584726,306296504.5376056,2022-05-13
967,1652486400000,0.9976656072101685,307043564.5495927,2022-05-14
968,1652572800000,1.0053062781822766,306135391.46640825,2022-05-15
969,1652659200000,1.0006584993471066,305878469.83722514,2022-05-16
970,1652745600000,1.0022994581519802,307398306.91326696,2022-05-17
971,1652832000000,0.9996749903674274,327337889.2134971,2022-05-18
972,1652918400000,1.0019114970135325,326130366.67102903,2022-05-19
973,1653004800000,1.002100343141983,323964896.2005921,2022-05-20
974,1653091200000,1.002374082628061,324403859.98506343,2022-05-21
975,1653177600000,1.001958843481649,324180952.77241427,2022-05-22
976,1653264000000,1.0018018517258824,324189940.8300331,2022-05-23
977,1653350400000,1.0012683443265367,326499437.46710724,2022-05-24
978,1653436800000,1.0011752623051666,318760462.9390684,2022-05-25
979,1653523200000,1.001316927651643,318622375.70472014,2022-05-26
980,1653609600000,1.0012389761960045,318076962.357058,2022-05-27
981,1653696000000,1.0006375238563396,321469145.6537069,2022-05-28
982,1653782400000,1.001819737940972,319908317.271736,2022-05-29
983,1653868800000,1.0019201625132033,320630675.1624415,2022-05-30
984,1653955200000,1.001493294776045,315951407.3889534,2022-05-31
985,1654041600000,0.9989779151285209,311452660.16124123,2022-06-01
986,1654128000000,1.002667882632236,311599288.97200066,2022-06-02
987,1654214400000,1.0004204410980528,301142218.6933168,2022-06-03
988,1654300800000,1.001014273795706,251974336.41676134,2022-06-04
989,1654387200000,1.0014716859672959,252147693.58432093,2022-06-05
990,1654473600000,1.0017901628426997,252565126.01545557,2022-06-06
991,1654560000000,1.0017503833385821,253258090.70511675,2022-06-07
992,1654646400000,1.0025663168555976,254698623.13573194,2022-06-08
993,1654732800000,1.0017928466245614,225056057.63570428,2022-06-09
994,1654819200000,1.0011719130502204,226595237.61189762,2022-06-10
995,1654905600000,1.0012313568569,227335616.87585157,2022-06-11
996,1654992000000,0.9999661704421853,227918807.8960111,2022-06-12
997,1655078400000,1.0007373369288384,229142291.1710425,2022-06-13
998,1655164800000,1.0017763539598696,171438903.49328694,2022-06-14
999,1655251200000,1.0015666027844998,171590123.5691474,2022-06-15
1000,1655337600000,1.0020643349814966,171960374.33430052,2022-06-16
1001,1655424000000,1.0033434463865,173561412.02619824,2022-06-17
1002,1655510400000,1.0010311986056242,172640765.9832742,2022-06-18
1003,1655596800000,1.0016006399383761,173541533.15653262,2022-06-19
1004,1655683200000,1.002125006576566,173333103.39198056,2022-06-20
1005,1655769600000,1.0017685101998834,173420384.4497433,2022-06-21
1006,1655856000000,1.0004270717615027,173984245.02033055,2022-06-22
1007,1655942400000,1.003301366484178,169932768.1178758,2022-06-23
1008,1656028800000,1.0008797947169732,170497711.66402182,2022-06-24
1009,1656115200000,1.0011280926197128,169654993.48859397,2022-06-25
1010,1656201600000,1.0020614041195772,168973497.3157386,2022-06-26
1011,1656288000000,1.0035495068764089,169659124.25200468,2022-06-27
1012,1656374400000,1.0025040605066189,169880039.37381268,2022-06-28
1013,1656460800000,1.0011489923731196,161775135.00116274,2022-06-29
1014,1656547200000,1.0028307987325673,157229779.67570546,2022-06-30
1015,1656633600000,0.9891996837189047,155617271.61189488,2022-07-01
1016,1656720000000,1.0010605665361718,154624821.24886787,2022-07-02
1017,1656806400000,1.001881299090068,120179949.93250136,2022-07-03
1018,1656892800000,1.000484125228019,120091759.37389414,2022-07-04
1019,1656979200000,1.0007608749199828,118460951.61209476,2022-07-05
1020,1657065600000,1.001765428808224,117248521.5685241,2022-07-06
1021,1657152000000,1.0020494663720303,118128884.2159419,2022-07-07
1022,1657238400000,1.0024478454356305,117790515.31356566,2022-07-08
1023,1657324800000,1.003213190967346,109823269.49309842,2022-07-09
1024,1657411200000,1.0018936867382071,109601925.0568356,2022-07-10
1025,1657497600000,1.000830327031229,110709757.0220336,2022-07-11
1026,1657584000000,1.0014501123705692,100835429.51632263,2022-07-12
1027,1657670400000,1.00156354590087,104402018.13357224,2022-07-13
1028,1657756800000,1.001114353440724,105386041.18744141,2022-07-14
1029,1657843200000,1.0003886377798363,101460422.4584205,2022-07-15
1030,1657929600000,0.9978962499928649,101496985.69870785,2022-07-16
1031,1658016000000,1.0006357869650002,102760092.1469979,2022-07-17
1032,1658102400000,1.000532709027123,102440734.82968864,2022-07-18
1033,1658188800000,1.0005619336701355,101126191.48942114,2022-07-19
1034,1658275200000,0.9992707096201222,107519764.54028971,2022-07-20
1035,1658361600000,0.9994255032161817,106648776.5903929,2022-07-21
1036,1658448000000,0.9985910055562887,106845361.15015146,2022-07-22
1037,1658534400000,0.9998986219612157,102234947.62899029,2022-07-23
1038,1658620800000,1.0012623867952557,101058843.91681555,2022-07-24
1039,1658707200000,1.0015847991939082,101403682.13250397,2022-07-25
1040,1658793600000,1.0041529820027537,100224609.36119461,2022-07-26
1041,1658880000000,0.9993779048149881,99938541.68834688,2022-07-27
1042,1658966400000,0.9971160423467141,84759183.41148333,2022-07-28
1043,1659052800000,1.002364569271903,83427766.63155757,2022-07-29
1044,1659139200000,1.0044964854255969,83467148.6625574,2022-07-30
1045,1659225600000,0.9988544130038555,81305939.83765775,2022-07-31
1046,1659312000000,1.0012279922344842,81071404.79792753,2022-08-01
1047,1659398400000,1.0005144435005129,81328180.22756933,2022-08-02
1048,1659484800000,1.0014728680448228,81246672.28398037,2022-08-03
1049,1659571200000,1.0005246152644443,82068771.49430762,2022-08-04
1050,1659657600000,1.001078589225062,81052429.55953792,2022-08-05
1051,1659744000000,0.9993449829927239,81151190.54259576,2022-08-06
1052,1659830400000,0.9988774347136979,81060474.83166105,2022-08-07
1053,1659916800000,0.9988958752150765,81014493.758768,2022-08-08
1054,1660003200000,0.998088477058123,81302441.14323145,2022-08-09
1055,1660089600000,1.0008333541168482,81306723.1376049,2022-08-10
1056,1660176000000,0.9987271531304739,81242362.43628557,2022-08-11
1057,1660262400000,0.997707787469902,81368079.66122337,2022-08-12
1058,1660348800000,0.996862127377013,81271427.95520696,2022-08-13
1059,1660435200000,0.9995540453650258,81407298.4706904,2022-08-14
1060,1660521600000,1.001667922071321,81520193.288326,2022-08-15
1061,1660608000000,0.996883989300298,81101035.82098565,2022-08-16
1062,1660694400000,0.9981751115238738,81237453.28594005,2022-08-17
1063,1660780800000,0.9647608379032335,78639169.58388023,2022-08-18
1064,1660867200000,1.0014626936811513,81603698.99596308,2022-08-19
1065,1660953600000,0.990266629116119,81399190.33961833,2022-08-20
1066,1661040000000,0.9991412306053531,81221761.1767865,2022-08-21
1067,1661126400000,0.991105710145753,80888606.7659533,2022-08-22
1068,1661212800000,1.0070594437632894,81576469.71559064,2022-08-23
1069,1661299200000,0.9945338693296116,80712996.73193246,2022-08-24
1070,1661385600000,1.0010906390896934,81313081.09419194,2022-08-25
1071,1661472000000,0.9980177528129295,81201833.98067446,2022-08-26
1072,1661558400000,1.0007946100984815,81642170.80791588,2022-08-27
1073,1661644800000,0.991977743870113,80860457.55856052,2022-08-28
1074,1661731200000,0.9998613467797046,80705004.30600233,2022-08-29
1075,1661817600000,0.9948475651009728,80973161.74253927,2022-08-30
1076,1661904000000,0.9853242978245594,80595644.77561069,2022-08-31
1077,1661990400000,0.9877860564492914,80416796.44942945,2022-09-01
1078,1662076800000,0.9993836989120238,81250949.90887089,2022-09-02
1079,1662163200000,0.993179356395363,80758086.23397256,2022-09-03
1080,1662249600000,0.9967361363950581,81040738.43693446,2022-09-04
1081,1662336000000,0.9948801530475073,80935244.90164615,2022-09-05
1082,1662422400000,0.9870427870430746,80344925.68783459,2022-09-06
1083,1662508800000,0.990280735918819,80618502.3445976,2022-09-07
1084,1662595200000,0.9940664434473206,81043600.58434752,2022-09-08
1085,1662681600000,0.994609481942267,80911947.49662632,2022-09-09
1086,1662768000000,0.9999219180772605,81313406.30500503,2022-09-10
1087,1662854400000,0.9920170111315648,80627584.45183073,2022-09-11
1088,1662940800000,0.9968618393317809,81220213.86221875,2022-09-12
1089,1663027200000,0.999107578345768,81042840.07828058,2022-09-13
1090,1663113600000,0.9933623855416394,81354524.63214341,2022-09-14
1091,1663200000000,0.9991445385157914,81037121.20171869,2022-09-15
1092,1663286400000,0.9964167048277017,80908595.45787255,2022-09-16
1093,1663372800000,0.987021894114908,80266662.34847115,2022-09-17
1094,1663459200000,0.9964065888760082,81138520.1417803,2022-09-18
1095,1663545600000,0.9975229675591126,81117388.22520196,2022-09-19
1096,1663632000000,0.9910347811398792,80718925.05370232,2022-09-20
1097,1663718400000,0.9933893570276046,80907767.60191706,2022-09-21
1098,1663804800000,0.9975986284043935,81215882.72274733,2022-09-22
1099,1663891200000,0.9808148523884106,79836208.98707557,2022-09-23
1100,1663977600000,0.9963816369020343,80996367.04547185,2022-09-24
1101,1664064000000,0.9925291271925321,80744200.7519852,2022-09-25
1102,1664150400000,0.9970141822385309,81090354.88781144,2022-09-26
1103,1664236800000,0.9936166734536278,80756465.91660754,2022-09-27
1104,1664323200000,0.9935472424629791,80920650.87539652,2022-09-28
1105,1664409600000,0.9803580675151602,79728527.69452949,2022-09-29
1106,1664496000000,0.9893867258799995,80497504.97969612,2022-09-30
1107,1664582400000,0.9986310731974969,81247605.48473871,2022-10-01
1108,1664668800000,0.993648971712327,80847336.40197761,2022-10-02
1109,1664755200000,0.9944182141211647,81075112.09906708,2022-10-03
1110,1664841600000,0.9895572608496878,80580570.66214071,2022-10-04
1111,1664928000000,0.9894950057969837,80552282.21970099,2022-10-05
1112,1665014400000,0.9903135837212071,80597022.92864388,2022-10-06
1113,1665100800000,0.9901700456111968,80404584.14532438,2022-10-07
1114,1665187200000,0.9945985811783463,80863246.33195105,2022-10-08
1115,1665273600000,0.9915501991231225,186481313.09156325,2022-10-09
1116,1665360000000,0.9895489017545983,185756671.61871937,2022-10-10
1117,1665446400000,0.9749716219654033,182314211.3128498,2022-10-11
1118,1665532800000,0.9801755584181655,183884860.6323814,2022-10-12
1119,1665619200000,0.994159237533584,186670175.94092977,2022-10-13
1120,1665705600000,1.0187182655365137,191467831.6296038,2022-10-14
1121,1665792000000,1.0030056789844228,188058887.3509989,2022-10-15
1122,1665878400000,0.9990949230397148,187508877.80674812,2022-10-16
1123,1665964800000,1.0014838108631638,187672353.1938229,2022-10-17
1124,1666051200000,0.9854016844625273,184838613.0740552,2022-10-18
1125,1666137600000,0.9791277289782057,184626310.74225023,2022-10-19
1126,1666224000000,0.9621571016729453,182214887.5817479,2022-10-20
1127,1666310400000,0.9696362059885738,182166399.9259313,2022-10-21
1128,1666396800000,0.972417629946421,182654355.0295559,2022-10-22
1129,1666483200000,0.9867453173078886,184690918.49517444,2022-10-23
1130,1666569600000,0.9869265552824993,186913349.37809315,2022-10-24
1131,1666656000000,0.9788416142356232,183902160.40452877,2022-10-25
1132,1666742400000,0.9890329164694708,184415333.11343727,2022-10-26
1133,1666828800000,0.9804939751444842,184578476.5452633,2022-10-27
1134,1666915200000,0.9874915743815462,185463444.9221961,2022-10-28
1135,1667001600000,0.8013856956266332,150355659.6569647,2022-10-29
1136,1667088000000,0.7597480499013468,142991225.75214493,2022-10-30
1137,1667174400000,0.7396382206071018,138588833.6331353,2022-10-31
1138,1667260800000,0.3288545125644222,61723015.11114079,2022-11-01
1139,1667347200000,0.34692746047489925,65123573.04556829,2022-11-02
1140,1667433600000,0.3264642448436893,61028293.85260462,2022-11-03
1141,1667520000000,0.333304468863687,62563368.80349563,2022-11-04
1142,1667606400000,0.30830297658945804,58006851.208195455,2022-11-05
1143,1667692800000,0.3018554692753555,56715595.95232248,2022-11-06
1144,1667779200000,0.2881736879683657,53044872.13404249,2022-11-07
1145,1667865600000,0.27171394613428457,50953929.5820374,2022-11-08
1146,1667952000000,0.23127623275174167,44121516.9138724,2022-11-09
1147,1668038400000,0.18232612478004523,33966358.81763001,2022-11-10
1148,1668124800000,0.1905524588422495,35883460.33689568,2022-11-11
1149,1668211200000,0.1788617798582144,33667050.26441655,2022-11-12
1150,1668297600000,0.16038720854779703,29956045.56945711,2022-11-13
1151,1668384000000,0.15856364614744994,29684651.720804747,2022-11-14
1152,1668470400000,0.15667726214560368,29420570.487112824,2022-11-15
1153,1668556800000,0.15806752288884027,29761717.002812065,2022-11-16
1154,1668643200000,0.15380666528122294,28885557.66771993,2022-11-17
1155,1668729600000,0.15238575686902667,28744101.894270178,2022-11-18
1156,1668816000000,0.15395310663939077,28850231.275478497,2022-11-19
1157,1668902400000,0.15402468969032407,28964794.44145755,2022-11-20
