,Time,open,mktcap,Date
0,1620604800000,461.64888756786746,0.0,2021-05-10
1,1620691200000,461.64888756786746,0.0,2021-05-11
2,1620777600000,363.840709210106,0.0,2021-05-12
3,1620864000000,257.15473263629883,0.0,2021-05-13
4,1620950400000,302.5379850613162,0.0,2021-05-14
5,1621036800000,304.14661850511277,0.0,2021-05-15
6,1621123200000,245.53050652675495,0.0,2021-05-16
7,1621209600000,224.82025971357308,0.0,2021-05-17
8,1621296000000,195.41607901917905,0.0,2021-05-18
9,1621382400000,164.67758924543912,0.0,2021-05-19
10,1621468800000,125.90828759914986,0.0,2021-05-20
11,1621555200000,164.83044445629628,0.0,2021-05-21
12,1621641600000,143.4053030029384,17845405572.33842,2021-05-22
13,1621728000000,149.16470674229333,18537096879.444103,2021-05-23
14,1621814400000,143.5364591894256,17386800143.225193,2021-05-24
15,1621900800000,147.53001734089509,18517706292.567257,2021-05-25
16,1621987200000,133.31723282378263,16549090121.7541,2021-05-26
17,1622073600000,142.4423820897955,17609960401.197784,2021-05-27
18,1622160000000,131.9362008782438,16443950549.517513,2021-05-28
19,1622246400000,115.73287502111134,14419734003.580761,2021-05-29
20,1622332800000,111.04971454449564,13845262920.562958,2021-05-30
21,1622419200000,111.3880326458002,13820838525.027658,2021-05-31
22,1622505600000,114.57873780431262,14266572524.778791,2021-06-01
23,1622592000000,107.61460671582773,13422115249.218824,2021-06-02
24,1622678400000,108.03160190812189,13431467337.658375,2021-06-03
25,1622764800000,122.78283797307495,15493137596.694782,2021-06-04
26,1622851200000,109.30816954515277,13785326001.23429,2021-06-05
27,1622937600000,104.07767574139919,13162472593.780806,2021-06-06
28,1623024000000,104.64506098642653,13225839242.910175,2021-06-07
29,1623110400000,90.44996983660508,11361174139.314762,2021-06-08
30,1623196800000,81.91567973223933,10378760569.985611,2021-06-09
31,1623283200000,81.6851770108435,10395852555.205402,2021-06-10
32,1623369600000,66.49870883177712,8601123279.975838,2021-06-11
33,1623456000000,58.30648696503557,7859061727.280729,2021-06-12
34,1623542400000,61.515304050616635,8280003836.8758745,2021-06-13
35,1623628800000,64.82590482855947,8636982490.632097,2021-06-14
36,1623715200000,66.91688526629527,9014393643.104998,2021-06-15
37,1623801600000,61.007096591259874,8258406863.522482,2021-06-16
38,1623888000000,55.22393258382,7432591669.034574,2021-06-17
39,1623974400000,54.24077081116896,7306296600.197013,2021-06-18
40,1624060800000,48.3631864068626,6546958555.635227,2021-06-19
41,1624147200000,48.89853573601593,6559670902.552096,2021-06-20
42,1624233600000,47.17764508090096,6357727128.329508,2021-06-21
43,1624320000000,36.62095254176348,4962342716.272875,2021-06-22
44,1624406400000,34.39317544474665,4631384871.46096,2021-06-23
45,1624492800000,37.78770781133413,5080715058.105904,2021-06-24
46,1624579200000,34.80184389665675,4700150401.503942,2021-06-25
47,1624665600000,31.535784886777034,4262089729.0047207,2021-06-26
48,1624752000000,30.092396328469967,4054398047.371298,2021-06-27
49,1624838400000,42.69907636457674,5834594922.711168,2021-06-28
50,1624924800000,49.66037343402859,6640710694.468481,2021-06-29
51,1625011200000,53.96133730184667,7337825058.679243,2021-06-30
52,1625097600000,50.70243108143301,6786405306.343286,2021-07-01
53,1625184000000,45.99767561200372,6288629797.705527,2021-07-02
54,1625270400000,44.1120485875006,6028666396.149927,2021-07-03
55,1625356800000,48.940623433444124,6678275307.183987,2021-07-04
56,1625443200000,46.91541358456919,6433664681.296983,2021-07-05
57,1625529600000,46.70949740305101,6398960111.022411,2021-07-06
58,1625616000000,46.10539697339144,6305194609.374749,2021-07-07
59,1625702400000,45.46123716869941,6231061245.71968,2021-07-08
60,1625788800000,40.15868098198481,5488966848.072951,2021-07-09
61,1625875200000,41.22444038981458,5652063327.849976,2021-07-10
62,1625961600000,38.78036450046671,5309001401.296231,2021-07-11
63,1626048000000,39.75122924641021,5439111916.866366,2021-07-12
64,1626134400000,37.50753595213409,5117624126.0714655,2021-07-13
65,1626220800000,38.789725833095964,5312584265.399919,2021-07-14
66,1626307200000,36.83456962814934,5037178869.101616,2021-07-15
67,1626393600000,35.70390080405119,4886091957.639212,2021-07-16
68,1626480000000,32.37633462168365,4433448636.902265,2021-07-17
69,1626566400000,32.30671422260622,4418987719.248852,2021-07-18
70,1626652800000,32.60000162234232,4474198751.364596,2021-07-19
71,1626739200000,31.242472601634763,4277448595.634332,2021-07-20
72,1626825600000,28.717887807449557,3930264915.8407426,2021-07-21
73,1626912000000,33.71838028380697,4599460883.2994375,2021-07-22
74,1626998400000,34.003083418579315,4655025219.841132,2021-07-23
75,1627084800000,34.67007271279279,4744133992.799273,2021-07-24
76,1627171200000,44.22620698868279,6058892056.726244,2021-07-25
77,1627257600000,43.16913674105639,5908418653.073464,2021-07-26
78,1627344000000,40.54089140526613,5560505864.569178,2021-07-27
79,1627430400000,40.54304272538246,5538319897.683059,2021-07-28
80,1627516800000,40.77809872005497,5579782119.179051,2021-07-29
81,1627603200000,41.23588562039136,5645013858.838683,2021-07-30
82,1627689600000,42.04083453929065,5760269754.641799,2021-07-31
83,1627776000000,41.94783914864291,5743050908.391642,2021-08-01
84,1627862400000,40.79857286497591,5576892484.899206,2021-08-02
85,1627948800000,40.269182865466846,5520800493.3770075,2021-08-03
86,1628035200000,38.62631307210061,5295777338.444029,2021-08-04
87,1628121600000,39.391565642823984,5427215767.588934,2021-08-05
88,1628208000000,42.07481294872208,5768530815.182161,2021-08-06
89,1628294400000,48.5732955470656,6716882647.295431,2021-08-07
90,1628380800000,63.318441753320826,8672837265.415644,2021-08-08
91,1628467200000,55.1513533695368,7553786920.199534,2021-08-09
92,1628553600000,64.48678090122188,8795656203.102203,2021-08-10
93,1628640000000,71.38109433212674,9715728466.691746,2021-08-11
94,1628726400000,67.52594037053946,9202891829.8915,2021-08-12
95,1628812800000,64.08224091343362,8751193461.904013,2021-08-13
96,1628899200000,68.06350300497547,9349584557.759521,2021-08-14
97,1628985600000,64.05980267688811,8763433910.174866,2021-08-15
98,1629072000000,63.09883128956255,8612925248.013418,2021-08-16
99,1629158400000,60.98123366641546,8518056241.581358,2021-08-17
100,1629244800000,55.776283693150646,7733629386.503585,2021-08-18
101,1629331200000,59.283214022303625,8154680150.800511,2021-08-19
102,1629417600000,67.28391539064528,9172400628.743895,2021-08-20
103,1629504000000,67.5458710957735,10456778887.771381,2021-08-21
104,1629590400000,64.6104016409998,10040202465.636782,2021-08-22
105,1629676800000,64.7169735268394,10048891938.83422,2021-08-23
106,1629763200000,65.7339255909687,10215794123.757896,2021-08-24
107,1629849600000,59.36004341719119,9381981297.337898,2021-08-25
108,1629936000000,62.17683549349153,9763740513.03423,2021-08-26
109,1630022400000,57.41717018836032,9066004079.074036,2021-08-27
110,1630108800000,62.71270790470652,9851335651.229694,2021-08-28
111,1630195200000,64.93011176462745,10206807040.058678,2021-08-29
112,1630281600000,72.43246620865314,11486312909.602118,2021-08-30
113,1630368000000,64.99158865678909,10141953236.951948,2021-08-31
114,1630454400000,63.47525418011318,9965045197.004105,2021-09-01
115,1630540800000,66.12104960941416,10377740775.786182,2021-09-02
116,1630627200000,64.97300878833836,10236235392.149015,2021-09-03
117,1630713600000,65.75052491510134,10294746398.982002,2021-09-04
118,1630800000000,77.24405025068101,11953087587.51637,2021-09-05
119,1630886400000,79.50206164128423,12480651303.796314,2021-09-06
120,1630972800000,79.91153838999331,12545837512.659828,2021-09-07
121,1631059200000,61.2774065632991,9736849779.835358,2021-09-08
122,1631145600000,60.75489513689494,9731981634.032993,2021-09-09
123,1631232000000,60.686709396890535,9637769957.444857,2021-09-10
124,1631318400000,56.795033326585646,9019388354.743391,2021-09-11
125,1631404800000,57.87884191391752,9405063227.506426,2021-09-12
126,1631491200000,59.73634444542245,9749379071.414396,2021-09-13
127,1631577600000,55.32841309973913,8996697138.286797,2021-09-14
128,1631664000000,57.07086208985128,9283635386.242338,2021-09-15
129,1631750400000,61.532945436832264,9987937695.492353,2021-09-16
130,1631836800000,58.1353761989389,9463924069.149174,2021-09-17
131,1631923200000,56.49855702282866,9220429728.464933,2021-09-18
132,1632009600000,58.66363925497104,9554653607.236654,2021-09-19
133,1632096000000,57.22783061304295,9325525001.658785,2021-09-20
134,1632182400000,47.70271807437453,7719374931.502793,2021-09-21
135,1632268800000,44.72606697239809,7202623324.354076,2021-09-22
136,1632355200000,49.92772295287243,8118611368.372011,2021-09-23
137,1632441600000,50.71565282251859,8261160625.7892685,2021-09-24
138,1632528000000,45.97968548776488,7467680264.952245,2021-09-25
139,1632614400000,45.85423952613077,7458043542.585388,2021-09-26
140,1632700800000,43.77221913023847,7129910076.042026,2021-09-27
141,1632787200000,42.45841923192413,7103819290.546585,2021-09-28
142,1632873600000,40.83415271084839,6811392789.499895,2021-09-29
143,1632960000000,44.53975283725497,7349890406.43664,2021-09-30
144,1633046400000,45.095516526767284,7512523067.952463,2021-10-01
145,1633132800000,52.249042952564984,8660925810.198198,2021-10-02
146,1633219200000,49.69647172256163,8256411007.111586,2021-10-03
147,1633305600000,50.37795758211505,8388136131.058412,2021-10-04
148,1633392000000,48.93145987547311,8183424093.117577,2021-10-05
149,1633478400000,54.551808303364304,9155070183.723076,2021-10-06
150,1633564800000,52.83751808663083,8835079765.678194,2021-10-07
151,1633651200000,51.0817853895228,8536472253.291355,2021-10-08
152,1633737600000,49.029167648384906,8208721038.3199,2021-10-09
153,1633824000000,49.595913602110215,8300151324.970787,2021-10-10
154,1633910400000,44.880971872811436,7494152812.8988495,2021-10-11
155,1633996800000,45.114445326727974,7510436627.734073,2021-10-12
156,1634083200000,43.12549731211587,7499865352.186542,2021-10-13
157,1634169600000,43.07711033930971,7490863094.174578,2021-10-14
158,1634256000000,42.78190945319597,7428763051.620009,2021-10-15
159,1634342400000,43.17802064049054,7473014009.652513,2021-10-16
160,1634428800000,46.084474648132606,8022081004.739159,2021-10-17
161,1634515200000,44.04373554178561,7666832131.44236,2021-10-18
162,1634601600000,43.755209039958025,7587602377.385264,2021-10-19
163,1634688000000,43.807998656152115,7627801574.362056,2021-10-20
164,1634774400000,47.056075268961365,8192076726.140631,2021-10-21
165,1634860800000,44.81451822635823,7809466755.023888,2021-10-22
166,1634947200000,45.189413313735116,7873668626.688754,2021-10-23
167,1635033600000,45.55183881076086,7947620671.746761,2021-10-24
168,1635120000000,43.60864338448374,7598632226.430553,2021-10-25
169,1635206400000,48.72460828596584,8494206560.644168,2021-10-26
170,1635292800000,46.83163286633004,8187914922.734213,2021-10-27
171,1635379200000,40.870048285871775,7126915252.171073,2021-10-28
172,1635465600000,43.08528875665906,7540008696.614931,2021-10-29
173,1635552000000,45.27486282036449,7890957585.723945,2021-10-30
174,1635638400000,43.04869675813758,7509038383.732357,2021-10-31
175,1635724800000,45.10143370429039,7890531567.644948,2021-11-01
176,1635811200000,46.33196271216662,8100844010.412304,2021-11-02
177,1635897600000,47.20037112643442,8211123211.594064,2021-11-03
178,1635984000000,46.763880719534896,8196644174.327079,2021-11-04
179,1636070400000,46.32731282920838,8095055118.164884,2021-11-05
180,1636156800000,49.75155454386491,8755825688.12509,2021-11-06
181,1636243200000,49.60853808069656,8701465554.72271,2021-11-07
182,1636329600000,53.9042543913711,9453898066.959583,2021-11-08
183,1636416000000,54.9193486837592,9698526684.556473,2021-11-09
184,1636502400000,52.55180185593501,9251659277.956924,2021-11-10
185,1636588800000,48.521391242866514,8621269504.38257,2021-11-11
186,1636675200000,48.165457282257215,8759223620.227556,2021-11-12
187,1636761600000,46.53309259404419,8459486505.323293,2021-11-13
188,1636848000000,48.023735235993286,8746299882.090202,2021-11-14
189,1636934400000,48.468516626451525,8814063144.716373,2021-11-15
190,1637020800000,47.09354854170969,8581751939.779107,2021-11-16
191,1637107200000,42.88696075031798,7841225746.924382,2021-11-17
192,1637193600000,42.990551144344565,7742708986.205042,2021-11-18
193,1637280000000,39.73670433449521,7228684029.364477,2021-11-19
194,1637366400000,42.09466476483679,7644403592.297063,2021-11-20
195,1637452800000,43.76386735707909,7979476533.051498,2021-11-21
196,1637539200000,43.53666415718453,7986146266.327659,2021-11-22
197,1637625600000,41.655695000065876,7594627935.575547,2021-11-23
198,1637712000000,42.03376776052069,7693981742.94217,2021-11-24
199,1637798400000,40.6465873687785,7433278089.1597805,2021-11-25
200,1637884800000,42.98799301240459,7838516448.188308,2021-11-26
201,1637971200000,39.418545136829906,7214337743.951744,2021-11-27
202,1638057600000,41.850064517435435,7609492232.8237095,2021-11-28
203,1638144000000,41.80210082427491,7638582315.404432,2021-11-29
204,1638230400000,42.01706362548473,7708125594.601445,2021-11-30
205,1638316800000,40.771053499879535,7463533399.9067135,2021-12-01
206,1638403200000,40.99446596296688,7473609059.146955,2021-12-02
207,1638489600000,40.17987696458667,7386272712.378006,2021-12-03
208,1638576000000,37.97171400787706,6990270984.418285,2021-12-04
209,1638662400000,31.63197120504592,5779527588.650588,2021-12-05
210,1638748800000,30.31743021905543,5551465183.961842,2021-12-06
211,1638835200000,30.12663509663226,5531680469.632937,2021-12-07
212,1638921600000,29.513107773176245,5429907645.967146,2021-12-08
213,1639008000000,31.433426354459215,5760353940.913059,2021-12-09
214,1639094400000,28.49568305087168,5244515054.59499,2021-12-10
215,1639180800000,26.704935550599732,4949468203.591403,2021-12-11
216,1639267200000,27.81591405379883,5105132157.695272,2021-12-12
217,1639353600000,28.494428284391894,5215990165.567515,2021-12-13
218,1639440000000,25.112333212242152,4772227053.833371,2021-12-14
219,1639526400000,25.40376738495624,4821217676.524896,2021-12-15
220,1639612800000,25.932738929206806,4928238722.241066,2021-12-16
221,1639699200000,24.386635196906997,4632762280.409249,2021-12-17
222,1639785600000,23.35975105284677,4451624407.530918,2021-12-18
223,1639872000000,23.675724671618,4515479484.745332,2021-12-19
224,1639958400000,22.647038784338505,4328809238.39988,2021-12-20
225,1640044800000,21.8020580229524,4184509228.5276895,2021-12-21
226,1640131200000,23.205682841527207,4424706672.030567,2021-12-22
227,1640217600000,23.405722032566064,4476926218.988718,2021-12-23
228,1640304000000,27.039486957434196,5156676860.453293,2021-12-24
229,1640390400000,27.40669700074873,5198922377.807101,2021-12-25
230,1640476800000,27.420004742554603,5234159268.242507,2021-12-26
231,1640563200000,26.762363480210556,5108890610.786842,2021-12-27
232,1640649600000,28.22084372578043,5428506234.553148,2021-12-28
233,1640736000000,24.840102111952206,4769837940.286944,2021-12-29
234,1640822400000,23.91419653112584,4538854588.703211,2021-12-30
235,1640908800000,24.814969998024974,4728347140.24497,2021-12-31
236,1640995200000,24.448713922804682,4693230971.6588745,2022-01-01
237,1641081600000,25.709270321817556,4882985762.017537,2022-01-02
238,1641168000000,27.322697822592065,5233056016.547778,2022-01-03
239,1641254400000,29.301012310129465,5591122046.992726,2022-01-04
240,1641340800000,33.85984482817184,6490566500.757759,2022-01-05
241,1641427200000,30.838128275123516,5955750474.582733,2022-01-06
242,1641513600000,30.681593169027163,5956379967.376931,2022-01-07
243,1641600000000,30.269257531588234,5842976674.774453,2022-01-08
244,1641686400000,32.89098920498109,6342674723.443418,2022-01-09
245,1641772800000,36.109257404742486,6944283494.159306,2022-01-10
246,1641859200000,34.44941197458357,6661276349.118198,2022-01-11
247,1641945600000,34.252233153554776,6671828489.982092,2022-01-12
248,1642032000000,34.875969898271414,6804879538.079868,2022-01-13
249,1642118400000,31.372407961952785,6263416801.614813,2022-01-14
250,1642204800000,32.53327350595525,6422447712.582793,2022-01-15
251,1642291200000,32.6104417522181,6470544883.008118,2022-01-16
252,1642377600000,31.264292171159436,6209612513.100797,2022-01-17
253,1642464000000,29.720309876031255,5905878929.075675,2022-01-18
254,1642550400000,29.517304429018207,5872286120.218686,2022-01-19
255,1642636800000,26.53641634446141,5293898471.840404,2022-01-20
256,1642723200000,24.93091018911216,5003189029.210501,2022-01-21
257,1642809600000,24.061869377216034,4780737140.181978,2022-01-22
258,1642896000000,20.490079514577317,4075643591.0515366,2022-01-23
259,1642982400000,21.265754231038443,4227210574.8663964,2022-01-24
260,1643068800000,20.723743766173325,4150052476.1022167,2022-01-25
261,1643155200000,20.166916290352475,4007455266.055382,2022-01-26
262,1643241600000,19.811650845498416,3961950339.3470306,2022-01-27
263,1643328000000,19.62498890725013,3876095065.272799,2022-01-28
264,1643414400000,20.347699366562303,4041278820.588113,2022-01-29
265,1643500800000,20.19621549738727,4010231181.782094,2022-01-30
266,1643587200000,19.297912490233433,3830783016.276121,2022-01-31
267,1643673600000,19.86360143195249,3943786183.446179,2022-02-01
268,1643760000000,20.192893920689578,4029085538.051003,2022-02-02
269,1643846400000,21.654069221560423,4323063780.902127,2022-02-03
270,1643932800000,20.73156526201433,4139674545.164166,2022-02-04
271,1644019200000,22.307765682048256,4430753957.741265,2022-02-05
272,1644105600000,22.418071497379273,4501836173.219671,2022-02-06
273,1644192000000,23.418686103146943,4694489709.580041,2022-02-07
274,1644278400000,24.015795560591904,4810126979.590394,2022-02-08
275,1644364800000,23.08409695479596,4627857654.978779,2022-02-09
276,1644451200000,23.117927060962067,4630932455.945692,2022-02-10
277,1644537600000,21.640260667072553,4453297127.343323,2022-02-11
278,1644624000000,19.78155316671095,4084021038.886781,2022-02-12
279,1644710400000,20.050180669696484,4124807900.846137,2022-02-13
280,1644796800000,19.88451834989897,4113650377.1215677,2022-02-14
281,1644883200000,20.826923870344075,4296043107.967295,2022-02-15
282,1644969600000,21.74442091385361,4512136319.109514,2022-02-16
283,1645056000000,22.069483044461776,4584357762.507597,2022-02-17
284,1645142400000,19.83169708715666,4100926458.1369457,2022-02-18
285,1645228800000,19.668478514348557,4075016781.381961,2022-02-19
286,1645315200000,20.032271809759063,4145919303.044056,2022-02-20
287,1645401600000,18.738613787306107,3899243156.156407,2022-02-21
288,1645488000000,17.75582469568918,3687699631.4014,2022-02-22
289,1645574400000,17.950436759586744,3719517529.506889,2022-02-23
290,1645660800000,17.404658009999686,3606136839.977193,2022-02-24
291,1645747200000,16.619715038694647,3444968812.2355266,2022-02-25
292,1645833600000,17.71845131665611,3668397570.9484367,2022-02-26
293,1645920000000,17.655389215381177,3650901230.8482766,2022-02-27
294,1646006400000,17.221487072137155,3560038249.2394786,2022-02-28
295,1646092800000,20.133655607100724,4153950195.1154566,2022-03-01
296,1646179200000,19.327068205310606,4010816454.135967,2022-03-02
297,1646265600000,19.26303145201364,4021929124.834201,2022-03-03
298,1646352000000,19.878349969715703,4152348865.3329306,2022-03-04
299,1646438400000,17.580156400817515,3668054495.30698,2022-03-05
300,1646524800000,17.70212927851845,3694819846.426873,2022-03-06
301,1646611200000,16.71396300604339,3490734789.884746,2022-03-07
302,1646697600000,16.472441456765623,3439611139.54971,2022-03-08
303,1646784000000,16.852737583609372,3514488659.284238,2022-03-09
304,1646870400000,17.471523253738564,3643170074.358608,2022-03-10
305,1646956800000,16.617407633307838,3465934687.6961527,2022-03-11
306,1647043200000,16.021208808544774,3434738325.987728,2022-03-12
307,1647129600000,16.084936631239547,3423147717.091212,2022-03-13
308,1647216000000,15.801954389661127,3341422213.4643884,2022-03-14
309,1647302400000,16.098182245776673,3421291718.8035665,2022-03-15
310,1647388800000,15.835070534532768,3371317356.537231,2022-03-16
311,1647475200000,16.456193996130718,3451606034.1308813,2022-03-17
312,1647561600000,16.59043926934698,3573001267.1184883,2022-03-18
313,1647648000000,16.906242112858028,3648067372.8176126,2022-03-19
314,1647734400000,17.51797767598749,3751751870.2663445,2022-03-20
315,1647820800000,16.76940725319896,3615939241.889379,2022-03-21
316,1647907200000,16.961140895111686,3652676857.5802183,2022-03-22
317,1647993600000,18.029899575237774,3881554648.8222184,2022-03-23
318,1648080000000,19.008783242647024,4101430013.136907,2022-03-24
319,1648166400000,19.36754636577231,4197191518.932166,2022-03-25
320,1648252800000,18.734006452165993,4044284481.5241184,2022-03-26
321,1648339200000,19.31372893733433,4170303233.0433087,2022-03-27
322,1648425600000,21.83922940751726,4707462260.534114,2022-03-28
323,1648512000000,22.02636441515694,4782214076.167916,2022-03-29
324,1648598400000,22.123640034071883,4784522769.043404,2022-03-30
325,1648684800000,21.845607865877078,4741500781.116066,2022-03-31
326,1648771200000,20.864229359856125,4484032729.822319,2022-04-01
327,1648857600000,21.58553784024222,4681171346.765503,2022-04-02
328,1648944000000,21.009982749700015,4570547139.216715,2022-04-03
329,1649030400000,22.501014077900994,4867607243.114188,2022-04-04
330,1649116800000,21.878360006633944,4752432625.206878,2022-04-05
331,1649203200000,21.047828355263416,4651655864.79693,2022-04-06
332,1649289600000,18.72978464837904,4094522622.9768276,2022-04-07
333,1649376000000,19.36636582679181,4207319800.581001,2022-04-08
334,1649462400000,18.02609408494705,3900197980.9433556,2022-04-09
335,1649548800000,18.357619467244323,3990456842.9187183,2022-04-10
336,1649635200000,17.476061804412012,3879443651.7680054,2022-04-11
337,1649721600000,16.051405889799778,3559111406.6798515,2022-04-12
338,1649808000000,16.649103821736173,3717324722.5988092,2022-04-13
339,1649894400000,16.962479381068707,3808032620.9570603,2022-04-14
340,1649980800000,16.511275239559755,3716512044.0984793,2022-04-15
341,1650067200000,16.839748737590842,3778112126.2113996,2022-04-16
342,1650153600000,17.626250789883414,3965414954.574675,2022-04-17
343,1650240000000,16.47527382644338,3697515916.363688,2022-04-18
344,1650326400000,16.99482858127305,3813940105.9778943,2022-04-19
345,1650412800000,17.437483552436717,3919604046.0787616,2022-04-20
346,1650499200000,17.06307146230094,3831465422.4913898,2022-04-21
347,1650585600000,16.452584218621478,3701052749.32061,2022-04-22
348,1650672000000,16.61484320672182,3740305776.581699,2022-04-23
349,1650758400000,16.55466544465109,3727015884.47445,2022-04-24
350,1650844800000,16.180917381348618,3651228954.2466288,2022-04-25
351,1650931200000,16.18462102656197,3647154210.270978,2022-04-26
352,1651017600000,14.98990385228993,3363790973.0307593,2022-04-27
353,1651104000000,15.294660288312958,3450274913.5733323,2022-04-28
354,1651190400000,15.091834353597452,3396815513.4458203,2022-04-29
355,1651276800000,14.10695979651113,3180470071.80933,2022-04-30
356,1651363200000,12.526373021540833,2789497270.512547,2022-05-01
357,1651449600000,13.050542533264206,2948182919.605282,2022-05-02
358,1651536000000,12.979050029323876,2928537794.020575,2022-05-03
359,1651622400000,12.81035398421937,2891256169.078048,2022-05-04
360,1651708800000,14.301115002503321,3245944115.5021358,2022-05-05
361,1651795200000,12.742947551029093,2887821782.535762,2022-05-06
362,1651881600000,12.515436758642638,2834384245.933258,2022-05-07
363,1651968000000,12.101164695109764,2745631370.2019615,2022-05-08
364,1652054400000,11.881626236215256,2700516205.7619987,2022-05-09
365,1652140800000,9.995525898573971,2285682199.0928,2022-05-10
366,1652227200000,10.566262563392153,2423173790.253361,2022-05-11
367,1652313600000,7.313536464897156,1746529703.5546198,2022-05-12
368,1652400000000,7.258470970053188,1676666441.6343348,2022-05-13
369,1652486400000,9.025227971223028,2087761536.674711,2022-05-14
370,1652572800000,8.561115730686625,1990087227.3624384,2022-05-15
371,1652659200000,9.206451212965527,2135599126.7798655,2022-05-16
372,1652745600000,8.102994650848537,1889356668.423428,2022-05-17
373,1652832000000,8.658607237678682,2021606828.922276,2022-05-18
374,1652918400000,7.471543249413905,1747393782.2582347,2022-05-19
375,1653004800000,8.20971462446673,1919052729.9033747,2022-05-20
376,1653091200000,7.786668069768389,1816480534.3580084,2022-05-21
377,1653177600000,8.012194744579954,1875380861.26657,2022-05-22
378,1653264000000,8.242692006128753,1928796136.598976,2022-05-23
379,1653350400000,7.759112749791029,1818500909.288208,2022-05-24
380,1653436800000,7.890489269272239,1841999026.3862622,2022-05-25
381,1653523200000,7.783645646565101,1822019130.0722063,2022-05-26
382,1653609600000,7.379479268218362,1720829757.7641916,2022-05-27
383,1653696000000,6.939465149500503,1624882973.1639304,2022-05-28
384,1653782400000,7.247408177173311,1707253815.621437,2022-05-29
385,1653868800000,7.130473059600254,1668994208.0406609,2022-05-30
386,1653955200000,8.111699903739773,1899601490.3098679,2022-05-31
387,1654041600000,8.321763059266996,1949689732.0966644,2022-06-01
388,1654128000000,7.650092763698273,1792908339.1545665,2022-06-02
389,1654214400000,9.54841044128114,2245660128.619943,2022-06-03
390,1654300800000,7.930960415653884,1856530689.9733372,2022-06-04
391,1654387200000,7.755711085208185,1800143131.7166643,2022-06-05
392,1654473600000,7.3320270154682134,1723053946.710453,2022-06-06
393,1654560000000,7.587504928715855,1787588989.6555042,2022-06-07
394,1654646400000,6.85473465087683,1621535641.979267,2022-06-08
395,1654732800000,6.507941617895037,1530025247.6430018,2022-06-09
396,1654819200000,6.401561727443338,1500166645.3951488,2022-06-10
397,1654905600000,6.0935729206041565,1451364218.8280032,2022-06-11
398,1654992000000,5.897175906136715,1411854147.4086156,2022-06-12
399,1655078400000,5.7055379998420905,1370457528.8358593,2022-06-13
400,1655164800000,5.40443833557891,1293890309.5194614,2022-06-14
401,1655251200000,5.614322957405185,1344612430.074765,2022-06-15
402,1655337600000,5.967935563672242,1434026291.4702265,2022-06-16
403,1655424000000,5.325164342236787,1280810192.783379,2022-06-17
404,1655510400000,5.450125371418134,1315731714.4228072,2022-06-18
405,1655596800000,5.152683269267299,1235841215.921859,2022-06-19
406,1655683200000,5.470109581129494,1305283489.4439518,2022-06-20
407,1655769600000,5.790862903475031,1393249393.209422,2022-06-21
408,1655856000000,5.822736335404527,1398745867.016634,2022-06-22
409,1655942400000,5.4656880167842825,1318612179.4266593,2022-06-23
410,1656028800000,5.8110847686257285,1404164138.771756,2022-06-24
411,1656115200000,6.157139836978645,1495726584.2399745,2022-06-25
412,1656201600000,6.3171440020545475,1525585211.9405808,2022-06-26
413,1656288000000,5.834617766668462,1409081570.2172658,2022-06-27
414,1656374400000,5.78409008903694,1399848214.4096215,2022-06-28
415,1656460800000,5.4834426930795805,1320696512.6632254,2022-06-29
416,1656547200000,5.3899971684541885,1305687500.7959962,2022-06-30
417,1656633600000,5.269237175341625,1278309728.5968041,2022-07-01
418,1656720000000,5.23522038277781,1272460216.0876596,2022-07-02
419,1656806400000,5.250136188354263,1269966707.379579,2022-07-03
420,1656892800000,5.250398292292774,1270899801.1357746,2022-07-04
421,1656979200000,5.605176159692892,1350808950.8455436,2022-07-05
422,1657065600000,5.5105901562192106,1334961304.0120978,2022-07-06
423,1657152000000,5.633962017228566,1360423506.3910599,2022-07-07
424,1657238400000,6.2961399854874935,1533144789.447399,2022-07-08
425,1657324800000,7.0485750243305025,1707231362.5932043,2022-07-09
426,1657411200000,7.009943697154283,1680387761.6982017,2022-07-10
427,1657497600000,6.394152440943002,1570551195.5679886,2022-07-11
428,1657584000000,6.288122118562937,1546146741.0971766,2022-07-12
429,1657670400000,6.26296245476036,1558944066.4194858,2022-07-13
430,1657756800000,6.501815685650109,1601013101.8585322,2022-07-14
431,1657843200000,6.778193335041078,1687750744.5289824,2022-07-15
432,1657929600000,6.810297834069,1697211064.0405529,2022-07-16
433,1658016000000,7.118454166577712,1768419558.551471,2022-07-17
434,1658102400000,7.227777838576723,1807205021.244105,2022-07-18
435,1658188800000,7.550004223002086,1870161423.9763072,2022-07-19
436,1658275200000,7.342162093921717,1820874781.9211645,2022-07-20
437,1658361600000,6.725264232095055,1681317261.217393,2022-07-21
438,1658448000000,6.898339498986759,1724776467.9014804,2022-07-22
439,1658534400000,6.492812680603804,1617427323.5242376,2022-07-23
440,1658620800000,6.6241223130537445,1652139194.2374032,2022-07-24
441,1658707200000,6.620412931615731,1653183216.3450837,2022-07-25
442,1658793600000,6.232180484363118,1555362016.9211495,2022-07-26
443,1658880000000,6.575744205949548,1638167235.5997512,2022-07-27
444,1658966400000,7.090281295522587,1757888822.2953348,2022-07-28
445,1659052800000,7.210034216936098,1795577453.652001,2022-07-29
446,1659139200000,8.071702514700037,1977273096.0739143,2022-07-30
447,1659225600000,8.278304557251456,2055491438.8571758,2022-07-31
448,1659312000000,9.011524368440337,2255777692.9053373,2022-08-01
449,1659398400000,8.34144388768151,2076755434.8014672,2022-08-02
450,1659484800000,7.987392938795789,1998720600.577782,2022-08-03
451,1659571200000,7.8628361844199715,1959534306.0252614,2022-08-04
452,1659657600000,8.013726666723816,1997205236.675367,2022-08-05
453,1659744000000,8.358595059033332,2081127201.747695,2022-08-06
454,1659830400000,8.277447282945344,2066546122.991707,2022-08-07
455,1659916800000,8.208602474877768,2051741475.4842415,2022-08-08
456,1660003200000,8.250863688644868,2062819234.4538507,2022-08-09
457,1660089600000,7.839952489186561,1959689440.1460707,2022-08-10
458,1660176000000,8.290293231470546,2096793196.7925532,2022-08-11
459,1660262400000,8.179926023027825,2074021559.061913,2022-08-12
460,1660348800000,8.417620064247055,2145132857.4353073,2022-08-13
461,1660435200000,8.19292156692564,2088729910.1894464,2022-08-14
462,1660521600000,8.014276995991338,2042044046.6731584,2022-08-15
463,1660608000000,7.797916152308941,1985006777.145079,2022-08-16
464,1660694400000,7.785464469774792,1987937255.3599172,2022-08-17
465,1660780800000,7.362892766083658,1889011585.2164392,2022-08-18
466,1660867200000,6.869805282826728,1750662783.5240173,2022-08-19
467,1660953600000,6.413620409374564,1640223127.7523165,2022-08-20
468,1661040000000,6.323816563525086,1617769723.6766472,2022-08-21
469,1661126400000,6.4776942859394575,1656541962.2427225,2022-08-22
470,1661212800000,6.355900918615844,1620112804.2516367,2022-08-23
471,1661299200000,6.3998597185923725,1636557442.0615973,2022-08-24
472,1661385600000,6.42340920703754,1640967270.1034832,2022-08-25
473,1661472000000,6.359647556905561,1631076711.9165637,2022-08-26
474,1661558400000,5.751672601384198,1459321073.934207,2022-08-27
475,1661644800000,6.3207585441679415,1623225274.2961745,2022-08-28
476,1661731200000,6.31254313648812,1614193024.739255,2022-08-29
477,1661817600000,6.698467058368506,1715132220.2351942,2022-08-30
478,1661904000000,6.257610894674208,1606157671.4200337,2022-08-31
479,1661990400000,6.231989076430894,1592626713.3965144,2022-09-01
480,1662076800000,6.334766146810913,1617919804.306155,2022-09-02
481,1662163200000,6.287031452970813,1608298247.1240273,2022-09-03
482,1662249600000,6.485566457707491,1652360713.716291,2022-09-04
483,1662336000000,6.686770981762451,1708194794.0821576,2022-09-05
484,1662422400000,6.734734553758629,1727588525.721025,2022-09-06
485,1662508800000,6.2474859613253555,1598861337.1558168,2022-09-07
486,1662595200000,6.471674578891047,1662721858.2827752,2022-09-08
487,1662681600000,6.486856254548129,1661579507.898901,2022-09-09
488,1662768000000,7.076843670195657,1811340026.7288485,2022-09-10
489,1662854400000,7.131932479136749,1850945841.9598362,2022-09-11
490,1662940800000,7.161664795830828,1858889556.922692,2022-09-12
491,1663027200000,6.9179789436823285,1798969277.6844444,2022-09-13
492,1663113600000,6.4262744963463785,1674287686.216438,2022-09-14
493,1663200000000,6.311361539307862,1641179842.4005988,2022-09-15
494,1663286400000,6.131791323355232,1598505686.526742,2022-09-16
495,1663372800000,6.1651116097362495,1607584573.1187892,2022-09-17
496,1663459200000,6.295584419685323,1638403445.667119,2022-09-18
497,1663545600000,5.830572023050284,1522058081.9494112,2022-09-19
498,1663632000000,6.083679955128054,1589164426.743638,2022-09-20
499,1663718400000,5.922540469089026,1546553046.3199198,2022-09-21
500,1663804800000,5.939818007063672,1551683591.8798056,2022-09-22
501,1663891200000,6.089878605196162,1591734050.4315097,2022-09-23
502,1663977600000,6.232805257475899,1636722379.5429657,2022-09-24
503,1664064000000,6.06085089521647,1588442508.7880948,2022-09-25
504,1664150400000,5.906195908067213,1545872316.0666132,2022-09-26
505,1664236800000,6.23436733450612,1626455835.038057,2022-09-27
506,1664323200000,6.134751202981287,1612869770.2053,2022-09-28
507,1664409600000,6.058919156064398,1587600845.999639,2022-09-29
508,1664496000000,6.132708323179827,1606443843.9885464,2022-09-30
509,1664582400000,6.0751326735801,1594125664.778255,2022-10-01
510,1664668800000,6.119771602765406,1600607993.0280552,2022-10-02
511,1664755200000,5.916270950749926,1552335276.781845,2022-10-03
512,1664841600000,6.033129771900082,1586085200.4390488,2022-10-04
513,1664928000000,6.178280318872802,1622342054.6686575,2022-10-05
514,1665014400000,6.0266190391013,1580244872.8182561,2022-10-06
515,1665100800000,5.9712269254044035,1568106952.5854533,2022-10-07
516,1665187200000,5.935883928508384,1558343618.54633,2022-10-08
517,1665273600000,5.816412475634424,1527041411.6232307,2022-10-09
518,1665360000000,5.859616687790072,1535868996.4751391,2022-10-10
519,1665446400000,5.319019951039546,1417078618.6831317,2022-10-11
520,1665532800000,5.239703176791704,1394408518.7405283,2022-10-12
521,1665619200000,5.063339409539591,1356248583.9491124,2022-10-13
522,1665705600000,5.042045021849317,1350590787.544005,2022-10-14
523,1665792000000,4.861723984880445,1301773499.7998943,2022-10-15
524,1665878400000,4.920736818884739,1322200297.5253835,2022-10-16
525,1665964800000,4.9928329031013785,1339944632.8299408,2022-10-17
526,1666051200000,5.08165565774548,1367204700.106783,2022-10-18
527,1666137600000,4.942352575877893,1327304133.839125,2022-10-19
528,1666224000000,4.808217862519286,1290249004.930493,2022-10-20
529,1666310400000,4.830274309422798,1297065602.4419644,2022-10-21
530,1666396800000,4.896671855045528,1316344560.6488354,2022-10-22
531,1666483200000,4.9039431022312465,1314897971.8025808,2022-10-23
532,1666569600000,5.021102195661131,1351633731.714553,2022-10-24
533,1666656000000,4.826119789933846,1293159703.358013,2022-10-25
534,1666742400000,5.030843645051265,1352517176.9131155,2022-10-26
535,1666828800000,5.105153743252632,1372049939.346538,2022-10-27
536,1666915200000,5.06186053978471,1361505858.3318164,2022-10-28
537,1667001600000,5.190036394164202,1394184855.644507,2022-10-29
538,1667088000000,5.402067868743928,1447947975.1691716,2022-10-30
539,1667174400000,5.324616107112205,1427131121.0866518,2022-10-31
540,1667260800000,5.286517356484838,1421918866.4579964,2022-11-01
541,1667347200000,5.17236703181902,1392572669.8021939,2022-11-02
542,1667433600000,4.94001750078813,1326307977.2236242,2022-11-03
543,1667520000000,5.3727295841499245,1442664803.9505897,2022-11-04
544,1667606400000,5.619234340505665,1510752530.5413435,2022-11-05
545,1667692800000,5.564581734253091,1497713220.7959619,2022-11-06
546,1667779200000,5.1944180672746665,1401148361.5699697,2022-11-07
547,1667865600000,5.183021810729524,1392904188.716316,2022-11-08
548,1667952000000,4.367435204580202,1183121502.2227466,2022-11-09
549,1668038400000,3.6307429181907747,979654733.3218378,2022-11-10
550,1668124800000,4.264879009773271,1166050839.0399497,2022-11-11
551,1668211200000,4.026326639090809,1092432542.4738958,2022-11-12
552,1668297600000,3.814065273259249,1037395320.197652,2022-11-13
553,1668384000000,3.949774161523714,1073073479.3579352,2022-11-14
554,1668470400000,3.9266091703670982,1075657711.9393315,2022-11-15
555,1668556800000,3.9762996717319323,1090209527.8947122,2022-11-16
556,1668643200000,3.8764934536977704,1057252041.9545996,2022-11-17
557,1668729600000,3.7613167093104387,1030665706.7020282,2022-11-18
558,1668816000000,3.8403117964407127,1052405627.9776545,2022-11-19
559,1668902400000,3.972481702777564,1090394021.894879,2022-11-20
