,Time,open,mktcap,Date
0,1588896000000,0.009000060248897141,3433834.5229673223,2020-05-08
1,1588982400000,0.0065769678874532285,2608909.194302092,2020-05-09
2,1589068800000,0.005990246114454914,2378059.3015760067,2020-05-10
3,1589155200000,0.006126176641001615,2386791.5513685923,2020-05-11
4,1589241600000,0.007078384599834505,2803342.246464591,2020-05-12
5,1589328000000,0.009078323117901905,3596707.4831659105,2020-05-13
6,1589414400000,0.008255983557395008,3230757.359213971,2020-05-14
7,1589500800000,0.00840212765328467,3347647.1376691456,2020-05-15
8,1589587200000,0.008124863526603797,3188576.8888619835,2020-05-16
9,1589673600000,0.007028638982416824,2793071.156148046,2020-05-17
10,1589760000000,0.00603371971018332,2370848.195525903,2020-05-18
11,1589846400000,0.007027680672947461,2777651.7735894504,2020-05-19
12,1589932800000,0.00777020898069881,3069285.8898643325,2020-05-20
13,1590019200000,0.007464224112002629,2943295.6622232865,2020-05-21
14,1590105600000,0.007074681527784264,2801573.8850025684,2020-05-22
15,1590192000000,0.00771473366386341,6141892.338143257,2020-05-23
16,1590278400000,0.007870461616862808,6298531.88867308,2020-05-24
17,1590364800000,0.007911013779200329,6288509.463116899,2020-05-25
18,1590451200000,0.00787067713615693,6246217.672447817,2020-05-26
19,1590537600000,0.007837348171812922,6355318.355715122,2020-05-27
20,1590624000000,0.007943675055131277,6324308.079920003,2020-05-28
21,1590710400000,0.007823460065642504,6231446.818669555,2020-05-29
22,1590796800000,0.007783263154220669,6111977.630600309,2020-05-30
23,1590883200000,0.0077329117609872084,6197269.962479883,2020-05-31
24,1590969600000,0.007684028152453517,6198314.262708545,2020-06-01
25,1591056000000,0.0076330958560252935,6083529.574984998,2020-06-02
26,1591142400000,0.007705148742858598,6095090.498835851,2020-06-03
27,1591228800000,0.007534684579365031,5916686.808829388,2020-06-04
28,1591315200000,0.007450344129323686,5891003.640551699,2020-06-05
29,1591401600000,0.007314635165173999,5867241.100921433,2020-06-06
30,1591488000000,0.007887905439945773,6292967.876810233,2020-06-07
31,1591574400000,0.007926306944674135,6309854.087284962,2020-06-08
32,1591660800000,0.007632065786846964,6118178.695347492,2020-06-09
33,1591747200000,0.007606624464749738,5940243.287590826,2020-06-10
34,1591833600000,0.007218243528538206,5744377.059180148,2020-06-11
35,1591920000000,0.006046603139661175,4814437.919909193,2020-06-12
36,1592006400000,0.0061373873323544,4875600.049919611,2020-06-13
37,1592092800000,0.006128147886529997,4871570.777708907,2020-06-14
38,1592179200000,0.00584500030485196,4653855.503635804,2020-06-15
39,1592265600000,0.005900326295000271,4700464.095061753,2020-06-16
40,1592352000000,0.005410843988733222,4263072.580921734,2020-06-17
41,1592438400000,0.005522691961799942,7914127.626337707,2020-06-18
42,1592524800000,0.005055173819597245,7253775.491865125,2020-06-19
43,1592611200000,0.005096271889491635,7307289.448747581,2020-06-20
44,1592697600000,0.005118251762966549,7352051.808746865,2020-06-21
45,1592784000000,0.005140777294737386,7371103.524059201,2020-06-22
46,1592870400000,0.005099607204449866,7312751.509561681,2020-06-23
47,1592956800000,0.005794589000534279,8305339.068605477,2020-06-24
48,1593043200000,0.005376168558564785,7714949.135450324,2020-06-25
49,1593129600000,0.005332596854234316,7650818.001874882,2020-06-26
50,1593216000000,0.0053296787016602586,7641959.806375562,2020-06-27
51,1593302400000,0.0051751847378605255,7428320.1731283795,2020-06-28
52,1593388800000,0.00511795082633611,7336101.747403998,2020-06-29
53,1593475200000,0.005323569240816096,7632918.170161682,2020-06-30
54,1593561600000,0.005195044842392413,7458390.311069038,2020-07-01
55,1593648000000,0.005203192738801383,7398581.9624247365,2020-07-02
56,1593734400000,0.007064373554788935,10178542.7903837,2020-07-03
57,1593820800000,0.007768132669236117,11132298.7540059,2020-07-04
58,1593907200000,0.006584475979140826,9442487.869188335,2020-07-05
59,1593993600000,0.006752682031951547,9662093.192948343,2020-07-06
60,1594080000000,0.007430697899848502,10654456.829024488,2020-07-07
61,1594166400000,0.007100856248339608,10187242.989497181,2020-07-08
62,1594252800000,0.006996262522100743,10008118.883015757,2020-07-09
63,1594339200000,0.007059962255905456,10156770.438268617,2020-07-10
64,1594425600000,0.0069132675256385135,9870733.417676613,2020-07-11
65,1594512000000,0.006944389586136192,9931732.708665203,2020-07-12
66,1594598400000,0.007376983300910138,10586458.511747904,2020-07-13
67,1594684800000,0.006961621481987772,9986808.305701349,2020-07-14
68,1594771200000,0.007278538145204603,10444343.751793398,2020-07-15
69,1594857600000,0.007090697038427257,10150967.073444538,2020-07-16
70,1594944000000,0.006766850852990097,9666359.125329206,2020-07-17
71,1595030400000,0.006932961118703407,9937921.100798488,2020-07-18
72,1595116800000,0.007186630060898558,10294464.678737791,2020-07-19
73,1595203200000,0.00742786821533294,10705217.958257288,2020-07-20
74,1595289600000,0.00839107736792332,12037055.768639157,2020-07-21
75,1595376000000,0.008907680536656092,12750888.63589807,2020-07-22
76,1595462400000,0.008734445529925165,12546002.38429834,2020-07-23
77,1595548800000,0.008101200201864838,11568647.623037575,2020-07-24
78,1595635200000,0.011158147704305918,15976868.071690567,2020-07-25
79,1595721600000,0.01264665391185377,18112385.231785953,2020-07-26
80,1595808000000,0.014131195867995022,20245028.64218866,2020-07-27
81,1595894400000,0.012054123274480561,17321163.886874046,2020-07-28
82,1595980800000,0.011747371129616636,16864140.576317407,2020-07-29
83,1596067200000,0.011607174492101201,16668596.720850224,2020-07-30
84,1596153600000,0.013286926812102279,19067874.357894033,2020-07-31
85,1596240000000,0.012632658368912834,18146839.088446874,2020-08-01
86,1596326400000,0.013271908189892996,19056183.930485353,2020-08-02
87,1596412800000,0.017026177233970277,24402646.731965218,2020-08-03
88,1596499200000,0.02295082328482795,32774521.058082458,2020-08-04
89,1596585600000,0.02198907464431368,31508193.1571483,2020-08-05
90,1596672000000,0.02400112117009363,34370820.82762336,2020-08-06
91,1596758400000,0.030677262208880087,43996468.8391606,2020-08-07
92,1596844800000,0.034992041266096625,50084794.47738943,2020-08-08
93,1596931200000,0.05183307592320881,74704770.35762882,2020-08-09
94,1597017600000,0.047048055353793014,67399446.45179726,2020-08-10
95,1597104000000,0.07110393964044637,101644464.96041347,2020-08-11
96,1597190400000,0.06852389420029265,98055532.45166008,2020-08-12
97,1597276800000,0.07686423613281078,110262311.08644858,2020-08-13
98,1597363200000,0.06989029287111172,99040164.22339615,2020-08-14
99,1597449600000,0.07191003652495331,102857694.4180681,2020-08-15
100,1597536000000,0.07093057723208739,102068294.86091337,2020-08-16
101,1597622400000,0.07350550308661362,105923914.68630122,2020-08-17
102,1597708800000,0.07383178808975908,106783683.4883053,2020-08-18
103,1597795200000,0.06747915993961436,96607144.85261421,2020-08-19
104,1597881600000,0.059792088199540634,85706704.6876882,2020-08-20
105,1597968000000,0.061154306332367056,87460960.63894285,2020-08-21
106,1598054400000,0.04769499956784734,68325634.51118286,2020-08-22
107,1598140800000,0.05022564606383611,72019256.60472725,2020-08-23
108,1598227200000,0.05366281013263787,76992753.97170126,2020-08-24
109,1598313600000,0.06387494521456014,90854864.95225905,2020-08-25
110,1598400000000,0.05585891150111941,80089115.87137274,2020-08-26
111,1598486400000,0.059178891157391125,84768382.52780332,2020-08-27
112,1598572800000,0.054563035592525115,78243807.42367433,2020-08-28
113,1598659200000,0.05686425786322986,81581442.80138627,2020-08-29
114,1598745600000,0.05421435826635815,77500610.3897372,2020-08-30
115,1598832000000,0.05922762433528031,86018531.34409535,2020-08-31
116,1598918400000,0.058919953514187696,84481154.43598993,2020-09-01
117,1599004800000,0.05728406805970241,83241125.5929039,2020-09-02
118,1599091200000,0.06077087325207551,86772581.6057232,2020-09-03
119,1599177600000,0.05711335062500149,82608192.81131235,2020-09-04
120,1599264000000,0.04929101610090351,70513949.55890012,2020-09-05
121,1599350400000,0.037682607471504814,53023863.174128115,2020-09-06
122,1599436800000,0.04014388389112095,57565643.38543596,2020-09-07
123,1599523200000,0.03961192056029512,56893451.80723365,2020-09-08
124,1599609600000,0.03965314553439962,56779925.84275733,2020-09-09
125,1599696000000,0.041073518056274724,58562025.09456947,2020-09-10
126,1599782400000,0.04302527815635004,61528752.297449045,2020-09-11
127,1599868800000,0.04204172922893012,60327641.08609001,2020-09-12
128,1599955200000,0.04109488539506664,58868725.14821672,2020-09-13
129,1600041600000,0.03901279155227471,55915185.117030464,2020-09-14
130,1600128000000,0.03913479163479451,56079916.31631433,2020-09-15
131,1600214400000,0.037374786521972785,53616355.252815545,2020-09-16
132,1600300800000,0.041104165619686724,59076102.47132289,2020-09-17
133,1600387200000,0.04336160325003765,61333350.14370683,2020-09-18
134,1600473600000,0.04349941076954804,62347669.33382175,2020-09-19
135,1600560000000,0.04355984626294842,62539135.81783367,2020-09-20
136,1600646400000,0.0413896528542005,59191073.201098934,2020-09-21
137,1600732800000,0.03812895022064412,54796400.22542782,2020-09-22
138,1600819200000,0.03730844572465224,53457851.31329418,2020-09-23
139,1600905600000,0.036167884435473314,51942637.91539397,2020-09-24
140,1600992000000,0.03869163315575594,55406290.57812072,2020-09-25
141,1601078400000,0.03972851534654088,56997277.94769105,2020-09-26
142,1601164800000,0.03941730750374374,56627584.438999124,2020-09-27
143,1601251200000,0.038488760589739456,55166968.87937104,2020-09-28
144,1601337600000,0.03825202980145233,54829652.7225428,2020-09-29
145,1601424000000,0.03784065740750485,54301137.33949064,2020-09-30
146,1601510400000,0.035456409436329106,50866273.34149168,2020-10-01
147,1601596800000,0.03455422056429901,49546378.363027565,2020-10-02
148,1601683200000,0.03367892172039385,48363699.20987509,2020-10-03
149,1601769600000,0.033375804542911204,47989101.81579375,2020-10-04
150,1601856000000,0.03279613309384506,46984955.59507254,2020-10-05
151,1601942400000,0.032870041962860544,47114408.05300207,2020-10-06
152,1602028800000,0.029236896830429557,42203192.58760503,2020-10-07
153,1602115200000,0.027760054257073032,39866410.245003216,2020-10-08
154,1602201600000,0.028803399596697556,41265053.41779641,2020-10-09
155,1602288000000,0.029907967206313172,42886614.328715906,2020-10-10
156,1602374400000,0.029500302720929225,42308078.63147733,2020-10-11
157,1602460800000,0.028837609765614485,41439048.519425176,2020-10-12
158,1602547200000,0.02955708020372476,42534932.354672156,2020-10-13
159,1602633600000,0.028918218817326088,41454195.545909725,2020-10-14
160,1602720000000,0.028059359826342074,40220117.093775585,2020-10-15
161,1602806400000,0.02757382583977898,39403925.51696203,2020-10-16
162,1602892800000,0.026113995313849947,37514507.34464966,2020-10-17
163,1602979200000,0.025900463483894482,37129341.34493489,2020-10-18
164,1603065600000,0.02612235794539526,37340806.4084396,2020-10-19
165,1603152000000,0.026581965963768342,38119175.5669867,2020-10-20
166,1603238400000,0.02529168495155889,36260179.933505505,2020-10-21
167,1603324800000,0.02557735638958454,36523937.58276742,2020-10-22
168,1603411200000,0.026037233060359894,37338881.085104935,2020-10-23
169,1603497600000,0.025608748746038416,36699726.13651565,2020-10-24
170,1603584000000,0.025864691439961143,37108180.64889964,2020-10-25
171,1603670400000,0.026529327833703716,38005664.061631605,2020-10-26
172,1603756800000,0.026274468550298417,37647743.02888493,2020-10-27
173,1603843200000,0.026154566047406853,37492124.994792536,2020-10-28
174,1603929600000,0.02562381242834194,36778396.350457236,2020-10-29
175,1604016000000,0.02443536499236585,35020700.8968385,2020-10-30
176,1604102400000,0.022105021157313956,31717156.39554903,2020-10-31
177,1604188800000,0.022326026465049054,31999258.76418736,2020-11-01
178,1604275200000,0.02205190231001814,31618082.439420484,2020-11-02
179,1604361600000,0.019896517391643862,28553329.99739533,2020-11-03
180,1604448000000,0.018922803609778396,27135269.024615183,2020-11-04
181,1604534400000,0.018292601006111835,26209809.391220015,2020-11-05
182,1604620800000,0.018400204232271143,26335932.58779552,2020-11-06
183,1604707200000,0.019712568242742676,28160841.558592714,2020-11-07
184,1604793600000,0.019628368203911797,28137660.99904343,2020-11-08
185,1604880000000,0.020446848036721327,29325218.24591766,2020-11-09
186,1604966400000,0.01972509303233446,28221304.525286295,2020-11-10
187,1605052800000,0.020225009645396263,28970435.645585872,2020-11-11
188,1605139200000,0.020449840049935653,29316780.685034662,2020-11-12
189,1605225600000,0.019967610162097218,28615654.294851195,2020-11-13
190,1605312000000,0.020364547879884818,29032778.995592587,2020-11-14
191,1605398400000,0.01992387942417077,28576355.968809776,2020-11-15
192,1605484800000,0.023119851041316964,33132844.218057375,2020-11-16
193,1605571200000,0.02270768627176012,32449053.52109542,2020-11-17
194,1605657600000,0.023000137613230606,32949141.921435293,2020-11-18
195,1605744000000,0.021980014818837743,31540321.712329753,2020-11-19
196,1605830400000,0.02149939171606752,30772690.865615908,2020-11-20
197,1605916800000,0.02271451527828081,32579081.05871182,2020-11-21
198,1606003200000,0.025125889819255395,36006574.839252666,2020-11-22
199,1606089600000,0.023301645289644964,33522025.274604794,2020-11-23
200,1606176000000,0.02449264016422499,34834675.04881232,2020-11-24
201,1606262400000,0.02582645973410013,37064231.97178021,2020-11-25
202,1606348800000,0.025443948189657718,36275774.079606995,2020-11-26
203,1606435200000,0.02153726386920965,30764096.923872475,2020-11-27
204,1606521600000,0.02135163787349594,30574614.271336112,2020-11-28
205,1606608000000,0.02188748701713523,31333030.752504997,2020-11-29
206,1606694400000,0.021919122084153756,31399671.617843542,2020-11-30
207,1606780800000,0.02327070575320729,33364809.950055692,2020-12-01
208,1606867200000,0.029304804707534902,41753121.746714726,2020-12-02
209,1606953600000,0.028889777433046184,41412240.89907254,2020-12-03
210,1607040000000,0.028388964021857525,40574148.030184925,2020-12-04
211,1607126400000,0.02564550418005766,36766158.38571705,2020-12-05
212,1607212800000,0.027233433941177887,39039049.720919006,2020-12-06
213,1607299200000,0.02966238553910106,42606506.80049677,2020-12-07
214,1607385600000,0.02840217334487865,40808193.83864315,2020-12-08
215,1607472000000,0.025397013081223833,36575666.62046233,2020-12-09
216,1607558400000,0.02699010852500238,38638765.27530606,2020-12-10
217,1607644800000,0.02587478689943445,37071860.16195155,2020-12-11
218,1607731200000,0.02535758482333492,36315045.112945884,2020-12-12
219,1607817600000,0.025824015384331517,37052082.34336269,2020-12-13
220,1607904000000,0.025956803337406305,37210729.17046115,2020-12-14
221,1607990400000,0.025634158513234265,36698932.93254107,2020-12-15
222,1608076800000,0.026111638128778526,37424017.21297075,2020-12-16
223,1608163200000,0.026393934710585966,37813998.05692434,2020-12-17
224,1608249600000,0.02643137760891105,37866620.02044852,2020-12-18
225,1608336000000,0.027509022365268716,39311354.7345436,2020-12-19
226,1608422400000,0.027393760142093375,39291897.7321349,2020-12-20
227,1608508800000,0.02760893336031858,39752317.57305845,2020-12-21
228,1608595200000,0.025686449541102295,36939147.3503426,2020-12-22
229,1608681600000,0.02532273278992089,36311116.48722313,2020-12-23
230,1608768000000,0.021206019669975224,30564374.609120738,2020-12-24
231,1608854400000,0.023575152314954207,33609493.14848719,2020-12-25
232,1608940800000,0.02314371801533245,33026320.233005047,2020-12-26
233,1609027200000,0.022911146497843045,32797295.875114184,2020-12-27
234,1609113600000,0.023202509013533736,33403190.902924906,2020-12-28
235,1609200000000,0.024742507593383586,35293776.72421485,2020-12-29
236,1609286400000,0.02314140187998422,33159912.55362009,2020-12-30
237,1609372800000,0.022577942423943058,32241630.8480832,2020-12-31
238,1609459200000,0.022189775076821402,31815973.713444773,2021-01-01
239,1609545600000,0.022801154342257716,32617610.09968233,2021-01-02
240,1609632000000,0.0236328493909562,33818621.86455359,2021-01-03
241,1609718400000,0.024368199016516476,35094260.2781534,2021-01-04
242,1609804800000,0.023607609423077037,33915081.06152665,2021-01-05
243,1609891200000,0.02352489420335884,33640596.3022252,2021-01-06
244,1609977600000,0.024675739696264794,35381309.36348927,2021-01-07
245,1610064000000,0.024627592208627414,35080597.813861445,2021-01-08
246,1610150400000,0.02702828017760297,38671854.46133474,2021-01-09
247,1610236800000,0.028147153424781888,40522107.50138766,2021-01-10
248,1610323200000,0.02664724698357003,38205766.26243244,2021-01-11
249,1610409600000,0.023388419946235913,33427826.007722158,2021-01-12
250,1610496000000,0.02414774410514849,34453512.022567466,2021-01-13
251,1610582400000,0.025248663078532397,36045553.97772899,2021-01-14
252,1610668800000,0.02596331751994172,36776276.685632676,2021-01-15
253,1610755200000,0.028340247920394204,40732287.30237017,2021-01-16
254,1610841600000,0.02802442292360971,39921937.37013187,2021-01-17
255,1610928000000,0.027858017174858727,40121215.28901864,2021-01-18
256,1611014400000,0.03017362330363384,43179473.59547575,2021-01-19
257,1611100800000,0.02884097695264421,41324361.01185693,2021-01-20
258,1611187200000,0.028488522379354637,40591350.37323356,2021-01-21
259,1611273600000,0.025929942401146235,37196642.58405193,2021-01-22
260,1611360000000,0.027049205625863743,38771341.52420684,2021-01-23
261,1611446400000,0.02801854328212224,39920836.85708732,2021-01-24
262,1611532800000,0.029287606761898108,42047827.75083437,2021-01-25
263,1611619200000,0.0304718865081636,43480256.966574036,2021-01-26
264,1611705600000,0.029515277419518083,42354965.189517535,2021-01-27
265,1611792000000,0.027774395672864015,39433726.02996783,2021-01-28
266,1611878400000,0.030921854549671147,44584758.81844024,2021-01-29
267,1611964800000,0.03043215840263164,43630608.047115475,2021-01-30
268,1612051200000,0.03068861751723634,43664035.89020685,2021-01-31
269,1612137600000,0.03075681146517432,43951151.33842617,2021-02-01
270,1612224000000,0.032721949912028106,46803930.47300565,2021-02-02
271,1612310400000,0.03342960860887005,48088362.65832338,2021-02-03
272,1612396800000,0.03501228993487193,50086654.381533355,2021-02-04
273,1612483200000,0.034109501392825856,49104515.76378443,2021-02-05
274,1612569600000,0.03901839702087994,55208851.129020244,2021-02-06
275,1612656000000,0.036367401569958574,51951323.28851693,2021-02-07
276,1612742400000,0.037089322080216355,53335142.545239955,2021-02-08
277,1612828800000,0.041349654256332365,59393814.17908619,2021-02-09
278,1612915200000,0.04507497548231971,64643527.44779087,2021-02-10
279,1613001600000,0.044274796084727897,63359192.058702715,2021-02-11
280,1613088000000,0.05316189931628295,76226189.3346523,2021-02-12
281,1613174400000,0.05223168331181049,74901435.95797195,2021-02-13
282,1613260800000,0.05410203292121168,77841023.34899531,2021-02-14
283,1613347200000,0.04964290045008583,71205963.65285996,2021-02-15
284,1613433600000,0.04513765760629453,64789537.55020209,2021-02-16
285,1613520000000,0.049600412966471635,70973155.136545,2021-02-17
286,1613606400000,0.05207328414042665,74853259.22489156,2021-02-18
287,1613692800000,0.0606825805640194,87039761.49843037,2021-02-19
288,1613779200000,0.06607354424466719,94269970.80295269,2021-02-20
289,1613865600000,0.06514441060889307,92714596.0300793,2021-02-21
290,1613952000000,0.0667933068966468,95971940.48829465,2021-02-22
291,1614038400000,0.05781222196043924,82592304.01249923,2021-02-23
292,1614124800000,0.043413773882903184,62268170.97750331,2021-02-24
293,1614211200000,0.04765873895298221,67932531.28162505,2021-02-25
294,1614297600000,0.045169873118142925,65317743.22736678,2021-02-26
295,1614384000000,0.0454611343471533,64496586.43556726,2021-02-27
296,1614470400000,0.04901547977713663,69908376.64245632,2021-02-28
297,1614556800000,0.04426317059089482,63777578.888433754,2021-03-01
298,1614643200000,0.04824377554976849,69138653.56825657,2021-03-02
299,1614729600000,0.046998452651732886,67399006.90515597,2021-03-03
300,1614816000000,0.052138228797570206,74910616.7071681,2021-03-04
301,1614902400000,0.0538883538804184,77252624.45178775,2021-03-05
302,1614988800000,0.05844008298582521,83601576.06698315,2021-03-06
303,1615075200000,0.057165300922514733,81713035.14702344,2021-03-07
304,1615161600000,0.05767556422810052,82617932.9188485,2021-03-08
305,1615248000000,0.058943399021859945,84444643.17466384,2021-03-09
306,1615334400000,0.060796199984519225,86712778.73751302,2021-03-10
307,1615420800000,0.05860461559859863,84155769.9078199,2021-03-11
308,1615507200000,0.05831015860511375,83239101.69089758,2021-03-12
309,1615593600000,0.05692264612450105,81717428.95109652,2021-03-13
310,1615680000000,0.06468213790586583,92939877.00778724,2021-03-14
311,1615766400000,0.07207374205642167,104074365.64223571,2021-03-15
312,1615852800000,0.06926129722806018,99495506.54078631,2021-03-16
313,1615939200000,0.07024100850037644,100255186.81538683,2021-03-17
314,1616025600000,0.09657243275551744,139276325.41206342,2021-03-18
315,1616112000000,0.08711802355006305,125106272.16084947,2021-03-19
316,1616198400000,0.09224802915698992,132581683.70247488,2021-03-20
317,1616284800000,0.09945332516863188,143243664.94007203,2021-03-21
318,1616371200000,0.10590852169776757,150866300.1842116,2021-03-22
319,1616457600000,0.09390895510881297,136239105.28951466,2021-03-23
320,1616544000000,0.09261805799184353,131913011.63101053,2021-03-24
321,1616630400000,0.08156878114898726,118921219.17708729,2021-03-25
322,1616716800000,0.07823186460456524,112168194.40177466,2021-03-26
323,1616803200000,0.08995166263707147,128436634.15810134,2021-03-27
324,1616889600000,0.09345197323762919,134298170.08634242,2021-03-28
325,1616976000000,0.09275771754090996,132683422.72068202,2021-03-29
326,1617062400000,0.09433050752184263,135358484.5450219,2021-03-30
327,1617148800000,0.09945641342021698,142045970.44327396,2021-03-31
328,1617235200000,0.13314153148559632,192249126.94355333,2021-04-01
329,1617321600000,0.12649365998649525,181926678.9924053,2021-04-02
330,1617408000000,0.13004514267978656,186188349.14726043,2021-04-03
331,1617494400000,0.1343111706637762,193402263.29931784,2021-04-04
332,1617580800000,0.17433720028513733,247981657.30320713,2021-04-05
333,1617667200000,0.16819154642929826,250447241.57975104,2021-04-06
334,1617753600000,0.1528995435573414,219547056.49062744,2021-04-07
335,1617840000000,0.1274593331243355,184458570.80266967,2021-04-08
336,1617926400000,0.1441507921534204,206356328.69498765,2021-04-09
337,1618012800000,0.14207202439949274,203465135.97298148,2021-04-10
338,1618099200000,0.15201263260600023,216445783.73475125,2021-04-11
339,1618185600000,0.14281402761210948,204268998.0601801,2021-04-12
340,1618272000000,0.14300214327000565,204876848.83983037,2021-04-13
341,1618358400000,0.151071205882627,216678591.69579357,2021-04-14
342,1618444800000,0.1496446282110914,214991530.5888589,2021-04-15
343,1618531200000,0.18275009806755388,262782087.73832116,2021-04-16
344,1618617600000,0.17282367419860664,249094985.12636456,2021-04-17
345,1618704000000,0.1693360714806456,242051413.84118134,2021-04-18
346,1618790400000,0.1589812923436255,227959077.10784227,2021-04-19
347,1618876800000,0.14090352310847268,203584763.51240218,2021-04-20
348,1618963200000,0.13861694405114125,199305421.6885287,2021-04-21
349,1619049600000,0.13041748863558475,188323641.20110896,2021-04-22
350,1619136000000,0.11026314767023167,160178853.7205955,2021-04-23
351,1619222400000,0.10685254973772113,153280380.75936136,2021-04-24
352,1619308800000,0.10243571616573362,148046308.04989496,2021-04-25
353,1619395200000,0.10312597784565129,147649215.6089531,2021-04-26
354,1619481600000,0.12080795987739561,172821556.17613477,2021-04-27
355,1619568000000,0.12760412837118298,182536310.7033203,2021-04-28
356,1619654400000,0.123462399291585,176979450.5368254,2021-04-29
357,1619740800000,0.1224678318377398,175345586.27678493,2021-04-30
358,1619827200000,0.13136670412588689,189322824.84467557,2021-05-01
359,1619913600000,0.13132087978567744,188192938.81772673,2021-05-02
360,1620000000000,0.1285008210004093,183704158.03521082,2021-05-03
361,1620086400000,0.1334910923774053,191717026.5659754,2021-05-04
362,1620172800000,0.12044085784350358,173597876.85298026,2021-05-05
363,1620259200000,0.1395561352684336,199282739.14375818,2021-05-06
364,1620345600000,0.1458826750510622,209151716.22183162,2021-05-07
365,1620432000000,0.14421838831151862,206672811.22197497,2021-05-08
366,1620518400000,0.13841661358026744,198230877.4435934,2021-05-09
367,1620604800000,0.13517135601260766,194301732.32452992,2021-05-10
368,1620691200000,0.12032716801597025,173803757.58130226,2021-05-11
369,1620777600000,0.12896075701354803,184144331.42204815,2021-05-12
370,1620864000000,0.10994610831870721,162956022.453281,2021-05-13
371,1620950400000,0.11083817792720846,158647972.74561974,2021-05-14
372,1621036800000,0.11390704194793841,163027434.36470383,2021-05-15
373,1621123200000,0.10799837522846394,154987870.1554927,2021-05-16
374,1621209600000,0.10656710619205484,151765857.760126,2021-05-17
375,1621296000000,0.09731392664507502,141179342.6855303,2021-05-18
376,1621382400000,0.10254777070032475,146535725.31987408,2021-05-19
377,1621468800000,0.06835163979847331,98141266.8863815,2021-05-20
378,1621555200000,0.07624240159702847,109049772.7912077,2021-05-21
379,1621641600000,0.07379587299056174,105572678.28837462,2021-05-22
380,1621728000000,0.07240482295188984,103623169.55677544,2021-05-23
381,1621814400000,0.05821185908565883,83239680.94492495,2021-05-24
382,1621900800000,0.06848699680106583,97474431.66510232,2021-05-25
383,1621987200000,0.06894148830402985,98583865.11829889,2021-05-26
384,1622073600000,0.0753965467667864,107607801.73713133,2021-05-27
385,1622160000000,0.07200471885993066,103490287.5440402,2021-05-28
386,1622246400000,0.06475841977908889,93438666.79814981,2021-05-29
387,1622332800000,0.06166699297224555,89141476.19355854,2021-05-30
388,1622419200000,0.06366442251626457,91179767.47321549,2021-05-31
389,1622505600000,0.06847600059422067,98163380.58369042,2021-06-01
390,1622592000000,0.06788670083108067,97366116.22768152,2021-06-02
391,1622678400000,0.0710497935664673,101889690.91063939,2021-06-03
392,1622764800000,0.07482387581567473,107748367.71266003,2021-06-04
393,1622851200000,0.07069276055804825,101302246.36763297,2021-06-05
394,1622937600000,0.06728271396817138,96252216.12547943,2021-06-06
395,1623024000000,0.07080912464717369,101475529.37093386,2021-06-07
396,1623110400000,0.0638785132282395,92747810.27447793,2021-06-08
397,1623196800000,0.06577331939977293,94326232.03077449,2021-06-09
398,1623283200000,0.06982018588583656,100832353.23893763,2021-06-10
399,1623369600000,0.06671704864009571,95898254.40676458,2021-06-11
400,1623456000000,0.06145522804718746,88221648.91342328,2021-06-12
401,1623542400000,0.059523629374895304,85790061.62607706,2021-06-13
402,1623628800000,0.06170374540310287,87846041.47341791,2021-06-14
403,1623715200000,0.06232899752505306,89282813.1246247,2021-06-15
404,1623801600000,0.061972768662694605,88918505.2595437,2021-06-16
405,1623888000000,0.05933715932664288,84983173.32111083,2021-06-17
406,1623974400000,0.061461148279381726,87693158.30536206,2021-06-18
407,1624060800000,0.05807096048070129,83421782.06901309,2021-06-19
408,1624147200000,0.056739222685304555,81197285.40964921,2021-06-20
409,1624233600000,0.05534589102331191,79376480.04504977,2021-06-21
410,1624320000000,0.041484173422248395,59899270.3753385,2021-06-22
411,1624406400000,0.0373368362550439,53413190.829282515,2021-06-23
412,1624492800000,0.04184779320101795,59172138.97853064,2021-06-24
413,1624579200000,0.04741375298116829,68050078.1990292,2021-06-25
414,1624665600000,0.04429078195589106,63409015.49041527,2021-06-26
415,1624752000000,0.04397692311912057,63042974.262668885,2021-06-27
416,1624838400000,0.04541847987281818,65119584.656721406,2021-06-28
417,1624924800000,0.04715993829844163,67616068.6951177,2021-06-29
418,1625011200000,0.05031534813855755,72219027.43392342,2021-06-30
419,1625097600000,0.051800763634145985,74271726.82214448,2021-07-01
420,1625184000000,0.05033631894772409,72153188.012385,2021-07-02
421,1625270400000,0.05317776388031133,76103847.97465089,2021-07-03
422,1625356800000,0.05343940270733054,76601886.056078,2021-07-04
423,1625443200000,0.05406212692012014,77581705.02974313,2021-07-05
424,1625529600000,0.05200759982009275,74580236.05739683,2021-07-06
425,1625616000000,0.052703160059052616,75361078.09379283,2021-07-07
426,1625702400000,0.05563152283969013,79787830.2842652,2021-07-08
427,1625788800000,0.050369213202334756,72240162.3009668,2021-07-09
428,1625875200000,0.05200071948870876,74400963.70162933,2021-07-10
429,1625961600000,0.0507171127912722,72725196.2670222,2021-07-11
430,1626048000000,0.0509161976505629,72992317.8682018,2021-07-12
431,1626134400000,0.04945871184974682,70900266.58155918,2021-07-13
432,1626220800000,0.04718857442441686,67786440.68550341,2021-07-14
433,1626307200000,0.04851705655113941,69554629.57500693,2021-07-15
434,1626393600000,0.044837427120265935,64328197.48006865,2021-07-16
435,1626480000000,0.04246430362229831,60825585.2009243,2021-07-17
436,1626566400000,0.04244334537139919,60857231.76623439,2021-07-18
437,1626652800000,0.04238675263437603,60723151.119625986,2021-07-19
438,1626739200000,0.04013193066416054,57558931.2393809,2021-07-20
439,1626825600000,0.03733652658125394,53498053.13016323,2021-07-21
440,1626912000000,0.039736154521321405,56760550.87093499,2021-07-22
441,1626998400000,0.041058483614616816,58877172.243740916,2021-07-23
442,1627084800000,0.04165700760856953,59719269.0473899,2021-07-24
443,1627171200000,0.04179024182622476,59888027.98261386,2021-07-25
444,1627257600000,0.042186654355415416,60442445.016356125,2021-07-26
445,1627344000000,0.04259510819543209,61314408.00363252,2021-07-27
446,1627430400000,0.04448788909069242,63714744.63536087,2021-07-28
447,1627516800000,0.04509928333796468,64622348.72540872,2021-07-29
448,1627603200000,0.04899360110541738,70311745.57239424,2021-07-30
449,1627689600000,0.05046229824485102,72398974.10846776,2021-07-31
450,1627776000000,0.053621684804461396,76955068.58190508,2021-08-01
451,1627862400000,0.0525184945490829,75253804.38498418,2021-08-02
452,1627948800000,0.052660156678219966,75591188.55308999,2021-08-03
453,1628035200000,0.0510387178277118,73203293.24117975,2021-08-04
454,1628121600000,0.05373324500468143,77283367.16261892,2021-08-05
455,1628208000000,0.05691687361766344,81493807.00871097,2021-08-06
456,1628294400000,0.05814989029609513,83386542.13306929,2021-08-07
457,1628380800000,0.06116949648248479,87714988.2652166,2021-08-08
458,1628467200000,0.05878346472623883,84308351.31615053,2021-08-09
459,1628553600000,0.06194212526305524,87424988.63050061,2021-08-10
460,1628640000000,0.062118849646244784,88714530.23400596,2021-08-11
461,1628726400000,0.06640049145866753,94495207.49340774,2021-08-12
462,1628812800000,0.06580897955638458,94337395.25891764,2021-08-13
463,1628899200000,0.07064626580036738,101294320.78171277,2021-08-14
464,1628985600000,0.07185392676915171,102882988.49364462,2021-08-15
465,1629072000000,0.07221839364465812,103524187.86225417,2021-08-16
466,1629158400000,0.07173387046772164,104166832.38091618,2021-08-17
467,1629244800000,0.06718635800859059,96972041.48346172,2021-08-18
468,1629331200000,0.06608800015594124,94807934.22511606,2021-08-19
469,1629417600000,0.06702416006417548,95851501.41669445,2021-08-20
470,1629504000000,0.07073063950365482,101326449.99848725,2021-08-21
471,1629590400000,0.06954039691550092,99863370.69264035,2021-08-22
472,1629676800000,0.07055309695745787,101431362.39072438,2021-08-23
473,1629763200000,0.07450227392990542,106933732.79434642,2021-08-24
474,1629849600000,0.07069700012180277,101437492.41411148,2021-08-25
475,1629936000000,0.07408217065723137,106266236.40230025,2021-08-26
476,1630022400000,0.06915959839768264,99261506.84633994,2021-08-27
477,1630108800000,0.07188102674730021,103039455.30679594,2021-08-28
478,1630195200000,0.07083411456871962,101520070.20822923,2021-08-29
479,1630281600000,0.07399938803292444,105983369.06535001,2021-08-30
480,1630368000000,0.0708753588568411,101579448.57507114,2021-08-31
481,1630454400000,0.07291573699272706,104403560.08204032,2021-09-01
482,1630540800000,0.0786777881926317,112828251.10512976,2021-09-02
483,1630627200000,0.08321865920583019,119266938.87643954,2021-09-03
484,1630713600000,0.08593595297245077,123034341.63200304,2021-09-04
485,1630800000000,0.08753059580788147,125648012.68968654,2021-09-05
486,1630886400000,0.09104430490375065,130384808.91141814,2021-09-06
487,1630972800000,0.09259455905408757,132965463.12289023,2021-09-07
488,1631059200000,0.07537722841684029,107959155.67424273,2021-09-08
489,1631145600000,0.08001753246720673,114886580.39282246,2021-09-09
490,1631232000000,0.08383184925146539,120211899.64082071,2021-09-10
491,1631318400000,0.07902535683567512,113243418.14916751,2021-09-11
492,1631404800000,0.08261707137303645,117610472.26850688,2021-09-12
493,1631491200000,0.0911889013057323,131010998.65102378,2021-09-13
494,1631577600000,0.08414477259027467,120201054.06647253,2021-09-14
495,1631664000000,0.09321533896955013,133357828.69553472,2021-09-15
496,1631750400000,0.09382996250381702,134484443.16702875,2021-09-16
497,1631836800000,0.09842771766947367,141114868.38339671,2021-09-17
498,1631923200000,0.08878418741568006,127835544.73479438,2021-09-18
499,1632009600000,0.09019002810332995,129578062.5440807,2021-09-19
500,1632096000000,0.0856493526219425,122516696.09453525,2021-09-20
501,1632182400000,0.0734779321991189,104821563.25441858,2021-09-21
502,1632268800000,0.06709047448004397,95677291.12697893,2021-09-22
503,1632355200000,0.07454260997500618,106755411.02215812,2021-09-23
504,1632441600000,0.0753700735571676,108076114.93727136,2021-09-24
505,1632528000000,0.06815336702038083,97840027.46158354,2021-09-25
506,1632614400000,0.0672047798586534,96338727.79270144,2021-09-26
507,1632700800000,0.06381430895835738,91503076.2237563,2021-09-27
508,1632787200000,0.06184915814679016,89230881.88257165,2021-09-28
509,1632873600000,0.05819007113972,83777646.96931642,2021-09-29
510,1632960000000,0.05979929128591532,85723586.6367248,2021-09-30
511,1633046400000,0.064358821351272,92272472.57720523,2021-10-01
512,1633132800000,0.06918719928875323,99129444.29503897,2021-10-02
513,1633219200000,0.06906643021284617,98968467.03481732,2021-10-03
514,1633305600000,0.07092497921813536,101727124.47913124,2021-10-04
515,1633392000000,0.06921969318194453,99431116.79414065,2021-10-05
516,1633478400000,0.07564128236629618,108498476.25356306,2021-10-06
517,1633564800000,0.07546649893177729,107537865.61197832,2021-10-07
518,1633651200000,0.0792485238102196,113569317.8222283,2021-10-08
519,1633737600000,0.0852161836781125,122144026.63849571,2021-10-09
520,1633824000000,0.09181740628440199,131874886.55230388,2021-10-10
521,1633910400000,0.08399742295640583,120476283.11820783,2021-10-11
522,1633996800000,0.08023180343150016,114393328.14316683,2021-10-12
523,1634083200000,0.07633235881535277,109511475.89324057,2021-10-13
524,1634169600000,0.07943687030367955,113883873.24552171,2021-10-14
525,1634256000000,0.079143717973379,113403316.23062687,2021-10-15
526,1634342400000,0.07628394513830171,109406094.69063514,2021-10-16
527,1634428800000,0.07632245342841029,109586219.22543053,2021-10-17
528,1634515200000,0.07734467679737,110696598.76147933,2021-10-18
529,1634601600000,0.07472210644709575,107545246.00049388,2021-10-19
530,1634688000000,0.07724303983129571,109940074.99569066,2021-10-20
531,1634774400000,0.08483204161104274,121848559.3765008,2021-10-21
532,1634860800000,0.08001067002474102,115053057.96394725,2021-10-22
533,1634947200000,0.08051372492237874,115453339.69675799,2021-10-23
534,1635033600000,0.0839902237445663,120528061.8610633,2021-10-24
535,1635120000000,0.08064585931300276,115548085.0740312,2021-10-25
536,1635206400000,0.08327191638946095,119326999.1400505,2021-10-26
537,1635292800000,0.08216949937613315,117276909.1501785,2021-10-27
538,1635379200000,0.07231455819694477,103681892.88235836,2021-10-28
539,1635465600000,0.07673690010925072,110015843.83452135,2021-10-29
540,1635552000000,0.07950223394750384,113700973.09558898,2021-10-30
541,1635638400000,0.08436280117054605,121005119.26251419,2021-10-31
542,1635724800000,0.08649150158964797,124165384.02087937,2021-11-01
543,1635811200000,0.0841483143091255,120325891.96852168,2021-11-02
544,1635897600000,0.08761452672454555,124733085.78906085,2021-11-03
545,1635984000000,0.08493683885915723,122074474.03587006,2021-11-04
546,1636070400000,0.08423807139720244,119453857.00259423,2021-11-05
547,1636156800000,0.08372791579375954,119805683.5839186,2021-11-06
548,1636243200000,0.08262963746588121,118098303.69985636,2021-11-07
549,1636329600000,0.08396148330129569,120388172.83156283,2021-11-08
550,1636416000000,0.08812658504782726,126325859.0279037,2021-11-09
551,1636502400000,0.0909640671271074,130457227.62715034,2021-11-10
552,1636588800000,0.08362386455322432,119904078.18964069,2021-11-11
553,1636675200000,0.0836939458115517,120004564.20189342,2021-11-12
554,1636761600000,0.08254304631894385,118239567.4482959,2021-11-13
555,1636848000000,0.08459558406964063,121112351.75441314,2021-11-14
556,1636934400000,0.08615984104526714,123134494.87520112,2021-11-15
557,1637020800000,0.0876015688253647,125607509.46024917,2021-11-16
558,1637107200000,0.08108348692498347,116548469.00522485,2021-11-17
559,1637193600000,0.08302727005476726,118575619.01333275,2021-11-18
560,1637280000000,0.0747278027595618,106934971.30394834,2021-11-19
561,1637366400000,0.07901462963730775,113200805.68593042,2021-11-20
562,1637452800000,0.08033789908972717,115187131.38736707,2021-11-21
563,1637539200000,0.08093332615918498,116096144.63695781,2021-11-22
564,1637625600000,0.07646328874338229,109622206.51162559,2021-11-23
565,1637712000000,0.08046216766290289,115354929.85869338,2021-11-24
566,1637798400000,0.07645972957327903,109821983.58316492,2021-11-25
567,1637884800000,0.07831923644642762,112485360.91584831,2021-11-26
568,1637971200000,0.07210523234064543,103093479.02597845,2021-11-27
569,1638057600000,0.07321810158968307,104905009.77734283,2021-11-28
570,1638144000000,0.07465543259762523,107165454.60742879,2021-11-29
571,1638230400000,0.07629492420870213,109464639.39435615,2021-11-30
572,1638316800000,0.07462071789454956,107341098.78816047,2021-12-01
573,1638403200000,0.07436742793820691,543383858.2383808,2021-12-02
574,1638489600000,0.07468888036341938,545175413.8425593,2021-12-03
575,1638576000000,0.07127515874707917,519923851.66619676,2021-12-04
576,1638662400000,0.06217031453775508,454152130.2273873,2021-12-05
577,1638748800000,0.06043019812146757,440462591.27833927,2021-12-06
578,1638835200000,0.0638844028740956,466496279.53439003,2021-12-07
579,1638921600000,0.06504791450126579,474733599.8872069,2021-12-08
580,1639008000000,0.07312822200837882,533742864.7052178,2021-12-09
581,1639094400000,0.06549782606000275,482338693.62823236,2021-12-10
582,1639180800000,0.06292293360994328,460639330.03968835,2021-12-11
583,1639267200000,0.06440117806457024,469533823.5706892,2021-12-12
584,1639353600000,0.06521382926736151,476224104.67608756,2021-12-13
585,1639440000000,0.058843173869796164,429634969.9158436,2021-12-14
586,1639526400000,0.05885850135788271,428807955.7476225,2021-12-15
587,1639612800000,0.05934327981535634,432150275.76824594,2021-12-16
588,1639699200000,0.05782719166114852,420421061.9698346,2021-12-17
589,1639785600000,0.05490509805632681,399979774.7393682,2021-12-18
590,1639872000000,0.05687808158606685,415136780.2629547,2021-12-19
591,1639958400000,0.05569435631249076,407127389.61277014,2021-12-20
592,1640044800000,0.054841202563986724,400903118.7706035,2021-12-21
593,1640131200000,0.055923445162039315,408825296.97231805,2021-12-22
594,1640217600000,0.05619903645196549,409973226.5850163,2021-12-23
595,1640304000000,0.05949739872528609,434307603.1501455,2021-12-24
596,1640390400000,0.057714071238577476,421203118.8517664,2021-12-25
597,1640476800000,0.05894031408665691,430564588.80058336,2021-12-26
598,1640563200000,0.058770383104686824,428099539.4175617,2021-12-27
599,1640649600000,0.059366497320853896,434505547.27516377,2021-12-28
600,1640736000000,0.0556846158115192,407302966.0178891,2021-12-29
601,1640822400000,0.0543643243534103,396496416.3610383,2021-12-30
602,1640908800000,0.05545840008164919,404506114.11891764,2021-12-31
603,1640995200000,0.054026162732904955,395173619.2746569,2022-01-01
604,1641081600000,0.05535479586771589,402573898.2644352,2022-01-02
605,1641168000000,0.05729435151473951,418831347.3828378,2022-01-03
606,1641254400000,0.056757557447840126,414720249.5634067,2022-01-04
607,1641340800000,0.056044436238403605,414735663.87047493,2022-01-05
608,1641427200000,0.052284353047649605,382216392.8365495,2022-01-06
609,1641513600000,0.05214494174484168,381861401.85853434,2022-01-07
610,1641600000000,0.05025655547054737,367853652.2581093,2022-01-08
611,1641686400000,0.04857938248434578,356137874.9565633,2022-01-09
612,1641772800000,0.049525596901235,361925602.2292081,2022-01-10
613,1641859200000,0.04709706655946599,343534218.53980094,2022-01-11
614,1641945600000,0.048193917975421025,352753272.8802591,2022-01-12
615,1642032000000,0.050613152323639915,369570364.6965056,2022-01-13
616,1642118400000,0.04971997947015535,363177560.0338213,2022-01-14
617,1642204800000,0.05103133422448884,371718635.7815029,2022-01-15
618,1642291200000,0.05111089972450679,372701913.2412382,2022-01-16
619,1642377600000,0.05190110133842143,378395130.50933206,2022-01-17
620,1642464000000,0.05367161003330531,392494897.652301,2022-01-18
621,1642550400000,0.050213266342164456,366593799.6525902,2022-01-19
622,1642636800000,0.04959998101518761,362171933.4894238,2022-01-20
623,1642723200000,0.04796814815262372,351264706.5000341,2022-01-21
624,1642809600000,0.04249978238627171,310839767.983713,2022-01-22
625,1642896000000,0.03885011785131146,283096995.1956823,2022-01-23
626,1642982400000,0.039783158952837905,289588782.2398888,2022-01-24
627,1643068800000,0.038018857698376506,278542460.8050992,2022-01-25
628,1643155200000,0.03939406138165281,287696425.18360955,2022-01-26
629,1643241600000,0.04012063334497827,293584315.18166065,2022-01-27
630,1643328000000,0.04122977739815501,299829829.94268167,2022-01-28
631,1643414400000,0.041861234589378946,305226210.0286635,2022-01-29
632,1643500800000,0.043101988853848826,313997791.92149305,2022-01-30
633,1643587200000,0.0419998073873598,306278046.37366456,2022-01-31
634,1643673600000,0.04224766550137385,307891546.1830504,2022-02-01
635,1643760000000,0.0422867231856041,308606578.2728603,2022-02-02
636,1643846400000,0.04119583198300046,301211270.29501104,2022-02-03
637,1643932800000,0.04188525483259169,306147534.6026937,2022-02-04
638,1644019200000,0.05882540662544878,431081998.79394174,2022-02-05
639,1644105600000,0.06301553480041662,462585289.97658026,2022-02-06
640,1644192000000,0.0639989144253018,467859148.8070522,2022-02-07
641,1644278400000,0.061737723188909376,450393576.1119275,2022-02-08
642,1644364800000,0.057288627493266825,419216102.78681475,2022-02-09
643,1644451200000,0.056588902478104164,413206635.07744634,2022-02-10
644,1644537600000,0.05493800932041493,400522944.8258082,2022-02-11
645,1644624000000,0.05007768691294524,365427862.74133134,2022-02-12
646,1644710400000,0.051871892718486474,379438752.8243951,2022-02-13
647,1644796800000,0.0507018274655412,368756773.18915963,2022-02-14
648,1644883200000,0.049106831672388,358114060.6679141,2022-02-15
649,1644969600000,0.05170293576767474,377190361.07013613,2022-02-16
650,1645056000000,0.05309530554975092,387662982.7109631,2022-02-17
651,1645142400000,0.049181536403153016,358857241.21332455,2022-02-18
652,1645228800000,0.04961073326652441,364118429.85160315,2022-02-19
653,1645315200000,0.05280997581617422,384515617.54436284,2022-02-20
654,1645401600000,0.048619690065423805,354811351.4043391,2022-02-21
655,1645488000000,0.044648706928165284,326993484.952606,2022-02-22
656,1645574400000,0.0457821144332697,334073974.42168576,2022-02-23
657,1645660800000,0.04505084590640403,328870501.67515373,2022-02-24
658,1645747200000,0.04378442986408299,319882012.495154,2022-02-25
659,1645833600000,0.04591478024087611,335453409.9447594,2022-02-26
660,1645920000000,0.046612455366755234,338757827.70825815,2022-02-27
661,1646006400000,0.04453812264739402,324563994.34986633,2022-02-28
662,1646092800000,0.048176935016849116,351342793.8665319,2022-03-01
663,1646179200000,0.05133879960833759,375464245.09342176,2022-03-02
664,1646265600000,0.04916296809698154,358194172.1606315,2022-03-03
665,1646352000000,0.04814976973956026,351612230.80544025,2022-03-04
666,1646438400000,0.046435896712156116,339123968.5027692,2022-03-05
667,1646524800000,0.04748299614002773,346206154.2122276,2022-03-06
668,1646611200000,0.04567125904809487,333726334.57070875,2022-03-07
669,1646697600000,0.04488537143979267,327990605.7361324,2022-03-08
670,1646784000000,0.04735561520863034,345438878.4914092,2022-03-09
671,1646870400000,0.052284976902914684,381628745.8756296,2022-03-10
672,1646956800000,0.04919140009659445,359379561.41130203,2022-03-11
673,1647043200000,0.04938976802878941,361602199.5717699,2022-03-12
674,1647129600000,0.048621954883681595,355137248.5829973,2022-03-13
675,1647216000000,0.04712294975652151,344312814.09653395,2022-03-14
676,1647302400000,0.04975960204386873,363177846.66817594,2022-03-15
677,1647388800000,0.04875357668374096,356347574.6214711,2022-03-16
678,1647475200000,0.049784873502634726,359295220.59127605,2022-03-17
679,1647561600000,0.050858456689862434,370831328.66210294,2022-03-18
680,1647648000000,0.051858848961001056,378260684.570088,2022-03-19
681,1647734400000,0.05238767215131713,382427012.66322,2022-03-20
682,1647820800000,0.050942652128665465,372038862.6510286,2022-03-21
683,1647907200000,0.05096885227126845,372356446.7569348,2022-03-22
684,1647993600000,0.052157158869281475,381241771.6744986,2022-03-23
685,1648080000000,0.05323848456419329,388043344.17097116,2022-03-24
686,1648166400000,0.05313071488582784,387753824.6583699,2022-03-25
687,1648252800000,0.05320918298667751,388188437.4609043,2022-03-26
688,1648339200000,0.06056947222763374,443416425.7375366,2022-03-27
689,1648425600000,0.06102438252408626,444076391.87623453,2022-03-28
690,1648512000000,0.059604937731457,433891605.569632,2022-03-29
691,1648598400000,0.05941911709317791,432684677.04244643,2022-03-30
692,1648684800000,0.082906984118789,608789021.3930438,2022-03-31
693,1648771200000,0.08389240774368706,613681075.076146,2022-04-01
694,1648857600000,0.08648233934870507,630567520.7202065,2022-04-02
695,1648944000000,0.08017895143458094,587168318.3839859,2022-04-03
696,1649030400000,0.0773888383103615,564598036.7861733,2022-04-04
697,1649116800000,0.07288112361854089,529785414.45108557,2022-04-05
698,1649203200000,0.07609760408933733,560721749.8003434,2022-04-06
699,1649289600000,0.06616788690776755,484331361.9206836,2022-04-07
700,1649376000000,0.07104777743140582,517655045.19035107,2022-04-08
701,1649462400000,0.07601107125006976,551989246.4901448,2022-04-09
702,1649548800000,0.07642722741415224,554968060.8556856,2022-04-10
703,1649635200000,0.08172432836073308,595142266.4226439,2022-04-11
704,1649721600000,0.073224803713084,535153076.828615,2022-04-12
705,1649808000000,0.07595708949690462,553427850.5348272,2022-04-13
706,1649894400000,0.07690914293866243,561708885.3277509,2022-04-14
707,1649980800000,0.07843976738029353,569633108.9447947,2022-04-15
708,1650067200000,0.07913240994910087,574067146.0268353,2022-04-16
709,1650153600000,0.07686229849485661,562590210.1797601,2022-04-17
710,1650240000000,0.0741157486230413,539810792.5827125,2022-04-18
711,1650326400000,0.07488434464894242,545521911.669921,2022-04-19
712,1650412800000,0.07500118349507949,547368610.7742902,2022-04-20
713,1650499200000,0.07272187794706488,530294237.48190916,2022-04-21
714,1650585600000,0.07264474471625815,529882843.80491865,2022-04-22
715,1650672000000,0.069948973700527,510178909.73848164,2022-04-23
716,1650758400000,0.06900276327577028,503968186.70928,2022-04-24
717,1650844800000,0.06654271184340262,486838746.03064513,2022-04-25
718,1650931200000,0.06532649752360604,476674892.19966227,2022-04-26
719,1651017600000,0.06450838582415182,469862652.5489143,2022-04-27
720,1651104000000,0.06445217066775792,470751215.07878894,2022-04-28
721,1651190400000,0.06362839781359923,463038992.14561164,2022-04-29
722,1651276800000,0.06386125810323408,465243819.60590315,2022-04-30
723,1651363200000,0.05730570382809399,416427247.26632196,2022-05-01
724,1651449600000,0.06201259131046489,454756977.02992904,2022-05-02
725,1651536000000,0.06191417831855394,453110886.4663577,2022-05-03
726,1651622400000,0.06179449771539624,449964694.5497497,2022-05-04
727,1651708800000,0.06826588282917946,497740688.2665257,2022-05-05
728,1651795200000,0.060154168615220154,439140328.33956826,2022-05-06
729,1651881600000,0.06391638520769828,467594850.6558572,2022-05-07
730,1651968000000,0.06302082675979537,461486008.0836995,2022-05-08
731,1652054400000,0.06430347201145827,469644242.0824609,2022-05-09
732,1652140800000,0.05340961125351117,392727948.20234716,2022-05-10
733,1652227200000,0.05451584269145721,395092708.71572423,2022-05-11
734,1652313600000,0.04330073927666719,308404120.32834285,2022-05-12
735,1652400000000,0.03693615868923261,269257768.0246383,2022-05-13
736,1652486400000,0.04123011915441361,302257990.9613836,2022-05-14
737,1652572800000,0.04213831888895265,306321575.3452033,2022-05-15
738,1652659200000,0.04382647969793606,318648169.96930766,2022-05-16
739,1652745600000,0.041595618060176885,303390278.7443838,2022-05-17
740,1652832000000,0.042994111287400494,313788951.8430606,2022-05-18
741,1652918400000,0.03923791083059257,286498480.6360575,2022-05-19
742,1653004800000,0.04066578651246306,296788009.27677023,2022-05-20
743,1653091200000,0.03914048637140939,285747268.8737696,2022-05-21
744,1653177600000,0.040197005581833214,293774931.08322334,2022-05-22
745,1653264000000,0.042952189574098056,312756639.8757818,2022-05-23
746,1653350400000,0.04079225983519241,298384827.9058157,2022-05-24
747,1653436800000,0.043312753249230465,316341451.647068,2022-05-25
748,1653523200000,0.04417931053806861,322548005.0013483,2022-05-26
749,1653609600000,0.04164517740229844,303463231.58717346,2022-05-27
750,1653696000000,0.039850942344107715,289513150.0993476,2022-05-28
751,1653782400000,0.040705603144322075,297560731.9288318,2022-05-29
752,1653868800000,0.04093733253714776,298686058.4051814,2022-05-30
753,1653955200000,0.043851227674987975,320284447.9153814,2022-05-31
754,1654041600000,0.04461311744014006,325741794.1099974,2022-06-01
755,1654128000000,0.04245393302322602,310577607.80941135,2022-06-02
756,1654214400000,0.044501231749925735,325776804.5507774,2022-06-03
757,1654300800000,0.04237198838334889,309065174.1985464,2022-06-04
758,1654387200000,0.04209021730365342,306612925.8543641,2022-06-05
759,1654473600000,0.042586846579789436,311002252.14066833,2022-06-06
760,1654560000000,0.04348634361490182,318651963.64194804,2022-06-07
761,1654646400000,0.04233999526973872,310217243.6029465,2022-06-08
762,1654732800000,0.04173022308441032,304950216.364045,2022-06-09
763,1654819200000,0.04136927834660205,302074081.78478634,2022-06-10
764,1654905600000,0.039093879860964846,285624493.17382634,2022-06-11
765,1654992000000,0.03681261036749082,268709732.6406372,2022-06-12
766,1655078400000,0.036328796698586116,267588836.39856535,2022-06-13
767,1655164800000,0.029470133906056913,214519407.97411254,2022-06-14
768,1655251200000,0.027847517094028187,203640831.0369167,2022-06-15
769,1655337600000,0.028694675200621633,209844664.21174127,2022-06-16
770,1655424000000,0.026105564076578592,190483786.97184795,2022-06-17
771,1655510400000,0.027069970658549714,197957830.4071536,2022-06-18
772,1655596800000,0.026283956439451448,191847731.58099207,2022-06-19
773,1655683200000,0.027188939373741505,198696087.26955798,2022-06-20
774,1655769600000,0.028759866215166397,210203124.892223,2022-06-21
775,1655856000000,0.02962855905856479,216316357.98055464,2022-06-22
776,1655942400000,0.028226529290362325,206133270.38302383,2022-06-23
777,1656028800000,0.029114618082748622,212096332.01175508,2022-06-24
778,1656115200000,0.030124676271776885,220829709.82120866,2022-06-25
779,1656201600000,0.029893701064080895,217317856.73000383,2022-06-26
780,1656288000000,0.030846725669683217,222180407.86188626,2022-06-27
781,1656374400000,0.030991543307272544,270960556.1797171,2022-06-28
782,1656460800000,0.029981689977553072,262520515.63499302,2022-06-29
783,1656547200000,0.028716000711549793,251694828.8257309,2022-06-30
784,1656633600000,0.026994483563520976,235823120.41233036,2022-07-01
785,1656720000000,0.02723206534688728,240018376.35535103,2022-07-02
786,1656806400000,0.027967919159215406,244556021.09656706,2022-07-03
787,1656892800000,0.02846101157730241,249280522.47548056,2022-07-04
788,1656979200000,0.029245914001898646,255776325.09500754,2022-07-05
789,1657065600000,0.02906139201586152,254616652.56768024,2022-07-06
790,1657152000000,0.029756070577768017,265136767.99097243,2022-07-07
791,1657238400000,0.03044196111556057,270635870.55087936,2022-07-08
792,1657324800000,0.030009958377947874,267602584.10506177,2022-07-09
793,1657411200000,0.030319492242289154,270381076.16536903,2022-07-10
794,1657497600000,0.029291843280643493,261010274.47059748,2022-07-11
795,1657584000000,0.027306469250389924,243526890.46612045,2022-07-12
796,1657670400000,0.027346007704863902,245038318.76485118,2022-07-13
797,1657756800000,0.027858845972256865,247852042.99310556,2022-07-14
798,1657843200000,0.028031374573130048,249623063.73156333,2022-07-15
799,1657929600000,0.02873102380377125,255876409.76258177,2022-07-16
800,1658016000000,0.029328806016757174,261065426.72661054,2022-07-17
801,1658102400000,0.02901878036002823,259804467.61473292,2022-07-18
802,1658188800000,0.030490987990943127,270197349.63836765,2022-07-19
803,1658275200000,0.0313633804337623,279687846.6565991,2022-07-20
804,1658361600000,0.029716107620185443,266352658.64021567,2022-07-21
805,1658448000000,0.0301724037731605,269035563.80332977,2022-07-22
806,1658534400000,0.031165670817302343,276730997.2101478,2022-07-23
807,1658620800000,0.030445232996041807,271434135.6350266,2022-07-24
808,1658707200000,0.030350097421282085,270463118.9277932,2022-07-25
809,1658793600000,0.02789915705631926,250089137.3427617,2022-07-26
810,1658880000000,0.028385682893556665,252520572.63938507,2022-07-27
811,1658966400000,0.030158532334487655,268450954.14771086,2022-07-28
812,1659052800000,0.030849268722766318,274493189.5984222,2022-07-29
813,1659139200000,0.030370798781995067,271727291.3461598,2022-07-30
814,1659225600000,0.03015261228645474,267993459.80358484,2022-07-31
815,1659312000000,0.030583279760750006,272123500.34228396,2022-08-01
816,1659398400000,0.0323650886633064,287193182.8021205,2022-08-02
817,1659484800000,0.03334667119499126,290543083.4511189,2022-08-03
818,1659571200000,0.03309149900863084,294329795.009721,2022-08-04
819,1659657600000,0.032607182986069114,290377382.03356594,2022-08-05
820,1659744000000,0.03316013613395536,295258068.81219155,2022-08-06
821,1659830400000,0.03291917479232593,293180415.9498709,2022-08-07
822,1659916800000,0.032874783929347215,292648520.20481473,2022-08-08
823,1660003200000,0.03305670684969807,294532599.68271166,2022-08-09
824,1660089600000,0.03156471490318248,281541042.9080549,2022-08-10
825,1660176000000,0.033423024864493715,297433896.4281108,2022-08-11
826,1660262400000,0.03389732066484612,301354574.40738094,2022-08-12
827,1660348800000,0.03464821037558706,308778724.8975444,2022-08-13
828,1660435200000,0.0349001744109503,310744817.23113006,2022-08-14
829,1660521600000,0.034374100419951495,306272145.0121448,2022-08-15
830,1660608000000,0.03388097474309671,301917835.5094733,2022-08-16
831,1660694400000,0.03467023963678183,308477409.7880597,2022-08-17
832,1660780800000,0.033363871379635826,297062248.78814155,2022-08-18
833,1660867200000,0.032522561731756466,289657139.759603,2022-08-19
834,1660953600000,0.028857385800297407,256900968.32130525,2022-08-20
835,1661040000000,0.028666090757237184,255172596.0191471,2022-08-21
836,1661126400000,0.02942576838483485,261976175.81256387,2022-08-22
837,1661212800000,0.028881906172538326,256875780.8132574,2022-08-23
838,1661299200000,0.030483172011034662,271506872.36677134,2022-08-24
839,1661385600000,0.029542107170463947,262921616.33329368,2022-08-25
840,1661472000000,0.029951385030793493,266821959.29815674,2022-08-26
841,1661558400000,0.027624431802951342,245965947.43254724,2022-08-27
842,1661644800000,0.02773878413654798,247038653.62114757,2022-08-28
843,1661731200000,0.027154448148870705,242180424.17696062,2022-08-29
844,1661817600000,0.028692436085480433,255006962.26149353,2022-08-30
845,1661904000000,0.027952699550919072,249636211.35016412,2022-08-31
846,1661990400000,0.027889990288851148,247825573.5203489,2022-09-01
847,1662076800000,0.02754102612635542,244905469.1384276,2022-09-02
848,1662163200000,0.027267343443130067,242380940.4014152,2022-09-03
849,1662249600000,0.027334097034768367,243648667.3088786,2022-09-04
850,1662336000000,0.027803267138651094,247072117.96206886,2022-09-05
851,1662422400000,0.027503540214919974,244351066.98266408,2022-09-06
852,1662508800000,0.02544028746536609,226598739.23352045,2022-09-07
853,1662595200000,0.025989973356409592,231639809.15430713,2022-09-08
854,1662681600000,0.026807613325274805,238458332.555276,2022-09-09
855,1662768000000,0.027905785190158624,247730798.26171565,2022-09-10
856,1662854400000,0.028269669757810652,251227144.877737,2022-09-11
857,1662940800000,0.02822818035226594,251449459.5211477,2022-09-12
858,1663027200000,0.028177421598445596,250703327.59114474,2022-09-13
859,1663113600000,0.026158081629941054,233108553.27287385,2022-09-14
860,1663200000000,0.026496751782185152,235756292.74945655,2022-09-15
861,1663286400000,0.02607943150788522,231856344.80423674,2022-09-16
862,1663372800000,0.025954244378107186,231134670.76243573,2022-09-17
863,1663459200000,0.026612636780422843,237158125.64941177,2022-09-18
864,1663545600000,0.024874837347460786,221435572.59774864,2022-09-19
865,1663632000000,0.025196226029944348,224609074.62374255,2022-09-20
866,1663718400000,0.02556146237417016,228161435.38562244,2022-09-21
867,1663804800000,0.0244498496008639,217715952.80730614,2022-09-22
868,1663891200000,0.02544124273096936,226682104.0578978,2022-09-23
869,1663977600000,0.0252282412524296,224325678.12346226,2022-09-24
870,1664064000000,0.0249654233773016,222069547.48415187,2022-09-25
871,1664150400000,0.024699126041342192,219590438.19716492,2022-09-26
872,1664236800000,0.025270007185606583,224648113.9881777,2022-09-27
873,1664323200000,0.025076832175225414,223794738.0652805,2022-09-28
874,1664409600000,0.024774047168459337,220611410.81676152,2022-09-29
875,1664496000000,0.025120836719475254,224090437.6385405,2022-09-30
876,1664582400000,0.024957148851125707,222053908.10168523,2022-10-01
877,1664668800000,0.024701461236878747,219627380.4633576,2022-10-02
878,1664755200000,0.026151297938424092,232808111.77315435,2022-10-03
879,1664841600000,0.025588793970656144,227453454.55686566,2022-10-04
880,1664928000000,0.02578132169306573,229364843.02851453,2022-10-05
881,1665014400000,0.02537944444254113,226019131.3583906,2022-10-06
882,1665100800000,0.025649720763928442,228335110.53614208,2022-10-07
883,1665187200000,0.02534601773078877,225546907.9195948,2022-10-08
884,1665273600000,0.025504510437118724,227340195.55300695,2022-10-09
885,1665360000000,0.025695262098712004,228330776.39802805,2022-10-10
886,1665446400000,0.027173250113984807,242463335.79597527,2022-10-11
887,1665532800000,0.027263350172375134,242688556.11056483,2022-10-12
888,1665619200000,0.026750170606087857,238131124.9628789,2022-10-13
889,1665705600000,0.025531219143570268,227000631.67927903,2022-10-14
890,1665792000000,0.02860133196610931,254279398.38473028,2022-10-15
891,1665878400000,0.027076882282822182,241708325.5905502,2022-10-16
892,1665964800000,0.026320983699969602,234519941.76311517,2022-10-17
893,1666051200000,0.02724611156488078,242691578.69636297,2022-10-18
894,1666137600000,0.027968742567092943,248753652.94070682,2022-10-19
895,1666224000000,0.029262405746732566,262343401.68087664,2022-10-20
896,1666310400000,0.03012241733654006,268281752.6601714,2022-10-21
897,1666396800000,0.029288361050342847,260864395.99188942,2022-10-22
898,1666483200000,0.028832824748863506,256707937.1739086,2022-10-23
899,1666569600000,0.028355552914697692,252109888.81919116,2022-10-24
900,1666656000000,0.028175727211547607,250630749.3294259,2022-10-25
901,1666742400000,0.02829423590566707,251673667.47084817,2022-10-26
902,1666828800000,0.02876444845731835,255454373.76767293,2022-10-27
903,1666915200000,0.03005792346412884,267218848.16912803,2022-10-28
904,1667001600000,0.030253891011596153,269447821.7304751,2022-10-29
905,1667088000000,0.02982311944048234,265218672.69072953,2022-10-30
906,1667174400000,0.02921775765021978,260080383.62874192,2022-10-31
907,1667260800000,0.028978398875693142,257657795.26948145,2022-11-01
908,1667347200000,0.028831928382538074,256660167.1955304,2022-11-02
909,1667433600000,0.027549065075963337,245190932.74477932,2022-11-03
910,1667520000000,0.02786726990520985,247727025.19202545,2022-11-04
911,1667606400000,0.029336064251205805,261103197.87408683,2022-11-05
912,1667692800000,0.029036062763502193,258319489.36773443,2022-11-06
913,1667779200000,0.028180544937624827,251039168.21764612,2022-11-07
914,1667865600000,0.027935908153226566,248761620.9199456,2022-11-08
915,1667952000000,0.025254660092467168,224636840.78006068,2022-11-09
916,1668038400000,0.021518096841196172,192428435.60385185,2022-11-10
917,1668124800000,0.024150936270477805,214540933.63597104,2022-11-11
918,1668211200000,0.022958154322264973,203737412.84482747,2022-11-12
919,1668297600000,0.02247634803539966,199797164.76564813,2022-11-13
920,1668384000000,0.021249781473386808,188712738.72935763,2022-11-14
921,1668470400000,0.02083728197416928,185369046.48100337,2022-11-15
922,1668556800000,0.02126728164102525,189110484.98493448,2022-11-16
923,1668643200000,0.02089692097692455,185546173.93429843,2022-11-17
924,1668729600000,0.020519227825451684,182544893.43520892,2022-11-18
925,1668816000000,0.020649297435455627,183873071.76906574,2022-11-19
926,1668902400000,0.021740858352083357,193051133.3026735,2022-11-20
