,Time,open,mktcap,Date
0,1637884800000,3.4923305258838897,24920739.04164599,2021-11-26
1,1637971200000,3.4923305258838897,24920739.04164599,2021-11-27
2,1638057600000,3.5829940855522646,26012044.72631094,2021-11-28
3,1638144000000,4.449356971026959,33312522.233547702,2021-11-29
4,1638230400000,3.780129776645148,29413893.832507573,2021-11-30
5,1638316800000,3.492374750718679,27551693.271061208,2021-12-01
6,1638403200000,3.2979344354016584,26453428.79222602,2021-12-02
7,1638489600000,3.502626481314827,28981719.24530811,2021-12-03
8,1638576000000,3.4232218533312877,29054940.2681829,2021-12-04
9,1638662400000,3.395834481119448,29430319.338393558,2021-12-05
10,1638748800000,3.0995411904190098,27464782.92325009,2021-12-06
11,1638835200000,3.151502652095118,29124761.35766657,2021-12-07
12,1638921600000,3.068631858656842,28552939.48548877,2021-12-08
13,1639008000000,3.1532922071390828,30007729.74399481,2021-12-09
14,1639094400000,2.8859818050644965,28166302.60914284,2021-12-10
15,1639180800000,2.5761773729562725,25607959.63033583,2021-12-11
16,1639267200000,2.3757792449633652,24187264.083372083,2021-12-12
17,1639353600000,2.20023058500081,22850753.111370318,2021-12-13
18,1639440000000,1.7332582906287242,18299637.525931485,2021-12-14
19,1639526400000,1.7470269827261256,18843961.332719762,2021-12-15
20,1639612800000,1.6258946854193508,17866614.52729057,2021-12-16
21,1639699200000,1.7207997551011203,19327584.480728764,2021-12-17
22,1639785600000,1.5250205275643303,17409881.482512794,2021-12-18
23,1639872000000,1.4380166200745774,16703553.680957317,2021-12-19
24,1639958400000,1.280283801359881,16829125.035526033,2021-12-20
25,1640044800000,1.186156372409251,15936603.473038519,2021-12-21
26,1640131200000,1.3227828969775344,18087005.603873774,2021-12-22
27,1640217600000,1.2034207693618395,16753659.547422392,2021-12-23
28,1640304000000,1.2734012114828213,18018717.26694914,2021-12-24
29,1640390400000,1.165760893795253,16637440.598134892,2021-12-25
30,1640476800000,1.1357072437323092,16723103.881768754,2021-12-26
31,1640563200000,1.3221985745989209,19615531.922807924,2021-12-27
32,1640649600000,1.2343905638526518,18690593.751598954,2021-12-28
33,1640736000000,1.2082595245572147,18449838.150679488,2021-12-29
34,1640822400000,1.1743419595727436,18328366.47940766,2021-12-30
35,1640908800000,1.1957079027625088,18997971.28736613,2021-12-31
36,1640995200000,1.1414881423463248,18446186.882996995,2022-01-01
37,1641081600000,1.1246565426689954,18353767.259032514,2022-01-02
38,1641168000000,1.0614755718741526,17724193.354737785,2022-01-03
39,1641254400000,1.0552334744289278,17820497.8942254,2022-01-04
40,1641340800000,1.0670260071840678,18353780.91025834,2022-01-05
41,1641427200000,1.026575855758287,17822296.26286232,2022-01-06
42,1641513600000,0.9750299605330022,17198279.717460036,2022-01-07
43,1641600000000,0.8982748040454821,16079566.00336218,2022-01-08
44,1641686400000,0.8926540256158123,16113831.319187935,2022-01-09
45,1641772800000,1.1903827576470558,21846844.31518164,2022-01-10
46,1641859200000,1.4637948867140205,27230244.584975507,2022-01-11
47,1641945600000,1.6724119570025098,31461528.311411854,2022-01-12
48,1642032000000,1.4737828376227946,28103180.859322246,2022-01-13
49,1642118400000,1.3606546568891789,26329121.88554374,2022-01-14
50,1642204800000,1.4342747936616165,28111447.298960652,2022-01-15
51,1642291200000,1.4052248147894215,27805036.00671641,2022-01-16
52,1642377600000,1.5598300881795044,31344701.99042901,2022-01-17
53,1642464000000,1.3682955226384508,27845496.771323603,2022-01-18
54,1642550400000,1.2309747044347734,26065983.308553632,2022-01-19
55,1642636800000,1.2583925475257027,26960244.684480943,2022-01-20
56,1642723200000,1.1475332417599917,24599605.03590032,2022-01-21
57,1642809600000,1.0123351749811094,22688274.447072025,2022-01-22
58,1642896000000,0.9499609462996389,21191047.585305292,2022-01-23
59,1642982400000,1.0288354942309554,23091335.39085184,2022-01-24
60,1643068800000,0.9891453076236494,22509693.358339384,2022-01-25
61,1643155200000,1.0340941668694275,23851167.87935147,2022-01-26
62,1643241600000,0.9279187838099465,21655155.77490129,2022-01-27
63,1643328000000,0.9438775741571555,22281975.445688993,2022-01-28
64,1643414400000,0.7855004716035443,18755962.478719108,2022-01-29
65,1643500800000,0.7968360845024839,19207808.341089632,2022-01-30
66,1643587200000,0.7478733456517409,18264983.299042623,2022-01-31
67,1643673600000,0.7498542214534168,18473487.64700903,2022-02-01
68,1643760000000,0.7508973667909153,18753173.8126532,2022-02-02
69,1643846400000,0.7651481304435073,19080936.443712093,2022-02-03
70,1643932800000,0.7974745766208309,20304948.255752653,2022-02-04
71,1644019200000,0.8512151322457313,22163543.899438467,2022-02-05
72,1644105600000,0.7470327708769109,19463419.3769787,2022-02-06
73,1644192000000,0.7055256106839238,18573413.991723605,2022-02-07
74,1644278400000,0.6850856118639818,18279197.73304765,2022-02-08
75,1644364800000,0.62897696049371,16899031.881383996,2022-02-09
76,1644451200000,0.5708648959402465,15528989.113551723,2022-02-10
77,1644537600000,0.5407895440251744,14824791.681936644,2022-02-11
78,1644624000000,0.5140200660814374,14256374.784993323,2022-02-12
79,1644710400000,0.468903150572131,13106421.478130214,2022-02-13
80,1644796800000,0.460244871207796,13008240.834842768,2022-02-14
81,1644883200000,0.47427471016894424,13493684.624204336,2022-02-15
82,1644969600000,0.485058446062404,13979229.376202537,2022-02-16
83,1645056000000,0.47341846370330226,13750812.746807026,2022-02-17
84,1645142400000,0.42659520184145383,12478259.035678338,2022-02-18
85,1645228800000,0.44738875984987025,13227917.353930643,2022-02-19
86,1645315200000,0.4201366608361464,12530003.24457037,2022-02-20
87,1645401600000,0.5061692946668488,14353696.732990919,2022-02-21
88,1645488000000,0.44724584065086215,13236416.888183666,2022-02-22
89,1645574400000,0.42496921923120257,12690585.425508494,2022-02-23
90,1645660800000,0.424393152681644,12781995.030137792,2022-02-24
91,1645747200000,0.39178885479862074,11928889.405299483,2022-02-25
92,1645833600000,0.4660178655359739,14299570.239094278,2022-02-26
93,1645920000000,0.5082907490541665,15651620.825408483,2022-02-27
94,1646006400000,0.5539736130333053,17287986.19986302,2022-02-28
95,1646092800000,0.5395838032946386,16940327.76374055,2022-03-01
96,1646179200000,0.8441739141231889,26720640.84551684,2022-03-02
97,1646265600000,0.9329986611857667,29749710.59989688,2022-03-03
98,1646352000000,1.0029177698170253,32465604.971687097,2022-03-04
99,1646438400000,0.8021818644130398,25998551.420371942,2022-03-05
100,1646524800000,0.9249278337779532,30169726.709043335,2022-03-06
101,1646611200000,0.8703578756858023,28917560.943528835,2022-03-07
102,1646697600000,0.8342534924376946,27765225.66723702,2022-03-08
103,1646784000000,0.7955013546794534,26600129.81535222,2022-03-09
104,1646870400000,0.9651260721215668,32514245.484089002,2022-03-10
105,1646956800000,1.1750014389536172,40107336.42932044,2022-03-11
106,1647043200000,0.9868817535584956,33741647.03215609,2022-03-12
107,1647129600000,0.8924940727830525,30790985.999105148,2022-03-13
108,1647216000000,0.9031466534354204,31332179.515184633,2022-03-14
109,1647302400000,0.8720984499891064,30536425.187800422,2022-03-15
110,1647388800000,0.8273245162888931,30216556.936331496,2022-03-16
111,1647475200000,0.8543597649019924,30837880.45478926,2022-03-17
112,1647561600000,0.8121151193728838,29020699.170636624,2022-03-18
113,1647648000000,0.8113368310655918,31410231.67977635,2022-03-19
114,1647734400000,0.8263178456285065,34223700.65180968,2022-03-20
115,1647820800000,0.7710042220693712,31907750.49202388,2022-03-21
116,1647907200000,0.7796366976253849,32052624.088769216,2022-03-22
117,1647993600000,0.7900419797821674,32874410.275678758,2022-03-23
118,1648080000000,0.7944000289141026,33097768.162637435,2022-03-24
119,1648166400000,0.7358761711313497,30942516.085442804,2022-03-25
120,1648252800000,0.6911751314706931,28932802.54988299,2022-03-26
121,1648339200000,0.6656633822724944,28286453.081680924,2022-03-27
122,1648425600000,0.6563084902638789,28118238.58279778,2022-03-28
123,1648512000000,0.6931323802264743,30024513.029424705,2022-03-29
124,1648598400000,0.7874328446945627,34425708.18234562,2022-03-30
125,1648684800000,0.745313367574872,32667676.438689783,2022-03-31
126,1648771200000,0.6816711038456934,30038469.57166528,2022-04-01
127,1648857600000,0.6922346506366123,30648461.716899075,2022-04-02
128,1648944000000,0.7361289698435411,32939214.856766865,2022-04-03
129,1649030400000,0.7501904009135768,33571741.82541401,2022-04-04
130,1649116800000,0.88563348941153,40184308.13116512,2022-04-05
131,1649203200000,0.9601874872180066,43759042.2907246,2022-04-06
132,1649289600000,0.8433562407147377,38596407.92446465,2022-04-07
133,1649376000000,0.7921028786914139,36574306.0741104,2022-04-08
134,1649462400000,0.7548277893271119,35112632.03643554,2022-04-09
135,1649548800000,0.7918722230735268,37332377.331796184,2022-04-10
136,1649635200000,0.7699344081364333,36074363.191488884,2022-04-11
137,1649721600000,0.7240480439399495,34221617.80965806,2022-04-12
138,1649808000000,0.7671048855009083,36610400.55670919,2022-04-13
139,1649894400000,0.7439276787176836,35707676.62727188,2022-04-14
140,1649980800000,0.7194250065284153,34750624.23590601,2022-04-15
141,1650067200000,0.6911678612848425,33553165.222612716,2022-04-16
142,1650153600000,0.6905030373197812,33735620.88150007,2022-04-17
143,1650240000000,0.676905684407344,33459707.713506646,2022-04-18
144,1650326400000,0.7701493841742457,38088368.06048688,2022-04-19
145,1650412800000,0.7192859788836955,35806606.98592142,2022-04-20
146,1650499200000,0.6951041853851784,34791476.24755905,2022-04-21
147,1650585600000,0.7189372854075124,35760512.76358495,2022-04-22
148,1650672000000,0.7002022254850788,35021834.60825885,2022-04-23
149,1650758400000,0.7000387937232699,35159085.53702068,2022-04-24
150,1650844800000,0.7836387306376433,39541242.5102149,2022-04-25
151,1650931200000,0.764166876747771,38734138.54460087,2022-04-26
152,1651017600000,0.7370077295073398,37630771.00917885,2022-04-27
153,1651104000000,0.7371217525463042,37873404.204974115,2022-04-28
154,1651190400000,0.757841020757304,39190508.84883389,2022-04-29
155,1651276800000,0.7129701874326917,37043304.28949962,2022-04-30
156,1651363200000,0.6299926257165162,33346934.854994047,2022-05-01
157,1651449600000,0.7031074217104586,37076325.84046206,2022-05-02
158,1651536000000,0.674296976828116,35524040.40524334,2022-05-03
159,1651622400000,0.6801975237140054,36212533.28805698,2022-05-04
160,1651708800000,0.7038285346081099,37591006.31368952,2022-05-05
161,1651795200000,0.7145537851299125,38439670.094866075,2022-05-06
162,1651881600000,0.7735196922079484,41954838.329014786,2022-05-07
163,1651968000000,0.6889080609484142,37171917.26892195,2022-05-08
164,1652054400000,0.7712521409630075,42197725.87589605,2022-05-09
165,1652140800000,0.4432709614736183,24800981.15605075,2022-05-10
166,1652227200000,0.2697154521572107,14749271.625191404,2022-05-11
167,1652313600000,0.22932907265222807,12268924.266086973,2022-05-12
168,1652400000000,0.09640301832755327,5278194.241946542,2022-05-13
169,1652486400000,0.0050627052517812935,283306.08948556485,2022-05-14
170,1652572800000,0.006248105708615796,348372.38225605065,2022-05-15
171,1652659200000,0.005137696645856072,297832.2195598584,2022-05-16
172,1652745600000,0.004182454622654602,233784.1922193274,2022-05-17
173,1652832000000,0.005239390376645339,297511.6357933723,2022-05-18
174,1652918400000,0.002851221923854617,162671.92625767138,2022-05-19
175,1653004800000,0.002535326167475335,141695.29028841603,2022-05-20
176,1653091200000,0.002846678807805566,156474.9160668635,2022-05-21
177,1653177600000,0.002356184376982011,130661.95192722576,2022-05-22
178,1653264000000,0.00479218094299128,272034.7199058895,2022-05-23
179,1653350400000,0.018360352514963416,1085708.5133413014,2022-05-24
180,1653436800000,0.018345964574689837,1036680.2892819442,2022-05-25
181,1653523200000,0.014155148009406314,795379.8995310481,2022-05-26
182,1653609600000,0.01168576539025233,734266.373276651,2022-05-27
183,1653696000000,0.0045322182139822245,252212.7292282211,2022-05-28
184,1653782400000,0.004602138248401046,257366.6197983971,2022-05-29
185,1653868800000,0.004626307423872125,258556.860177791,2022-05-30
186,1653955200000,0.004626307423872125,258556.860177791,2022-05-31
187,1654041600000,0.004626307423872125,258556.860177791,2022-06-01
188,1654128000000,0.004626307423872125,258556.860177791,2022-06-02
189,1654214400000,0.004626307423872125,258556.860177791,2022-06-03
190,1654300800000,0.004626307423872125,258556.860177791,2022-06-04
191,1654387200000,0.004626307423872125,258556.860177791,2022-06-05
192,1654473600000,0.004626307423872125,258556.860177791,2022-06-06
193,1654560000000,0.004626307423872125,258556.860177791,2022-06-07
194,1658188800000,0.4254018803844147,30579126.00465014,2022-07-19
195,1658275200000,0.4225140100619863,22202179.24756942,2022-07-20
196,1658361600000,0.4225140100619863,22202179.24756942,2022-07-21
197,1658448000000,0.3927971022467504,21051437.642174017,2022-07-22
198,1658534400000,0.39679183886688135,20588972.404043324,2022-07-23
199,1658620800000,0.40321680533785587,20922095.936094355,2022-07-24
200,1658707200000,0.3969336373579094,20532110.64445022,2022-07-25
201,1658793600000,0.4056934410828999,30247663.20474688,2022-07-26
202,1658880000000,0.395713944973073,29409133.86654804,2022-07-27
203,1658966400000,0.38366328998358096,28653758.46177858,2022-07-28
204,1659052800000,0.40093646495769586,29898581.65190351,2022-07-29
205,1659139200000,0.3797869373469383,28509012.833348498,2022-07-30
206,1659225600000,0.3976835204857793,29847792.969092373,2022-07-31
207,1659312000000,0.4024837559383534,30146808.51949888,2022-08-01
208,1659398400000,0.4673634086984984,35146522.95516569,2022-08-02
209,1659484800000,0.4997957332127847,37638416.62969951,2022-08-03
210,1659571200000,0.543738302710044,41571485.474414684,2022-08-04
211,1659657600000,0.5798790497433696,43959908.35392515,2022-08-05
212,1659744000000,0.627081012988084,47746882.377831705,2022-08-06
213,1659830400000,0.610374613060594,46659360.43102613,2022-08-07
214,1659916800000,0.6606461374965057,50606359.83841337,2022-08-08
215,1660003200000,0.8834968040199392,67856911.15314555,2022-08-09
216,1660089600000,0.83122533925647,63603452.38309296,2022-08-10
217,1660176000000,0.9092215662477398,70219473.15061189,2022-08-11
218,1660262400000,0.9279057208772639,73507782.711054,2022-08-12
219,1660348800000,0.8514273111880862,66109993.92623579,2022-08-13
220,1660435200000,1.0928310959696317,83672517.20771043,2022-08-14
221,1660521600000,1.2044561185465203,94023129.20541848,2022-08-15
222,1660608000000,1.156968993811493,90304112.21514767,2022-08-16
223,1660694400000,1.5512679607148325,121844621.1634892,2022-08-17
224,1660780800000,1.7570534169103997,136133621.09842294,2022-08-18
225,1660867200000,1.597930204464205,125679112.81956597,2022-08-19
226,1660953600000,1.5120571428655833,116999182.7222547,2022-08-20
227,1661040000000,1.709629638110163,135386143.85077852,2022-08-21
228,1661126400000,1.4099483231249845,111738334.5618524,2022-08-22
229,1661212800000,1.4287647343601884,113506295.79850717,2022-08-23
230,1661299200000,1.469236941291928,116982828.05903476,2022-08-24
231,1661385600000,1.3620052632010635,108748876.20540988,2022-08-25
232,1661472000000,1.3911240476993836,111335328.72403125,2022-08-26
233,1661558400000,1.1944794448658609,94046674.04733415,2022-08-27
234,1661644800000,1.1659003200250266,94044818.17928655,2022-08-28
235,1661731200000,1.1798754530365938,94987986.21105827,2022-08-29
236,1661817600000,1.1434384475342612,91350040.17205548,2022-08-30
237,1661904000000,1.2197446229106974,99801947.22419345,2022-08-31
238,1661990400000,1.2452742254153284,101051912.52414581,2022-09-01
239,1662076800000,1.3266328349463006,107876575.31741828,2022-09-02
240,1662163200000,1.3310827333282866,109098829.35660575,2022-09-03
241,1662249600000,1.3514226948056625,110454121.07812734,2022-09-04
242,1662336000000,1.4148033251238137,115934394.83702546,2022-09-05
243,1662422400000,1.2934082939798248,106044688.28387256,2022-09-06
244,1662508800000,1.3342247109202046,109514746.26820412,2022-09-07
245,1662595200000,1.3671897355420792,112489294.92495853,2022-09-08
246,1662681600000,1.4883546842560835,123085657.57940035,2022-09-09
247,1662768000000,1.6258356525266187,133719791.96636194,2022-09-10
248,1662854400000,1.6987372281388065,141193358.20877287,2022-09-11
249,1662940800000,1.7144416473563193,142774301.7915878,2022-09-12
250,1663027200000,1.7278620717371649,144217344.89967924,2022-09-13
251,1663113600000,1.6091050771929474,134895600.345575,2022-09-14
252,1663200000000,1.6296734550892935,136703601.88695163,2022-09-15
253,1663286400000,1.6400141854912205,139313291.76411545,2022-09-16
254,1663372800000,1.6628309315942973,135977348.70043913,2022-09-17
255,1663459200000,1.6878135830151646,142519053.48875976,2022-09-18
256,1663545600000,1.5910024174035255,134862743.45584947,2022-09-19
257,1663632000000,1.4491525091824986,123087647.00306174,2022-09-20
258,1663718400000,1.4313268133266626,123927150.43969981,2022-09-21
259,1663804800000,1.3818506363205907,117896794.4310626,2022-09-22
260,1663891200000,1.4099733643737395,120172545.22976094,2022-09-23
261,1663977600000,1.4124843575583632,120309470.2760777,2022-09-24
262,1664064000000,1.3681662710575788,117388674.01456504,2022-09-25
263,1664150400000,1.3358617703676396,114987946.7065345,2022-09-26
264,1664236800000,1.267529448582235,109235428.2037419,2022-09-27
265,1664323200000,1.1802998840890668,101969689.27165301,2022-09-28
266,1664409600000,1.1451662411311987,99264154.96670596,2022-09-29
267,1664496000000,1.0583894821745428,90467391.7642734,2022-09-30
268,1664582400000,1.0994089827943385,95685947.14955302,2022-10-01
269,1664668800000,1.0063414249598819,87485469.24858934,2022-10-02
270,1664755200000,0.9981814344550777,87304117.11653818,2022-10-03
271,1664841600000,1.01291957395953,88607155.73845336,2022-10-04
272,1664928000000,1.033820232089095,90344682.67846176,2022-10-05
273,1665014400000,1.036686964976936,90108499.95400597,2022-10-06
274,1665100800000,1.051911777235439,93551805.91438325,2022-10-07
275,1665187200000,1.1470960154153549,101296771.10465944,2022-10-08
276,1665273600000,1.1778088773121607,104354484.7098503,2022-10-09
277,1665360000000,1.3413020411268217,115841145.87395643,2022-10-10
278,1665446400000,1.2628321971790208,112197868.75234891,2022-10-11
279,1665532800000,1.1517633793281297,102454506.28269733,2022-10-12
280,1665619200000,1.136840093752993,102209383.84268236,2022-10-13
281,1665705600000,1.1057428245009977,98927941.86039196,2022-10-14
282,1665792000000,1.0851249250108466,96257573.84543575,2022-10-15
283,1665878400000,1.079052415867781,96933222.05934094,2022-10-16
284,1665964800000,1.0593905503654106,95352835.22959925,2022-10-17
285,1666051200000,1.0579540698602268,95668734.00951737,2022-10-18
286,1666137600000,1.0125883850870774,92630973.23379096,2022-10-19
287,1666224000000,1.0040457224420296,90983263.61625724,2022-10-20
288,1666310400000,0.9401905534423491,85428632.10691549,2022-10-21
289,1666396800000,0.8661124968071757,78843861.25114463,2022-10-22
290,1666483200000,0.9434059122281008,85943165.64928564,2022-10-23
291,1666569600000,1.04134564101275,94811857.56314287,2022-10-24
292,1666656000000,0.9559590477195375,87521298.34596264,2022-10-25
293,1666742400000,1.014880618284384,93122147.66708525,2022-10-26
294,1666828800000,1.0512416298347464,96991419.40286763,2022-10-27
295,1666915200000,1.0152199647920717,93538176.22666746,2022-10-28
296,1667001600000,1.0451804193813556,96520082.92095517,2022-10-29
297,1667088000000,0.9995965277919764,93199940.3965588,2022-10-30
298,1667174400000,1.049508673922009,97000999.68606131,2022-10-31
299,1667260800000,1.0228731911546947,94933677.37870385,2022-11-01
300,1667347200000,1.0500754254707627,97749727.31226262,2022-11-02
301,1667433600000,0.9950883396853591,92848598.8036266,2022-11-03
302,1667520000000,1.0090466541004428,94304771.74484333,2022-11-04
303,1667606400000,1.0550611562131995,98665532.2704774,2022-11-05
304,1667692800000,1.081854484782555,101563646.9154762,2022-11-06
305,1667779200000,1.001721330154763,94241926.29313055,2022-11-07
306,1667865600000,1.0312209975762314,96985357.09722932,2022-11-08
307,1667952000000,0.8510627734747772,80467955.67385748,2022-11-09
308,1668038400000,0.6239429671608365,59410886.15542668,2022-11-10
309,1668124800000,0.6903131308283064,66051188.59665339,2022-11-11
310,1668211200000,0.6758972983839382,63398402.06555961,2022-11-12
311,1668297600000,0.6878767509449677,65478108.04721873,2022-11-13
312,1668384000000,0.8070563517757968,76879248.38794886,2022-11-14
313,1668470400000,0.7736683450765561,74070009.86414298,2022-11-15
314,1668556800000,0.7945005708728022,76204603.2926713,2022-11-16
315,1668643200000,0.7766531419822696,74359657.61786568,2022-11-17
316,1668729600000,0.7730183135299774,74501427.87907526,2022-11-18
317,1668816000000,0.7458673012895016,71507343.9481803,2022-11-19
318,1668902400000,0.753503383273804,71399766.32434647,2022-11-20
