,Time,open,mktcap,Date
0,1609804800000,1.75089148322007,5193325.774885025,2021-01-05
1,1609891200000,1.75089148322007,5193325.774885025,2021-01-06
2,1609977600000,1.760410764195416,5667691.609360571,2021-01-07
3,1610064000000,1.4268089462876623,4586996.157827637,2021-01-08
4,1610150400000,1.4954029529966588,4803312.257938731,2021-01-09
5,1610236800000,0.8449578022117108,2728719.816341152,2021-01-10
6,1610323200000,0.995485091648004,3216775.302110387,2021-01-11
7,1610409600000,0.8931611137747189,2865817.823184506,2021-01-12
8,1610496000000,0.8301781766246654,2659361.2625465486,2021-01-13
9,1610582400000,1.0553663466719931,3367904.432519941,2021-01-14
10,1610668800000,1.0768876729111154,3418068.7848715847,2021-01-15
11,1610755200000,0.9534565988748788,3061676.4003600613,2021-01-16
12,1610841600000,0.883514836213585,2855813.41881406,2021-01-17
13,1610928000000,0.7758471836119105,6889235.632986919,2021-01-18
14,1611014400000,0.7911409302806837,6954148.213200837,2021-01-19
15,1611100800000,0.8712443792667584,7679713.0220706,2021-01-20
16,1611187200000,0.7817382190424823,6914900.994510031,2021-01-21
17,1611273600000,0.6130627574719494,5492554.314058194,2021-01-22
18,1611360000000,0.6333900167603377,5591096.061756206,2021-01-23
19,1611446400000,0.7741540728322476,6848073.871231097,2021-01-24
20,1611532800000,1.3753355706578116,12162866.209006058,2021-01-25
21,1611619200000,1.0524495979604154,9344765.823503695,2021-01-26
22,1611705600000,1.8836674302456613,16672800.302340701,2021-01-27
23,1611792000000,1.546068364833213,13629666.736110166,2021-01-28
24,1611878400000,1.3830256108375576,12315638.104627768,2021-01-29
25,1611964800000,1.42990335755256,12688985.860507652,2021-01-30
26,1612051200000,1.3855601499242727,12274278.534617355,2021-01-31
27,1612137600000,1.9587660024848592,17579716.31118049,2021-02-01
28,1612224000000,2.96882437664908,26355834.941170327,2021-02-02
29,1612310400000,2.852302110976038,25648561.900813278,2021-02-03
30,1612396800000,3.076674233511815,27257705.691575833,2021-02-04
31,1612483200000,2.633830339309859,24113035.00269735,2021-02-05
32,1612569600000,2.932002345853758,26127684.173541658,2021-02-06
33,1612656000000,2.6469370503059717,23558542.728401292,2021-02-07
34,1612742400000,2.5157939239920895,22346925.648477018,2021-02-08
35,1612828800000,2.6832270216162195,23713914.70721722,2021-02-09
36,1612915200000,2.5213273382504267,22316138.56934493,2021-02-10
37,1613001600000,2.163041604544737,19454759.24405055,2021-02-11
38,1613088000000,2.270908303263686,31277276.870073788,2021-02-12
39,1613174400000,2.3401255360700444,32401022.57829829,2021-02-13
40,1613260800000,2.5336326563596177,34112061.05625659,2021-02-14
41,1613347200000,2.4731551213767786,34390632.03513136,2021-02-15
42,1613433600000,2.563918632092248,35684874.82995737,2021-02-16
43,1613520000000,2.64991444507611,36809712.63309075,2021-02-17
44,1613606400000,2.187560514247354,30420169.28026765,2021-02-18
45,1613692800000,2.1370976589630013,29408699.107612494,2021-02-19
46,1613779200000,1.7386447788555575,24133677.525314726,2021-02-20
47,1613865600000,1.5641178695885547,21329626.056832828,2021-02-21
48,1613952000000,1.5451953966049212,21487987.109922364,2021-02-22
49,1614038400000,1.417783906123676,19677117.786584157,2021-02-23
50,1614124800000,1.0895850407066754,15103003.214490985,2021-02-24
51,1614211200000,1.0544914263966274,14604686.401634237,2021-02-25
52,1614297600000,0.977668600784581,13690033.660992114,2021-02-26
53,1614384000000,0.9393889477222179,13042412.286170175,2021-02-27
54,1614470400000,0.9245695224848478,12854253.403150713,2021-02-28
55,1614556800000,0.8341636638962856,11617309.18251495,2021-03-01
56,1614643200000,0.8494478711485967,11811847.715804234,2021-03-02
57,1614729600000,0.8796447432398027,12242565.719102226,2021-03-03
58,1614816000000,0.8367820349110522,11853675.114342498,2021-03-04
59,1614902400000,0.6879900075019546,9733794.81385422,2021-03-05
60,1614988800000,0.7836116588621941,11017868.610404452,2021-03-06
61,1615075200000,0.8010605383991203,11386037.09193274,2021-03-07
62,1615161600000,0.7194632041490765,10165413.669137046,2021-03-08
63,1615248000000,0.771764291342852,10995633.053791652,2021-03-09
64,1615334400000,0.7790436640711712,11081128.049763987,2021-03-10
65,1615420800000,0.6893719638714401,9828673.839455511,2021-03-11
66,1615507200000,0.6680897050825549,12878093.067837302,2021-03-12
67,1615593600000,0.6230841256054431,12002900.299214734,2021-03-13
68,1615680000000,0.6393839791271736,12316440.050956827,2021-03-14
69,1615766400000,0.6100051772059166,11750630.006793305,2021-03-15
70,1615852800000,0.5986122594124238,11531046.512322271,2021-03-16
71,1615939200000,0.6553483567301213,12605473.69241034,2021-03-17
72,1616025600000,0.6539247924069478,12644920.07594477,2021-03-18
73,1616112000000,0.6101526562428463,11752894.972724177,2021-03-19
74,1616198400000,0.6006910210855011,11459666.01173656,2021-03-20
75,1616284800000,0.624979618235202,12039055.748894012,2021-03-21
76,1616371200000,0.5726646732496947,10826825.170331161,2021-03-22
77,1616457600000,0.5406734064388318,10435175.353167813,2021-03-23
78,1616544000000,0.5771230990435655,11392582.720645782,2021-03-24
79,1616630400000,0.5649009967479055,11194695.043365812,2021-03-25
80,1616716800000,0.5537476933254287,10928169.499812493,2021-03-26
81,1616803200000,0.5473097627592577,10779604.361016754,2021-03-27
82,1616889600000,0.6620767637993931,13077524.39586327,2021-03-28
83,1616976000000,0.6440150535657706,12793547.828376712,2021-03-29
84,1617062400000,0.6553918618050747,12946647.615119625,2021-03-30
85,1617148800000,0.9617128372436597,18980215.187324844,2021-03-31
86,1617235200000,1.1412699008353815,22549386.09622692,2021-04-01
87,1617321600000,1.1953605419903226,23610399.341592122,2021-04-02
88,1617408000000,1.2906342983457275,25487383.318624374,2021-04-03
89,1617494400000,1.497931155697167,29680350.50346709,2021-04-04
90,1617580800000,1.5467853186007,30570592.63250872,2021-04-05
91,1617667200000,1.2933687226419657,25604551.23220559,2021-04-06
92,1617753600000,1.1804343395480317,23283083.556758087,2021-04-07
93,1617840000000,1.173681505743357,23472893.615566816,2021-04-08
94,1617926400000,1.2332429636017757,24596974.357453562,2021-04-09
95,1618012800000,1.2349727930434746,24689734.934545327,2021-04-10
96,1618099200000,1.4281579355633947,35473827.94734177,2021-04-11
97,1618185600000,1.303084381317741,32308824.94347607,2021-04-12
98,1618272000000,1.1172208580459635,27725107.278940957,2021-04-13
99,1618358400000,1.2053543556812778,29837988.889005084,2021-04-14
100,1618444800000,0.9962494659441034,24750694.822821323,2021-04-15
101,1618531200000,1.0155906618604595,25261749.114035062,2021-04-16
102,1618617600000,1.1412719249888026,28327831.97535352,2021-04-17
103,1618704000000,1.1288090450495118,27988433.261498157,2021-04-18
104,1618790400000,0.9520686144730294,23602794.55799921,2021-04-19
105,1618876800000,0.9259253551635688,22951457.10581065,2021-04-20
106,1618963200000,0.9915501389089463,24637049.840248905,2021-04-21
107,1619049600000,0.9459768633250478,23472881.58125051,2021-04-22
108,1619136000000,0.918155015782426,22707342.074210614,2021-04-23
109,1619222400000,0.8728713467459618,21633086.86676058,2021-04-24
110,1619308800000,0.8973737803290401,22293375.253592793,2021-04-25
111,1619395200000,0.9708040499192698,24045857.308859356,2021-04-26
112,1619481600000,0.9789126776090058,24257595.432806082,2021-04-27
113,1619568000000,1.3835026518674693,34295246.26226976,2021-04-28
114,1619654400000,1.8642872116477194,46200392.2534224,2021-04-29
115,1619740800000,1.9186871161079175,47736197.8205491,2021-04-30
116,1619827200000,2.852198284746612,70555213.30927257,2021-05-01
117,1619913600000,2.684323984000785,66594579.963301666,2021-05-02
118,1620000000000,2.3134504444690274,285560320.23894,2021-05-03
119,1620086400000,2.469826504480235,556626742.5459601,2021-05-04
120,1620172800000,2.13239845822752,478402720.7722847,2021-05-05
121,1620259200000,3.0205258007439943,671228537.2166988,2021-05-06
122,1620345600000,3.5219565461429996,381809234.2294298,2021-05-07
123,1620432000000,3.759481533108646,430244675.2037648,2021-05-08
124,1620518400000,5.173481716097448,595016976.85067,2021-05-09
125,1620604800000,4.845122710075686,553858996.8458414,2021-05-10
126,1620691200000,4.6524028764051835,543578162.8620962,2021-05-11
127,1620777600000,4.676347046733562,545372678.7166026,2021-05-12
128,1620864000000,3.9961759871923297,489553783.3530228,2021-05-13
129,1620950400000,4.017969769317645,460308267.7065222,2021-05-14
130,1621036800000,4.186023886114045,490062365.0809148,2021-05-15
131,1621123200000,3.8107547783879987,445387310.9636903,2021-05-16
132,1621209600000,3.4889405471610595,406685520.22544414,2021-05-17
133,1621296000000,3.059164940234143,87000084.66951098,2021-05-18
134,1621382400000,4.0821898445510065,114676878.66236725,2021-05-19
135,1621468800000,2.396499630767177,70270019.32875088,2021-05-20
136,1621555200000,3.1197209952307667,88671457.6118614,2021-05-21
137,1621641600000,2.2056824461398192,62443517.32983959,2021-05-22
138,1621728000000,1.9185792986418881,54958952.86077851,2021-05-23
139,1621814400000,1.7100376657527678,48596575.85821763,2021-05-24
140,1621900800000,2.387045779954746,67180287.99585164,2021-05-25
141,1621987200000,2.6750812557216554,76762422.05377015,2021-05-26
142,1622073600000,2.6040927753748226,74055363.14108326,2021-05-27
143,1622160000000,2.284633450399625,64701524.99559687,2021-05-28
144,1622246400000,1.8108769153200468,51453827.54149884,2021-05-29
145,1622332800000,1.7164114041813505,48908815.40616466,2021-05-30
146,1622419200000,1.9299535436919235,54761989.29565248,2021-05-31
147,1622505600000,2.328465331174578,65456496.37800453,2021-06-01
148,1622592000000,2.166813743111878,61696592.92297897,2021-06-02
149,1622678400000,2.34316674716418,66261075.71215782,2021-06-03
150,1622764800000,2.391353300370798,69151928.26205921,2021-06-04
151,1622851200000,2.241546616875055,63841802.391749,2021-06-05
152,1622937600000,2.166149693687529,61318778.74396643,2021-06-06
153,1623024000000,2.142158928629863,60753930.39377939,2021-06-07
154,1623110400000,2.459685028602977,70177063.7758628,2021-06-08
155,1623196800000,2.640022751267529,75096555.58508708,2021-06-09
156,1623283200000,2.8553421856628467,81173972.78529727,2021-06-10
157,1623369600000,2.791890649801147,79444738.11357601,2021-06-11
158,1623456000000,2.2994481214884317,64948725.085065484,2021-06-12
159,1623542400000,2.266533592757135,64737776.72644143,2021-06-13
160,1623628800000,2.364171666904214,67171272.12057133,2021-06-14
161,1623715200000,2.534983010878575,71966980.92744753,2021-06-15
162,1623801600000,2.321004800257512,65978424.13278512,2021-06-16
163,1623888000000,2.0100495938478264,57048604.25631024,2021-06-17
164,1623974400000,2.1018982732981493,59760360.02487483,2021-06-18
165,1624060800000,1.9292115557754372,54765378.46045135,2021-06-19
166,1624147200000,1.9706152442944527,55953351.7986894,2021-06-20
167,1624233600000,1.9703151261147411,56023329.36976518,2021-06-21
168,1624320000000,1.4339007038163427,41187728.97638536,2021-06-22
169,1624406400000,1.4456709447813059,40985016.83511186,2021-06-23
170,1624492800000,1.6479877087173578,46824107.71488924,2021-06-24
171,1624579200000,1.725138572835144,49102865.96374668,2021-06-25
172,1624665600000,1.4815046896803703,42092778.64696388,2021-06-26
173,1624752000000,1.4473015836742218,41067041.887407966,2021-06-27
174,1624838400000,1.608715471045936,45693089.41350992,2021-06-28
175,1624924800000,1.6884744817482358,47945368.48517811,2021-06-29
176,1625011200000,1.7303059034124604,49211842.010780536,2021-06-30
177,1625097600000,1.6785955929707206,47729297.1199651,2021-07-01
178,1625184000000,1.573884340021492,44716068.60062056,2021-07-02
179,1625270400000,1.5437701246444944,43750499.29740504,2021-07-03
180,1625356800000,1.6182393050196744,45556464.50695169,2021-07-04
181,1625443200000,1.7188366992295292,48861584.81051932,2021-07-05
182,1625529600000,1.5927985323979934,45354972.9762957,2021-07-06
183,1625616000000,1.9813664295617108,56275576.277301244,2021-07-07
184,1625702400000,2.1182816774559425,60306742.92634408,2021-07-08
185,1625788800000,1.9669626864954108,55693871.95009451,2021-07-09
186,1625875200000,1.9952160051063572,56602637.509975165,2021-07-10
187,1625961600000,1.95740088828879,55661531.48319715,2021-07-11
188,1626048000000,1.9197571589770084,54544486.90687405,2021-07-12
189,1626134400000,1.7658279195235491,50261241.12412633,2021-07-13
190,1626220800000,1.6233585086283588,46158943.39494981,2021-07-14
191,1626307200000,1.5822691670680413,45041379.309102856,2021-07-15
192,1626393600000,1.5916910954335362,45249690.49028566,2021-07-16
193,1626480000000,1.5043429194111855,42751688.15842003,2021-07-17
194,1626566400000,1.4673931107512477,41691837.919364266,2021-07-18
195,1626652800000,1.4920792399885827,42262028.97887683,2021-07-19
196,1626739200000,1.3889038925085397,39002618.9384532,2021-07-20
197,1626825600000,1.4298153094696195,39976877.84156703,2021-07-21
198,1626912000000,1.8319072487868555,51693354.27319503,2021-07-22
199,1626998400000,1.8612626592835226,52753433.386495665,2021-07-23
200,1627084800000,1.8957082207108693,53842078.931222774,2021-07-24
201,1627171200000,1.8441837150537193,52338378.945353396,2021-07-25
202,1627257600000,1.8615267555475967,52890034.174357615,2021-07-26
203,1627344000000,1.8841286644906756,53934757.85476345,2021-07-27
204,1627430400000,1.9003605553931684,53980980.030291155,2021-07-28
205,1627516800000,1.9473709411736273,54664616.484691806,2021-07-29
206,1627603200000,2.157783578370329,61242762.09712182,2021-07-30
207,1627689600000,2.6098825525617544,74040418.90246375,2021-07-31
208,1627776000000,3.5193256311522783,100023435.01411235,2021-08-01
209,1627862400000,3.8493340552505937,109539410.92130856,2021-08-02
210,1627948800000,3.720985349644933,106016370.10215878,2021-08-03
211,1628035200000,3.5700978132844665,101452041.89431325,2021-08-04
212,1628121600000,4.4767752265567875,127226777.44458981,2021-08-05
213,1628208000000,5.111511243898751,144847330.7124713,2021-08-06
214,1628294400000,4.9532966992012675,140733959.86157733,2021-08-07
215,1628380800000,5.101645589001961,144729144.814773,2021-08-08
216,1628467200000,4.489237613671647,128009914.2966586,2021-08-09
217,1628553600000,5.125652408113184,142737057.9132894,2021-08-10
218,1628640000000,4.9068060634150585,139386915.92244974,2021-08-11
219,1628726400000,4.797741013959033,136441040.61629122,2021-08-12
220,1628812800000,4.40522435065394,123665947.76314089,2021-08-13
221,1628899200000,4.934616509127781,139891014.15968645,2021-08-14
222,1628985600000,4.9786058892775475,140910462.61476997,2021-08-15
223,1629072000000,4.871214366655455,138404665.4952027,2021-08-16
224,1629158400000,4.277825052025033,122911172.84426922,2021-08-17
225,1629244800000,3.7355652310388523,106598743.73392583,2021-08-18
226,1629331200000,5.221775950136677,148428592.68651628,2021-08-19
227,1629417600000,5.896918019851702,162443355.76926723,2021-08-20
228,1629504000000,6.33218296830015,179718570.23272276,2021-08-21
229,1629590400000,6.361181766698421,176951618.3931742,2021-08-22
230,1629676800000,5.615240140702378,231766575.82499912,2021-08-23
231,1629763200000,6.047214545899662,249500381.717646,2021-08-24
232,1629849600000,5.468770496977084,226852910.23133835,2021-08-25
233,1629936000000,6.0151309497787375,248077423.23121727,2021-08-26
234,1630022400000,5.584268594120821,230404263.8505309,2021-08-27
235,1630108800000,6.2342050156049575,258087251.09829304,2021-08-28
236,1630195200000,5.931193562349994,245871799.62768772,2021-08-29
237,1630281600000,5.893531829427236,244300989.04049367,2021-08-30
238,1630368000000,5.005051471421716,209400238.55436602,2021-08-31
239,1630454400000,5.172672359670293,214125504.93325615,2021-09-01
240,1630540800000,5.514525980795245,228111415.84892154,2021-09-02
241,1630627200000,5.268397105922862,218759241.47597194,2021-09-03
242,1630713600000,5.338350136025299,238504288.32192567,2021-09-04
243,1630800000000,4.8498348895730015,217941973.8447635,2021-09-05
244,1630886400000,4.784093050830027,214706049.48563713,2021-09-06
245,1630972800000,4.572830469382344,205620597.9377197,2021-09-07
246,1631059200000,4.2352405344909405,190012821.22211224,2021-09-08
247,1631145600000,5.026417131134563,224705751.00028634,2021-09-09
248,1631232000000,5.531679377881143,248750375.96857676,2021-09-10
249,1631318400000,5.552804687146968,272175872.91956216,2021-09-11
250,1631404800000,5.91033718435556,289772334.84608847,2021-09-12
251,1631491200000,5.600277978921574,275509562.8779246,2021-09-13
252,1631577600000,5.39500596120252,264344061.35576934,2021-09-14
253,1631664000000,5.749625457628501,280256524.8753794,2021-09-15
254,1631750400000,5.173743478178433,253553163.44772083,2021-09-16
255,1631836800000,5.814135888380173,284737094.0140082,2021-09-17
256,1631923200000,5.474750602179037,279303346.48283285,2021-09-18
257,1632009600000,5.7371938090418855,288149946.0594374,2021-09-19
258,1632096000000,5.694576609248396,287666747.91490245,2021-09-20
259,1632182400000,4.918757016762327,246747736.38602957,2021-09-21
260,1632268800000,4.547625441998558,229726561.24039787,2021-09-22
261,1632355200000,5.377480325667453,271741327.9518796,2021-09-23
262,1632441600000,5.134101340924159,259365909.9323837,2021-09-24
263,1632528000000,4.904213436399834,250682021.6169697,2021-09-25
264,1632614400000,4.856111701668168,245638942.810257,2021-09-26
265,1632700800000,5.269423966604959,262503295.58882362,2021-09-27
266,1632787200000,4.590711793439315,236287203.72391468,2021-09-28
267,1632873600000,4.676154496701576,239090886.25370872,2021-09-29
268,1632960000000,4.62542256673041,235202532.21413997,2021-09-30
269,1633046400000,4.931103852014249,251503780.5109228,2021-10-01
270,1633132800000,5.305358148738292,270497025.3117751,2021-10-02
271,1633219200000,5.135331220822652,261633236.61924678,2021-10-03
272,1633305600000,4.787685339577824,243444692.65264386,2021-10-04
273,1633392000000,4.221314191072271,215763593.7020192,2021-10-05
274,1633478400000,4.323176909574554,221214725.4837213,2021-10-06
275,1633564800000,4.218580857493668,215377553.828933,2021-10-07
276,1633651200000,4.213990127163987,215226849.87829617,2021-10-08
277,1633737600000,3.9927969591532544,221046153.012715,2021-10-09
278,1633824000000,3.940317131965456,218074103.84315673,2021-10-10
279,1633910400000,3.8463535541300433,212986716.48271412,2021-10-11
280,1633996800000,3.8050507309762374,209056343.5047106,2021-10-12
281,1634083200000,3.5360803740836166,195952050.70877576,2021-10-13
282,1634169600000,3.7255581238885163,206304769.00083762,2021-10-14
283,1634256000000,4.139435413727106,229162451.90435433,2021-10-15
284,1634342400000,4.033363612595385,225098221.54562265,2021-10-16
285,1634428800000,3.737817276106773,208838214.4204881,2021-10-17
286,1634515200000,3.558272922620746,201926594.01250455,2021-10-18
287,1634601600000,3.295389861196961,191679596.83722824,2021-10-19
288,1634688000000,3.413603586002973,190675488.18418792,2021-10-20
289,1634774400000,3.8066613739270774,212541124.13273993,2021-10-21
290,1634860800000,3.474657668087633,200422457.1917936,2021-10-22
291,1634947200000,3.5319990881248713,198078321.92332372,2021-10-23
292,1635033600000,3.6343754539633264,204061226.63620108,2021-10-24
293,1635120000000,3.4787295330408896,195735454.9582415,2021-10-25
294,1635206400000,3.2793819734291154,183899087.51095203,2021-10-26
295,1635292800000,3.534268816535632,199022054.93713906,2021-10-27
296,1635379200000,3.2130270075628005,180232522.9002566,2021-10-28
297,1635465600000,3.490901001591678,195243332.3437085,2021-10-29
298,1635552000000,3.5549231698768273,199230418.77587008,2021-10-30
299,1635638400000,3.431231401075986,192890534.75580493,2021-10-31
300,1635724800000,3.261472109457694,183595766.15224206,2021-11-01
301,1635811200000,3.1697914302749974,178161627.06873512,2021-11-02
302,1635897600000,2.9831518886482646,166143984.0136083,2021-11-03
303,1635984000000,2.844384163477094,159985732.84440997,2021-11-04
304,1636070400000,2.7255706641050677,156479665.5671935,2021-11-05
305,1636156800000,3.237638336648532,195752847.52859953,2021-11-06
306,1636243200000,3.9792920563114573,240328297.85304663,2021-11-07
307,1636329600000,4.125236773129519,248714265.10173172,2021-11-08
308,1636416000000,4.154373972007704,252700390.15787873,2021-11-09
309,1636502400000,4.100424291217625,241664647.06553984,2021-11-10
310,1636588800000,4.2528237129621065,257150584.31038478,2021-11-11
311,1636675200000,4.2293023918025225,255958889.27309486,2021-11-12
312,1636761600000,4.426369144726687,268453029.5479535,2021-11-13
313,1636848000000,5.466494162504728,333663629.2210402,2021-11-14
314,1636934400000,5.267659323766959,323147315.84149283,2021-11-15
315,1637020800000,4.269900471636475,259732904.3041488,2021-11-16
316,1637107200000,3.8759113647312646,235584083.31714845,2021-11-17
317,1637193600000,3.799160903271895,230617195.62563738,2021-11-18
318,1637280000000,3.846737209907569,233703867.11599785,2021-11-19
319,1637366400000,4.9554209608677064,300578137.4470534,2021-11-20
320,1637452800000,4.834512226436511,294438513.5957923,2021-11-21
321,1637539200000,4.323630164940798,262808060.72542608,2021-11-22
322,1637625600000,3.810610430752348,232103978.87875152,2021-11-23
323,1637712000000,3.6712094231046746,223542078.149433,2021-11-24
324,1637798400000,3.61185598237737,219927869.3386408,2021-11-25
325,1637884800000,3.862050421604264,235001522.38125557,2021-11-26
326,1637971200000,3.6724235840012693,223187346.97687864,2021-11-27
327,1638057600000,3.4481578008649842,210266838.95835376,2021-11-28
328,1638144000000,3.9108513830274534,239052188.9416168,2021-11-29
329,1638230400000,4.229296841904126,267589790.3108775,2021-11-30
330,1638316800000,4.291391279595021,262124367.7155677,2021-12-01
331,1638403200000,3.88890409040485,237178464.59921575,2021-12-02
332,1638489600000,3.506907341035028,214034996.75161564,2021-12-03
333,1638576000000,3.290767064217658,200651685.64619875,2021-12-04
334,1638662400000,3.084154336343815,188271600.97310802,2021-12-05
335,1638748800000,4.064821539517019,247800506.8466455,2021-12-06
336,1638835200000,3.7445626937455345,228308517.52449527,2021-12-07
337,1638921600000,3.570911147535485,217879192.29517883,2021-12-08
338,1639008000000,3.721993441566145,227155265.009358,2021-12-09
339,1639094400000,3.199565434868958,195726027.24497426,2021-12-10
340,1639180800000,3.2141056199659728,206740608.36464703,2021-12-11
341,1639267200000,2.986176559053566,194319261.74180144,2021-12-12
342,1639353600000,3.0666639041142303,199142706.8322939,2021-12-13
343,1639440000000,2.4874266651581896,161672262.50970894,2021-12-14
344,1639526400000,2.9266841197620908,190464270.72260427,2021-12-15
345,1639612800000,2.994744641470248,195948839.25777054,2021-12-16
346,1639699200000,3.4753956049116574,226200699.76543376,2021-12-17
347,1639785600000,3.190817123592333,208095670.19074228,2021-12-18
348,1639872000000,3.0354522090636333,198020853.3944623,2021-12-19
349,1639958400000,2.8597058490638556,186596938.92058256,2021-12-20
350,1640044800000,2.858579546663054,186936939.42674944,2021-12-21
351,1640131200000,2.999830323436832,195338594.33660156,2021-12-22
352,1640217600000,3.0938038642006456,201900905.65176886,2021-12-23
353,1640304000000,3.0384131395232843,198346408.1769292,2021-12-24
354,1640390400000,2.856605404589607,187150283.9142946,2021-12-25
355,1640476800000,2.8764228364391298,188155457.36712095,2021-12-26
356,1640563200000,2.6837328091212775,176647854.40507936,2021-12-27
357,1640649600000,2.8947594394741576,190138600.18715373,2021-12-28
358,1640736000000,2.987565077819525,195863384.92197073,2021-12-29
359,1640822400000,2.6666108872879497,174347674.5850716,2021-12-30
360,1640908800000,2.9867753804123116,195691281.99467114,2021-12-31
361,1640995200000,3.104049045469244,205905453.9766401,2022-01-01
362,1641081600000,3.7250352142523395,247262309.42621663,2022-01-02
363,1641168000000,3.6732304477884536,244601586.4932555,2022-01-03
364,1641254400000,3.3145051349179973,220589011.863173,2022-01-04
365,1641340800000,3.3088055787718047,221113678.29782495,2022-01-05
366,1641427200000,3.20226805065214,213405602.6320574,2022-01-06
367,1641513600000,2.945044374848138,196277234.96512532,2022-01-07
368,1641600000000,2.644883474115713,185954141.9494693,2022-01-08
369,1641686400000,2.6796987742546623,189259746.12460607,2022-01-09
370,1641772800000,2.9280907142263137,209272831.70456678,2022-01-10
371,1641859200000,2.7076012629716364,192229453.89645463,2022-01-11
372,1641945600000,2.9733054440298643,211259722.58833206,2022-01-12
373,1642032000000,2.8879461272283735,206961649.27464938,2022-01-13
374,1642118400000,2.6707114348530694,191593866.83266157,2022-01-14
375,1642204800000,2.5582876506009535,182990608.3835733,2022-01-15
376,1642291200000,2.520292249037129,180155963.50269574,2022-01-16
377,1642377600000,2.481244874341739,178464740.31299445,2022-01-17
378,1642464000000,2.1673661265068924,156819787.31647527,2022-01-18
379,1642550400000,2.3493883461708274,170984876.9806647,2022-01-19
380,1642636800000,2.2182979775782705,161646526.25972006,2022-01-20
381,1642723200000,2.171105850548252,166067039.13286084,2022-01-21
382,1642809600000,1.8948012811876431,144776454.54414237,2022-01-22
383,1642896000000,1.7299495258214326,128250653.7713259,2022-01-23
384,1642982400000,1.5267593825476518,128806429.60230342,2022-01-24
385,1643068800000,1.6364638363473858,125938951.41594264,2022-01-25
386,1643155200000,1.730305014962219,135066499.32122263,2022-01-26
387,1643241600000,1.678702739801184,130258846.24861923,2022-01-27
388,1643328000000,1.7952354991362032,128494901.41911796,2022-01-28
389,1643414400000,1.7235252407089456,136104803.9753623,2022-01-29
390,1643500800000,1.7588854658839235,134329827.92857423,2022-01-30
391,1643587200000,1.8336553523887142,145981089.8233863,2022-01-31
392,1643673600000,2.0220075434016613,163392678.87528825,2022-02-01
393,1643760000000,2.0556437630366924,166595872.2843625,2022-02-02
394,1643846400000,2.129800570611778,195212312.9679909,2022-02-03
395,1643932800000,1.9677008403188583,179926900.63882414,2022-02-04
396,1644019200000,2.019752007848941,186786716.3223314,2022-02-05
397,1644105600000,2.043634434745108,188641693.34894955,2022-02-06
398,1644192000000,2.114012666097649,191469809.40225735,2022-02-07
399,1644278400000,2.1866246072687825,208044695.62983614,2022-02-08
400,1644364800000,2.116045119820927,202287670.4737819,2022-02-09
401,1644451200000,1.9976043567309836,192371710.36084884,2022-02-10
402,1644537600000,1.721077480000997,166319798.4803992,2022-02-11
403,1644624000000,1.6162725755426424,155316392.68776697,2022-02-12
404,1644710400000,1.6418890267681392,158114935.1941059,2022-02-13
405,1644796800000,1.4979246614204635,145028911.7997822,2022-02-14
406,1644883200000,1.5346367211786804,150171371.46811813,2022-02-15
407,1644969600000,1.7667435536381337,173090371.7409544,2022-02-16
408,1645056000000,1.8399785874899341,181972966.0591482,2022-02-17
409,1645142400000,1.636129960570035,161771586.7945572,2022-02-18
410,1645228800000,1.536313731834778,153045182.12855262,2022-02-19
411,1645315200000,1.497394671140474,148960227.79222903,2022-02-20
412,1645401600000,1.3296709111448382,132996193.17675541,2022-02-21
413,1645488000000,1.359939041520487,137003884.02081233,2022-02-22
414,1645574400000,1.6982701795459685,171998159.4513702,2022-02-23
415,1645660800000,1.5271923747328688,155024640.85144982,2022-02-24
416,1645747200000,1.4753150712122287,149747272.47070616,2022-02-25
417,1645833600000,1.6541362767505499,167272186.2982126,2022-02-26
418,1645920000000,1.6407846317497459,166183149.9047325,2022-02-27
419,1646006400000,1.6510159781982054,167251659.7289177,2022-02-28
420,1646092800000,1.9194941918567328,194542916.12343016,2022-03-01
421,1646179200000,2.0801024180152354,215443918.36749288,2022-03-02
422,1646265600000,2.068240178271201,214531449.32124755,2022-03-03
423,1646352000000,2.150560367383407,223214779.2753804,2022-03-04
424,1646438400000,2.233232732280956,232852777.84923258,2022-03-05
425,1646524800000,2.2799764607136206,238230444.7946779,2022-03-06
426,1646611200000,2.06139867522332,215816483.4167201,2022-03-07
427,1646697600000,2.001006287687636,211653409.97406065,2022-03-08
428,1646784000000,1.964709389331703,208244599.833908,2022-03-09
429,1646870400000,2.359718433365347,257951960.2783485,2022-03-10
430,1646956800000,2.2730741778859636,248714991.66539788,2022-03-11
431,1647043200000,2.2356647956606914,243343442.35100156,2022-03-12
432,1647129600000,2.401532585749528,263039737.5174829,2022-03-13
433,1647216000000,2.436575790789298,266908040.80975744,2022-03-14
434,1647302400000,2.298346375533364,252289291.75255814,2022-03-15
435,1647388800000,2.671284114937845,294736088.21728957,2022-03-16
436,1647475200000,3.0954966726675552,345085817.8594242,2022-03-17
437,1647561600000,2.8274824960813114,314086201.51720417,2022-03-18
438,1647648000000,3.161660970269329,354947578.65397346,2022-03-19
439,1647734400000,3.5866981730130987,399774282.9524666,2022-03-20
440,1647820800000,2.9954780364230524,340799370.2831024,2022-03-21
441,1647907200000,3.424906060903074,390257706.7295658,2022-03-22
442,1647993600000,3.60303577551538,412744050.5369104,2022-03-23
443,1648080000000,3.4532748249086067,572304189.1280366,2022-03-24
444,1648166400000,3.60199589811579,596215604.3468232,2022-03-25
445,1648252800000,3.43326996106905,571563550.8645542,2022-03-26
446,1648339200000,3.228470747460867,536877402.1456467,2022-03-27
447,1648425600000,3.573312984746917,592090296.8564624,2022-03-28
448,1648512000000,3.7811695461720474,627871772.995029,2022-03-29
449,1648598400000,3.85893224224277,1128109710.4886699,2022-03-30
450,1648684800000,3.802930017550285,1111900361.1215177,2022-03-31
451,1648771200000,3.6628681938233596,1070540455.1605167,2022-04-01
452,1648857600000,4.215862316677833,1231256585.9835482,2022-04-02
453,1648944000000,4.3692808590073176,1279023986.7183435,2022-04-03
454,1649030400000,4.790342341232238,1402663986.3666136,2022-04-04
455,1649116800000,4.92988999476957,1441417349.525819,2022-04-05
456,1649203200000,4.331027972779806,1315479230.225587,2022-04-06
457,1649289600000,3.618481333644246,1101500691.0373318,2022-04-07
458,1649376000000,3.6744036901585813,1118160305.8361328,2022-04-08
459,1649462400000,3.2993909157175807,1004103726.3963349,2022-04-09
460,1649548800000,3.4212100204680116,1040023711.9696726,2022-04-10
461,1649635200000,3.435559248391988,1044604843.7020612,2022-04-11
462,1649721600000,2.9862854303801867,858887674.6600362,2022-04-12
463,1649808000000,2.954232104562769,851715720.322962,2022-04-13
464,1649894400000,3.37757952740566,980758576.2022156,2022-04-14
465,1649980800000,2.8947932442862108,844218860.9980326,2022-04-15
466,1650067200000,3.023012490701668,888449241.6751243,2022-04-16
467,1650153600000,3.0236803933643324,895891422.6610552,2022-04-17
468,1650240000000,2.783408250751701,830708652.2744533,2022-04-18
469,1650326400000,2.923829614571536,877374642.9200282,2022-04-19
470,1650412800000,2.94179411290204,887542451.854472,2022-04-20
471,1650499200000,2.8696412021684057,872032445.705803,2022-04-21
472,1650585600000,2.733675879724866,829879793.8004969,2022-04-22
473,1650672000000,2.7512814752813246,844681350.2926087,2022-04-23
474,1650758400000,2.7921015119099266,862173725.0994292,2022-04-24
475,1650844800000,3.0476235222483865,948434310.4006166,2022-04-25
476,1650931200000,3.284644250039932,1027483562.0405352,2022-04-26
477,1651017600000,2.9589887271727116,932651309.7474815,2022-04-27
478,1651104000000,3.217070417009859,1016916939.2669748,2022-04-28
479,1651190400000,3.5973431603384753,1144322448.1681862,2022-04-29
480,1651276800000,3.1425636962598653,1005515797.6348315,2022-04-30
481,1651363200000,2.8966201325064325,930745257.1220672,2022-05-01
482,1651449600000,2.8840615585064397,932647224.5121603,2022-05-02
483,1651536000000,2.7930453543647977,908843816.0043489,2022-05-03
484,1651622400000,2.7516199365918297,901307754.0049175,2022-05-04
485,1651708800000,3.0922905054214316,1017410481.5444059,2022-05-05
486,1651795200000,2.802636190227766,928524433.812011,2022-05-06
487,1651881600000,2.7771713750614397,926159094.5832894,2022-05-07
488,1651968000000,2.719063482306767,914441763.492548,2022-05-08
489,1652054400000,2.806048877311632,947842742.4731711,2022-05-09
490,1652140800000,1.9953596385967654,685615878.8489966,2022-05-10
491,1652227200000,1.9368626588144597,660044301.2217238,2022-05-11
492,1652313600000,1.5300746545585984,532564966.23320806,2022-05-12
493,1652400000000,1.4178066780037226,494528614.7120153,2022-05-13
494,1652486400000,1.4753657118180927,518126888.008764,2022-05-14
495,1652572800000,1.4878535343272878,515213989.24866974,2022-05-15
496,1652659200000,1.4740958341147627,524778973.6605383,2022-05-16
497,1652745600000,1.4336685435280099,512633208.50368685,2022-05-17
498,1652832000000,1.5253009625601608,548424210.5307258,2022-05-18
499,1652918400000,1.3701362685646814,496495233.0310329,2022-05-19
500,1653004800000,1.420394016668869,517421021.0865024,2022-05-20
501,1653091200000,1.31912292459619,486782579.7090719,2022-05-21
502,1653177600000,1.3397057388132443,496858563.2559945,2022-05-22
503,1653264000000,1.3236042398559351,496175840.3059605,2022-05-23
504,1653350400000,1.175318905223974,442133714.36918783,2022-05-24
505,1653436800000,1.1010744973044015,414255573.4160255,2022-05-25
506,1653523200000,1.089464793442365,412752030.05527633,2022-05-26
507,1653609600000,1.0077571688996656,384890475.162566,2022-05-27
508,1653696000000,1.0729704341544575,410995710.3932823,2022-05-28
509,1653782400000,1.0323557886609733,396923765.8013472,2022-05-29
510,1653868800000,1.1703717441424337,451582147.5362199,2022-05-30
511,1653955200000,1.2201480306367722,474914582.5463969,2022-05-31
512,1654041600000,1.0542640332411828,412936947.7018055,2022-06-01
513,1654128000000,1.0313039995189823,406639399.7679979,2022-06-02
514,1654214400000,1.0256323568152814,406572576.5675197,2022-06-03
515,1654300800000,1.005491131314735,399654253.3062088,2022-06-04
516,1654387200000,1.0213715537924457,407784610.2436335,2022-06-05
517,1654473600000,1.0345528047239465,416377495.9938587,2022-06-06
518,1654560000000,1.064435568725783,431263745.89390904,2022-06-07
519,1654646400000,1.0629142066703858,433093261.2269512,2022-06-08
520,1654732800000,1.0074028325436217,414712844.38581073,2022-06-09
521,1654819200000,1.0250624282951843,423405391.2540623,2022-06-10
522,1654905600000,1.001104720545582,415755003.5090457,2022-06-11
523,1654992000000,0.8469266142492378,353348939.85007024,2022-06-12
524,1655078400000,0.8003513048338424,337436663.25453013,2022-06-13
525,1655164800000,0.5948301042182892,250711875.9613688,2022-06-14
526,1655251200000,0.6248370158252522,264577855.04624867,2022-06-15
527,1655337600000,0.6181690797449355,263503187.58211544,2022-06-16
528,1655424000000,0.5344807171615505,228780493.27940613,2022-06-17
529,1655510400000,0.5804100860318798,250202701.22735214,2022-06-18
530,1655596800000,0.46244348313182904,199873556.0195852,2022-06-19
531,1655683200000,0.5178220343562258,224394135.13682422,2022-06-20
532,1655769600000,0.518894384500377,222976958.6137978,2022-06-21
533,1655856000000,0.5427681894538853,238223856.33752364,2022-06-22
534,1655942400000,0.5120651923769052,226297940.57263985,2022-06-23
535,1656028800000,0.5451643291351518,241951039.94066253,2022-06-24
536,1656115200000,0.644234870506207,286044628.1494679,2022-06-25
537,1656201600000,0.6440210357436582,288561495.80805063,2022-06-26
538,1656288000000,0.6188521896637591,277899451.43348235,2022-06-27
539,1656374400000,0.5756144319620027,259818170.18141076,2022-06-28
540,1656460800000,0.5216398993418203,236495267.64668152,2022-06-29
541,1656547200000,0.4998929632050585,228379904.93063313,2022-06-30
542,1656633600000,0.4467626305192214,201848447.4432473,2022-07-01
543,1656720000000,0.45789572161627184,210251480.66298065,2022-07-02
544,1656806400000,0.46530994750128696,214584877.20266238,2022-07-03
545,1656892800000,0.5012043567184353,232787544.26598746,2022-07-04
546,1656979200000,0.5438402290252241,253616718.65976402,2022-07-05
547,1657065600000,0.5677353004265374,265866571.7917219,2022-07-06
548,1657152000000,0.6183993944772256,290713798.1217152,2022-07-07
549,1657238400000,0.668350254358945,317610881.10013306,2022-07-08
550,1657324800000,0.7449391070413826,354369162.608188,2022-07-09
551,1657411200000,0.6817001914843445,326867078.5011888,2022-07-10
552,1657497600000,0.6402536531414544,308316533.68742657,2022-07-11
553,1657584000000,0.6242055639593588,301580545.04250574,2022-07-12
554,1657670400000,0.6382316370642089,310316374.59586996,2022-07-13
555,1657756800000,0.939504110383313,458671834.4058616,2022-07-14
556,1657843200000,0.904642774145361,441400762.1188679,2022-07-15
557,1657929600000,1.1653121559299267,572764077.4060724,2022-07-16
558,1658016000000,1.3765307375692157,683346535.8687698,2022-07-17
559,1658102400000,1.6033552621066987,785853937.4857343,2022-07-18
560,1658188800000,1.5068968282186679,754916033.7274361,2022-07-19
561,1658275200000,1.5028940860514055,750134883.9288088,2022-07-20
562,1658361600000,1.5755870237780503,796684874.9607136,2022-07-21
563,1658448000000,1.6097888481292038,815536833.1417149,2022-07-22
564,1658534400000,1.5214593786385722,768959102.3261393,2022-07-23
565,1658620800000,1.5965740409897795,810331733.6033832,2022-07-24
566,1658707200000,1.663252271707581,851670224.7942077,2022-07-25
567,1658793600000,1.474922154856924,756823688.8977222,2022-07-26
568,1658880000000,1.4368328067991742,728973792.5052445,2022-07-27
569,1658966400000,1.9273555181899658,991431531.9499999,2022-07-28
570,1659052800000,2.2392470042184036,1140593442.33419,2022-07-29
571,1659139200000,2.4765576162178546,1304261103.5076215,2022-07-30
572,1659225600000,2.353520929499167,1225053585.5460212,2022-07-31
573,1659312000000,2.1689052955437425,1139584783.005405,2022-08-01
574,1659398400000,2.090568786920432,1099505796.3872223,2022-08-02
575,1659484800000,2.323514608470436,1226158616.5110548,2022-08-03
576,1659571200000,2.5945375272305147,1376186027.479142,2022-08-04
577,1659657600000,2.4370887270306554,1280084791.224628,2022-08-05
578,1659744000000,2.6213467248620037,1401797169.5318284,2022-08-06
579,1659830400000,2.599816578537499,1399523880.4053404,2022-08-07
580,1659916800000,2.459222457021878,1329303083.122191,2022-08-08
581,1660003200000,2.379494847671866,1286130943.7694426,2022-08-09
582,1660089600000,2.267304369118368,1236308413.4574194,2022-08-10
583,1660176000000,2.7072469590973225,1475066082.1509519,2022-08-11
584,1660262400000,2.643667531001773,1440257203.452926,2022-08-12
585,1660348800000,2.794722085556965,1539788031.430725,2022-08-13
586,1660435200000,2.9269649676786993,1618722455.384944,2022-08-14
587,1660521600000,2.666753999070254,1479799686.138163,2022-08-15
588,1660608000000,2.73952310849668,1524162286.9723668,2022-08-16
589,1660694400000,2.5775374831647335,1441299633.258909,2022-08-17
590,1660780800000,2.47461621164148,1392006885.8154294,2022-08-18
591,1660867200000,2.243291918278986,1266764268.187012,2022-08-19
592,1660953600000,1.8575759097908093,1074277543.496588,2022-08-20
593,1661040000000,1.8633480990621067,1074059063.1601918,2022-08-21
594,1661126400000,2.183195154519128,1270673574.6884558,2022-08-22
595,1661212800000,2.189495185287498,1254828734.2508893,2022-08-23
596,1661299200000,2.146205202032055,1253679203.6133766,2022-08-24
597,1661385600000,2.170919237705548,1270584461.8307102,2022-08-25
598,1661472000000,2.003043170656791,1159077426.1171849,2022-08-26
599,1661558400000,1.7405340519085277,1009128212.8974237,2022-08-27
600,1661644800000,1.62872593268698,949025322.9386016,2022-08-28
601,1661731200000,1.6077930591117002,943618753.2078022,2022-08-29
602,1661817600000,1.8874312269793039,1113274323.9351997,2022-08-30
603,1661904000000,1.783983528279889,1054972972.4031819,2022-08-31
604,1661990400000,1.9719232975997445,1166442540.0865667,2022-09-01
605,1662076800000,2.092700390248594,1240234704.2863672,2022-09-02
606,1662163200000,2.1842436015502393,1303628923.948455,2022-09-03
607,1662249600000,2.0008508300911894,1198819199.0151026,2022-09-04
608,1662336000000,2.061792719683803,1244169327.1497636,2022-09-05
609,1662422400000,2.034836378136827,1231639400.5407467,2022-09-06
610,1662508800000,1.8610834128615348,1139263015.5380833,2022-09-07
611,1662595200000,1.9561976596607993,1190468393.9006038,2022-09-08
612,1662681600000,1.877161932062052,1146766818.5489995,2022-09-09
613,1662768000000,2.056401675731364,1261480194.3493636,2022-09-10
614,1662854400000,2.1130163922057443,1302231661.1943223,2022-09-11
615,1662940800000,2.083970833218733,1285295836.5639932,2022-09-12
616,1663027200000,1.983707697822052,1228890267.5106783,2022-09-13
617,1663113600000,1.8275786451032665,1133037167.9410179,2022-09-14
618,1663200000000,1.8228734888158549,1131143748.6460626,2022-09-15
619,1663286400000,1.698837077719753,1062611420.1562513,2022-09-16
620,1663372800000,1.7708072255897311,1108375807.5567918,2022-09-17
621,1663459200000,1.9027601310293827,1197014953.4946454,2022-09-18
622,1663545600000,1.685704016374143,1069223543.1607597,2022-09-19
623,1663632000000,1.826041232222009,1150914022.2666764,2022-09-20
624,1663718400000,1.7910242909586307,1135697975.1187575,2022-09-21
625,1663804800000,1.819610940460691,1160722582.6281714,2022-09-22
626,1663891200000,1.806790974823989,1152492772.7260315,2022-09-23
627,1663977600000,1.7612654552659897,1132150736.4190936,2022-09-24
628,1664064000000,1.6838761688960076,1080886996.6628132,2022-09-25
629,1664150400000,1.5742421392941877,1015411278.5428911,2022-09-26
630,1664236800000,1.6294004835035196,1052401757.5723842,2022-09-27
631,1664323200000,1.6015576709005368,1038743095.941845,2022-09-28
632,1664409600000,1.6223847518429761,1056083039.8225069,2022-09-29
633,1664496000000,1.592937561474034,1039612926.4109836,2022-09-30
634,1664582400000,1.5796545724496769,1034389539.4022332,2022-10-01
635,1664668800000,1.5075991247395286,989403691.1106397,2022-10-02
636,1664755200000,1.4443586780382376,953313706.8173192,2022-10-03
637,1664841600000,1.5352391362056161,1016339186.9639071,2022-10-04
638,1664928000000,1.577561239088959,1045059418.829704,2022-10-05
639,1665014400000,1.5285155053811625,1015379008.7993579,2022-10-06
640,1665100800000,1.4984097752424488,1001795318.6057743,2022-10-07
641,1665187200000,1.4766966110763808,992270413.6157075,2022-10-08
642,1665273600000,1.474429376211241,993086781.0647566,2022-10-09
643,1665360000000,1.4562985244637456,981772291.7642381,2022-10-10
644,1665446400000,1.3133692015296978,892088837.0663731,2022-10-11
645,1665532800000,1.318965524939367,896115598.9264148,2022-10-12
646,1665619200000,1.267342459819586,863434364.454745,2022-10-13
647,1665705600000,1.2614887135393182,862585171.7500015,2022-10-14
648,1665792000000,1.2912746394497656,886141557.676872,2022-10-15
649,1665878400000,1.3473251065927099,928406524.9174199,2022-10-16
650,1665964800000,1.345983208270846,929466190.2047353,2022-10-17
651,1666051200000,1.5366382376618914,1065167492.7957817,2022-10-18
652,1666137600000,1.4679553773181933,1021759861.3338444,2022-10-19
653,1666224000000,1.3932197044072754,968329649.9526356,2022-10-20
654,1666310400000,1.5004396906467046,1047744263.8552212,2022-10-21
655,1666396800000,1.528567254045362,1070527980.1226518,2022-10-22
656,1666483200000,1.5117805503520958,1062367073.7649904,2022-10-23
657,1666569600000,1.5400235399479982,1083909193.891106,2022-10-24
658,1666656000000,1.5081234810010662,1064947871.6632483,2022-10-25
659,1666742400000,1.6461073775556903,1168476118.2638228,2022-10-26
660,1666828800000,1.7090223350172087,1215603182.5688915,2022-10-27
661,1666915200000,1.630158546358365,1163888542.84665,2022-10-28
662,1667001600000,1.6810113413227012,1205484467.1035936,2022-10-29
663,1667088000000,1.633249356060406,1170406633.6111674,2022-10-30
664,1667174400000,1.555503390581038,1118010039.9041703,2022-10-31
665,1667260800000,1.5301718561468443,1102147864.6212616,2022-11-01
666,1667347200000,1.4903098384588263,1079399945.2967165,2022-11-02
667,1667433600000,1.5162976492344447,1099326685.9084308,2022-11-03
668,1667520000000,1.6168458698176886,1174474909.5451686,2022-11-04
669,1667606400000,1.7496399857737064,1283861597.130166,2022-11-05
670,1667692800000,1.6995725368926884,1248412782.9795036,2022-11-06
671,1667779200000,1.585859946048236,1171641880.052223,2022-11-07
672,1667865600000,1.676337322990585,1234578625.115885,2022-11-08
673,1667952000000,1.2873366308729814,960114588.587166,2022-11-09
674,1668038400000,0.9043389183686934,663680697.8118647,2022-11-10
675,1668124800000,1.1995733342284627,893220521.3736246,2022-11-11
676,1668211200000,1.1825130694198085,878321923.8769338,2022-11-12
677,1668297600000,1.0886241759522417,814273395.0981141,2022-11-13
678,1668384000000,1.0613405485193368,800178541.6362752,2022-11-14
679,1668470400000,1.1232420522030093,849063811.0625334,2022-11-15
680,1668556800000,1.2028769287260304,909605441.3830577,2022-11-16
681,1668643200000,1.214295205099727,916795126.7028937,2022-11-17
682,1668729600000,1.2412413215005127,941484199.5594016,2022-11-18
683,1668816000000,1.2238474160708603,932804896.6340349,2022-11-19
684,1668902400000,1.1976891483968206,915143661.3965148,2022-11-20
