,Time,open,mktcap,Date
0,1617580800000,1.067829142189632,115412464.62584098,2021-04-05
1,1617667200000,1.067829142189632,115412464.62584098,2021-04-06
2,1617753600000,1.0392732264412947,234010866.23529187,2021-04-07
3,1617840000000,1.0161596630514895,250007341.41343743,2021-04-08
4,1617926400000,1.0328986822255186,266638916.42125756,2021-04-09
5,1618012800000,1.0160708658643585,269995861.83124506,2021-04-10
6,1618099200000,1.0202656137057287,274756754.0660317,2021-04-11
7,1618185600000,1.0230888294030849,281891355.9523023,2021-04-12
8,1618272000000,1.0262859918396388,325585611.01369405,2021-04-13
9,1618358400000,1.0274396868065923,367465987.2687758,2021-04-14
10,1618444800000,1.0371891774288,458438573.25866884,2021-04-15
11,1618531200000,1.0303967734891704,533768776.49112684,2021-04-16
12,1618617600000,1.0286398445115488,554428770.2025685,2021-04-17
13,1618704000000,1.0020867403522715,555234823.1523194,2021-04-18
14,1618790400000,1.0110997786765403,1239533692.5607922,2021-04-19
15,1618876800000,1.0093073425319283,1230178974.647129,2021-04-20
16,1618963200000,1.0051144417762339,1213309315.7848723,2021-04-21
17,1619049600000,1.0113637094652532,1226872183.4669952,2021-04-22
18,1619136000000,1.0198819156468388,1445258784.145786,2021-04-23
19,1619222400000,1.0234967101802273,1452103980.202206,2021-04-24
20,1619308800000,1.0043550125470124,1457434181.80424,2021-04-25
21,1619395200000,1.0133442295104618,1476462651.8928556,2021-04-26
22,1619481600000,1.0060337813288496,1459027118.7136457,2021-04-27
23,1619568000000,1.0058048428738766,1461731352.0704777,2021-04-28
24,1619654400000,1.0033856993328354,1461474587.6612377,2021-04-29
25,1619740800000,1.0116079999505083,1485825258.9642568,2021-04-30
26,1619827200000,1.0152353502639822,1485247852.551694,2021-05-01
27,1619913600000,1.0059338944041911,1476117093.6551797,2021-05-02
28,1620000000000,0.9991685925108132,1465436881.8680933,2021-05-03
29,1620086400000,1.008787927666221,1475701418.026738,2021-05-04
30,1620172800000,0.9923233986185767,1484842033.0227182,2021-05-05
31,1620259200000,0.9995351726787332,1498636590.3313951,2021-05-06
32,1620345600000,0.9933715522596355,1496053119.8431602,2021-05-07
33,1620432000000,1.0007675451312192,1507863980.9950047,2021-05-08
34,1620518400000,0.9966188928126777,1516684360.1008625,2021-05-09
35,1620604800000,0.9974559504720901,1537015580.590769,2021-05-10
36,1620691200000,0.9983780374825324,1541664249.6725216,2021-05-11
37,1620777600000,1.0045465298260463,1548501400.3112779,2021-05-12
38,1620864000000,0.9952878780711596,1551426797.2936988,2021-05-13
39,1620950400000,0.9991297063825263,1557155051.9718952,2021-05-14
40,1621036800000,0.9940200311494758,1549839958.624571,2021-05-15
41,1621123200000,0.988375438622652,1524098319.8387852,2021-05-16
42,1621209600000,1.007743692588858,1509249191.6262567,2021-05-17
43,1621296000000,0.9951905601639185,1473807787.3773305,2021-05-18
44,1621382400000,0.9942611171718435,1440987963.2770896,2021-05-19
45,1621468800000,0.974116681106667,841975902.8409547,2021-05-20
46,1621555200000,0.9843574084082192,640772710.2036772,2021-05-21
47,1621641600000,0.9979740879104677,629441157.1909224,2021-05-22
48,1621728000000,0.992496797446209,638225837.1532586,2021-05-23
49,1621814400000,1.0084161057803636,491637436.76919293,2021-05-24
50,1621900800000,1.0024607675930697,492502193.88978213,2021-05-25
51,1621987200000,1.0045351551004356,497852955.94212466,2021-05-26
52,1622073600000,1.0082714667220225,684861899.9470377,2021-05-27
53,1622160000000,1.0099210674582517,719531597.1597327,2021-05-28
54,1622246400000,1.0149633509826892,729688775.5473752,2021-05-29
55,1622332800000,1.0111765570784015,723721414.0670351,2021-05-30
56,1622419200000,1.0182908635042232,726472857.8237591,2021-05-31
57,1622505600000,1.0203113082127302,744845140.9858923,2021-06-01
58,1622592000000,1.0246476477833282,751172500.4259807,2021-06-02
59,1622678400000,1.0176539779057285,751697719.3569847,2021-06-03
60,1622764800000,1.024416455388891,762052866.9515461,2021-06-04
61,1622851200000,1.011174821162518,754020184.8353082,2021-06-05
62,1622937600000,1.0178738090555555,775506420.4253289,2021-06-06
63,1623024000000,1.0126488606254744,778669066.3213677,2021-06-07
64,1623110400000,1.007486483249573,774576268.143077,2021-06-08
65,1623196800000,1.0095019646976269,773087719.5198,2021-06-09
66,1623283200000,1.0270116728976282,788307321.5900822,2021-06-10
67,1623369600000,1.0153132157704847,783293224.0348855,2021-06-11
68,1623456000000,1.0113676468865564,777135120.0595683,2021-06-12
69,1623542400000,1.008599424983357,791049353.5783081,2021-06-13
70,1623628800000,1.0098245064611124,787833067.5919148,2021-06-14
71,1623715200000,1.0132498990194256,791026120.6053058,2021-06-15
72,1623801600000,1.0099953333176181,797919917.5355256,2021-06-16
73,1623888000000,1.0028691806017946,796184979.1140304,2021-06-17
74,1623974400000,1.0120128736118323,799879396.4099447,2021-06-18
75,1624060800000,1.0195099188543788,787303830.3190973,2021-06-19
76,1624147200000,1.0063536727688367,786208670.530525,2021-06-20
77,1624233600000,1.0175963626000022,792330297.1940995,2021-06-21
78,1624320000000,1.0115114014575735,765942267.7241976,2021-06-22
79,1624406400000,1.0219728220172817,740909107.6853014,2021-06-23
80,1624492800000,1.0234251745324412,746513180.2106478,2021-06-24
81,1624579200000,1.0185831741232938,747555994.218564,2021-06-25
82,1624665600000,1.0250558598692252,748488908.4772042,2021-06-26
83,1624752000000,1.021458546538696,745907904.5081483,2021-06-27
84,1624838400000,1.0377691850189117,757244570.4890585,2021-06-28
85,1624924800000,1.0191488149236358,748215291.8965156,2021-06-29
86,1625011200000,1.0149902275895388,748358611.6009072,2021-06-30
87,1625097600000,1.0186310045486149,754061278.1205364,2021-07-01
88,1625184000000,1.0195882458122352,755655508.1190413,2021-07-02
89,1625270400000,1.013731818321725,756051915.8612044,2021-07-03
90,1625356800000,1.016767123802006,760177093.5430372,2021-07-04
91,1625443200000,1.0103638961411159,763907679.5291504,2021-07-05
92,1625529600000,1.0117248867720146,766361272.4517095,2021-07-06
93,1625616000000,1.0134816426192634,768640983.5272237,2021-07-07
94,1625702400000,1.0077022070707458,761869849.4579391,2021-07-08
95,1625788800000,1.0104977660508954,755375003.0892117,2021-07-09
96,1625875200000,1.010636618011326,759550079.5283293,2021-07-10
97,1625961600000,1.0112952714295342,761197446.0150237,2021-07-11
98,1626048000000,1.0118156153299607,762817063.0027136,2021-07-12
99,1626134400000,1.0175684141816295,766196040.7570587,2021-07-13
100,1626220800000,1.0113540182836636,763680415.579856,2021-07-14
101,1626307200000,1.0081466083548667,756179278.1649106,2021-07-15
102,1626393600000,1.0103905079151727,760214931.6196098,2021-07-16
103,1626480000000,1.000030955992595,478474818.5248646,2021-07-17
104,1626566400000,1.0077871127886882,480663591.7495073,2021-07-18
105,1626652800000,1.0134210428542358,483070463.88238525,2021-07-19
106,1626739200000,1.0123761473534167,475407976.5525281,2021-07-20
107,1626825600000,1.0145689582166546,449427281.728132,2021-07-21
108,1626912000000,1.01376695106021,445474755.49551225,2021-07-22
109,1626998400000,1.0102913873630581,446044715.88449633,2021-07-23
110,1627084800000,1.0137675846013952,449033032.50236005,2021-07-24
111,1627171200000,1.0095286648392123,473227140.41810936,2021-07-25
112,1627257600000,1.0235109984408084,478659989.12494195,2021-07-26
113,1627344000000,0.9978530941588004,474742047.63794315,2021-07-27
114,1627430400000,1.0120576249786286,481003862.71254534,2021-07-28
115,1627516800000,1.0083145915989602,480686806.6249123,2021-07-29
116,1627603200000,1.017048331242402,487898643.83552295,2021-07-30
117,1627689600000,1.0254777113169735,496229166.00563705,2021-07-31
118,1627776000000,1.006137040516546,495320463.3630127,2021-08-01
119,1627862400000,0.9961606201213785,497768268.9108697,2021-08-02
120,1627948800000,1.0099374465828563,503799023.98590285,2021-08-03
121,1628035200000,1.0118158908105328,508540005.3064339,2021-08-04
122,1628121600000,1.010348925391262,515637689.1607814,2021-08-05
123,1628208000000,1.0112075845029678,515256649.0183376,2021-08-06
124,1628294400000,1.0107528906126846,523579769.7729853,2021-08-07
125,1628380800000,1.0073365665865688,546438875.1156873,2021-08-08
126,1628467200000,1.0043941977076714,558189561.5009425,2021-08-09
127,1628553600000,1.0073228102231468,561332804.9098744,2021-08-10
128,1628640000000,1.0102293846612669,569722773.1688925,2021-08-11
129,1628726400000,1.0066014802820697,577019506.8362972,2021-08-12
130,1628812800000,1.014384546469303,572644955.9154557,2021-08-13
131,1628899200000,1.014298657394533,578747846.6314781,2021-08-14
132,1628985600000,1.0181564133339982,585607363.2266821,2021-08-15
133,1629072000000,1.0138083873248382,585549085.4116132,2021-08-16
134,1629158400000,1.0082875144373284,597096951.7888604,2021-08-17
135,1629244800000,1.0092178332971753,596644262.3281894,2021-08-18
136,1629331200000,1.0199689549868067,601746928.5582889,2021-08-19
137,1629417600000,1.0102591572742103,603294343.1142782,2021-08-20
138,1629504000000,1.0090464036680844,598626074.5625345,2021-08-21
139,1629590400000,1.0069599109524197,605398440.9598719,2021-08-22
140,1629676800000,1.0128721686449695,616507111.1683606,2021-08-23
141,1629763200000,1.0093290469172878,615434961.9959247,2021-08-24
142,1629849600000,1.0062360498972593,615937812.7308986,2021-08-25
143,1629936000000,1.0079922742467384,612312342.0441358,2021-08-26
144,1630022400000,1.0106602644012637,610684507.117744,2021-08-27
145,1630108800000,1.0074723931239304,610509127.7730945,2021-08-28
146,1630195200000,1.0076214303923936,589182421.0498987,2021-08-29
147,1630281600000,1.0073224244507384,593563319.2693521,2021-08-30
148,1630368000000,0.9844368910699598,585094889.7201351,2021-08-31
149,1630454400000,1.0091335979355236,599634375.2971561,2021-09-01
150,1630540800000,1.00379027837655,601033288.8413821,2021-09-02
151,1630627200000,1.000806433633756,612760850.2577766,2021-09-03
152,1630713600000,1.001181749764723,614848908.6397486,2021-09-04
153,1630800000000,1.0020154633237401,620154335.2517754,2021-09-05
154,1630886400000,1.0008342128087406,621047162.0354184,2021-09-06
155,1630972800000,1.015650919193733,632393339.5484236,2021-09-07
156,1631059200000,1.007050611670046,621662998.1834736,2021-09-08
157,1631145600000,1.0010395626299093,618815728.7777066,2021-09-09
158,1631232000000,1.0068721715796873,623470731.6268293,2021-09-10
159,1631318400000,0.999693142117846,619646434.4404764,2021-09-11
160,1631404800000,0.9950906072177867,602096499.6081462,2021-09-12
161,1631491200000,1.0188684315807672,615317246.1045132,2021-09-13
162,1631577600000,1.0025181817810236,604828971.1490376,2021-09-14
163,1631664000000,1.0105864072558202,610269362.0285438,2021-09-15
164,1631750400000,1.0061300026810405,607076950.6035463,2021-09-16
165,1631836800000,1.011538743411869,611763917.2547606,2021-09-17
166,1631923200000,1.004349020390454,608616268.8594563,2021-09-18
167,1632009600000,1.0063700965226288,559551054.8706017,2021-09-19
168,1632096000000,0.9995204113205625,555291190.3502743,2021-09-20
169,1632182400000,0.9846419274416665,580049095.7769195,2021-09-21
170,1632268800000,0.9955836526663036,578882085.9979281,2021-09-22
171,1632355200000,1.002917437483689,583094742.5313269,2021-09-23
172,1632441600000,1.0039753249717738,585260606.535508,2021-09-24
173,1632528000000,0.9995316976490336,585901317.0902086,2021-09-25
174,1632614400000,1.006223243492711,589078020.8025542,2021-09-26
175,1632700800000,0.9983090662991981,583461050.9989849,2021-09-27
176,1632787200000,0.9903635688936493,587454532.021988,2021-09-28
177,1632873600000,0.9895433118254122,586114262.9539553,2021-09-29
178,1632960000000,1.0015898122134272,589927059.8055199,2021-09-30
179,1633046400000,1.002276023432631,588629420.4310308,2021-10-01
180,1633132800000,1.0014890643480046,589959728.0189621,2021-10-02
181,1633219200000,0.9965985075604512,589101670.7794657,2021-10-03
182,1633305600000,0.9994493142305613,605177234.6369637,2021-10-04
183,1633392000000,1.006824444922819,612364586.0761504,2021-10-05
184,1633478400000,1.0029243210613557,614514656.423414,2021-10-06
185,1633564800000,1.0042306985726568,613456254.7860174,2021-10-07
186,1633651200000,0.9927560713757636,606777434.4504243,2021-10-08
187,1633737600000,0.9937205667762462,616614795.4700516,2021-10-09
188,1633824000000,1.003525289307006,625165481.6759295,2021-10-10
189,1633910400000,0.9960438915078962,626090744.8235784,2021-10-11
190,1633996800000,1.0033796902302037,629607716.1009595,2021-10-12
191,1634083200000,1.000741888859946,637099919.5759318,2021-10-13
192,1634169600000,1.0029222750443916,653451395.1576413,2021-10-14
193,1634256000000,0.9992962574349382,655962258.1446499,2021-10-15
194,1634342400000,0.9999319310989928,594992987.9555272,2021-10-16
195,1634428800000,0.9981693770417163,597736960.8669877,2021-10-17
196,1634515200000,0.9999633311068407,599604501.6063547,2021-10-18
197,1634601600000,0.9961841552845347,600766825.3908525,2021-10-19
198,1634688000000,0.9981475149787922,600984436.7949837,2021-10-20
199,1634774400000,1.0056501925118968,607971489.2938224,2021-10-21
200,1634860800000,0.9942433027497043,605276721.2908943,2021-10-22
201,1634947200000,1.004927104126076,619474565.4982395,2021-10-23
202,1635033600000,1.0030479311914442,632319513.2133694,2021-10-24
203,1635120000000,1.0004321999980272,607724897.3516495,2021-10-25
204,1635206400000,1.0004791966405822,612374438.4362004,2021-10-26
205,1635292800000,0.9936499761174332,615881997.0939416,2021-10-27
206,1635379200000,0.9847695204715047,608134858.147325,2021-10-28
207,1635465600000,0.9978747197636275,620217403.5494003,2021-10-29
208,1635552000000,0.9941235781678723,622617938.2764479,2021-10-30
209,1635638400000,0.9852655829106439,658921990.5056427,2021-10-31
210,1635724800000,0.9845313720283452,661643334.6373631,2021-11-01
211,1635811200000,0.9815287500572598,657479211.0534717,2021-11-02
212,1635897600000,0.9926845493828012,660033338.2660695,2021-11-03
213,1635984000000,0.9908549861017728,662353802.4177129,2021-11-04
214,1636070400000,0.9995887238247004,664891766.9450556,2021-11-05
215,1636156800000,0.9959440122285407,669931972.688633,2021-11-06
216,1636243200000,0.9963394235646961,671103110.0217175,2021-11-07
217,1636329600000,0.9961187639895503,707330674.8694308,2021-11-08
218,1636416000000,0.9996581582337573,728347049.6273077,2021-11-09
219,1636502400000,1.005093663461159,738700071.3658746,2021-11-10
220,1636588800000,1.0009633895228653,745329898.6883017,2021-11-11
221,1636675200000,0.9998217128595734,748592993.9494972,2021-11-12
222,1636761600000,1.0056370462816242,758834453.4805254,2021-11-13
223,1636848000000,0.9920885185928704,752528647.2490215,2021-11-14
224,1636934400000,1.0094801673681433,764198770.3523934,2021-11-15
225,1637020800000,1.0048293678236715,766988182.0211369,2021-11-16
226,1637107200000,1.0002744343444478,775813866.3323307,2021-11-17
227,1637193600000,1.0068773828279727,783047976.6632254,2021-11-18
228,1637280000000,0.9998398433113138,788544196.7013824,2021-11-19
229,1637366400000,1.0049628852484227,833172838.9774206,2021-11-20
230,1637452800000,1.0077805488894824,862248620.4025578,2021-11-21
231,1637539200000,1.004777550435256,864640525.3362533,2021-11-22
232,1637625600000,0.9998903988972031,861528287.6944265,2021-11-23
233,1637712000000,0.9988276198962388,879947128.4259701,2021-11-24
234,1637798400000,0.9948529454218992,880818077.6222519,2021-11-25
235,1637884800000,0.9967864008173367,886960131.0832037,2021-11-26
236,1637971200000,1.003771112852835,916707687.6024767,2021-11-27
237,1638057600000,0.9998920581025825,913032540.4598689,2021-11-28
238,1638144000000,1.0012481107354927,928088681.2736946,2021-11-29
239,1638230400000,1.004806372328227,934031910.0649626,2021-11-30
240,1638316800000,0.995741912026608,921310406.2333586,2021-12-01
241,1638403200000,0.9814360341302781,906812217.5450077,2021-12-02
242,1638489600000,0.9912178860258595,921709841.3731633,2021-12-03
243,1638576000000,1.0051893951960542,922445093.1063029,2021-12-04
244,1638662400000,0.9975753967628277,899259719.0637803,2021-12-05
245,1638748800000,1.007016457230961,909019397.4275299,2021-12-06
246,1638835200000,1.0048806224135414,913862481.853285,2021-12-07
247,1638921600000,1.0026082565092844,906992246.1315354,2021-12-08
248,1639008000000,1.0028352572185042,906909919.5693687,2021-12-09
249,1639094400000,1.0002166991225734,911765120.7027118,2021-12-10
250,1639180800000,0.9883640746519027,899449972.4484662,2021-12-11
251,1639267200000,0.9999328972832822,887802483.753129,2021-12-12
252,1639353600000,1.0024372599486921,892594582.8525721,2021-12-13
253,1639440000000,0.9946287832077231,848179518.5679405,2021-12-14
254,1639526400000,1.0056906295816823,856308862.3175455,2021-12-15
255,1639612800000,1.002603821459504,848968399.9569418,2021-12-16
256,1639699200000,1.0068284118157123,844292166.5993773,2021-12-17
257,1639785600000,1.0062500613696759,833342777.8018047,2021-12-18
258,1639872000000,1.0038078344169277,844498512.0720956,2021-12-19
259,1639958400000,0.9970201282916309,840039825.7376119,2021-12-20
260,1640044800000,1.0085353130855867,855306810.089883,2021-12-21
261,1640131200000,1.0015592805005586,828353953.0270833,2021-12-22
262,1640217600000,1.0024263650829248,855583501.5153679,2021-12-23
263,1640304000000,1.002056002393818,867235616.3680762,2021-12-24
264,1640390400000,0.9988241087923218,866869966.0994983,2021-12-25
265,1640476800000,0.9997683517848851,867090045.7719023,2021-12-26
266,1640563200000,0.9992340637731119,869138801.1770779,2021-12-27
267,1640649600000,0.9978963958297228,870382409.0930744,2021-12-28
268,1640736000000,1.000009174994052,869656819.2904367,2021-12-29
269,1640822400000,1.0005167322060016,869061746.5795866,2021-12-30
270,1640908800000,1.0009867917183997,868529415.568638,2021-12-31
271,1640995200000,0.999297090205611,867581558.8753145,2022-01-01
272,1641081600000,1.0050519751072766,850167509.9444034,2022-01-02
273,1641168000000,0.9995230476505934,848651327.3907733,2022-01-03
274,1641254400000,1.0002121060325153,850810668.8638039,2022-01-04
275,1641340800000,0.9999460750654808,848661570.1475048,2022-01-05
276,1641427200000,1.0037034051736273,843916138.8218124,2022-01-06
277,1641513600000,1.0004272420680473,834360684.4686109,2022-01-07
278,1641600000000,1.0048890021632029,833481483.5557246,2022-01-08
279,1641686400000,0.9998230930869979,825075754.4512168,2022-01-09
280,1641772800000,1.0038009889148005,826975436.5184035,2022-01-10
281,1641859200000,1.0070943514227215,806903270.8933647,2022-01-11
282,1641945600000,0.9994848015471901,808318769.4639287,2022-01-12
283,1642032000000,0.9981746775703132,804329685.3282175,2022-01-13
284,1642118400000,1.0003775343787298,789211957.4103625,2022-01-14
285,1642204800000,0.9996113703268338,788163644.3871491,2022-01-15
286,1642291200000,1.0010985230129918,802387610.7683119,2022-01-16
287,1642377600000,0.9997743480844526,799040415.7306446,2022-01-17
288,1642464000000,1.0023857529748887,770750834.0450966,2022-01-18
289,1642550400000,0.9967013061552804,751113434.4963048,2022-01-19
290,1642636800000,0.9986622005413781,750947216.9527969,2022-01-20
291,1642723200000,1.002833224639076,743906923.4451363,2022-01-21
292,1642809600000,1.0064072401367146,610645449.8101714,2022-01-22
293,1642896000000,1.0205744051094587,544105541.031735,2022-01-23
294,1642982400000,1.016617141461946,541601271.8332574,2022-01-24
295,1643068800000,1.0148676502771539,517385565.76632214,2022-01-25
296,1643155200000,1.0294441990743484,521479556.1032111,2022-01-26
297,1643241600000,1.0285830989332811,530927180.33335394,2022-01-27
298,1643328000000,1.0111728506162023,498836571.3063473,2022-01-28
299,1643414400000,1.0121367232499328,489466928.4522624,2022-01-29
300,1643500800000,1.0175110795363782,491097243.32291985,2022-01-30
301,1643587200000,1.0096347903417122,487741777.3903027,2022-01-31
302,1643673600000,1.0136302767987282,487362371.1174163,2022-02-01
303,1643760000000,1.0114870173088568,493759663.3305266,2022-02-02
304,1643846400000,1.0139941423147596,489698575.08786994,2022-02-03
305,1643932800000,1.0084451143784787,494125008.01634103,2022-02-04
306,1644019200000,1.0013672555969724,499720278.836509,2022-02-05
307,1644105600000,1.004980756900979,503358653.3782399,2022-02-06
308,1644192000000,1.0076738887180912,503080374.6038624,2022-02-07
309,1644278400000,1.0080173560407917,504584485.2641269,2022-02-08
310,1644364800000,1.0080262476538355,505541676.66275156,2022-02-09
311,1644451200000,1.0054979664509567,503537439.6673403,2022-02-10
312,1644537600000,1.0088374464534366,498478365.2711062,2022-02-11
313,1644624000000,1.004730148038016,497664104.87106985,2022-02-12
314,1644710400000,1.0080350327061824,497566375.06961423,2022-02-13
315,1644796800000,1.0082374617771312,498836610.99527246,2022-02-14
316,1644883200000,1.008106518954953,498387688.1920401,2022-02-15
317,1644969600000,1.0021629442222744,513875394.3369418,2022-02-16
318,1645056000000,1.0030255824890137,513214335.3551839,2022-02-17
319,1645142400000,1.0086992231871534,497402696.0146346,2022-02-18
320,1645228800000,1.0088309283050856,497802184.166388,2022-02-19
321,1645315200000,1.0133787186888068,499458908.01174253,2022-02-20
322,1645401600000,1.0076573505563182,494969018.05344206,2022-02-21
323,1645488000000,1.0115814110545012,493614888.9352353,2022-02-22
324,1645574400000,1.0129123479510065,483317528.49139386,2022-02-23
325,1645660800000,1.0040655619567338,496113258.939425,2022-02-24
326,1645747200000,1.017921484180408,471339749.95132923,2022-02-25
327,1645833600000,1.0146478129223986,468179954.09084105,2022-02-26
328,1645920000000,1.011905504257026,473370132.37885344,2022-02-27
329,1646006400000,1.0111393620095837,474460873.3974852,2022-02-28
330,1646092800000,1.0103493760411248,473182839.3631458,2022-03-01
331,1646179200000,1.0045924814405969,480611983.3335787,2022-03-02
332,1646265600000,1.005145257310766,481079260.685797,2022-03-03
333,1646352000000,1.0051636364352368,481099553.8361714,2022-03-04
334,1646438400000,1.0090446495841163,472615394.6642021,2022-03-05
335,1646524800000,1.0111914196693026,473418849.0144827,2022-03-06
336,1646611200000,1.010866152372077,474184406.50432587,2022-03-07
337,1646697600000,1.0120014796930268,473519338.9234508,2022-03-08
338,1646784000000,1.0109291575221409,471944159.4613572,2022-03-09
339,1646870400000,1.0037341163971196,469091434.9484708,2022-03-10
340,1646956800000,1.0024042273920752,468098508.91065574,2022-03-11
341,1647043200000,1.0027285162247814,467602774.80242157,2022-03-12
342,1647129600000,0.9999400466518591,467582533.27397895,2022-03-13
343,1647216000000,1.003211808005647,468370724.3522592,2022-03-14
344,1647302400000,1.003076495958097,466280095.96583736,2022-03-15
345,1647388800000,1.0022013707574078,465816724.9760176,2022-03-16
346,1647475200000,1.0042147186564523,464668199.4820678,2022-03-17
347,1647561600000,1.0042073126053055,464796309.74288803,2022-03-18
348,1647648000000,1.00344313576124,471048534.039517,2022-03-19
349,1647734400000,1.002105982396311,471111191.7596077,2022-03-20
350,1647820800000,1.0022078180185237,472159356.651045,2022-03-21
351,1647907200000,1.0030330077238876,472534108.8479888,2022-03-22
352,1647993600000,1.0035089942517832,471914354.017259,2022-03-23
353,1648080000000,0.999693504486396,470986616.8644012,2022-03-24
354,1648166400000,1.002197624973241,470339853.00806683,2022-03-25
355,1648252800000,1.0045490937058565,471241716.4749191,2022-03-26
356,1648339200000,1.0041663871202602,472021559.9851231,2022-03-27
357,1648425600000,1.0012782772748132,473176642.8489484,2022-03-28
358,1648512000000,0.9983176676336696,475350825.1538806,2022-03-29
359,1648598400000,1.0035874645800702,476609741.6612315,2022-03-30
360,1648684800000,1.002610500626831,476884594.7812379,2022-03-31
361,1648771200000,1.0032756342240685,478511861.38002753,2022-04-01
362,1648857600000,1.002804598905316,479322780.8507819,2022-04-02
363,1648944000000,0.9991318465026815,484595262.8312528,2022-04-03
364,1649030400000,1.0003838635420559,485223578.6810041,2022-04-04
365,1649116800000,1.000696198850512,486601484.0241669,2022-04-05
366,1649203200000,1.0027362015794343,488442718.8581575,2022-04-06
367,1649289600000,1.002135104448017,486655760.7992843,2022-04-07
368,1649376000000,0.9999722518382947,487473867.06462353,2022-04-08
369,1649462400000,1.0026982951268097,488908652.3510392,2022-04-09
370,1649548800000,1.0024186844315808,489594391.40971005,2022-04-10
371,1649635200000,1.0011034618155874,489632716.48519903,2022-04-11
372,1649721600000,1.0022328799082847,491906043.3202327,2022-04-12
373,1649808000000,1.0042003522064873,492579258.89261365,2022-04-13
374,1649894400000,1.0023463295709187,491418151.2798719,2022-04-14
375,1649980800000,1.0037403145835413,492184743.2696426,2022-04-15
376,1650067200000,1.002894447631601,491622832.23004526,2022-04-16
377,1650153600000,1.0017709592211017,491171163.023041,2022-04-17
378,1650240000000,1.0022887692445228,491443448.6537533,2022-04-18
379,1650326400000,1.0018707446409802,491962878.0590829,2022-04-19
380,1650412800000,1.0010038515982298,491944825.6188888,2022-04-20
381,1650499200000,1.0007188870256671,489948066.4389987,2022-04-21
382,1650585600000,1.0003173758521409,486600863.0351305,2022-04-22
383,1650672000000,1.0017922485998931,488009563.2589112,2022-04-23
384,1650758400000,1.002894989570473,488028275.9099419,2022-04-24
385,1650844800000,0.998664789282493,486516860.6214465,2022-04-25
386,1650931200000,0.9995115658549298,486385940.6103041,2022-04-26
387,1651017600000,1.001908433986028,487318584.0669072,2022-04-27
388,1651104000000,1.001420074498489,482113479.0031823,2022-04-28
389,1651190400000,1.001004770868851,481688211.6201288,2022-04-29
390,1651276800000,1.0018555778161302,480775607.5979273,2022-04-30
391,1651363200000,1.0017912415987489,480715301.5351615,2022-05-01
392,1651449600000,1.002044126278012,478973301.0617404,2022-05-02
393,1651536000000,1.001341126952729,478014348.6473257,2022-05-03
394,1651622400000,1.0012143469184833,478814719.09901196,2022-05-04
395,1651708800000,1.0023865329818917,477177913.08536637,2022-05-05
396,1651795200000,1.002518274407696,477439256.07664514,2022-05-06
397,1651881600000,1.0008413477823364,476089616.49272716,2022-05-07
398,1651968000000,1.0014000559634106,475614253.41677094,2022-05-08
399,1652054400000,1.0027200439169983,467713856.58709204,2022-05-09
400,1652140800000,0.9998012812923223,450213480.8157024,2022-05-10
401,1652227200000,1.0021981720509912,441776745.93764836,2022-05-11
402,1652313600000,0.9952823360415199,413222228.98407316,2022-05-12
403,1652400000000,0.9973317390236378,359156457.1849275,2022-05-13
404,1652486400000,1.002126486255169,353031074.6039861,2022-05-14
405,1652572800000,1.0062842505720393,347732716.31376946,2022-05-15
406,1652659200000,1.0020613078313332,347142179.6531424,2022-05-16
407,1652745600000,1.0039341938100654,348741685.38770354,2022-05-17
408,1652832000000,1.0030264428962399,348938406.05657244,2022-05-18
409,1652918400000,1.0040303792310665,345331568.30913186,2022-05-19
410,1653004800000,1.0048076016563297,340431521.11636746,2022-05-20
411,1653091200000,1.004769534036617,340326322.4669457,2022-05-21
412,1653177600000,1.0056894954530737,340763487.54959095,2022-05-22
413,1653264000000,1.0057695679841254,340212736.1680726,2022-05-23
414,1653350400000,1.0071799898627845,339856349.5875426,2022-05-24
415,1653436800000,1.0059567398653821,340713342.178015,2022-05-25
416,1653523200000,1.0058600310811674,340253801.7541024,2022-05-26
417,1653609600000,1.0077562951352865,336184801.99128175,2022-05-27
418,1653696000000,1.0078680832251488,327180043.54142416,2022-05-28
419,1653782400000,1.0086480589209639,327107455.0428797,2022-05-29
420,1653868800000,1.0086684711662957,326422556.2540304,2022-05-30
421,1653955200000,1.0074035559719843,326147563.80751306,2022-05-31
422,1654041600000,1.0080331225888024,328127636.39048785,2022-06-01
423,1654128000000,1.0118299917388538,330636579.3543807,2022-06-02
424,1654214400000,1.0090041197661266,330106502.88089734,2022-06-03
425,1654300800000,1.0104321560599623,330519358.88838625,2022-06-04
426,1654387200000,1.0128130744051331,330564824.0352955,2022-06-05
427,1654473600000,1.007940064260018,331866371.624102,2022-06-06
428,1654560000000,1.0017686771695722,332688589.72620857,2022-06-07
429,1654646400000,1.003313793911647,339004426.35375166,2022-06-08
430,1654732800000,1.004481353677274,339293838.3817676,2022-06-09
431,1654819200000,1.0037543533942315,339532789.52421016,2022-06-10
432,1654905600000,1.0060009551039766,337029479.9653752,2022-06-11
433,1654992000000,1.0089140735021376,318848214.5930091,2022-06-12
434,1655078400000,1.0131840652372333,304294442.22652024,2022-06-13
435,1655164800000,1.02609157084126,256602933.0392996,2022-06-14
436,1655251200000,1.020756705953824,209659367.18128553,2022-06-15
437,1655337600000,1.0187928245489462,202823288.30418158,2022-06-16
438,1655424000000,1.0147267629457917,205137683.56116807,2022-06-17
439,1655510400000,1.0142300020551298,207361784.01370066,2022-06-18
440,1655596800000,1.0189859273847401,156650104.93155396,2022-06-19
441,1655683200000,1.0168218819776664,159748166.09370646,2022-06-20
442,1655769600000,1.0177345076193394,160267754.1184787,2022-06-21
443,1655856000000,1.0164015119091163,164063235.1988378,2022-06-22
444,1655942400000,1.0282339726562486,165857418.85359532,2022-06-23
445,1656028800000,1.017178751846685,166891471.08631203,2022-06-24
446,1656115200000,1.0320382011293001,168700816.36699125,2022-06-25
447,1656201600000,1.023516867465255,166067571.83588794,2022-06-26
448,1656288000000,1.0186511809799703,166299186.2092002,2022-06-27
449,1656374400000,1.0172644386589067,166095943.15318125,2022-06-28
450,1656460800000,1.0157725999491611,163588246.97183487,2022-06-29
451,1656547200000,1.0170463444794848,159877641.48537886,2022-06-30
452,1656633600000,1.008878577301912,160787263.26459965,2022-07-01
453,1656720000000,1.0187301051862534,161227439.76531672,2022-07-02
454,1656806400000,1.0195183663010339,161274939.92446274,2022-07-03
455,1656892800000,1.0176253967460358,169236077.04190508,2022-07-04
456,1656979200000,1.0193386584951445,170682348.37364933,2022-07-05
457,1657065600000,1.018572175196865,171666225.55529475,2022-07-06
458,1657152000000,1.0186595370966975,172122978.5688972,2022-07-07
459,1657238400000,1.0268590885667486,174058635.32621986,2022-07-08
460,1657324800000,1.027476740940302,172840415.53615993,2022-07-09
461,1657411200000,1.024500310796427,173151886.8676693,2022-07-10
462,1657497600000,1.0226648792959967,172705682.87667966,2022-07-11
463,1657584000000,1.0180778646462307,172064031.07042143,2022-07-12
464,1657670400000,1.0268490175918537,174382455.8723633,2022-07-13
465,1657756800000,1.0241539398715773,172727871.2021358,2022-07-14
466,1657843200000,1.0291731818923084,172996521.51969144,2022-07-15
467,1657929600000,1.0240102690331074,173619023.76690063,2022-07-16
468,1658016000000,1.0252039101778392,174805212.91380128,2022-07-17
469,1658102400000,1.0207408177836494,177503099.53367314,2022-07-18
470,1658188800000,1.0246739621463365,178188196.4683552,2022-07-19
471,1658275200000,1.0266571223324414,180126309.42122754,2022-07-20
472,1658361600000,1.0245077322702387,179870828.4244271,2022-07-21
473,1658448000000,1.0229750910848243,184725254.03004527,2022-07-22
474,1658534400000,1.0206620337874528,184650753.17565662,2022-07-23
475,1658620800000,1.025080827330564,174082565.07851705,2022-07-24
476,1658707200000,1.0299730010881694,176685106.33968166,2022-07-25
477,1658793600000,1.031852701807995,177841908.70432574,2022-07-26
478,1658880000000,1.0267301064732182,176318037.18080252,2022-07-27
479,1658966400000,1.033580909027675,178670193.98572904,2022-07-28
480,1659052800000,1.039452337921619,178248436.03667334,2022-07-29
481,1659139200000,1.0294888236372628,179304080.4354998,2022-07-30
482,1659225600000,1.0304320039433081,178367286.6194916,2022-07-31
483,1659312000000,1.0313445937150871,178644142.51236445,2022-08-01
484,1659398400000,1.030374603155,178431132.9251551,2022-08-02
485,1659484800000,1.026641503283309,178254192.98809427,2022-08-03
486,1659571200000,1.0252574588761132,178787658.86653388,2022-08-04
487,1659657600000,1.0237080428494247,176979558.56414843,2022-08-05
488,1659744000000,1.0226851647406652,178759725.3477056,2022-08-06
489,1659830400000,1.0212948214930342,179495726.15263745,2022-08-07
490,1659916800000,1.025565312127901,179954357.78426567,2022-08-08
491,1660003200000,1.0355072446523428,179740177.0506957,2022-08-09
492,1660089600000,1.0310279283305297,180642884.51392004,2022-08-10
493,1660176000000,1.0241354871023172,181727403.4837702,2022-08-11
494,1660262400000,1.004979242554163,184222926.3611619,2022-08-12
495,1660348800000,0.9975349375945688,185711990.46672374,2022-08-13
496,1660435200000,1.0137480252873268,190447088.5276608,2022-08-14
497,1660521600000,1.0309536511368032,195325177.01879236,2022-08-15
498,1660608000000,1.0292512385878145,192555785.15509263,2022-08-16
499,1660694400000,1.0187977972146716,191054149.47765526,2022-08-17
500,1660780800000,1.0058209766004496,189356940.4750352,2022-08-18
501,1660867200000,1.0157722555698934,188959134.46854487,2022-08-19
502,1660953600000,1.0221957748564052,188806365.65568218,2022-08-20
503,1661040000000,1.018072050654895,185914224.70945403,2022-08-21
504,1661126400000,1.0239751006929971,188759841.04714188,2022-08-22
505,1661212800000,1.0213683214536735,188202178.17545962,2022-08-23
506,1661299200000,1.0149573029772485,187982973.09677568,2022-08-24
507,1661385600000,1.0100104123634914,187858854.078005,2022-08-25
508,1661472000000,1.028163834424757,193104911.90913215,2022-08-26
509,1661558400000,1.055147816797181,198266583.9411876,2022-08-27
510,1661644800000,1.0314678212762014,187678738.8563263,2022-08-28
511,1661731200000,1.03479077147828,188192652.04389006,2022-08-29
512,1661817600000,1.010955042200513,185874797.23291403,2022-08-30
513,1661904000000,0.997125793265713,182840043.33021098,2022-08-31
514,1661990400000,0.9921780196610287,183773504.10693648,2022-09-01
515,1662076800000,0.9938637674105176,180952671.24468067,2022-09-02
516,1662163200000,1.014810174762912,184873043.38654998,2022-09-03
517,1662249600000,1.02126878015901,186309264.2929816,2022-09-04
518,1662336000000,1.0153225267121142,186090359.46957695,2022-09-05
519,1662422400000,0.9980943491891484,182289526.04001275,2022-09-06
520,1662508800000,1.0040677842735184,175021233.04456905,2022-09-07
521,1662595200000,1.004793233064011,177770595.90236682,2022-09-08
522,1662681600000,1.0079325021282408,174664049.03668198,2022-09-09
523,1662768000000,1.0032976953676755,171945738.45191255,2022-09-10
524,1662854400000,1.0047488992090299,172345780.94455606,2022-09-11
525,1662940800000,0.9971825841634517,172245984.92266268,2022-09-12
526,1663027200000,0.9999963695306556,170309636.93698454,2022-09-13
527,1663113600000,0.9950078231981022,168962049.12533954,2022-09-14
528,1663200000000,1.0066685125794508,165953792.5792347,2022-09-15
529,1663286400000,0.999070346741552,166274803.67137536,2022-09-16
530,1663372800000,1.0078338704696361,167650319.8581581,2022-09-17
531,1663459200000,1.0146770611304965,169113089.76935413,2022-09-18
532,1663545600000,1.0146468442462777,168849557.91622186,2022-09-19
533,1663632000000,1.0290801830646212,174322240.61585405,2022-09-20
534,1663718400000,1.029925092123789,174875800.31193557,2022-09-21
535,1663804800000,1.0296087188206922,174872238.15765163,2022-09-22
536,1663891200000,1.0292070620534346,174586531.58689195,2022-09-23
537,1663977600000,1.0281215780608843,175509477.8028985,2022-09-24
538,1664064000000,1.0351643291961095,175561179.36703905,2022-09-25
539,1664150400000,1.0374308452318974,175653351.28351116,2022-09-26
540,1664236800000,1.0226209347665132,173895892.8079906,2022-09-27
541,1664323200000,1.0254822085498838,174781882.96623236,2022-09-28
542,1664409600000,1.0293274039476021,174958637.50513786,2022-09-29
543,1664496000000,1.024600563533433,175839369.64295968,2022-09-30
544,1664582400000,1.0257345183094475,176654828.95427957,2022-10-01
545,1664668800000,1.0249565791188926,176034946.79761723,2022-10-02
546,1664755200000,1.0271253883322664,173380907.74939075,2022-10-03
547,1664841600000,1.0260381690558298,173808135.8226139,2022-10-04
548,1664928000000,1.0319625948301914,174857411.5047299,2022-10-05
549,1665014400000,1.027843556886859,175140241.2871367,2022-10-06
550,1665100800000,1.0347094235425038,174182569.06683508,2022-10-07
551,1665187200000,1.0356693939080643,173506324.75563258,2022-10-08
552,1665273600000,1.0301666056916354,173680285.0807816,2022-10-09
553,1665360000000,1.0303275539393528,173398147.93275273,2022-10-10
554,1665446400000,1.0281412127800815,175831604.5520487,2022-10-11
555,1665532800000,1.0264840514015463,175185830.42428246,2022-10-12
556,1665619200000,1.023212302958883,175876212.34394655,2022-10-13
557,1665705600000,1.032451173783713,175423821.96807837,2022-10-14
558,1665792000000,1.0294245157971114,175342505.62757877,2022-10-15
559,1665878400000,1.0265756056871758,175468870.44717804,2022-10-16
560,1665964800000,1.0318765836285733,175367326.6505836,2022-10-17
561,1666051200000,1.0303119729169434,175498459.39995307,2022-10-18
562,1666137600000,1.0247816680064001,174867593.2272154,2022-10-19
563,1666224000000,1.0305593759264209,175122235.17085314,2022-10-20
564,1666310400000,1.0274260617019326,175640800.7170407,2022-10-21
565,1666396800000,1.0327862313364429,178653031.16754818,2022-10-22
566,1666483200000,1.0288715581865346,178702792.86938345,2022-10-23
567,1666569600000,1.0350835505546045,180004134.00964302,2022-10-24
568,1666656000000,1.0372539338108293,180904774.44630095,2022-10-25
569,1666742400000,1.0332090137045407,181421833.69780004,2022-10-26
570,1666828800000,1.0349648220162397,183796962.83362395,2022-10-27
571,1666915200000,1.0353860649411728,184667610.44797635,2022-10-28
572,1667001600000,1.0384658519326546,185905611.97930497,2022-10-29
573,1667088000000,1.0340447998495734,186378441.0358896,2022-10-30
574,1667174400000,1.037553446523276,188213635.68040463,2022-10-31
575,1667260800000,1.0360517177970192,188514989.9034594,2022-11-01
576,1667347200000,1.0389226512899568,188840444.37892526,2022-11-02
577,1667433600000,1.0288693064651293,187183339.157377,2022-11-03
578,1667520000000,1.0366814326910976,190299851.58132157,2022-11-04
579,1667606400000,1.0372174265779612,192701647.06956068,2022-11-05
580,1667692800000,1.0424731986153546,193461461.85397372,2022-11-06
581,1667779200000,1.0373639658445613,193346680.30576262,2022-11-07
582,1667865600000,1.0363897970821556,193120222.1592784,2022-11-08
583,1667952000000,1.0485117931234171,193100365.93617857,2022-11-09
584,1668038400000,1.0472479830527948,190552244.92734152,2022-11-10
585,1668124800000,1.043634682741964,187490512.74556628,2022-11-11
586,1668211200000,1.0409025667602072,183702137.3783792,2022-11-12
587,1668297600000,1.039799935083835,183713908.86293235,2022-11-13
588,1668384000000,1.046287397921135,186056437.99222353,2022-11-14
589,1668470400000,1.036428870466056,186115313.94426116,2022-11-15
590,1668556800000,1.0374581838462202,192317704.1114807,2022-11-16
591,1668643200000,1.0434906558358,192350933.57592085,2022-11-17
592,1668729600000,1.033157172782752,191799421.50995475,2022-11-18
593,1668816000000,1.033557331054927,196695413.72867152,2022-11-19
594,1668902400000,1.0406727142434047,198326147.63059562,2022-11-20
