,Time,open,mktcap,Date
0,1544486400000,1.831718341642002,0.0,2018-12-11
1,1544572800000,0.9885774093351797,0.0,2018-12-12
2,1544659200000,1.7824866783229603,0.0,2018-12-13
3,1544745600000,1.158130555439953,0.0,2018-12-14
4,1544832000000,1.5251395725522707,0.0,2018-12-15
5,1544918400000,1.5188552348318334,0.0,2018-12-16
6,1545004800000,1.7143641672694514,0.0,2018-12-17
7,1545091200000,1.7233818806921872,0.0,2018-12-18
8,1545177600000,2.0088289811487265,0.0,2018-12-19
9,1545264000000,4.69771607546623,0.0,2018-12-20
10,1545350400000,9.19929728803267,0.0,2018-12-21
11,1545436800000,7.584019557712848,0.0,2018-12-22
12,1545523200000,6.994230560397982,0.0,2018-12-23
13,1545609600000,6.685751985648673,0.0,2018-12-24
14,1545696000000,6.6433998382935915,0.0,2018-12-25
15,1545782400000,5.74357343042866,0.0,2018-12-26
16,1545868800000,5.068916713788177,0.0,2018-12-27
17,1545955200000,4.743723442849454,0.0,2018-12-28
18,1546041600000,4.602016766703105,0.0,2018-12-29
19,1546128000000,4.214118728264339,0.0,2018-12-30
20,1546214400000,3.9795756165281304,0.0,2018-12-31
21,1546300800000,3.617378958595596,0.0,2019-01-01
22,1546387200000,3.2264721521568696,0.0,2019-01-02
23,1546473600000,3.0177151500181876,0.0,2019-01-03
24,1546560000000,3.394266260487183,0.0,2019-01-04
25,1546646400000,3.352744547189275,0.0,2019-01-05
26,1546732800000,3.1809637866999694,0.0,2019-01-06
27,1546819200000,3.126349295488926,0.0,2019-01-07
28,1546905600000,2.9084885889727734,0.0,2019-01-08
29,1546992000000,2.896173819612849,0.0,2019-01-09
30,1547078400000,3.030161279514437,0.0,2019-01-10
31,1547164800000,2.503713233544439,0.0,2019-01-11
32,1547251200000,2.378989714503481,0.0,2019-01-12
33,1547337600000,2.404183531520411,0.0,2019-01-13
34,1547424000000,2.4989468416492113,0.0,2019-01-14
35,1547510400000,2.3965681539363746,0.0,2019-01-15
36,1547596800000,2.5003524519073843,0.0,2019-01-16
37,1547683200000,2.3435591004268757,0.0,2019-01-17
38,1547769600000,2.603509889061202,0.0,2019-01-18
39,1547856000000,2.4107511907696275,0.0,2019-01-19
40,1547942400000,2.3775344017203683,0.0,2019-01-20
41,1548028800000,2.0911972259519813,0.0,2019-01-21
42,1548115200000,2.0563129196165577,0.0,2019-01-22
43,1548201600000,2.2425074836217633,0.0,2019-01-23
44,1548288000000,2.447641252189145,0.0,2019-01-24
45,1548374400000,1.9725900649382466,0.0,2019-01-25
46,1548460800000,2.109981863408133,0.0,2019-01-26
47,1548547200000,2.127612809094388,0.0,2019-01-27
48,1548633600000,2.2291864325312387,0.0,2019-01-28
49,1548720000000,2.063236944785572,0.0,2019-01-29
50,1548806400000,1.9128183887226018,0.0,2019-01-30
51,1548892800000,2.036129288303286,0.0,2019-01-31
52,1548979200000,1.957482970685295,0.0,2019-02-01
53,1549065600000,3.3052347355765237,0.0,2019-02-02
54,1549152000000,4.189600484477927,0.0,2019-02-03
55,1549238400000,4.450572493156047,0.0,2019-02-04
56,1549324800000,5.140886097041721,0.0,2019-02-05
57,1549411200000,5.108828820640635,0.0,2019-02-06
58,1549497600000,4.34641108264609,0.0,2019-02-07
59,1549584000000,4.3596322191780725,0.0,2019-02-08
60,1549670400000,4.344779987316307,0.0,2019-02-09
61,1549756800000,5.039659342075006,0.0,2019-02-10
62,1549843200000,4.418251142364679,0.0,2019-02-11
63,1549929600000,4.50272209886242,0.0,2019-02-12
64,1550016000000,4.466668831634937,0.0,2019-02-13
65,1550102400000,5.14139436577557,0.0,2019-02-14
66,1550188800000,4.944389422340639,0.0,2019-02-15
67,1550275200000,5.320091444549916,0.0,2019-02-16
68,1550361600000,5.219495864325138,0.0,2019-02-17
69,1550448000000,5.645297637649413,0.0,2019-02-18
70,1550534400000,5.723109455203046,0.0,2019-02-19
71,1550620800000,5.352209364566564,0.0,2019-02-20
72,1550707200000,5.390193365605998,0.0,2019-02-21
73,1550793600000,5.705920804914483,0.0,2019-02-22
74,1550880000000,5.704571297152057,0.0,2019-02-23
75,1550966400000,5.541746738715099,0.0,2019-02-24
76,1551052800000,5.409734113619731,0.0,2019-02-25
77,1551139200000,5.557377925844721,0.0,2019-02-26
78,1551225600000,5.793412519073839,0.0,2019-02-27
79,1551312000000,5.620955143909494,0.0,2019-02-28
80,1551398400000,6.575101539677081,0.0,2019-03-01
81,1551484800000,6.212407520194008,0.0,2019-03-02
82,1551571200000,7.382862517491169,0.0,2019-03-03
83,1551657600000,7.23736138021172,0.0,2019-03-04
84,1551744000000,6.9659974815585946,0.0,2019-03-05
85,1551830400000,6.99018285277217,0.0,2019-03-06
86,1551916800000,6.554449595838434,0.0,2019-03-07
87,1552003200000,6.0857410056790835,0.0,2019-03-08
88,1552089600000,6.299993232248376,0.0,2019-03-09
89,1552176000000,6.513598349010166,0.0,2019-03-10
90,1552262400000,6.167741713278761,0.0,2019-03-11
91,1552348800000,6.209850618819686,0.0,2019-03-12
92,1552435200000,6.329006885161066,0.0,2019-03-13
93,1552521600000,6.916195214160998,0.0,2019-03-14
94,1552608000000,7.125657170083175,0.0,2019-03-15
95,1552694400000,7.219441119962969,0.0,2019-03-16
96,1552780800000,7.094854016131112,0.0,2019-03-17
97,1552867200000,6.905925860850432,0.0,2019-03-18
98,1552953600000,7.635806317377865,0.0,2019-03-19
99,1553040000000,7.8878838603159425,0.0,2019-03-20
100,1553126400000,8.119258960185924,0.0,2019-03-21
101,1553212800000,7.055055081585317,0.0,2019-03-22
102,1553299200000,6.745788793479862,0.0,2019-03-23
103,1553385600000,6.961677686902191,0.0,2019-03-24
104,1553472000000,7.113858210708778,0.0,2019-03-25
105,1553558400000,7.030446328832,0.0,2019-03-26
106,1553644800000,7.035786224595973,0.0,2019-03-27
107,1553731200000,7.257919513500443,0.0,2019-03-28
108,1553817600000,6.682746272809069,0.0,2019-03-29
109,1553904000000,7.228586383461508,0.0,2019-03-30
110,1553990400000,7.553463951694899,0.0,2019-03-31
111,1554076800000,7.251853032381473,0.0,2019-04-01
112,1554163200000,7.563680398498828,0.0,2019-04-02
113,1554249600000,8.146906934259299,0.0,2019-04-03
114,1554336000000,7.544374055582871,0.0,2019-04-04
115,1554422400000,7.820478594750066,0.0,2019-04-05
116,1554508800000,7.917681715636544,0.0,2019-04-06
117,1554595200000,8.471707162906851,0.0,2019-04-07
118,1554681600000,8.456974306067032,0.0,2019-04-08
119,1554768000000,8.368147539677238,0.0,2019-04-09
120,1554854400000,8.231990501905761,0.0,2019-04-10
121,1554940800000,7.913207052903136,0.0,2019-04-11
122,1555027200000,7.370391809458309,0.0,2019-04-12
123,1555113600000,7.2023010669443766,0.0,2019-04-13
124,1555200000000,7.031315412202003,0.0,2019-04-14
125,1555286400000,7.278052340782402,0.0,2019-04-15
126,1555372800000,7.197207535828974,0.0,2019-04-16
127,1555459200000,7.482721994909578,0.0,2019-04-17
128,1555545600000,7.762664551130081,0.0,2019-04-18
129,1555632000000,6.861402941797546,0.0,2019-04-19
130,1555718400000,6.682657530537883,0.0,2019-04-20
131,1555804800000,7.839910586600806,0.0,2019-04-21
132,1555891200000,7.881421498889352,0.0,2019-04-22
133,1555977600000,6.898005288466167,0.0,2019-04-23
134,1556064000000,6.422401620422232,0.0,2019-04-24
135,1556150400000,4.927649751999521,0.0,2019-04-25
136,1556236800000,6.647792560513056,0.0,2019-04-26
137,1556323200000,6.901233541501943,0.0,2019-04-27
138,1556409600000,6.836211562180709,0.0,2019-04-28
139,1556496000000,6.817615378532299,0.0,2019-04-29
140,1556582400000,6.435802509325806,0.0,2019-04-30
141,1556668800000,6.401061831474887,0.0,2019-05-01
142,1556755200000,6.3481522753527235,0.0,2019-05-02
143,1556841600000,6.923782980736393,0.0,2019-05-03
144,1556928000000,7.8184074450390995,0.0,2019-05-04
145,1557014400000,7.730566012995867,0.0,2019-05-05
146,1557100800000,7.940771357754945,0.0,2019-05-06
147,1557187200000,8.01345628094085,0.0,2019-05-07
148,1557273600000,7.842911746600816,0.0,2019-05-08
149,1557360000000,8.434159108438676,0.0,2019-05-09
150,1557446400000,8.267672372344633,0.0,2019-05-10
151,1557532800000,8.359409588979362,0.0,2019-05-11
152,1557619200000,8.111619250157554,0.0,2019-05-12
153,1557705600000,7.558574477944139,0.0,2019-05-13
154,1557792000000,8.076488982583905,0.0,2019-05-14
155,1557878400000,7.896709244009676,0.0,2019-05-15
156,1557964800000,8.1040554717703,0.0,2019-05-16
157,1558051200000,7.342601287679331,0.0,2019-05-17
158,1558137600000,6.742122414076514,0.0,2019-05-18
159,1558224000000,6.929428870611062,0.0,2019-05-19
160,1558310400000,7.439290400164783,0.0,2019-05-20
161,1558396800000,6.70103482893505,0.0,2019-05-21
162,1558483200000,6.710511827464308,0.0,2019-05-22
163,1558569600000,6.3964022702820875,0.0,2019-05-23
164,1558656000000,6.191355544776482,0.0,2019-05-24
165,1558742400000,6.330259249756309,0.0,2019-05-25
166,1558828800000,6.753565942608673,0.0,2019-05-26
167,1558915200000,6.836064142825546,0.0,2019-05-27
168,1559001600000,6.204147966500232,0.0,2019-05-28
169,1559088000000,6.111032600646847,0.0,2019-05-29
170,1559174400000,6.306878582696712,0.0,2019-05-30
171,1559260800000,5.933563657070351,0.0,2019-05-31
172,1559347200000,6.2211698618353575,0.0,2019-06-01
173,1559433600000,5.90866609703663,0.0,2019-06-02
174,1559520000000,5.858881134736961,0.0,2019-06-03
175,1559606400000,5.301396695350398,0.0,2019-06-04
176,1559692800000,5.279725584642021,0.0,2019-06-05
177,1559779200000,5.539115251098311,0.0,2019-06-06
178,1559865600000,5.6619827324675684,0.0,2019-06-07
179,1559952000000,5.650828045915046,0.0,2019-06-08
180,1560038400000,4.886413391502388,0.0,2019-06-09
181,1560124800000,4.948090496031658,0.0,2019-06-10
182,1560211200000,4.89956881881054,0.0,2019-06-11
183,1560297600000,5.1502970305066516,0.0,2019-06-12
184,1560384000000,5.7741362746145715,0.0,2019-06-13
185,1560470400000,5.793021954400829,0.0,2019-06-14
186,1560556800000,6.08936583321318,0.0,2019-06-15
187,1560643200000,6.054336389654585,0.0,2019-06-16
188,1560729600000,5.5022345323104,0.0,2019-06-17
189,1560816000000,7.199286289199764,0.0,2019-06-18
190,1560902400000,6.870650855999211,0.0,2019-06-19
191,1560988800000,7.078610349144139,0.0,2019-06-20
192,1561075200000,6.949700548783661,0.0,2019-06-21
193,1561161600000,7.319652564543389,0.0,2019-06-22
194,1561248000000,7.57127046016502,0.0,2019-06-23
195,1561334400000,7.411036897682487,0.0,2019-06-24
196,1561420800000,7.820447576905943,0.0,2019-06-25
197,1561507200000,8.380757075321707,0.0,2019-06-26
198,1561593600000,8.639504532310983,0.0,2019-06-27
199,1561680000000,7.146887838573235,0.0,2019-06-28
200,1561766400000,7.534959432263299,0.0,2019-06-29
201,1561852800000,6.716745114182033,0.0,2019-06-30
202,1561939200000,6.015742002729514,0.0,2019-07-01
203,1562025600000,6.357094785880117,0.0,2019-07-02
204,1562112000000,5.869030615443415,0.0,2019-07-03
205,1562198400000,5.709604524918627,0.0,2019-07-04
206,1562284800000,5.439139743658778,0.0,2019-07-05
207,1562371200000,5.724472739739893,0.0,2019-07-06
208,1562457600000,6.443966978952735,0.0,2019-07-07
209,1562544000000,6.254358112496006,0.0,2019-07-08
210,1562630400000,6.793761476956814,0.0,2019-07-09
211,1562716800000,6.859466212939122,0.0,2019-07-10
212,1562803200000,6.377672856630083,0.0,2019-07-11
213,1562889600000,6.002220523617416,0.0,2019-07-12
214,1562976000000,6.404069829722181,0.0,2019-07-13
215,1563062400000,6.302638007245392,0.0,2019-07-14
216,1563148800000,5.424162406420596,0.0,2019-07-15
217,1563235200000,6.158629983519475,0.0,2019-07-16
218,1563321600000,5.723878362446056,0.0,2019-07-17
219,1563408000000,5.869072648739529,0.0,2019-07-18
220,1563494400000,7.205106342179062,0.0,2019-07-19
221,1563580800000,6.878195638353842,0.0,2019-07-20
222,1563667200000,6.349529829129528,0.0,2019-07-21
223,1563753600000,6.390377609782273,0.0,2019-07-22
224,1563840000000,6.374892145823637,0.0,2019-07-23
225,1563926400000,6.079639016460327,0.0,2019-07-24
226,1564012800000,6.138597075364779,0.0,2019-07-25
227,1564099200000,6.31060756853389,0.0,2019-07-26
228,1564185600000,6.323929299207315,0.0,2019-07-27
229,1564272000000,6.396903066489486,0.0,2019-07-28
230,1564358400000,6.4871033489353005,0.0,2019-07-29
231,1564444800000,6.832948621991695,0.0,2019-07-30
232,1564531200000,7.809332986110923,0.0,2019-07-31
233,1564617600000,7.259593669926801,0.0,2019-08-01
234,1564704000000,7.4459988097926475,0.0,2019-08-02
235,1564790400000,7.245160057570281,0.0,2019-08-03
236,1564876800000,7.753708804811979,0.0,2019-08-04
237,1564963200000,7.703318289183661,0.0,2019-08-05
238,1565049600000,8.020027937370095,0.0,2019-08-06
239,1565136000000,6.777030302991042,0.0,2019-08-07
240,1565222400000,6.956306616524599,0.0,2019-08-08
241,1565308800000,6.901594592013727,0.0,2019-08-09
242,1565395200000,7.234886667899466,0.0,2019-08-10
243,1565481600000,6.890270174297154,0.0,2019-08-11
244,1565568000000,6.991967274135507,0.0,2019-08-12
245,1565654400000,6.720930789869962,0.0,2019-08-13
246,1565740800000,6.654272381517292,0.0,2019-08-14
247,1565827200000,6.293678721748067,0.0,2019-08-15
248,1565913600000,6.370701446815775,0.0,2019-08-16
249,1566000000000,6.524782306856834,0.0,2019-08-17
250,1566086400000,6.371504172540344,0.0,2019-08-18
251,1566172800000,6.736316497876146,0.0,2019-08-19
252,1566259200000,6.681079307219248,0.0,2019-08-20
253,1566345600000,6.609959584452669,0.0,2019-08-21
254,1566432000000,6.262462643925806,0.0,2019-08-22
255,1566518400000,6.321803514339472,0.0,2019-08-23
256,1566604800000,6.513679412480217,0.0,2019-08-24
257,1566691200000,6.527457971990694,0.0,2019-08-25
258,1566777600000,5.848216610602416,0.0,2019-08-26
259,1566864000000,6.115419102095431,0.0,2019-08-27
260,1566950400000,6.0214471715817,0.0,2019-08-28
261,1567036800000,5.646850089914508,0.0,2019-08-29
262,1567123200000,5.886319430092886,0.0,2019-08-30
263,1567209600000,5.477747937082484,0.0,2019-08-31
264,1567296000000,5.612665456317321,0.0,2019-09-01
265,1567382400000,5.46956123107787,0.0,2019-09-02
266,1567468800000,5.857732899405972,0.0,2019-09-03
267,1567555200000,5.699745747957503,0.0,2019-09-04
268,1567641600000,5.407148188855113,0.0,2019-09-05
269,1567728000000,5.594821927127899,0.0,2019-09-06
270,1567814400000,5.534219352406675,0.0,2019-09-07
271,1567900800000,5.822683966602786,0.0,2019-09-08
272,1567987200000,5.332277863519799,0.0,2019-09-09
273,1568073600000,4.992413926411031,0.0,2019-09-10
274,1568160000000,4.88857929299272,0.0,2019-09-11
275,1568246400000,4.845164027136574,0.0,2019-09-12
276,1568332800000,4.889283546736226,0.0,2019-09-13
277,1568419200000,5.1574134017930335,0.0,2019-09-14
278,1568505600000,5.0431777985395625,0.0,2019-09-15
279,1568592000000,4.767816940111033,0.0,2019-09-16
280,1568678400000,4.777860809818629,0.0,2019-09-17
281,1568764800000,4.706756344366353,0.0,2019-09-18
282,1568851200000,4.495093258950696,0.0,2019-09-19
283,1568937600000,4.110898583605658,0.0,2019-09-20
284,1569024000000,4.031870248809914,0.0,2019-09-21
285,1569110400000,4.444502539404256,0.0,2019-09-22
286,1569196800000,4.490919811073509,0.0,2019-09-23
287,1569283200000,3.96530194383141,0.0,2019-09-24
288,1569369600000,3.564258659119617,0.0,2019-09-25
289,1569456000000,3.475829611005376,0.0,2019-09-26
290,1569542400000,3.5930258284872636,0.0,2019-09-27
291,1569628800000,3.617759763880178,0.0,2019-09-28
292,1569715200000,3.587745324820162,0.0,2019-09-29
293,1569801600000,3.268688700183413,0.0,2019-09-30
294,1569888000000,3.4425322038193333,0.0,2019-10-01
295,1569974400000,3.353172675549874,0.0,2019-10-02
296,1570060800000,3.353172675549874,0.0,2019-10-03
297,1570147200000,3.110491624529426,0.0,2019-10-04
298,1570233600000,3.094113637533003,0.0,2019-10-05
299,1570320000000,3.319562902971383,0.0,2019-10-06
300,1570406400000,3.310372990596001,0.0,2019-10-07
301,1570492800000,3.46221542117029,0.0,2019-10-08
302,1570579200000,3.2853463476912856,0.0,2019-10-09
303,1570665600000,3.362141928355304,0.0,2019-10-10
304,1570752000000,3.3382070730674425,0.0,2019-10-11
305,1570838400000,3.035777678911539,0.0,2019-10-12
306,1570924800000,3.023696466770328,0.0,2019-10-13
307,1571011200000,2.8850672197719827,0.0,2019-10-14
308,1571097600000,2.687735761128017,0.0,2019-10-15
309,1571184000000,2.732015420193968,0.0,2019-10-16
310,1571270400000,2.44119362184117,0.0,2019-10-17
311,1571356800000,2.416869518469583,0.0,2019-10-18
312,1571443200000,3.1106700269176724,0.0,2019-10-19
313,1571529600000,2.294475432990592,0.0,2019-10-20
314,1571616000000,2.220051678607296,0.0,2019-10-21
315,1571702400000,2.4648289190669286,0.0,2019-10-22
316,1571788800000,2.2209302172330077,14878061.335925663,2019-10-23
317,1571875200000,2.243375931783922,15024904.342218373,2019-10-24
318,1571961600000,1.903895271639185,12752985.663449267,2019-10-25
319,1572048000000,3.03136366553582,20267541.169203855,2019-10-26
320,1572134400000,0.6830116763623162,4576311.349776038,2019-10-27
321,1572220800000,2.241317422538933,15054699.00613844,2019-10-28
322,1572307200000,3.4816580389355916,23301413.305779982,2019-10-29
323,1572393600000,2.96324805399959,19832119.58488829,2019-10-30
324,1572480000000,2.3165123157432443,16843642.02620782,2019-10-31
325,1572566400000,2.2739364030900564,14948048.135394227,2019-11-01
326,1572652800000,1.0668804854114808,7563667.962535009,2019-11-02
327,1572739200000,1.790703846233815,10586068.818644207,2019-11-03
328,1572825600000,2.1613511031984616,14208476.25416644,2019-11-04
329,1572912000000,2.6169390674782536,17184310.91898506,2019-11-05
330,1572998400000,2.284292849299691,14917012.79267501,2019-11-06
331,1573084800000,2.380291150368418,15462671.298318718,2019-11-07
332,1573171200000,2.388865191501394,15538665.558706421,2019-11-08
333,1573257600000,2.235898319253544,14545888.27046271,2019-11-09
334,1573344000000,2.263238369187428,14741307.41877811,2019-11-10
335,1573430400000,2.347770140679639,15270632.572690768,2019-11-11
336,1573516800000,2.236858217746702,14515539.066265874,2019-11-12
337,1573603200000,2.3490963949146106,15118542.917230345,2019-11-13
338,1573689600000,2.358262351364701,15266717.393445708,2019-11-14
339,1573776000000,2.2128728475668833,14276209.144776363,2019-11-15
340,1573862400000,2.186874171220875,14072377.677135216,2019-11-16
341,1573948800000,2.382311378533328,15366877.853479138,2019-11-17
342,1574035200000,2.2221159734657894,14326662.076795502,2019-11-18
343,1574121600000,2.2359948713059072,14416162.61146495,2019-11-19
344,1574208000000,2.18434727869898,14179028.619423402,2019-11-20
345,1574294400000,2.137319412379475,13744570.895201921,2019-11-21
346,1574380800000,2.035214613056823,13131427.954522993,2019-11-22
347,1574467200000,1.9272551177338653,12419997.30420121,2019-11-23
348,1574553600000,1.93627467417922,12515153.734181568,2019-11-24
349,1574640000000,1.8359673551288018,11923160.126409069,2019-11-25
350,1574726400000,1.887225539644742,12158829.876577461,2019-11-26
351,1574812800000,1.9332482978488719,12418572.368098358,2019-11-27
352,1574899200000,2.0193347050884856,12873470.569668021,2019-11-28
353,1574985600000,1.9340463741086849,12328044.696790274,2019-11-29
354,1575072000000,2.040775109746808,13019959.424108582,2019-11-30
355,1575158400000,1.9280846325320136,12241197.204424813,2019-12-01
356,1575244800000,1.8624350679572008,11837910.049074044,2019-12-02
357,1575331200000,1.7397095044199733,11042810.4381289,2019-12-03
358,1575417600000,1.7671198552093157,11306557.60720065,2019-12-04
359,1575504000000,1.6519635450950563,10558081.91274171,2019-12-05
360,1575590400000,1.7127886035812132,10935639.592962427,2019-12-06
361,1575676800000,1.6428575640895688,10447995.99614819,2019-12-07
362,1575763200000,1.6565744928973842,10631278.746970493,2019-12-08
363,1575849600000,1.6208285548434027,10328560.955797154,2019-12-09
364,1575936000000,1.5662489868848282,9955623.601952808,2019-12-10
365,1576022400000,1.4073615671508737,9006443.529014118,2019-12-11
366,1576108800000,1.3372156150593653,8519221.735908985,2019-12-12
367,1576195200000,1.3525455690274664,8683181.501526162,2019-12-13
368,1576281600000,1.4680955009076329,9357067.170099275,2019-12-14
369,1576368000000,1.4483317041631165,9228750.61493587,2019-12-15
370,1576454400000,1.448258410066717,9236406.939776773,2019-12-16
371,1576540800000,1.3708887481440473,8690431.955990022,2019-12-17
372,1576627200000,1.3253629139875327,8529368.684350595,2019-12-18
373,1576713600000,1.2929142050714966,8228901.831845497,2019-12-19
374,1576800000000,1.2895983495749899,8257216.37372451,2019-12-20
375,1576886400000,1.2707854266070513,8086568.897655223,2019-12-21
376,1576972800000,1.2845168980939514,8179640.031445661,2019-12-22
377,1577059200000,1.2976919101563802,8261442.867838411,2019-12-23
378,1577145600000,1.2689220859838868,8075373.723083615,2019-12-24
379,1577232000000,1.2157635936128344,7758070.441657174,2019-12-25
380,1577318400000,1.2422754828063163,7910730.32343256,2019-12-26
381,1577404800000,1.2978476270209904,8308988.890815675,2019-12-27
382,1577491200000,1.3234474773677567,8467573.772772389,2019-12-28
383,1577577600000,1.3707279643174735,8763325.190175893,2019-12-29
384,1577664000000,1.3921660710261694,8964670.51836249,2019-12-30
385,1577750400000,1.4261478156589682,9097788.992601097,2019-12-31
386,1577836800000,1.3528956817680111,8610286.803930089,2020-01-01
387,1577923200000,1.3898797528663278,8845123.051428558,2020-01-02
388,1578009600000,1.2295713375129222,7837351.699767254,2020-01-03
389,1578096000000,1.304176574218458,8306320.347608614,2020-01-04
390,1578182400000,1.314186856558448,8370587.033745087,2020-01-05
391,1578268800000,1.3119795023183614,8362276.515394545,2020-01-06
392,1578355200000,1.3775003279680094,8758896.552870076,2020-01-07
393,1578441600000,1.5063909382573415,9607717.83524403,2020-01-08
394,1578528000000,1.4224131104078308,9053753.57497487,2020-01-09
395,1578614400000,1.3624043363541705,8643332.747922452,2020-01-10
396,1578700800000,1.4868501770127351,9406569.288180508,2020-01-11
397,1578787200000,1.2750645906461031,8136762.7806823505,2020-01-12
398,1578873600000,1.6616103036592162,10580879.420878928,2020-01-13
399,1578960000000,1.835660901379083,11670467.966412,2020-01-14
400,1579046400000,1.911373694099845,12108781.060821718,2020-01-15
401,1579132800000,1.8999785082590679,12079760.93822633,2020-01-16
402,1579219200000,2.015475056036471,12823621.670479879,2020-01-17
403,1579305600000,1.8843389626997584,12270519.218861232,2020-01-18
404,1579392000000,1.8579806793826574,12142751.975746913,2020-01-19
405,1579478400000,1.8377600618339045,11957401.288785696,2020-01-20
406,1579564800000,2.0368275367859443,12205695.863844192,2020-01-21
407,1579651200000,2.1679967889536713,14212191.308897689,2020-01-22
408,1579737600000,2.4394352934052894,15884889.60957127,2020-01-23
409,1579824000000,2.104093798651478,13709638.51803514,2020-01-24
410,1579910400000,2.3574249075341926,15295596.361397611,2020-01-25
411,1579996800000,2.3260135095866903,15040879.305922227,2020-01-26
412,1580083200000,2.4761219716912906,16091601.37465026,2020-01-27
413,1580169600000,2.363575934690543,15662867.260782763,2020-01-28
414,1580256000000,2.4386791963260612,15697010.608108435,2020-01-29
415,1580342400000,2.459239893737235,16176637.009570858,2020-01-30
416,1580428800000,2.658850583498654,17270854.92338096,2020-01-31
417,1580515200000,2.443905899972238,16067663.161184924,2020-02-01
418,1580601600000,2.356890162780677,15623691.782283587,2020-02-02
419,1580688000000,2.299106165174896,14995163.422695324,2020-02-03
420,1580774400000,2.2494541749286587,14616016.195873523,2020-02-04
421,1580860800000,1.8957542065429498,12353513.211856412,2020-02-05
422,1580947200000,2.0984600265083015,13703001.327828856,2020-02-06
423,1581033600000,1.9635034347470592,12724210.087952599,2020-02-07
424,1581120000000,2.0107009696398657,13077674.403658243,2020-02-08
425,1581206400000,1.939767932962287,12656214.290876683,2020-02-09
426,1581292800000,1.9696212800282717,12848085.199151691,2020-02-10
427,1581379200000,2.0558841185438737,13403822.181788888,2020-02-11
428,1581465600000,1.839414590249053,11996661.121750604,2020-02-12
429,1581552000000,1.7644917523012054,11454569.752793903,2020-02-13
430,1581638400000,1.79027417932868,11693061.853928648,2020-02-14
431,1581724800000,1.7200542514891544,11280328.237537315,2020-02-15
432,1581811200000,1.6605775417261364,10831112.647072816,2020-02-16
433,1581897600000,1.6967264592993163,11135215.418711243,2020-02-17
434,1581984000000,1.6155674667671827,10355136.601082673,2020-02-18
435,1582070400000,1.557303783266769,9725394.75569446,2020-02-19
436,1582156800000,1.5407903374887246,9878998.39764146,2020-02-20
437,1582243200000,1.4635582622470098,9356324.756395435,2020-02-21
438,1582329600000,1.5162297184185802,9725899.885025324,2020-02-22
439,1582416000000,1.5207463096614133,9728147.680698948,2020-02-23
440,1582502400000,1.591357960055404,10214379.61442542,2020-02-24
441,1582588800000,1.6565742227900853,10603048.123386176,2020-02-25
442,1582675200000,1.4814685046406795,9499361.871170696,2020-02-26
443,1582761600000,1.501353878850416,9616804.566380631,2020-02-27
444,1582848000000,1.5037598390121631,9618953.436823038,2020-02-28
445,1582934400000,1.4010016604077842,8986136.766988399,2020-02-29
446,1583020800000,1.3648557169240634,8799711.645338373,2020-03-01
447,1583107200000,1.4181104059469611,9058011.113631908,2020-03-02
448,1583193600000,1.4895075139307052,9532242.300635494,2020-03-03
449,1583280000000,1.4124458675649643,9103875.255698709,2020-03-04
450,1583366400000,1.4772802615738818,9472921.143976197,2020-03-05
451,1583452800000,1.490907740695987,9565035.017721742,2020-03-06
452,1583539200000,1.4283456360021372,9158210.436900388,2020-03-07
453,1583625600000,1.523437389674597,9762334.602741987,2020-03-08
454,1583712000000,1.2553750066193168,8102856.966372381,2020-03-09
455,1583798400000,1.1364882362808661,7201126.263823217,2020-03-10
456,1583884800000,1.1171896404091857,7266519.440132123,2020-03-11
457,1583971200000,1.0820993295347368,7002186.461335279,2020-03-12
458,1584057600000,0.5239070995191302,3306186.879819545,2020-03-13
459,1584144000000,0.756487104270713,4852027.838590323,2020-03-14
460,1584230400000,0.6213530192630373,3996383.5118797277,2020-03-15
461,1584316800000,0.5831655076987053,3795658.5221622433,2020-03-16
462,1584403200000,0.5805867635092976,3765504.996251044,2020-03-17
463,1584489600000,0.6023173573968656,3910872.513910983,2020-03-18
464,1584576000000,0.6120804615488764,3923384.343269596,2020-03-19
465,1584662400000,0.67333412280736,4329289.514063427,2020-03-20
466,1584748800000,0.6220942089705773,3982532.6835639407,2020-03-21
467,1584835200000,0.6883693632209281,4426028.484382343,2020-03-22
468,1584921600000,0.6312204242723769,4039385.512470493,2020-03-23
469,1585008000000,0.6553978859755535,4144074.760544561,2020-03-24
470,1585094400000,0.6943184530850315,4453411.773683085,2020-03-25
471,1585180800000,0.7223608431276449,4579390.902967425,2020-03-26
472,1585267200000,0.7255278392744252,4621180.864541774,2020-03-27
473,1585353600000,0.6262809109214375,3975574.4098706553,2020-03-28
474,1585440000000,0.6166144212056467,3940376.9308576384,2020-03-29
475,1585526400000,0.6121708963023286,3911945.1474744976,2020-03-30
476,1585612800000,0.6712902231766766,4282252.055970725,2020-03-31
477,1585699200000,0.6798051068421805,4351351.354341987,2020-04-01
478,1585785600000,0.642432788456477,4119000.9342770996,2020-04-02
479,1585872000000,0.5985947953630055,3794347.196741385,2020-04-03
480,1585958400000,0.591657038187925,3752931.1624990595,2020-04-04
481,1586044800000,0.6098547898124845,3902275.4202748975,2020-04-05
482,1586131200000,0.5737938541742529,3637837.2704050504,2020-04-06
483,1586217600000,0.6173000441440769,3969432.7506628726,2020-04-07
484,1586304000000,0.5772903479906362,3697101.946563672,2020-04-08
485,1586390400000,0.5934508766486515,3823837.2430653498,2020-04-09
486,1586476800000,0.605409440290908,3868980.06483431,2020-04-10
487,1586563200000,0.5413167884706218,3466924.9512291346,2020-04-11
488,1586649600000,0.5616302924159017,3589858.6940968623,2020-04-12
489,1586736000000,0.5648852319380145,3626275.5378124528,2020-04-13
490,1586822400000,0.5504278223427076,3518739.2014832017,2020-04-14
491,1586908800000,0.5524335976871515,3557551.907454731,2020-04-15
492,1586995200000,0.481616862509857,3091484.081463352,2020-04-16
493,1587081600000,0.5272030138741886,3405372.811267222,2020-04-17
494,1587168000000,0.5322291337852602,3466143.4070632295,2020-04-18
495,1587254400000,0.5498955795971086,3522565.604993391,2020-04-19
496,1587340800000,0.5169707647313606,3322438.606362816,2020-04-20
497,1587427200000,0.517922758933389,3326970.173094784,2020-04-21
498,1587513600000,0.5219238659878754,3467823.7921858095,2020-04-22
499,1587600000000,0.5653335390315684,3640010.018210441,2020-04-23
500,1587686400000,0.579539192707557,3717506.1820922475,2020-04-24
501,1587772800000,0.5965297980421927,3817558.418103822,2020-04-25
502,1587859200000,0.5764589078289459,3688484.4710058095,2020-04-26
503,1587945600000,0.5976148650312176,3825319.806847043,2020-04-27
504,1588032000000,0.6266746686293467,3997810.319712046,2020-04-28
505,1588118400000,0.6366351754940665,4105448.715872393,2020-04-29
506,1588204800000,0.7276265762008454,4641279.94827163,2020-04-30
507,1588291200000,0.7083155298360019,4554769.092173095,2020-05-01
508,1588377600000,0.7111470079774027,4566331.182973769,2020-05-02
509,1588464000000,0.7289637819389567,4726815.915110115,2020-05-03
510,1588550400000,0.7156031863850368,4575444.941300221,2020-05-04
511,1588636800000,0.7544554578353828,4833149.823540611,2020-05-05
512,1588723200000,0.7554059791990311,4788535.821494592,2020-05-06
513,1588809600000,0.8001290165278996,5119851.723081219,2020-05-07
514,1588896000000,1.1431752145384857,7278464.696206393,2020-05-08
515,1588982400000,1.3351849635837258,8493428.221005477,2020-05-09
516,1589068800000,1.3477291923764065,8645024.421965253,2020-05-10
517,1589155200000,1.3964465520334595,8924417.494377911,2020-05-11
518,1589241600000,1.3370977586758486,8426073.80621578,2020-05-12
519,1589328000000,1.7500473196974626,11041043.2938774,2020-05-13
520,1589414400000,1.6947256315838424,10625113.344158325,2020-05-14
521,1589500800000,1.8832117425061874,12120504.397007583,2020-05-15
522,1589587200000,1.7610421101068774,11266870.16307204,2020-05-16
523,1589673600000,1.5913626542105688,10080267.806028182,2020-05-17
524,1589760000000,1.7026143504988265,10796843.333430154,2020-05-18
525,1589846400000,1.9640962824148354,12544667.819800226,2020-05-19
526,1589932800000,1.9736157424061016,12466942.00859427,2020-05-20
527,1590019200000,1.9961647729791285,12579705.698910242,2020-05-21
528,1590105600000,1.962038076455778,12452567.055020802,2020-05-22
529,1590192000000,1.7811087401939074,11308650.3356014,2020-05-23
530,1590278400000,1.7355815429597017,11137399.072914224,2020-05-24
531,1590364800000,1.9669561684338062,12559015.542080788,2020-05-25
532,1590451200000,1.9446257423462383,12328541.57283443,2020-05-26
533,1590537600000,2.268751081801427,14186118.291792385,2020-05-27
534,1590624000000,2.306330315033241,14548070.841174766,2020-05-28
535,1590710400000,2.5035402011211545,15835025.76231166,2020-05-29
536,1590796800000,2.359097283632498,15002692.29696547,2020-05-30
537,1590883200000,2.505481871572554,15782699.26395955,2020-05-31
538,1590969600000,2.523821496004359,15913389.099722916,2020-06-01
539,1591056000000,2.6218994622593104,16657597.994167866,2020-06-02
540,1591142400000,2.5093573271132303,16148717.382112099,2020-06-03
541,1591228800000,2.5817688187048082,16307623.798537685,2020-06-04
542,1591315200000,2.323274211076976,14854342.784306476,2020-06-05
543,1591401600000,2.186185503448663,13764473.004172616,2020-06-06
544,1591488000000,2.1491206938955973,13628469.55602466,2020-06-07
545,1591574400000,1.9983664667604781,12610474.812408797,2020-06-08
546,1591660800000,1.9239665678915399,12007511.9821255,2020-06-09
547,1591747200000,1.8035792105287098,11446036.94434852,2020-06-10
548,1591833600000,2.510823848149977,16510034.50684339,2020-06-11
549,1591920000000,3.3045736199759266,21310760.23196461,2020-06-12
550,1592006400000,3.6221191813937503,23480061.469472032,2020-06-13
551,1592092800000,3.9773200397355937,25156147.744120836,2020-06-14
552,1592179200000,3.615039321469681,22852848.052354276,2020-06-15
553,1592265600000,3.2556923892155223,20819410.981932122,2020-06-16
554,1592352000000,4.196684998973111,26459447.10815714,2020-06-17
555,1592438400000,3.944767603851213,24787478.411559775,2020-06-18
556,1592524800000,3.650768965330017,23025645.917715173,2020-06-19
557,1592611200000,3.528651423053854,22285032.27604341,2020-06-20
558,1592697600000,2.9670079135057286,18862110.194223497,2020-06-21
559,1592784000000,2.788846934273501,17732434.060261108,2020-06-22
560,1592870400000,2.7306304379753508,17370387.162823528,2020-06-23
561,1592956800000,2.8063331562343117,17930943.815474868,2020-06-24
562,1593043200000,2.7292666969174437,17486797.146891892,2020-06-25
563,1593129600000,2.668423126016814,17091552.310903322,2020-06-26
564,1593216000000,2.5125987904187412,16108326.087377297,2020-06-27
565,1593302400000,2.3794194549444043,15340877.989179546,2020-06-28
566,1593388800000,2.3884648226867946,15293839.346938858,2020-06-29
567,1593475200000,2.206231805628659,14159479.641741712,2020-06-30
568,1593561600000,2.275460193103412,14593596.427148331,2020-07-01
569,1593648000000,2.2217311099529455,14208546.512184458,2020-07-02
570,1593734400000,2.136468521512198,13676295.37342908,2020-07-03
571,1593820800000,1.8805370636747767,12124154.542856256,2020-07-04
572,1593907200000,1.9422439533144418,12523897.141676525,2020-07-05
573,1593993600000,1.9214595415899465,12438447.523752619,2020-07-06
574,1594080000000,1.9061917747459616,12321320.980466582,2020-07-07
575,1594166400000,1.9362573632578042,12516265.506354226,2020-07-08
576,1594252800000,2.104818963711076,13634594.712974822,2020-07-09
577,1594339200000,2.1531888497531306,13962745.694115782,2020-07-10
578,1594425600000,2.2669468867396345,14753323.659163924,2020-07-11
579,1594512000000,2.454639041663091,15921967.566000596,2020-07-12
580,1594598400000,2.3997746562410516,15607772.535015116,2020-07-13
581,1594684800000,2.217797617001013,14371370.804062111,2020-07-14
582,1594771200000,2.1883245433780485,14199842.01853063,2020-07-15
583,1594857600000,2.2144840320774617,14262117.376602493,2020-07-16
584,1594944000000,2.19110359320313,14202881.927981459,2020-07-17
585,1595030400000,1.8894430943979765,12329283.276895583,2020-07-18
586,1595116800000,1.8032539314252132,11829071.857863361,2020-07-19
587,1595203200000,1.6490477677455615,11114521.539638877,2020-07-20
588,1595289600000,1.6993845467585302,11072978.686231436,2020-07-21
589,1595376000000,1.6626784056073043,10834488.222962555,2020-07-22
590,1595462400000,1.6867548922635485,11042459.872006737,2020-07-23
591,1595548800000,1.7640911096965113,11525817.988375764,2020-07-24
592,1595635200000,1.6979170901512148,11129945.344968172,2020-07-25
593,1595721600000,1.8956087091021865,12406022.681773528,2020-07-26
594,1595808000000,1.8973292406471145,12423386.211007243,2020-07-27
595,1595894400000,1.9662634735941609,13317037.378097814,2020-07-28
596,1595980800000,1.8304877168290563,11921524.974374147,2020-07-29
597,1596067200000,1.9025572430386468,12510292.626332728,2020-07-30
598,1596153600000,1.8217860792702087,11985560.766167032,2020-07-31
599,1596240000000,1.8574359862023089,12148975.91711151,2020-08-01
600,1596326400000,2.0575882394679645,13374510.367026554,2020-08-02
601,1596412800000,1.9895024334005065,13023825.938634899,2020-08-03
602,1596499200000,2.098689831867751,13725831.100837868,2020-08-04
603,1596585600000,1.8636950457477126,12446254.863184141,2020-08-05
604,1596672000000,1.8887820385855223,12555901.398646934,2020-08-06
605,1596758400000,1.9509741246513452,13024285.762372669,2020-08-07
606,1596844800000,1.7925685760858188,12036566.281049347,2020-08-08
607,1596931200000,1.8988064285392008,12809243.261638245,2020-08-09
608,1597017600000,2.0341585164099327,13630614.475688638,2020-08-10
609,1597104000000,2.215374991841285,14852732.417975726,2020-08-11
610,1597190400000,2.451986341088103,16393094.472245596,2020-08-12
611,1597276800000,2.460667448012664,53831973.793120354,2020-08-13
612,1597363200000,4.495739532404041,98242617.55354416,2020-08-14
613,1597449600000,4.346369452115472,94958164.01380213,2020-08-15
614,1597536000000,4.76833281413146,104619938.77031876,2020-08-16
615,1597622400000,4.880148632691079,106933758.66526335,2020-08-17
616,1597708800000,3.3960580647210103,74478853.03043644,2020-08-18
617,1597795200000,3.3336382843047674,73583862.47998914,2020-08-19
618,1597881600000,3.401225153267426,74845432.04372656,2020-08-20
619,1597968000000,3.5194250977535297,77204041.08109121,2020-08-21
620,1598054400000,3.033359278354766,66684805.423897006,2020-08-22
621,1598140800000,2.933395870077123,64399532.752245665,2020-08-23
622,1598227200000,2.9309698762497716,64226722.05400549,2020-08-24
623,1598313600000,3.066089038617665,67587368.97743934,2020-08-25
624,1598400000000,2.957360757653036,65004977.0992321,2020-08-26
625,1598486400000,3.1093644952100155,68467933.29130808,2020-08-27
626,1598572800000,2.9140339502290074,64309213.71057589,2020-08-28
627,1598659200000,3.3140014889628455,73132767.2218628,2020-08-29
628,1598745600000,3.1601718984642098,69657028.66145425,2020-08-30
629,1598832000000,3.6666110964244076,80836109.88534428,2020-08-31
630,1598918400000,3.5142416791774966,77996887.3104848,2020-09-01
631,1599004800000,3.381792692484139,75118994.98063102,2020-09-02
632,1599091200000,3.151729697235001,69712670.76941448,2020-09-03
633,1599177600000,2.7224984682162705,60339253.31691702,2020-09-04
634,1599264000000,2.770269060469275,60768506.18227597,2020-09-05
635,1599350400000,2.67504805239919,59184786.96637324,2020-09-06
636,1599436800000,3.0270724887694125,67058772.66335616,2020-09-07
637,1599523200000,3.2720421643714186,72365640.53117977,2020-09-08
638,1599609600000,3.032698746174138,64873193.075196646,2020-09-09
639,1599696000000,3.236236948413366,70834925.97689475,2020-09-10
640,1599782400000,3.801138898337514,90871660.7865565,2020-09-11
641,1599868800000,3.7502248351142042,83033782.65781666,2020-09-12
642,1599955200000,3.8559270673345614,85273477.74797252,2020-09-13
643,1600041600000,3.624442520794684,80289770.31341226,2020-09-14
644,1600128000000,3.550994363928544,78602570.83813417,2020-09-15
645,1600214400000,3.592925491140352,79370020.05380262,2020-09-16
646,1600300800000,3.397661168509469,75416705.72048862,2020-09-17
647,1600387200000,3.616614104316741,80264425.81981227,2020-09-18
648,1600473600000,3.4234721399242596,75845076.93346639,2020-09-19
649,1600560000000,3.4818988182600066,77277994.81891951,2020-09-20
650,1600646400000,3.3944652764797585,75144812.36755432,2020-09-21
651,1600732800000,3.461216483284681,77103828.74767536,2020-09-22
652,1600819200000,3.2782047920504165,72804425.65330994,2020-09-23
653,1600905600000,3.3580658082893957,75408518.17551775,2020-09-24
654,1600992000000,3.4892480182583445,76902754.22562945,2020-09-25
655,1601078400000,3.420469931005076,76061698.23611183,2020-09-26
656,1601164800000,3.201628582713785,71223790.36525042,2020-09-27
657,1601251200000,3.1142621897872145,69320822.10411723,2020-09-28
658,1601337600000,3.1188924505754216,69468010.28796886,2020-09-29
659,1601424000000,3.0966215087933695,68967656.99440496,2020-09-30
660,1601510400000,2.989802212509423,66662192.52664379,2020-10-01
661,1601596800000,2.825381019336248,63062219.52686002,2020-10-02
662,1601683200000,2.8802921449183017,64200571.5754018,2020-10-03
663,1601769600000,2.817684482503802,62863311.61329575,2020-10-04
664,1601856000000,2.7806473203505706,62440950.07551159,2020-10-05
665,1601942400000,2.7081325635338147,60382451.998369254,2020-10-06
666,1602028800000,2.6302493404105096,58678026.12719393,2020-10-07
667,1602115200000,2.5872663521996544,57802714.63715662,2020-10-08
668,1602201600000,2.640888631603387,58945264.64177464,2020-10-09
669,1602288000000,2.591305945596336,57920602.000167556,2020-10-10
670,1602374400000,2.6788725224788164,59962035.21976144,2020-10-11
671,1602460800000,2.7229819070197108,60869169.042783745,2020-10-12
672,1602547200000,2.665451829801261,59593799.39116163,2020-10-13
673,1602633600000,2.5844233742655245,57929806.6329688,2020-10-14
674,1602720000000,2.590791487744487,57873224.570935495,2020-10-15
675,1602806400000,2.1448554330274017,48127515.759967275,2020-10-16
676,1602892800000,2.1326001577979716,47726293.23742191,2020-10-17
677,1602979200000,2.12468117461586,47553455.63865356,2020-10-18
678,1603065600000,2.0943290987376986,46894129.158512495,2020-10-19
679,1603152000000,2.1234384885095836,47591511.40935799,2020-10-20
680,1603238400000,1.930157545285338,42853525.17455647,2020-10-21
681,1603324800000,2.0876026741410563,46521581.68863666,2020-10-22
682,1603411200000,2.0071237787279377,45297420.173104934,2020-10-23
683,1603497600000,1.991463568465446,44704767.66417461,2020-10-24
684,1603584000000,1.8950030306383903,42523611.64487037,2020-10-25
685,1603670400000,1.7014351690916025,38197634.064714245,2020-10-26
686,1603756800000,1.6918521395875494,38063016.58150174,2020-10-27
687,1603843200000,1.7207352056819487,38888844.73607106,2020-10-28
688,1603929600000,1.6724448704030603,37796864.08509798,2020-10-29
689,1604016000000,1.6778572985220377,37779198.32122919,2020-10-30
690,1604102400000,1.714442420045788,38734977.83181812,2020-10-31
691,1604188800000,1.634346357952917,36789935.17298277,2020-11-01
692,1604275200000,1.6451131253023816,36953770.696861155,2020-11-02
693,1604361600000,1.5455788609885448,34824111.723757066,2020-11-03
694,1604448000000,1.6005904440145757,35980746.180249654,2020-11-04
695,1604534400000,1.5876833683826803,35914568.31664891,2020-11-05
696,1604620800000,1.6172233496823942,36581433.68440008,2020-11-06
697,1604707200000,1.6345370665189016,36991042.35351643,2020-11-07
698,1604793600000,1.5629847050769192,35199637.04348201,2020-11-08
699,1604880000000,1.6649881705283691,37782897.36226461,2020-11-09
700,1604966400000,1.5727882084455276,35556922.46628683,2020-11-10
701,1605052800000,1.6246968195399945,36743535.46201058,2020-11-11
702,1605139200000,1.6414999973963411,37549957.70129933,2020-11-12
703,1605225600000,1.6332685051745437,36900152.671383984,2020-11-13
704,1605312000000,1.4712564454240904,33249037.067924943,2020-11-14
705,1605398400000,1.4758825101259894,33358765.945514902,2020-11-15
706,1605484800000,1.4467320714465723,32749090.911387082,2020-11-16
707,1605571200000,1.398807847326603,31824482.70351486,2020-11-17
708,1605657600000,1.4983341902743852,34142915.05180128,2020-11-18
709,1605744000000,1.222160248083705,27630308.636287965,2020-11-19
710,1605830400000,1.1464801152344128,25958516.889465887,2020-11-20
711,1605916800000,1.1828750659332767,26811697.688621007,2020-11-21
712,1606003200000,1.28167690901317,29038740.3616987,2020-11-22
713,1606089600000,1.333355945571992,30354333.346480124,2020-11-23
714,1606176000000,1.3958335767791181,31190184.02611041,2020-11-24
715,1606262400000,1.3049767334129212,29582243.299477354,2020-11-25
716,1606348800000,1.3282567907967466,30057263.52960469,2020-11-26
717,1606435200000,1.1299723301955078,24811936.777110986,2020-11-27
718,1606521600000,1.1041815172536213,25051142.874588765,2020-11-28
719,1606608000000,1.1095786771551246,25186736.980073486,2020-11-29
720,1606694400000,1.2301830363614326,27891542.003056988,2020-11-30
721,1606780800000,1.281561286086724,29077863.077609815,2020-12-01
722,1606867200000,1.3116308156445564,29739694.0651581,2020-12-02
723,1606953600000,1.3291890979930376,30208048.12834022,2020-12-03
724,1607040000000,1.2743344439444861,29072654.828926392,2020-12-04
725,1607126400000,1.2881123366380351,29215627.948801424,2020-12-05
726,1607212800000,1.3112744414177362,29749068.697156988,2020-12-06
727,1607299200000,1.3424882230497965,30510610.02581302,2020-12-07
728,1607385600000,1.3722191210599992,31244415.128391705,2020-12-08
729,1607472000000,1.4155677040973682,32250928.801595543,2020-12-09
730,1607558400000,1.4328796596779108,32568402.45142254,2020-12-10
731,1607644800000,1.4610771504817348,33333918.622418053,2020-12-11
732,1607731200000,1.4473702156646733,32977586.933140147,2020-12-12
733,1607817600000,1.5177863813398,34294719.10473431,2020-12-13
734,1607904000000,1.458256371392769,33247468.51945086,2020-12-14
735,1607990400000,1.519212233207201,34652863.50476201,2020-12-15
736,1608076800000,1.489157269661044,33671182.13372745,2020-12-16
737,1608163200000,1.6119821635880394,36805073.043638244,2020-12-17
738,1608249600000,1.602319290183335,36499152.82595177,2020-12-18
739,1608336000000,1.6678933949076002,38005643.85560695,2020-12-19
740,1608422400000,1.7231685817432083,39399207.774766535,2020-12-20
741,1608508800000,1.5497932877611809,35454071.2258121,2020-12-21
742,1608595200000,1.5476136904684399,35527387.53015263,2020-12-22
743,1608681600000,1.5695340487426477,35806986.526965775,2020-12-23
744,1608768000000,1.5045634657074163,34524004.3071572,2020-12-24
745,1608854400000,1.5140055340260978,34619676.27951488,2020-12-25
746,1608940800000,1.5465683307327156,35298383.29213373,2020-12-26
747,1609027200000,1.4670921830927428,33217248.601444375,2020-12-27
748,1609113600000,1.4828466640375377,34471681.54639619,2020-12-28
749,1609200000000,1.5194804470820964,34769843.94586418,2020-12-29
750,1609286400000,1.5123691829377355,34484826.598199256,2020-12-30
751,1609372800000,1.495674199721325,34337406.93526284,2020-12-31
752,1609459200000,1.4101292492632524,32258341.40424928,2021-01-01
753,1609545600000,1.4440274003817783,33078656.90150556,2021-01-02
754,1609632000000,1.5291975747210718,35060958.44871849,2021-01-03
755,1609718400000,1.7552015761863053,40783100.3251445,2021-01-04
756,1609804800000,1.5428584986071932,34885811.26220415,2021-01-05
757,1609891200000,1.6095247488738151,36656438.36679634,2021-01-06
758,1609977600000,1.7272783411831143,39375150.08022015,2021-01-07
759,1610064000000,1.8336702737754431,41817850.7594875,2021-01-08
760,1610150400000,1.779045696518649,40706493.91015008,2021-01-09
761,1610236800000,1.531540714699468,35721130.499758914,2021-01-10
762,1610323200000,1.5125490747151236,34843608.90227925,2021-01-11
763,1610409600000,1.4229190403329381,33090479.804452162,2021-01-12
764,1610496000000,1.2466505861269395,28796090.93455496,2021-01-13
765,1610582400000,1.5638411372289485,35988432.276547775,2021-01-14
766,1610668800000,1.6084301944308828,36817806.58593194,2021-01-15
767,1610755200000,1.4096392836862701,32078116.31568139,2021-01-16
768,1610841600000,1.5572782229208406,35949180.3261181,2021-01-17
769,1610928000000,1.542298118057198,35786730.800554544,2021-01-18
770,1611014400000,1.6645987155785067,38194007.8056883,2021-01-19
771,1611100800000,1.7250621991921045,39914182.941763915,2021-01-20
772,1611187200000,1.9730680001778513,45191606.83023923,2021-01-21
773,1611273600000,2.0053364347947573,47018311.136008404,2021-01-22
774,1611360000000,3.92779442397132,89744069.84085381,2021-01-23
775,1611446400000,4.021768454550099,91308264.20532367,2021-01-24
776,1611532800000,4.149276441366336,95675139.64452337,2021-01-25
777,1611619200000,4.467327189794391,101576050.06804518,2021-01-26
778,1611705600000,4.4431352894206455,101426262.72023374,2021-01-27
779,1611792000000,3.7165647958025914,85682606.5924411,2021-01-28
780,1611878400000,3.750321829815733,87587189.19360748,2021-01-29
781,1611964800000,3.2307788068301226,75163167.88225996,2021-01-30
782,1612051200000,2.970549286600221,69668823.6541522,2021-01-31
783,1612137600000,3.1816680584022854,73062077.9659066,2021-02-01
784,1612224000000,3.023304493176956,65905792.28729453,2021-02-02
785,1612310400000,3.296374095527734,76442920.77591443,2021-02-03
786,1612396800000,3.286404045771288,75968500.778687,2021-02-04
787,1612483200000,3.588045138278872,82464329.77204362,2021-02-05
788,1612569600000,3.8129303915061,88441346.46818925,2021-02-06
789,1612656000000,3.63710847305998,84055514.9238075,2021-02-07
790,1612742400000,3.4125928398777754,79592691.54340929,2021-02-08
791,1612828800000,3.4748579584686694,80232093.26400675,2021-02-09
792,1612915200000,3.331153502490832,77131863.52877465,2021-02-10
793,1613001600000,3.4545509611445833,76713886.29507527,2021-02-11
794,1613088000000,3.6624340053186475,84028836.48236012,2021-02-12
795,1613174400000,4.4501232970922135,102462169.02597779,2021-02-13
796,1613260800000,4.753096923852014,110558977.07559744,2021-02-14
797,1613347200000,4.350391163306486,100924717.22382732,2021-02-15
798,1613433600000,4.03708580613856,94278105.13917617,2021-02-16
799,1613520000000,4.2895530260738255,99387924.23552567,2021-02-17
800,1613606400000,4.469239887801056,103538448.2879946,2021-02-18
801,1613692800000,4.5173703830225085,100091359.26119128,2021-02-19
802,1613779200000,5.023632005052398,116333480.69825622,2021-02-20
803,1613865600000,4.921923288107855,114258738.67088217,2021-02-21
804,1613952000000,4.506217725717197,106102574.96797144,2021-02-22
805,1614038400000,4.233106285316623,97771199.67177607,2021-02-23
806,1614124800000,3.3488781660459948,77528452.88630825,2021-02-24
807,1614211200000,3.4987577508487187,81045799.49785684,2021-02-25
808,1614297600000,3.291440435243772,76644885.89752175,2021-02-26
809,1614384000000,3.925188268354799,91030642.60635287,2021-02-27
810,1614470400000,4.426240429248349,102427277.52741778,2021-02-28
811,1614556800000,4.1155940017259365,96186936.03782065,2021-03-01
812,1614643200000,4.224329365105497,97965584.90546408,2021-03-02
813,1614729600000,3.9640024836104315,92260872.91379231,2021-03-03
814,1614816000000,4.0008079018002185,93632818.64371258,2021-03-04
815,1614902400000,4.138784426633881,96383645.60365383,2021-03-05
816,1614988800000,3.769357647804729,89611883.65556075,2021-03-06
817,1615075200000,3.8231408657298562,89562548.88814521,2021-03-07
818,1615161600000,4.876136293382317,113435109.36340685,2021-03-08
819,1615248000000,4.60638383858887,106973665.67340185,2021-03-09
820,1615334400000,4.723887720146666,109565022.79794365,2021-03-10
821,1615420800000,4.913159946532831,114466981.92653123,2021-03-11
822,1615507200000,4.82777603859817,108740407.6947906,2021-03-12
823,1615593600000,4.941093360225244,115625641.51289468,2021-03-13
824,1615680000000,5.277254497297263,123583508.38475725,2021-03-14
825,1615766400000,7.344189989575584,163012930.91365126,2021-03-15
826,1615852800000,6.794894595385024,159593500.23930225,2021-03-16
827,1615939200000,7.182424812775862,167061424.74742627,2021-03-17
828,1616025600000,17.536869091186652,396973813.4105159,2021-03-18
829,1616112000000,16.580502223322462,394105872.4701511,2021-03-19
830,1616198400000,18.76082126493101,435040214.2173207,2021-03-20
831,1616284800000,26.46503594654232,614321890.5199475,2021-03-21
832,1616371200000,29.794354192264333,697985486.6558204,2021-03-22
833,1616457600000,23.611031461450285,555783220.8208493,2021-03-23
834,1616544000000,22.431141431332225,529983468.2278258,2021-03-24
835,1616630400000,19.14614722708231,447424615.4305717,2021-03-25
836,1616716800000,18.51708407815156,429424112.9545496,2021-03-26
837,1616803200000,23.627911523125526,559043846.2974912,2021-03-27
838,1616889600000,27.026529909382724,628421408.5447347,2021-03-28
839,1616976000000,25.121640090331454,568850748.9043983,2021-03-29
840,1617062400000,24.655383798209428,582395522.0760182,2021-03-30
841,1617148800000,24.62832845510515,586145596.6984696,2021-03-31
842,1617235200000,23.34487071463015,544327730.0937402,2021-04-01
843,1617321600000,30.002810974396652,696524197.2776908,2021-04-02
844,1617408000000,34.93358591603904,839264112.2756381,2021-04-03
845,1617494400000,36.21068748372041,852073112.838578,2021-04-04
846,1617580800000,39.74466869768233,915896194.4288689,2021-04-05
847,1617667200000,34.54932060790252,810809345.0852839,2021-04-06
848,1617753600000,30.839199421945153,719692927.5576982,2021-04-07
849,1617840000000,29.745987793197017,707557874.6387795,2021-04-08
850,1617926400000,32.932787820021744,771532560.1401439,2021-04-09
851,1618012800000,31.129869443783655,730364762.0432589,2021-04-10
852,1618099200000,32.31424584955265,755569401.6308938,2021-04-11
853,1618185600000,31.09067574891254,730339267.9415176,2021-04-12
854,1618272000000,30.292211922319552,711292516.6280782,2021-04-13
855,1618358400000,30.639497305930497,719889593.6515715,2021-04-14
856,1618444800000,29.1959261394321,685551274.9326437,2021-04-15
857,1618531200000,30.51141107809719,717511283.411268,2021-04-16
858,1618617600000,32.14011870107829,753974045.8505741,2021-04-17
859,1618704000000,33.121015180968264,781352890.2345773,2021-04-18
860,1618790400000,27.867337860299553,656102972.5444613,2021-04-19
861,1618876800000,27.864683535209572,665498440.6213533,2021-04-20
862,1618963200000,29.89698757021175,703561597.7614536,2021-04-21
863,1619049600000,30.344054191116445,713632676.5741357,2021-04-22
864,1619136000000,29.21920302111147,688121862.273431,2021-04-23
865,1619222400000,27.32691967184911,641813571.5275569,2021-04-24
866,1619308800000,27.96202557065908,660202682.486476,2021-04-25
867,1619395200000,26.9737085290549,633164033.7432522,2021-04-26
868,1619481600000,29.055229175275322,683255580.9977727,2021-04-27
869,1619568000000,29.49953959319346,694756697.9320213,2021-04-28
870,1619654400000,31.020962308804133,728475741.4772474,2021-04-29
871,1619740800000,34.29966037644463,810834880.8653316,2021-04-30
872,1619827200000,34.46298217533119,810792346.3586575,2021-05-01
873,1619913600000,34.700137808282015,816824082.7348547,2021-05-02
874,1620000000000,33.5757737670733,791963067.6121813,2021-05-03
875,1620086400000,32.597382772667814,768744240.0015459,2021-05-04
876,1620172800000,29.73131557398446,702132355.0481278,2021-05-05
877,1620259200000,31.25585390776866,731364670.1724634,2021-05-06
878,1620345600000,32.25408443347737,760637054.286864,2021-05-07
879,1620432000000,32.31287767771664,763974785.406062,2021-05-08
880,1620518400000,34.64933041257134,815936591.9177328,2021-05-09
881,1620604800000,33.181451320837525,784921955.4864451,2021-05-10
882,1620691200000,44.645654902539476,1051568895.2066783,2021-05-11
883,1620777600000,40.481246497921504,959119869.9673417,2021-05-12
884,1620864000000,36.87434677307464,873642699.2594196,2021-05-13
885,1620950400000,34.1543834089851,805913851.3186836,2021-05-14
886,1621036800000,34.074423085488654,803339679.0212111,2021-05-15
887,1621123200000,31.360707177710516,743541059.9074426,2021-05-16
888,1621209600000,30.385460506257857,704298911.1280526,2021-05-17
889,1621296000000,29.194753030109958,692851036.8408551,2021-05-18
890,1621382400000,29.99677127743099,710660706.2566595,2021-05-19
891,1621468800000,22.484741280847178,530086192.0797599,2021-05-20
892,1621555200000,22.932079674459175,539350643.3176478,2021-05-21
893,1621641600000,17.95843126916484,422845171.43842185,2021-05-22
894,1621728000000,17.41926401993052,412210419.41693676,2021-05-23
895,1621814400000,13.76833930721288,321603581.0016984,2021-05-24
896,1621900800000,20.652338177834856,489975444.4642079,2021-05-25
897,1621987200000,23.584365430248333,558502061.9853325,2021-05-26
898,1622073600000,28.594794880350705,676543202.0067885,2021-05-27
899,1622160000000,31.129371057003876,738657230.9486198,2021-05-28
900,1622246400000,27.201075059556548,644712713.2268187,2021-05-29
901,1622332800000,23.248803302044625,551128990.9858146,2021-05-30
902,1622419200000,23.431509382259687,554423484.4034826,2021-05-31
903,1622505600000,23.98955003662697,568347209.6871873,2021-06-01
904,1622592000000,25.05539548817716,589940874.1123917,2021-06-02
905,1622678400000,27.547495127866338,652636355.1850367,2021-06-03
906,1622764800000,30.9130476217203,735398116.2407206,2021-06-04
907,1622851200000,28.09409043529812,666853972.573651,2021-06-05
908,1622937600000,27.59710577989037,654427474.4826686,2021-06-06
909,1623024000000,25.602236312407722,606113551.7909527,2021-06-07
910,1623110400000,24.686419526565967,591572238.7246598,2021-06-08
911,1623196800000,25.777661384110086,612268287.7376722,2021-06-09
912,1623283200000,27.971952428638424,661713986.3134266,2021-06-10
913,1623369600000,27.277950768435804,648862237.9433101,2021-06-11
914,1623456000000,26.141678234363102,619006643.2868096,2021-06-12
915,1623542400000,25.77001560811603,613466485.3535925,2021-06-13
916,1623628800000,27.259094596953716,645597022.6796428,2021-06-14
917,1623715200000,27.400340347276202,651308387.4131647,2021-06-15
918,1623801600000,26.49854051024593,629904476.9503112,2021-06-16
919,1623888000000,25.383091539678475,606650785.0384407,2021-06-17
920,1623974400000,24.822407224298985,587402593.375289,2021-06-18
921,1624060800000,24.27162578282074,576889386.755756,2021-06-19
922,1624147200000,24.44379959832784,581293198.9344522,2021-06-20
923,1624233600000,25.30770172107801,601842385.7361532,2021-06-21
924,1624320000000,20.109453572018978,483196907.17076916,2021-06-22
925,1624406400000,25.030456455346417,592431178.7554053,2021-06-23
926,1624492800000,23.842032326185304,559938320.8915603,2021-06-24
927,1624579200000,23.34053525460398,554476203.6315074,2021-06-25
928,1624665600000,20.20637428294105,481196310.84944075,2021-06-26
929,1624752000000,18.572176346340235,442961204.9966633,2021-06-27
930,1624838400000,20.234615927681222,478949073.79095393,2021-06-28
931,1624924800000,19.555037231297273,465697361.23778784,2021-06-29
932,1625011200000,20.132921706323753,479860662.7305738,2021-06-30
933,1625097600000,19.5896286028973,466750701.4123609,2021-07-01
934,1625184000000,18.467569923375606,439604852.5771014,2021-07-02
935,1625270400000,17.524613681422817,415651739.7193056,2021-07-03
936,1625356800000,17.97542961071604,428726473.8033355,2021-07-04
937,1625443200000,18.356086098534206,437687795.8460234,2021-07-05
938,1625529600000,17.27086645945722,411650606.1061976,2021-07-06
939,1625616000000,17.21845803520908,410925161.95180154,2021-07-07
940,1625702400000,17.36794770775134,414557047.03817993,2021-07-08
941,1625788800000,16.708910970701684,397765102.85122985,2021-07-09
942,1625875200000,16.046769410996184,382902767.6583673,2021-07-10
943,1625961600000,15.643194477187528,373469817.29658186,2021-07-11
944,1626048000000,15.640395367610436,373095503.2374858,2021-07-12
945,1626134400000,14.774789429397366,350805378.47517854,2021-07-13
946,1626220800000,14.52646523173106,348672140.1628739,2021-07-14
947,1626307200000,14.655574596136356,349365915.5163783,2021-07-15
948,1626393600000,13.435529565820662,322025429.32349813,2021-07-16
949,1626480000000,12.405554640178842,296932379.85211974,2021-07-17
950,1626566400000,14.165498473245199,338726677.49758613,2021-07-18
951,1626652800000,13.016245362660584,311021363.74076295,2021-07-19
952,1626739200000,11.67526884401915,279243983.1076032,2021-07-20
953,1626825600000,11.22362284328833,268197940.85193765,2021-07-21
954,1626912000000,11.565677243005528,275743594.23957455,2021-07-22
955,1626998400000,11.4433906424644,273945341.70522887,2021-07-23
956,1627084800000,12.06626590599287,288395669.0718116,2021-07-24
957,1627171200000,12.07934638946512,289080925.0356435,2021-07-25
958,1627257600000,12.391107942157385,294689698.6115593,2021-07-26
959,1627344000000,12.291182578850384,294872681.69573003,2021-07-27
960,1627430400000,14.366643291616107,339338205.3411143,2021-07-28
961,1627516800000,14.04418548887447,336046117.62523276,2021-07-29
962,1627603200000,16.27417959904357,389840048.6104159,2021-07-30
963,1627689600000,19.30846726828707,463997369.0702984,2021-07-31
964,1627776000000,18.929425551163437,454595058.9297038,2021-08-01
965,1627862400000,16.80721504417551,402641833.5126736,2021-08-02
966,1627948800000,17.07871856434124,409542970.17598826,2021-08-03
967,1628035200000,15.926693609350725,382476997.9618085,2021-08-04
968,1628121600000,17.026609964165882,408238822.9028466,2021-08-05
969,1628208000000,16.486085197961117,395222140.1847349,2021-08-06
970,1628294400000,17.131640071588624,409350270.81514496,2021-08-07
971,1628380800000,16.989724217388464,406317885.89892006,2021-08-08
972,1628467200000,18.33552122111838,442112494.24250937,2021-08-09
973,1628553600000,18.789904607589342,449473368.7912106,2021-08-10
974,1628640000000,19.172991239824,458610761.2563637,2021-08-11
975,1628726400000,18.3675308653375,440729088.8932049,2021-08-12
976,1628812800000,18.295102819046157,439315970.1379736,2021-08-13
977,1628899200000,19.14113900249028,459211528.72826105,2021-08-14
978,1628985600000,19.80901711364503,476081618.1800583,2021-08-15
979,1629072000000,20.01030390778376,481075152.0574667,2021-08-16
980,1629158400000,19.44267292927081,471024500.32532746,2021-08-17
981,1629244800000,18.401443596683606,443541221.27601,2021-08-18
982,1629331200000,18.620705811880402,448085784.6403651,2021-08-19
983,1629417600000,20.612719854003764,488273487.33590794,2021-08-20
984,1629504000000,21.733405353446837,519614619.4446375,2021-08-21
985,1629590400000,22.355739802084848,537181971.2681178,2021-08-22
986,1629676800000,21.607304433841588,519980981.1417071,2021-08-23
987,1629763200000,21.829179044781576,525499910.83784467,2021-08-24
988,1629849600000,20.02792021197001,484698857.01263565,2021-08-25
989,1629936000000,20.952679491327455,502501382.30861425,2021-08-26
990,1630022400000,18.77606664248703,452370224.6188042,2021-08-27
991,1630108800000,20.505593247092392,498069889.16352355,2021-08-28
992,1630195200000,19.688051925684295,473834051.6585403,2021-08-29
993,1630281600000,20.62335220746277,494757108.53200436,2021-08-30
994,1630368000000,19.520070605154586,471869964.5678818,2021-08-31
995,1630454400000,20.601400453130136,497036502.86833507,2021-09-01
996,1630540800000,21.086923447800128,508835381.49972284,2021-09-02
997,1630627200000,20.452216373846213,492455031.91697216,2021-09-03
998,1630713600000,20.80837392707407,500711665.7265852,2021-09-04
999,1630800000000,20.630585230361326,497763181.30330503,2021-09-05
1000,1630886400000,21.88163539699882,528022345.766225,2021-09-06
1001,1630972800000,22.89323837077983,552843424.8510525,2021-09-07
1002,1631059200000,19.446827666884523,469317711.98101985,2021-09-08
1003,1631145600000,19.01267696918173,464749894.7185554,2021-09-09
1004,1631232000000,18.790986296659707,454245902.79789335,2021-09-10
1005,1631318400000,17.25713101587325,415622077.37543535,2021-09-11
1006,1631404800000,17.484121035226963,421092787.845678,2021-09-12
1007,1631491200000,18.797402940477014,455187287.8126563,2021-09-13
1008,1631577600000,17.303956244245768,417987788.2461578,2021-09-14
1009,1631664000000,18.38719649760175,443689312.6360627,2021-09-15
1010,1631750400000,19.019114674217583,459782228.46441716,2021-09-16
1011,1631836800000,18.689002779143866,452280147.08239746,2021-09-17
1012,1631923200000,18.977416154817366,461074183.64003354,2021-09-18
1013,1632009600000,18.992820307873583,460664437.069656,2021-09-19
1014,1632096000000,18.187016415654345,440276490.43968165,2021-09-20
1015,1632182400000,16.8334712383083,404161319.14461935,2021-09-21
1016,1632268800000,15.684755414222556,380192953.90023124,2021-09-22
1017,1632355200000,18.019510142322623,434945399.705231,2021-09-23
1018,1632441600000,17.984577235723307,435116840.5366647,2021-09-24
1019,1632528000000,17.182016971200014,418112981.5455251,2021-09-25
1020,1632614400000,17.141753531993,415327818.58924186,2021-09-26
1021,1632700800000,17.046990280282685,412712976.91239697,2021-09-27
1022,1632787200000,16.349288914780008,398557348.77586436,2021-09-28
1023,1632873600000,16.00031125395767,388639222.8351124,2021-09-29
1024,1632960000000,16.860020406544063,406597787.88102514,2021-09-30
1025,1633046400000,16.93491251257912,410192358.2220387,2021-10-01
1026,1633132800000,17.743600990403333,428359918.18934155,2021-10-02
1027,1633219200000,17.93833242561888,435824739.67337275,2021-10-03
1028,1633305600000,17.602569922320356,425845771.08410853,2021-10-04
1029,1633392000000,17.467032864319734,424023787.92773265,2021-10-05
1030,1633478400000,17.995486810920543,436901944.4461947,2021-10-06
1031,1633564800000,17.84123339019308,432070493.00856405,2021-10-07
1032,1633651200000,17.89697952107579,433732592.0170096,2021-10-08
1033,1633737600000,18.29778792635535,442815665.0112235,2021-10-09
1034,1633824000000,18.277040316074302,443477144.05179775,2021-10-10
1035,1633910400000,17.76475619212982,431314851.0485008,2021-10-11
1036,1633996800000,17.796828360472514,430671477.98496044,2021-10-12
1037,1634083200000,17.8315589853353,433200753.4043142,2021-10-13
1038,1634169600000,18.288116119813274,444746745.8956137,2021-10-14
1039,1634256000000,24.682163627067975,596367553.6472688,2021-10-15
1040,1634342400000,21.876000787316617,531761263.0755617,2021-10-16
1041,1634428800000,21.647287953111807,526660019.720765,2021-10-17
1042,1634515200000,20.2781100495109,492200129.4824613,2021-10-18
1043,1634601600000,28.064471694255534,713479658.7625463,2021-10-19
1044,1634688000000,30.5791282349392,730239367.893234,2021-10-20
1045,1634774400000,27.505165337714114,670428933.0297502,2021-10-21
1046,1634860800000,25.62118659384096,624295978.5426012,2021-10-22
1047,1634947200000,25.228870803114187,614010883.8472909,2021-10-23
1048,1635033600000,24.660363898639133,598237803.8261296,2021-10-24
1049,1635120000000,23.385359654407033,568226155.7745643,2021-10-25
1050,1635206400000,26.065074098668955,634266698.1533126,2021-10-26
1051,1635292800000,24.515642484666703,598613133.3328359,2021-10-27
1052,1635379200000,22.569903466789913,548294375.7339076,2021-10-28
1053,1635465600000,23.420550453096066,568714152.5833623,2021-10-29
1054,1635552000000,23.982819065929604,582710705.9561065,2021-10-30
1055,1635638400000,27.547268862383913,670511508.6703565,2021-10-31
1056,1635724800000,28.36196191710916,691002159.7603775,2021-11-01
1057,1635811200000,26.6601662265507,648537672.8226346,2021-11-02
1058,1635897600000,29.77095833528083,725576722.9634281,2021-11-03
1059,1635984000000,29.472319575914984,718476494.50901,2021-11-04
1060,1636070400000,34.0280702110354,820716227.6265043,2021-11-05
1061,1636156800000,32.567480613045156,792480568.8785359,2021-11-06
1062,1636243200000,33.260709209261364,808333986.4510801,2021-11-07
1063,1636329600000,35.90996790377049,876444494.8473406,2021-11-08
1064,1636416000000,49.623766125778964,1219623591.643395,2021-11-09
1065,1636502400000,72.46362925471922,1759830864.7891233,2021-11-10
1066,1636588800000,75.37658453523272,1812305865.9330292,2021-11-11
1067,1636675200000,63.66127128154933,1553401401.137287,2021-11-12
1068,1636761600000,59.02132251608339,1439132940.5930185,2021-11-13
1069,1636848000000,68.32231120893458,1657954535.5885572,2021-11-14
1070,1636934400000,64.73531601737868,1569864235.0744643,2021-11-15
1071,1637020800000,65.86135004327811,1609810188.6946175,2021-11-16
1072,1637107200000,61.766285505207826,1511612328.263058,2021-11-17
1073,1637193600000,55.94135401782292,1358105238.019932,2021-11-18
1074,1637280000000,46.90144088096854,1141020494.6588235,2021-11-19
1075,1637366400000,53.569328714316924,1306964801.3182323,2021-11-20
1076,1637452800000,52.492670748661276,1284676758.9296367,2021-11-21
1077,1637539200000,50.51152204993301,1238569401.4385772,2021-11-22
1078,1637625600000,47.634570811477936,1165671076.5676236,2021-11-23
1079,1637712000000,50.20929826396113,1229413076.314799,2021-11-24
1080,1637798400000,46.091860335431406,1129092647.1979127,2021-11-25
1081,1637884800000,60.62638931096281,1504609598.6725397,2021-11-26
1082,1637971200000,54.57503456798504,1334144585.2852354,2021-11-27
1083,1638057600000,58.71296223651083,1434780630.1321409,2021-11-28
1084,1638144000000,57.516607028017525,1406103442.5131392,2021-11-29
1085,1638230400000,55.00124983305516,1351345249.5226216,2021-11-30
1086,1638316800000,52.11813933589131,1278296227.8456154,2021-12-01
1087,1638403200000,55.9410512956526,1365273406.9639807,2021-12-02
1088,1638489600000,53.10363049723034,1302589786.251098,2021-12-03
1089,1638576000000,47.324048529743436,1158757331.3184476,2021-12-04
1090,1638662400000,42.13523026365669,1034130543.2993928,2021-12-05
1091,1638748800000,41.29539514993986,1010371769.6082635,2021-12-06
1092,1638835200000,42.84626686072814,1046959835.0085618,2021-12-07
1093,1638921600000,41.29682790733197,1013457630.6677393,2021-12-08
1094,1639008000000,41.44315921317177,1018353283.6947709,2021-12-09
1095,1639094400000,38.025605872333955,936056540.9091108,2021-12-10
1096,1639180800000,35.87028735370288,892015476.9261028,2021-12-11
1097,1639267200000,38.24270266749064,938786170.9969934,2021-12-12
1098,1639353600000,38.68470482647492,950685965.0860509,2021-12-13
1099,1639440000000,32.46986477599018,798017720.9988891,2021-12-14
1100,1639526400000,32.998466682886935,811167720.811464,2021-12-15
1101,1639612800000,35.23675435065639,865413332.2565281,2021-12-16
1102,1639699200000,36.759365111397955,911372838.291595,2021-12-17
1103,1639785600000,36.13650093536281,891099364.2310966,2021-12-18
1104,1639872000000,36.38610906736132,896028316.6801611,2021-12-19
1105,1639958400000,35.333228643292244,877251226.9226708,2021-12-20
1106,1640044800000,34.12944576946648,843101507.600696,2021-12-21
1107,1640131200000,36.63202271610145,904660791.9271683,2021-12-22
1108,1640217600000,41.41680064162405,1006755649.0850536,2021-12-23
1109,1640304000000,44.468217951376765,1096201040.3002121,2021-12-24
1110,1640390400000,44.192383220037456,1090959492.5321214,2021-12-25
1111,1640476800000,44.847513159254724,1107416056.680921,2021-12-26
1112,1640563200000,43.57623131771369,1073650930.900751,2021-12-27
1113,1640649600000,43.786575329347045,1084613787.2283492,2021-12-28
1114,1640736000000,38.66811951387303,959200291.7608792,2021-12-29
1115,1640822400000,42.77637464122623,1049462542.043973,2021-12-30
1116,1640908800000,40.40955392583538,991810128.9931773,2021-12-31
1117,1640995200000,39.996268502189785,988279520.1927966,2022-01-01
1118,1641081600000,40.95894183859787,1010013971.6241965,2022-01-02
1119,1641168000000,40.68906213684131,1005571550.8481234,2022-01-03
1120,1641254400000,41.85586299832613,1037343683.2426659,2022-01-04
1121,1641340800000,43.30158396199549,1101956685.3399458,2022-01-05
1122,1641427200000,42.431337302380534,1054061612.2856328,2022-01-06
1123,1641513600000,41.98594552493618,1040474324.647473,2022-01-07
1124,1641600000000,37.13377071693051,919113691.9967546,2022-01-08
1125,1641686400000,35.023348862200514,870204080.7851229,2022-01-09
1126,1641772800000,37.05758899150997,915783540.8245116,2022-01-10
1127,1641859200000,33.420880597843635,826568218.1010278,2022-01-11
1128,1641945600000,36.70925402402662,912046856.8170499,2022-01-12
1129,1642032000000,39.19424060716704,971179213.0463791,2022-01-13
1130,1642118400000,35.63999600915699,887329202.1292634,2022-01-14
1131,1642204800000,36.23778185010662,892257555.3221985,2022-01-15
1132,1642291200000,36.219391785247936,896621943.5036018,2022-01-16
1133,1642377600000,36.306952632468395,899478780.6386174,2022-01-17
1134,1642464000000,34.5366095979066,857716744.1853932,2022-01-18
1135,1642550400000,34.06412208292675,845439918.5803832,2022-01-19
1136,1642636800000,32.5567055956767,807301506.8041667,2022-01-20
1137,1642723200000,30.33018954985502,754478104.3204467,2022-01-21
1138,1642809600000,24.73009599224666,614152538.3536696,2022-01-22
1139,1642896000000,23.753555853002496,587379327.4596313,2022-01-23
1140,1642982400000,24.27211504857458,600274184.2999288,2022-01-24
1141,1643068800000,23.46516588693547,582052677.928148,2022-01-25
1142,1643155200000,23.728942971591792,587389490.6354822,2022-01-26
1143,1643241600000,24.100064148503204,602807686.6142777,2022-01-27
1144,1643328000000,24.41706173624825,605945725.5953296,2022-01-28
1145,1643414400000,25.847127211202633,640914314.2321801,2022-01-29
1146,1643500800000,27.074143027086414,670087842.3668497,2022-01-30
1147,1643587200000,26.286386397532045,652336216.4447693,2022-01-31
1148,1643673600000,27.0807911827152,674715529.5754894,2022-02-01
1149,1643760000000,26.67019912296093,662523254.6865356,2022-02-02
1150,1643846400000,26.656280107231094,664799958.8623698,2022-02-03
1151,1643932800000,25.481779894973744,632161687.649306,2022-02-04
1152,1644019200000,29.818352542418328,733325861.1975139,2022-02-05
1153,1644105600000,29.821533431557594,742856209.7462592,2022-02-06
1154,1644192000000,31.165522212137972,773768364.4478328,2022-02-07
1155,1644278400000,32.11603749356587,797073226.1788068,2022-02-08
1156,1644364800000,30.785023229620815,765628788.2417762,2022-02-09
1157,1644451200000,33.95752264344772,846856562.4262974,2022-02-10
1158,1644537600000,33.700340350239564,834444158.0326023,2022-02-11
1159,1644624000000,30.006862789728064,747539814.1251916,2022-02-12
1160,1644710400000,28.450981747559158,708399667.6761715,2022-02-13
1161,1644796800000,26.026285638671364,649412352.3299837,2022-02-14
1162,1644883200000,26.441299650453782,656662293.1468009,2022-02-15
1163,1644969600000,28.65100949913189,716065457.7114768,2022-02-16
1164,1645056000000,28.76297023295867,717621503.6000721,2022-02-17
1165,1645142400000,25.510215926157198,638219973.4053121,2022-02-18
1166,1645228800000,25.059920127003092,624872457.976844,2022-02-19
1167,1645315200000,25.49520986825862,633767895.5000592,2022-02-20
1168,1645401600000,23.9391620037008,598917238.6336584,2022-02-21
1169,1645488000000,21.97912124840326,550118200.8138032,2022-02-22
1170,1645574400000,23.741291295015458,592375985.5816631,2022-02-23
1171,1645660800000,22.348044958751604,557928969.7442803,2022-02-24
1172,1645747200000,22.347287157168754,552577926.3284488,2022-02-25
1173,1645833600000,25.230772117778393,629464436.7989461,2022-02-26
1174,1645920000000,24.33641484779509,605680534.2915757,2022-02-27
1175,1646006400000,24.003479871274113,597344185.8953474,2022-02-28
1176,1646092800000,26.301852976962316,652018665.4946822,2022-03-01
1177,1646179200000,27.180117240426977,676306500.0449177,2022-03-02
1178,1646265600000,26.60232555167236,663067006.8559043,2022-03-03
1179,1646352000000,25.27637808451373,630604493.0909594,2022-03-04
1180,1646438400000,22.922947820924946,571213980.6121867,2022-03-05
1181,1646524800000,23.34626313832051,580903249.883883,2022-03-06
1182,1646611200000,22.083879547259535,550824582.1571784,2022-03-07
1183,1646697600000,22.400367057385953,559714415.0131456,2022-03-08
1184,1646784000000,23.273115266201838,576996675.6945198,2022-03-09
1185,1646870400000,25.146096237609257,628853246.2293423,2022-03-10
1186,1646956800000,24.176457232125138,602180857.1589469,2022-03-11
1187,1647043200000,22.890133283342497,572967341.13529,2022-03-12
1188,1647129600000,23.012638221037953,574089959.5621634,2022-03-13
1189,1647216000000,22.267011799211318,554808007.331853,2022-03-14
1190,1647302400000,23.403753921327233,580939297.6920271,2022-03-15
1191,1647388800000,23.118440289151106,576822564.787312,2022-03-16
1192,1647475200000,24.16591664938703,598965550.4368155,2022-03-17
1193,1647561600000,24.869335032949152,621498820.9627404,2022-03-18
1194,1647648000000,25.83250594784727,644132947.2176027,2022-03-19
1195,1647734400000,27.659427268990825,688281789.4056264,2022-03-20
1196,1647820800000,26.2634214497874,656686185.2059685,2022-03-21
1197,1647907200000,26.769991828529786,667314313.2206203,2022-03-22
1198,1647993600000,27.986595937568673,696598785.484923,2022-03-23
1199,1648080000000,28.55063544674021,710614842.6735466,2022-03-24
1200,1648166400000,27.9793979131095,698556193.9151688,2022-03-25
1201,1648252800000,27.745685443870826,690633301.3888679,2022-03-26
1202,1648339200000,27.426268388732446,683464658.7254156,2022-03-27
1203,1648425600000,29.039431618783393,723518359.8563521,2022-03-28
1204,1648512000000,28.46377531293415,732444635.0880699,2022-03-29
1205,1648598400000,29.316397532364267,729733499.64006,2022-03-30
1206,1648684800000,30.722773887378377,765564713.907976,2022-03-31
1207,1648771200000,27.692794421356734,688054240.8571332,2022-04-01
1208,1648857600000,28.786375328024402,716281380.8246725,2022-04-02
1209,1648944000000,29.413703695769488,733990686.8465178,2022-04-03
1210,1649030400000,29.550113917217367,736069164.3823262,2022-04-04
1211,1649116800000,27.942841730909038,695621511.064467,2022-04-05
1212,1649203200000,27.348354898969458,684020121.9946723,2022-04-06
1213,1649289600000,24.08790529019539,601291198.3403922,2022-04-07
1214,1649376000000,25.33850869675128,631413751.4369248,2022-04-08
1215,1649462400000,23.899834112040946,593856080.5164896,2022-04-09
1216,1649548800000,25.265767591404074,628894224.8366668,2022-04-10
1217,1649635200000,24.281160220948294,607550338.5950915,2022-04-11
1218,1649721600000,22.293463661219807,556646035.0863637,2022-04-12
1219,1649808000000,23.867638524095252,593306054.2212946,2022-04-13
1220,1649894400000,24.410234041117803,608585872.0676951,2022-04-14
1221,1649980800000,23.953961505772316,596873009.9336908,2022-04-15
1222,1650067200000,23.30648250165736,581058133.3286843,2022-04-16
1223,1650153600000,23.009614344552155,574341904.9307612,2022-04-17
1224,1650240000000,22.24174918563425,554315203.2015597,2022-04-18
1225,1650326400000,23.389875217909267,582941476.2905046,2022-04-19
1226,1650412800000,24.05164269558388,599125799.9507636,2022-04-20
1227,1650499200000,23.39887295285862,582041193.6116726,2022-04-21
1228,1650585600000,25.67879777772954,641945216.2857075,2022-04-22
1229,1650672000000,25.812756702632917,643990866.2139933,2022-04-23
1230,1650758400000,26.209590931636086,653323600.4238433,2022-04-24
1231,1650844800000,26.0530665105205,650392470.3760645,2022-04-25
1232,1650931200000,26.393848750967727,658112109.0115709,2022-04-26
1233,1651017600000,23.457598511727486,584931421.7650214,2022-04-27
1234,1651104000000,24.689401106990832,615045971.622251,2022-04-28
1235,1651190400000,24.37252756627298,607702258.7508106,2022-04-29
1236,1651276800000,23.399074109860685,583379349.5930092,2022-04-30
1237,1651363200000,22.237219159696252,551852169.5039827,2022-05-01
1238,1651449600000,23.136966259116157,576795040.0967555,2022-05-02
1239,1651536000000,22.02566182268503,549482608.9343005,2022-05-03
1240,1651622400000,21.801945791410223,543176512.9196725,2022-05-04
1241,1651708800000,23.932854013724974,609204768.2065048,2022-05-05
1242,1651795200000,21.55569770580901,547502818.6249058,2022-05-06
1243,1651881600000,21.813034783846227,554709400.7553574,2022-05-07
1244,1651968000000,22.12279096347939,563812342.6319153,2022-05-08
1245,1652054400000,20.20068257393755,514843465.2226604,2022-05-09
1246,1652140800000,17.689092968226305,452614581.74492955,2022-05-10
1247,1652227200000,17.66251155638874,450307249.50100356,2022-05-11
1248,1652313600000,14.290987198628093,356742685.6039169,2022-05-12
1249,1652400000000,14.334919988084925,366756091.73411566,2022-05-13
1250,1652486400000,14.70634808090074,374911280.1667875,2022-05-14
1251,1652572800000,15.254860489163937,387363367.40787,2022-05-15
1252,1652659200000,15.823345603377863,402658839.2016517,2022-05-16
1253,1652745600000,14.515695892693103,370591162.3807223,2022-05-17
1254,1652832000000,15.302989063714918,390854174.7644538,2022-05-18
1255,1652918400000,13.341174840788607,343146744.3650842,2022-05-19
1256,1653004800000,14.391571467589783,367214188.058268,2022-05-20
1257,1653091200000,15.669831068106937,394616739.74880624,2022-05-21
1258,1653177600000,15.058046978825478,386811878.0228377,2022-05-22
1259,1653264000000,15.361680528468446,392967042.5160592,2022-05-23
1260,1653350400000,14.199500570013445,364087715.1161207,2022-05-24
1261,1653436800000,13.62593582852729,348955555.1652838,2022-05-25
1262,1653523200000,13.337573544426286,340134023.6778916,2022-05-26
1263,1653609600000,12.1626764545099,311255021.665494,2022-05-27
1264,1653696000000,12.031627408413788,308282067.7582835,2022-05-28
1265,1653782400000,12.28117365876853,315739365.4475826,2022-05-29
1266,1653868800000,12.699606520332917,324714802.0917614,2022-05-30
1267,1653955200000,13.514307142985931,346334199.4631114,2022-05-31
1268,1654041600000,12.87138457162372,329797896.740754,2022-06-01
1269,1654128000000,12.158206305049891,313460774.3667,2022-06-02
1270,1654214400000,12.261756670324248,316122826.7803678,2022-06-03
1271,1654300800000,12.001758589201735,306480457.1102276,2022-06-04
1272,1654387200000,12.447775506857301,318105265.41854435,2022-06-05
1273,1654473600000,12.32061004877599,316582579.7971964,2022-06-06
1274,1654560000000,12.579527322170767,323991808.4659643,2022-06-07
1275,1654646400000,12.233711599260133,314657360.35448426,2022-06-08
1276,1654732800000,12.33316768085986,315850789.6126163,2022-06-09
1277,1654819200000,12.033530103805079,309100572.6103809,2022-06-10
1278,1654905600000,11.229912391245259,287609371.8239328,2022-06-11
1279,1654992000000,10.174709041052827,260897102.7635947,2022-06-12
1280,1655078400000,9.48115471590285,244171212.80612525,2022-06-13
1281,1655164800000,8.3848213536919,213216945.51409814,2022-06-14
1282,1655251200000,8.137591450053694,208318574.4393323,2022-06-15
1283,1655337600000,8.42363692484841,216202914.99627972,2022-06-16
1284,1655424000000,7.137532621733485,183021294.4370183,2022-06-17
1285,1655510400000,7.724189817983331,199464744.12718713,2022-06-18
1286,1655596800000,7.084961887507928,181734045.51630965,2022-06-19
1287,1655683200000,7.539055466063162,192829635.30069524,2022-06-20
1288,1655769600000,8.10631996560729,208290116.0584578,2022-06-21
1289,1655856000000,8.318497100874687,213655127.35466808,2022-06-22
1290,1655942400000,7.913656584150364,204148379.83428857,2022-06-23
1291,1656028800000,8.642655104933914,222523830.16311407,2022-06-24
1292,1656115200000,10.64171889691988,275614332.24766684,2022-06-25
1293,1656201600000,9.629951035834473,247244993.7011034,2022-06-26
1294,1656288000000,9.113183838998122,235485335.95311058,2022-06-27
1295,1656374400000,9.428908278674198,241962764.5021504,2022-06-28
1296,1656460800000,9.087845283534195,233329141.3455692,2022-06-29
1297,1656547200000,10.361772340971363,267628467.36752027,2022-06-30
1298,1656633600000,9.240212203484493,237375317.74607587,2022-07-01
1299,1656720000000,8.372039568118543,220258778.40450606,2022-07-02
1300,1656806400000,8.332025851308057,214523675.36854714,2022-07-03
1301,1656892800000,8.21894340488127,211873336.25529635,2022-07-04
1302,1656979200000,8.534899285466636,220002467.7061327,2022-07-05
1303,1657065600000,8.307118892525022,214361838.52742392,2022-07-06
1304,1657152000000,8.71058013331591,225529479.16784242,2022-07-07
1305,1657238400000,8.99399178890974,232154596.6767616,2022-07-08
1306,1657324800000,9.22691421531885,239057154.63606554,2022-07-09
1307,1657411200000,9.506381497224334,246184993.2658578,2022-07-10
1308,1657497600000,9.164118030341468,237736176.7895921,2022-07-11
1309,1657584000000,8.243102322844686,215239107.89056742,2022-07-12
1310,1657670400000,7.78438744306076,203988752.55322272,2022-07-13
1311,1657756800000,8.095465741882917,209689564.73008335,2022-07-14
1312,1657843200000,8.291711103249416,215196355.90047917,2022-07-15
1313,1657929600000,8.548054842742495,221894613.77374378,2022-07-16
1314,1658016000000,8.762367492101008,227067375.9342072,2022-07-17
1315,1658102400000,9.091032903567378,238287643.18043315,2022-07-18
1316,1658188800000,9.637123566604256,249309037.29945087,2022-07-19
1317,1658275200000,9.716870156895823,251804847.56130564,2022-07-20
1318,1658361600000,9.030014374422564,236232535.5361137,2022-07-21
1319,1658448000000,9.201909458352967,239555270.66385058,2022-07-22
1320,1658534400000,8.960001853345025,231385213.333483,2022-07-23
1321,1658620800000,9.021734814610658,233847872.1129192,2022-07-24
1322,1658707200000,9.098034312732267,237856938.13863292,2022-07-25
1323,1658793600000,8.443642668605397,222612792.0428315,2022-07-26
1324,1658880000000,8.255320815759536,214929138.4360612,2022-07-27
1325,1658966400000,8.784745287707128,228835225.0778165,2022-07-28
1326,1659052800000,12.003950038744815,310664259.6953493,2022-07-29
1327,1659139200000,12.618372909775415,332384602.978958,2022-07-30
1328,1659225600000,11.664746914770717,303001515.7353543,2022-07-31
1329,1659312000000,11.545688741623346,300286909.24574095,2022-08-01
1330,1659398400000,11.249487204693882,290868835.4532181,2022-08-02
1331,1659484800000,11.0645262061154,289686822.2519731,2022-08-03
1332,1659571200000,10.812624191450965,281400868.08734715,2022-08-04
1333,1659657600000,11.093605369491238,287893388.3376289,2022-08-05
1334,1659744000000,11.962723473654025,310071728.9669515,2022-08-06
1335,1659830400000,11.654806488495353,303730384.2846894,2022-08-07
1336,1659916800000,11.72492645578324,305856460.5572217,2022-08-08
1337,1660003200000,11.737861669207625,306255832.08144736,2022-08-09
1338,1660089600000,11.351808762478234,295507622.3013815,2022-08-10
1339,1660176000000,12.13280199821704,316679350.1731591,2022-08-11
1340,1660262400000,11.760739816554452,306333602.5679383,2022-08-12
1341,1660348800000,12.39063103373842,323519453.3557936,2022-08-13
1342,1660435200000,12.172776343352213,317782476.4019252,2022-08-14
1343,1660521600000,11.85233513847022,309816911.23465484,2022-08-15
1344,1660608000000,11.950885746371082,311021112.2692695,2022-08-16
1345,1660694400000,12.366358515638563,321550615.56006026,2022-08-17
1346,1660780800000,11.300170299455111,295183107.33802193,2022-08-18
1347,1660867200000,11.020946152054888,288841379.91651267,2022-08-19
1348,1660953600000,9.831099890528296,257205065.16170442,2022-08-20
1349,1661040000000,10.004042575118445,261142507.4733176,2022-08-21
1350,1661126400000,10.414098466789616,272746367.45031375,2022-08-22
1351,1661212800000,10.086142058940698,262880430.48263776,2022-08-23
1352,1661299200000,10.635892779237933,278566003.64320785,2022-08-24
1353,1661385600000,11.112048460839183,290470130.90292966,2022-08-25
1354,1661472000000,11.363752332202509,298051988.50373846,2022-08-26
1355,1661558400000,10.538874490922298,275276054.0039498,2022-08-27
1356,1661644800000,10.027642350630687,262526810.053223,2022-08-28
1357,1661731200000,9.568506310906688,251017474.43977755,2022-08-29
1358,1661817600000,10.26581356814363,268598749.39895105,2022-08-30
1359,1661904000000,10.130666962366234,266694358.2683072,2022-08-31
1360,1661990400000,10.077833515383151,264487674.71924964,2022-09-01
1361,1662076800000,10.086877743144973,263687648.426827,2022-09-02
1362,1662163200000,10.164570065038765,266271581.9128315,2022-09-03
1363,1662249600000,10.146085408613164,266563716.1642249,2022-09-04
1364,1662336000000,10.52770320818665,276038336.4229436,2022-09-05
1365,1662422400000,10.783136142387782,282293093.6469918,2022-09-06
1366,1662508800000,9.503570750407341,250523483.9193975,2022-09-07
1367,1662595200000,10.190032880299942,268368837.83572719,2022-09-08
1368,1662681600000,9.916787848085518,259799576.89255607,2022-09-09
1369,1662768000000,10.704257358684057,279984407.8692748,2022-09-10
1370,1662854400000,10.945128357542838,287610654.6616048,2022-09-11
1371,1662940800000,11.21868441266224,294294898.5208428,2022-09-12
1372,1663027200000,10.980450500909852,287395882.2447287,2022-09-13
1373,1663113600000,9.750836741453288,255539636.90697998,2022-09-14
1374,1663200000000,9.971840076402374,260655430.91357818,2022-09-15
1375,1663286400000,9.281218702873966,243536775.845818,2022-09-16
1376,1663372800000,9.364461082236566,245409158.64905375,2022-09-17
1377,1663459200000,9.618342503527094,252004546.34513146,2022-09-18
1378,1663545600000,8.670788648158267,227456237.94917962,2022-09-19
1379,1663632000000,9.108296765632476,239829152.17610836,2022-09-20
1380,1663718400000,8.989442518889264,235612876.77483773,2022-09-21
1381,1663804800000,8.790518279938482,230271738.10003358,2022-09-22
1382,1663891200000,9.49670692150565,248732780.21962312,2022-09-23
1383,1663977600000,9.56453000849635,251805808.46294284,2022-09-24
1384,1664064000000,9.360591613895508,245403738.30498087,2022-09-25
1385,1664150400000,9.231566823496376,241692789.0809908,2022-09-26
1386,1664236800000,9.05612234351366,237149716.37830308,2022-09-27
1387,1664323200000,8.914613690193473,234031271.71999344,2022-09-28
1388,1664409600000,8.86374755848854,232175263.87609747,2022-09-29
1389,1664496000000,9.027354131759633,236563874.05652106,2022-09-30
1390,1664582400000,9.02844563733632,236894702.15966102,2022-10-01
1391,1664668800000,9.022719913953857,236700744.9617103,2022-10-02
1392,1664755200000,8.737033420066641,229447971.82547075,2022-10-03
1393,1664841600000,9.02170700828109,236593650.7773476,2022-10-04
1394,1664928000000,9.29772346166388,243754174.86411294,2022-10-05
1395,1665014400000,9.245123488275867,242111514.64627397,2022-10-06
1396,1665100800000,9.422161769313579,246915098.04842573,2022-10-07
1397,1665187200000,9.219873769858602,241652351.551202,2022-10-08
1398,1665273600000,9.209757937609039,241568154.31316552,2022-10-09
1399,1665360000000,9.371690468283772,245216539.6858638,2022-10-10
1400,1665446400000,9.11778548991987,239476973.4945502,2022-10-11
1401,1665532800000,8.814296336555357,230488742.8061093,2022-10-12
1402,1665619200000,8.837850356579718,231717009.7159757,2022-10-13
1403,1665705600000,8.673027733157083,227380535.98376682,2022-10-14
1404,1665792000000,8.424967904141736,220557289.34763193,2022-10-15
1405,1665878400000,8.446819121043097,221818989.89790308,2022-10-16
1406,1665964800000,8.692369761519345,227492257.44127032,2022-10-17
1407,1666051200000,8.898461577076487,233324514.89039966,2022-10-18
1408,1666137600000,8.698406564303962,228054109.36722064,2022-10-19
1409,1666224000000,8.38720666382415,219497570.7918965,2022-10-20
1410,1666310400000,8.814093589582903,231232262.23680347,2022-10-21
1411,1666396800000,8.775150080525048,230324205.41248038,2022-10-22
1412,1666483200000,8.791395770198575,230382694.9144849,2022-10-23
1413,1666569600000,8.963984222155226,234786481.6033162,2022-10-24
1414,1666656000000,8.679415609907519,227386799.04566535,2022-10-25
1415,1666742400000,8.957756328902407,234916753.75190547,2022-10-26
1416,1666828800000,9.312491895958376,244027671.60007176,2022-10-27
1417,1666915200000,9.048707029993329,237164083.41766587,2022-10-28
1418,1667001600000,9.293512217359574,243471999.733166,2022-10-29
1419,1667088000000,9.411888210446618,246647175.56439894,2022-10-30
1420,1667174400000,9.309866838212681,243496409.74585956,2022-10-31
1421,1667260800000,9.37628872826055,245903425.9886874,2022-11-01
1422,1667347200000,9.421128375256846,247326894.1665161,2022-11-02
1423,1667433600000,9.151979086945865,239963636.47462675,2022-11-03
1424,1667520000000,10.234190236938016,267859551.75306708,2022-11-04
1425,1667606400000,10.633195658260119,278610628.79416746,2022-11-05
1426,1667692800000,10.351994819706015,271720726.57917976,2022-11-06
1427,1667779200000,9.852550845024956,259114621.56566632,2022-11-07
1428,1667865600000,10.975557911139576,286799009.9298358,2022-11-08
1429,1667952000000,8.645553147413313,227504967.74141255,2022-11-09
1430,1668038400000,7.069901604340179,185435131.10375994,2022-11-10
1431,1668124800000,8.042859000345873,211054473.08902267,2022-11-11
1432,1668211200000,7.645300982902208,199846303.73830846,2022-11-12
1433,1668297600000,6.776986310305374,177537546.68727824,2022-11-13
1434,1668384000000,6.681259021419453,174133660.69552487,2022-11-14
1435,1668470400000,6.932894074441123,182099188.5367305,2022-11-15
1436,1668556800000,7.3296845491552505,191900231.35910007,2022-11-16
1437,1668643200000,7.152097289697207,187160111.0534817,2022-11-17
1438,1668729600000,7.28774836866513,191104820.37537348,2022-11-18
1439,1668816000000,7.268874103989212,190520557.66409224,2022-11-19
1440,1668902400000,7.401868658913839,194080753.78014755,2022-11-20
