,Time,open,mktcap,Date
0,1641772800000,2.034435409488038,67044862.64085734,2022-01-10
1,1641859200000,2.034435409488038,67044862.64085734,2022-01-11
2,1641945600000,2.8597302589656146,281777899.0945017,2022-01-12
3,1642032000000,3.68023298454484,404529743.98272324,2022-01-13
4,1642118400000,4.035225654601367,466289580.9453278,2022-01-14
5,1642204800000,3.500500788448981,430581178.6470971,2022-01-15
6,1642291200000,3.7334402116224132,478476624.86483616,2022-01-16
7,1642377600000,4.722839146483148,622241058.0862337,2022-01-17
8,1642464000000,4.526472429621292,617066800.8865275,2022-01-18
9,1642550400000,4.899213331315956,686226093.7001911,2022-01-19
10,1642636800000,5.936127799021965,870134240.2437085,2022-01-20
11,1642723200000,5.57931283907653,882981863.9235213,2022-01-21
12,1642809600000,4.1367344606873235,646818504.0089945,2022-01-22
13,1642896000000,4.0196661227605475,644736212.6298492,2022-01-23
14,1642982400000,4.268595206298475,689676853.9757942,2022-01-24
15,1643068800000,3.7041088822646815,640412348.5499378,2022-01-25
16,1643155200000,3.839320701656158,664247491.0895789,2022-01-26
17,1643241600000,3.807070347009563,670415368.3815325,2022-01-27
18,1643328000000,3.978854127282859,719703282.5792772,2022-01-28
19,1643414400000,4.931947985292402,907998618.826271,2022-01-29
20,1643500800000,4.99393412392643,938416563.6826282,2022-01-30
21,1643587200000,4.378289540684218,851256896.2847573,2022-01-31
22,1643673600000,4.74855715827163,930851169.5198667,2022-02-01
23,1643760000000,5.606354171719975,1134082635.902278,2022-02-02
24,1643846400000,5.074633485351693,1044161867.1066998,2022-02-03
25,1643932800000,4.771861438185546,998554125.8817041,2022-02-04
26,1644019200000,4.853385820770745,1042647071.884526,2022-02-05
27,1644105600000,3.982057427334667,875122030.0881556,2022-02-06
28,1644192000000,3.923331636137423,875188997.6239309,2022-02-07
29,1644278400000,3.716497344160802,846021461.8280936,2022-02-08
30,1644364800000,3.4836652140500797,807160020.6227679,2022-02-09
31,1644451200000,3.7556276472506918,880717491.378234,2022-02-10
32,1644537600000,3.348896935363575,798903883.6825875,2022-02-11
33,1644624000000,2.876716389957321,685360558.5064925,2022-02-12
34,1644710400000,2.554327188293235,609524896.432726,2022-02-13
35,1644796800000,2.6286184139446807,637019225.4345416,2022-02-14
36,1644883200000,1.9580335988058537,485611321.7205424,2022-02-15
37,1644969600000,2.241972778673061,556060109.8350757,2022-02-16
38,1645056000000,2.0561744063768588,508980397.8901038,2022-02-17
39,1645142400000,1.5756743771447221,389945781.5736519,2022-02-18
40,1645228800000,1.6522044202820234,405081963.1832214,2022-02-19
41,1645315200000,1.5521000525296378,381510730.3236981,2022-02-20
42,1645401600000,1.6220823726632445,398320070.1870356,2022-02-21
43,1645488000000,1.562897252561017,384879482.79263735,2022-02-22
44,1645574400000,1.3056905197020479,320664200.93238324,2022-02-23
45,1645660800000,1.15067723244796,282037370.4530534,2022-02-24
46,1645747200000,1.045771229578945,257168574.35238558,2022-02-25
47,1645833600000,1.1922155249590323,293551158.5148831,2022-02-26
48,1645920000000,1.1183647284790095,272884694.3067916,2022-02-27
49,1646006400000,1.0137632830470806,249942535.10886604,2022-02-28
50,1646092800000,1.1953373867135921,290343261.82471675,2022-03-01
51,1646179200000,1.3122219061656406,321216245.28449124,2022-03-02
52,1646265600000,1.5896929184934416,390137210.0717549,2022-03-03
53,1646352000000,1.5049355414993408,367706243.3975369,2022-03-04
54,1646438400000,1.3380207292317632,327620697.05575305,2022-03-05
55,1646524800000,1.286836111948925,315966844.6055849,2022-03-06
56,1646611200000,1.1171986506171854,274957348.2073478,2022-03-07
57,1646697600000,1.014904817969524,250718545.4765563,2022-03-08
58,1646784000000,1.0440524694122695,257930576.8191113,2022-03-09
59,1646870400000,1.1363871965987384,280226710.62382865,2022-03-10
60,1646956800000,1.050830849711864,258388555.36468825,2022-03-11
61,1647043200000,0.9603190861517578,235982731.97620586,2022-03-12
62,1647129600000,0.972105820799526,238650171.2345429,2022-03-13
63,1647216000000,0.9210700592204354,226060920.44106433,2022-03-14
64,1647302400000,1.020410941110347,250582053.6168146,2022-03-15
65,1647388800000,1.0564877025193835,259757863.2449559,2022-03-16
66,1647475200000,1.2475845798112608,325395775.6900597,2022-03-17
67,1647561600000,1.2297996600496344,303049698.0386947,2022-03-18
68,1647648000000,1.3717185275325574,336486363.7877286,2022-03-19
69,1647734400000,1.6090021511944137,395898357.7051638,2022-03-20
70,1647820800000,1.506261830199169,369064668.9162428,2022-03-21
71,1647907200000,1.7309444999986412,426236797.7825966,2022-03-22
72,1647993600000,1.8584155416620232,455773922.8409573,2022-03-23
73,1648080000000,1.7449698916437328,426657037.4546308,2022-03-24
74,1648166400000,1.824303105740079,449174162.28661907,2022-03-25
75,1648252800000,1.7226913161520592,422475274.79067713,2022-03-26
76,1648339200000,1.7330109101739188,425982652.37688094,2022-03-27
77,1648425600000,1.9353486173856247,475732564.5308368,2022-03-28
78,1648512000000,2.0651681695819004,510044103.2505175,2022-03-29
79,1648598400000,2.4255749278268017,597380846.4258173,2022-03-30
80,1648684800000,2.7022790477233802,664180285.5020077,2022-03-31
81,1648771200000,2.296874811869992,563943889.8151748,2022-04-01
82,1648857600000,2.7677625446678533,680814931.192917,2022-04-02
83,1648944000000,2.3964615283305006,594825830.3570112,2022-04-03
84,1649030400000,2.4063078828961455,593189561.5793219,2022-04-04
85,1649116800000,2.2513204585927733,555181415.565593,2022-04-05
86,1649203200000,1.8896388484040239,467291331.09577703,2022-04-06
87,1649289600000,1.6616460520539473,412639879.45543844,2022-04-07
88,1649376000000,1.7953211678202787,441200101.3283179,2022-04-08
89,1649462400000,1.6684742342255623,406888565.2035788,2022-04-09
90,1649548800000,1.5457885420423774,380253567.8302146,2022-04-10
91,1649635200000,1.557734395284237,383016644.7642923,2022-04-11
92,1649721600000,1.3573155948066928,334770340.98200613,2022-04-12
93,1649808000000,1.4064544388951188,345382656.55337745,2022-04-13
94,1649894400000,1.596913641945902,391906801.6908323,2022-04-14
95,1649980800000,1.489517878406298,364875336.2668327,2022-04-15
96,1650067200000,1.5113955453960788,370663347.7820246,2022-04-16
97,1650153600000,1.4706031604376668,362058953.63747036,2022-04-17
98,1650240000000,1.440926072121696,355532705.1127949,2022-04-18
99,1650326400000,1.509529786393493,370270553.9109402,2022-04-19
100,1650412800000,1.705739311202785,417928991.60084254,2022-04-20
101,1650499200000,2.0302367914771553,501986683.6840718,2022-04-21
102,1650585600000,1.940530501072066,479157432.4549403,2022-04-22
103,1650672000000,1.8051194478230803,444926950.7845532,2022-04-23
104,1650758400000,1.6052387486623343,394934753.94499624,2022-04-24
105,1650844800000,1.7729972853096336,438503894.3146439,2022-04-25
106,1650931200000,1.603487184969972,393811886.49547315,2022-04-26
107,1651017600000,1.4102096863866311,345693456.0884425,2022-04-27
108,1651104000000,1.4374676601655527,353495864.5515333,2022-04-28
109,1651190400000,1.492729717455805,366827145.0763553,2022-04-29
110,1651276800000,1.51935045790417,373910466.5564742,2022-04-30
111,1651363200000,1.3075138500602725,321764343.51492214,2022-05-01
112,1651449600000,1.6380597823053726,410184741.4901791,2022-05-02
113,1651536000000,1.7378547699551647,428956661.29305357,2022-05-03
114,1651622400000,1.5452105502403226,379649648.5545207,2022-05-04
115,1651708800000,1.7870583986842774,438634365.462615,2022-05-05
116,1651795200000,1.6117999019847629,394064459.0673128,2022-05-06
117,1651881600000,1.4259352122761888,350382028.3740572,2022-05-07
118,1651968000000,1.3389597380652543,328209625.3136626,2022-05-08
119,1652054400000,1.2602964176654934,312452774.885607,2022-05-09
120,1652140800000,0.9917856945379858,244279311.33045357,2022-05-10
121,1652227200000,1.026324034551812,250843348.87174904,2022-05-11
122,1652313600000,0.8441851012040513,216244911.1100558,2022-05-12
123,1652400000000,0.6940389586946736,171088696.1197288,2022-05-13
124,1652486400000,0.6719561172009444,167522356.75435805,2022-05-14
125,1652572800000,0.64525648571429,157810490.45054132,2022-05-15
126,1652659200000,0.7283943899732855,176498542.84614465,2022-05-16
127,1652745600000,0.618220024296364,151799914.44559988,2022-05-17
128,1652832000000,0.6819434718987223,168123009.07692835,2022-05-18
129,1652918400000,0.49515497000231123,122115839.04670942,2022-05-19
130,1653004800000,0.5704659125736512,139873736.50891915,2022-05-20
131,1653091200000,0.5276786799215608,129925703.48514238,2022-05-21
132,1653177600000,0.4689702028905773,115352060.71565688,2022-05-22
133,1653264000000,0.549989241952977,135338812.5984986,2022-05-23
134,1653350400000,0.5858874281849763,144179298.25743073,2022-05-24
135,1653436800000,0.566904821044739,139203564.26358712,2022-05-25
136,1653523200000,0.5714911693119948,140238913.22655702,2022-05-26
137,1653609600000,0.5059431974157981,124631815.44478591,2022-05-27
138,1653696000000,0.4730901081473828,115354503.73715562,2022-05-28
139,1653782400000,0.5140857048571866,126807488.5468343,2022-05-29
140,1653868800000,0.49716709394069214,122468713.58610067,2022-05-30
141,1653955200000,0.5689394859691047,139293841.42338067,2022-05-31
142,1654041600000,0.5146745620208092,127890280.72583933,2022-06-01
143,1654128000000,0.4487544876270009,110094246.7197187,2022-06-02
144,1654214400000,0.4708154169618909,116505547.23242547,2022-06-03
145,1654300800000,0.4350072888900351,106901790.01317771,2022-06-04
146,1654387200000,0.4175391783830999,101842677.76267643,2022-06-05
147,1654473600000,0.37467409330545187,91514682.34084836,2022-06-06
148,1654560000000,0.3771905593556257,92689300.22990726,2022-06-07
149,1654646400000,0.33957572146701537,84428528.38705857,2022-06-08
150,1654732800000,0.30490870659903246,75414694.70516032,2022-06-09
151,1654819200000,0.3013517698582715,74119629.63479868,2022-06-10
152,1654905600000,0.2940781670960581,72609713.06319553,2022-06-11
153,1654992000000,0.24007573628244058,59189287.86913058,2022-06-12
154,1655078400000,0.21303339814227162,52700814.802079074,2022-06-13
155,1655164800000,0.17796897442896367,42907132.61351727,2022-06-14
156,1655251200000,0.19988523983147502,91216562.05773076,2022-06-15
157,1655337600000,0.24519429114927765,111535288.6904881,2022-06-16
158,1655424000000,0.21020472630893983,95502783.26555517,2022-06-17
159,1655510400000,0.259997478279593,120651390.9626197,2022-06-18
160,1655596800000,0.27417770504660316,127643469.96953596,2022-06-19
161,1655683200000,0.3423395952086378,158288196.0728289,2022-06-20
162,1655769600000,0.415024343167884,191790149.97034028,2022-06-21
163,1655856000000,0.3623334068433609,168233371.66358966,2022-06-22
164,1655942400000,0.3567154240731414,166303480.9853762,2022-06-23
165,1656028800000,0.41600249184100785,193579118.33948228,2022-06-24
166,1656115200000,0.4124392699968778,192908285.50552067,2022-06-25
167,1656201600000,0.378296426997955,176589188.9344097,2022-06-26
168,1656288000000,0.3307554307355411,157743792.00126308,2022-06-27
169,1656374400000,0.3348178626835114,157059863.2955295,2022-06-28
170,1656460800000,0.3064483280634928,143744032.38522422,2022-06-29
171,1656547200000,0.2762286158348326,129106746.42216131,2022-06-30
172,1656633600000,0.30887923482270313,142326193.9796109,2022-07-01
173,1656720000000,0.30278370343982336,144123770.73560277,2022-07-02
174,1656806400000,0.28578442396576476,134643261.05177456,2022-07-03
175,1656892800000,0.28019059206071883,132371328.37437327,2022-07-04
176,1656979200000,0.32870962926486724,154740504.68875992,2022-07-05
177,1657065600000,0.3502990278968871,165809156.72344276,2022-07-06
178,1657152000000,0.34665008946381115,164521386.4964773,2022-07-07
179,1657238400000,0.365239881296547,174330212.04929796,2022-07-08
180,1657324800000,0.3366123566483766,160757262.08661106,2022-07-09
181,1657411200000,0.31867773647868125,151827461.1848708,2022-07-10
182,1657497600000,0.3211343730027659,153310558.7600093,2022-07-11
183,1657584000000,0.28134705929264525,134291461.4524292,2022-07-12
184,1657670400000,0.28334802315887986,137669348.77697876,2022-07-13
185,1657756800000,0.2964050639004524,142062459.80016208,2022-07-14
186,1657843200000,0.3120517364681744,150082746.4506147,2022-07-15
187,1657929600000,0.3633056398187371,198013506.54595506,2022-07-16
188,1658016000000,0.41045581669543363,222572300.50632432,2022-07-17
189,1658102400000,0.39706824430645915,218329993.95270795,2022-07-18
190,1658188800000,0.4618128474004383,251282808.67301318,2022-07-19
191,1658275200000,0.44292484819283146,238742845.94328102,2022-07-20
192,1658361600000,0.392314562450821,214152907.17251238,2022-07-21
193,1658448000000,0.42790507428233243,233252344.16950977,2022-07-22
194,1658534400000,0.386180722525053,210119348.2326633,2022-07-23
195,1658620800000,0.40386718792184284,221835359.0754689,2022-07-24
196,1658707200000,0.3895788834673134,214185466.72996178,2022-07-25
197,1658793600000,0.3466248392426353,188889312.79906338,2022-07-26
198,1658880000000,0.3434215018755587,186750669.0014722,2022-07-27
199,1658966400000,0.38512577646163715,208852683.44066375,2022-07-28
200,1659052800000,0.42110559660502517,230488707.4248171,2022-07-29
201,1659139200000,0.3995029764808476,219858125.30026558,2022-07-30
202,1659225600000,0.392753355658918,213498420.65696064,2022-07-31
203,1659312000000,0.3722936151668517,202715091.25120792,2022-08-01
204,1659398400000,0.3691059982270921,200411527.5281547,2022-08-02
205,1659484800000,0.3551608576117721,194482078.29573685,2022-08-03
206,1659571200000,0.3549829668473632,194594401.8489032,2022-08-04
207,1659657600000,0.35693634692926063,193954308.6100302,2022-08-05
208,1659744000000,0.40214607408847486,218419745.34865153,2022-08-06
209,1659830400000,0.40137318438763525,218481690.39289287,2022-08-07
210,1659916800000,0.3953657210894452,215873563.2414828,2022-08-08
211,1660003200000,0.4019296445988983,219438644.80012107,2022-08-09
212,1660089600000,0.3820387018141496,208167039.23533377,2022-08-10
213,1660176000000,0.40757440708490955,221773693.61738375,2022-08-11
214,1660262400000,0.3975131202955335,216096685.99201742,2022-08-12
215,1660348800000,0.40183811208561304,218407148.67650497,2022-08-13
216,1660435200000,0.4116383311976479,224477351.92727885,2022-08-14
217,1660521600000,0.39303435235697926,214091888.28505215,2022-08-15
218,1660608000000,0.35876843435382244,195274048.5905436,2022-08-16
219,1660694400000,0.34589237419011104,188488405.18667176,2022-08-17
220,1660780800000,0.33568350247264367,183010294.44266403,2022-08-18
221,1660867200000,0.3037325016158233,165109596.17873505,2022-08-19
222,1660953600000,0.28097760757365037,153020207.4534418,2022-08-20
223,1661040000000,0.2671348905326564,145814604.47864035,2022-08-21
224,1661126400000,0.2801676829401329,152800792.13990062,2022-08-22
225,1661212800000,0.27726095327743167,148937116.28984138,2022-08-23
226,1661299200000,0.28087661326070523,153059915.79052797,2022-08-24
227,1661385600000,0.27449959353903375,149408236.67989102,2022-08-25
228,1661472000000,0.27591969196094207,150312775.04557025,2022-08-26
229,1661558400000,0.24114331679183643,130611488.25397924,2022-08-27
230,1661644800000,0.24560119371333153,133712003.85523796,2022-08-28
231,1661731200000,0.2319886648101754,126523513.35245547,2022-08-29
232,1661817600000,0.26175552254353673,142774028.86512592,2022-08-30
233,1661904000000,0.26029553846906345,142446790.3540542,2022-08-31
234,1661990400000,0.26443144661550816,144023910.26353636,2022-09-01
235,1662076800000,0.2964593716984121,160970605.76885185,2022-09-02
236,1662163200000,0.2763962763452442,150774117.39846766,2022-09-03
237,1662249600000,0.27425172792249136,149721967.70811796,2022-09-04
238,1662336000000,0.2765665516601032,150989794.973457,2022-09-05
239,1662422400000,0.2715112825402081,147663959.29484585,2022-09-06
240,1662508800000,0.26698753667323977,145548487.17676428,2022-09-07
241,1662595200000,0.264996939990567,144466934.17204726,2022-09-08
242,1662681600000,0.2609863198862424,141801158.56831604,2022-09-09
243,1662768000000,0.28044693142818067,152897398.64381567,2022-09-10
244,1662854400000,0.28464186150715026,155203221.52152878,2022-09-11
245,1662940800000,0.3024725849455816,164572485.3946988,2022-09-12
246,1663027200000,0.2908588973185267,158177057.632513,2022-09-13
247,1663113600000,0.2622728352232246,143022154.3957264,2022-09-14
248,1663200000000,0.26125315703557594,142134260.05556145,2022-09-15
249,1663286400000,0.24449824559870084,133492071.51429361,2022-09-16
250,1663372800000,0.23657363394486747,128509691.29749244,2022-09-17
251,1663459200000,0.24687743010071694,134579288.9518547,2022-09-18
252,1663545600000,0.21482934893515226,117120418.66414987,2022-09-19
253,1663632000000,0.22212558863487536,121274715.84129132,2022-09-20
254,1663718400000,0.20768353495837188,113304349.19913538,2022-09-21
255,1663804800000,0.19320527759449838,105566270.17384744,2022-09-22
256,1663891200000,0.2008132873875311,109252703.7918571,2022-09-23
257,1663977600000,0.20298962293711417,110461087.10000476,2022-09-24
258,1664064000000,0.20240437500557748,109619087.84169629,2022-09-25
259,1664150400000,0.19618453540298517,106404944.05515365,2022-09-26
260,1664236800000,0.1981524922167066,107993167.62745923,2022-09-27
261,1664323200000,0.19322491178442938,105428080.25824083,2022-09-28
262,1664409600000,0.19420337330499018,105904022.50504626,2022-09-29
263,1664496000000,0.2021184348158512,110383638.9814918,2022-09-30
264,1664582400000,0.20400618825658315,111255585.22319259,2022-10-01
265,1664668800000,0.19952447276622276,108434525.02797182,2022-10-02
266,1664755200000,0.20428594192703622,111774273.15711646,2022-10-03
267,1664841600000,0.21896547811647252,119546942.75398761,2022-10-04
268,1664928000000,0.22254054322880584,121146435.24613623,2022-10-05
269,1665014400000,0.22128042236969162,120554022.32457988,2022-10-06
270,1665100800000,0.21940041322658466,119629247.70767125,2022-10-07
271,1665187200000,0.21783759505314426,118857982.5227071,2022-10-08
272,1665273600000,0.20961589091999283,114170344.86511034,2022-10-09
273,1665360000000,0.2101355180133653,114395562.98947887,2022-10-10
274,1665446400000,0.19820594938059893,107845199.74553694,2022-10-11
275,1665532800000,0.19254421312060174,104687747.95352474,2022-10-12
276,1665619200000,0.20964129721534044,114223845.97693732,2022-10-13
277,1665705600000,0.22556341742655683,122516296.38139932,2022-10-14
278,1665792000000,0.22223574619682196,120955444.86801425,2022-10-15
279,1665878400000,0.22595129341724937,123216687.23793493,2022-10-16
280,1665964800000,0.2341572611613815,127655256.51210961,2022-10-17
281,1666051200000,0.23584737181639845,128553472.31739818,2022-10-18
282,1666137600000,0.22531123040042614,122992248.27269985,2022-10-19
283,1666224000000,0.21057146833993645,114924827.7142692,2022-10-20
284,1666310400000,0.21443484801000176,117016871.1198315,2022-10-21
285,1666396800000,0.21949109169850312,119311814.27119067,2022-10-22
286,1666483200000,0.212840544678647,115768515.45976797,2022-10-23
287,1666569600000,0.2161113341145239,118171089.69485205,2022-10-24
288,1666656000000,0.2034156366002984,110887149.2749823,2022-10-25
289,1666742400000,0.2101573981852144,114685996.78386933,2022-10-26
290,1666828800000,0.2243167538438731,122391790.29776077,2022-10-27
291,1666915200000,0.2161278040980804,118098679.67095697,2022-10-28
292,1667001600000,0.21985299338558564,119822213.45687555,2022-10-29
293,1667088000000,0.22866180454466256,124182627.31725243,2022-10-30
294,1667174400000,0.2265139298988981,123115295.73896633,2022-10-31
295,1667260800000,0.22803443925506156,124271273.57582626,2022-11-01
296,1667347200000,0.21967718245991086,119424590.42260535,2022-11-02
297,1667433600000,0.2007731763290045,109239762.56761535,2022-11-03
298,1667520000000,0.20577100234364115,111910765.71359001,2022-11-04
299,1667606400000,0.23738042922479055,129388549.4578186,2022-11-05
300,1667692800000,0.24031510598054712,131000194.86320639,2022-11-06
301,1667779200000,0.21652419909486614,118017640.20820734,2022-11-07
302,1667865600000,0.211763499530284,115356602.09468316,2022-11-08
303,1667952000000,0.17253772382081195,93890462.80554079,2022-11-09
304,1668038400000,0.12242203292163872,66947570.24870751,2022-11-10
305,1668124800000,0.1607698031635493,87687483.3895152,2022-11-11
306,1668211200000,0.1528091366508424,82859170.84683396,2022-11-12
307,1668297600000,0.14211041042349604,77380612.9282695,2022-11-13
308,1668384000000,0.1337601641260161,72597879.54439278,2022-11-14
309,1668470400000,0.1381457174598765,75420068.06320544,2022-11-15
310,1668556800000,0.14006277924801222,76659858.86391424,2022-11-16
311,1668643200000,0.13475040424241552,74326493.65329881,2022-11-17
312,1668729600000,0.13856397446068708,75484576.60556106,2022-11-18
313,1668816000000,0.13964874370609942,76202143.50228108,2022-11-19
314,1668902400000,0.13766363765925238,75405155.25663115,2022-11-20
