,Time,open,mktcap,Date
0,1619740800000,23.327418267811513,0.0,2021-04-30
1,1619827200000,23.327418267811513,0.0,2021-05-01
2,1619913600000,18.915452769785436,0.0,2021-05-02
3,1620000000000,21.309982603593916,0.0,2021-05-03
4,1620086400000,17.993651917843852,0.0,2021-05-04
5,1620172800000,17.163757989667264,0.0,2021-05-05
6,1620259200000,20.37417305592226,0.0,2021-05-06
7,1620345600000,20.35803408278151,0.0,2021-05-07
8,1620432000000,22.69182537057885,0.0,2021-05-08
9,1620518400000,21.803820175936117,14068430.8850876,2021-05-09
10,1620604800000,21.640955761276945,14010778.930506691,2021-05-10
11,1620691200000,19.40174673710863,12537008.249546224,2021-05-11
12,1620777600000,22.528725139536558,14552015.11636743,2021-05-12
13,1620864000000,21.02484700647569,14403363.730772784,2021-05-13
14,1620950400000,24.10487648003357,15881696.57811799,2021-05-14
15,1621036800000,22.241850764342143,15261927.64685122,2021-05-15
16,1621123200000,19.998882121847544,14273864.904853845,2021-05-16
17,1621209600000,20.786192610877094,14206773.236714827,2021-05-17
18,1621296000000,18.432931335873636,12638751.448014146,2021-05-18
19,1621382400000,20.8596540859903,16100806.234466061,2021-05-19
20,1621468800000,16.604396734652695,18618011.205023,2021-05-20
21,1621555200000,16.381050176148257,18367690.02048102,2021-05-21
22,1621641600000,15.431623646841393,17162794.778437518,2021-05-22
23,1621728000000,13.639668394906627,15233418.974745734,2021-05-23
24,1621814400000,11.04017821245557,12277024.889119552,2021-05-24
25,1621900800000,11.693316622453288,13027737.66317592,2021-05-25
26,1621987200000,12.907376228465163,14437445.634376533,2021-05-26
27,1622073600000,13.36197915708653,14934207.141998274,2021-05-27
28,1622160000000,13.100661715052972,14760910.925697787,2021-05-28
29,1622246400000,12.171686474644265,13695179.360758618,2021-05-29
30,1622332800000,11.459388621789437,12894894.11600129,2021-05-30
31,1622419200000,11.908383225202643,13290418.290063445,2021-05-31
32,1622505600000,12.128850954564564,13619860.120204553,2021-06-01
33,1622592000000,11.663660790265302,13149744.527495706,2021-06-02
34,1622678400000,10.399207589605702,11767177.8356707,2021-06-03
35,1622764800000,10.538292890508032,12057094.018098675,2021-06-04
36,1622851200000,10.76753851650889,12162919.918682568,2021-06-05
37,1622937600000,11.388928540158428,12828947.699364757,2021-06-06
38,1623024000000,11.211862273587796,12661522.095038095,2021-06-07
39,1623110400000,11.242131744742336,12758566.731028192,2021-06-08
40,1623196800000,10.737047753058988,12200178.468202457,2021-06-09
41,1623283200000,10.714744510148638,12201054.812580118,2021-06-10
42,1623369600000,10.77989153707514,12256767.356913123,2021-06-11
43,1623456000000,10.399306918307495,11767422.336880181,2021-06-12
44,1623542400000,9.964542430681243,11545300.796475023,2021-06-13
45,1623628800000,11.815290874917428,13675832.999091351,2021-06-14
46,1623715200000,11.048824572695864,12807760.767711448,2021-06-15
47,1623801600000,11.225970744498925,13003571.30116404,2021-06-16
48,1623888000000,10.72198198448754,12411601.479386287,2021-06-17
49,1623974400000,10.830160056718093,12607976.582581814,2021-06-18
50,1624060800000,10.187182599472104,11740630.309616152,2021-06-19
51,1624147200000,9.818068925615407,11433282.568524012,2021-06-20
52,1624233600000,9.899542563804681,11499509.932362115,2021-06-21
53,1624320000000,8.872051767906335,10505311.55466903,2021-06-22
54,1624406400000,7.1987812965775495,8461075.368989876,2021-06-23
55,1624492800000,7.370578268875571,8558307.688463025,2021-06-24
56,1624579200000,7.0979704377040225,8342458.15019608,2021-06-25
57,1624665600000,6.978630890572968,10993093.726907622,2021-06-26
58,1624752000000,6.9968963008962435,10976134.969636599,2021-06-27
59,1624838400000,7.026831194974018,11066575.010710936,2021-06-28
60,1624924800000,6.9769312936689145,10969649.87515799,2021-06-29
61,1625011200000,6.9812234916077385,11043720.957433963,2021-06-30
62,1625097600000,6.985908869019938,11027766.854615541,2021-07-01
63,1625184000000,6.429684817612001,10140383.763780385,2021-07-02
64,1625270400000,6.602629983501371,10395879.035519285,2021-07-03
65,1625356800000,6.569603845356198,10343236.588335447,2021-07-04
66,1625443200000,6.50945093552415,10287225.041750465,2021-07-05
67,1625529600000,6.636381279480529,10991975.256693177,2021-07-06
68,1625616000000,7.010285697912847,11825451.759765299,2021-07-07
69,1625702400000,7.321961113127139,12486186.751688533,2021-07-08
70,1625788800000,7.527520536565106,12939283.27507105,2021-07-09
71,1625875200000,7.700763427870248,13282968.459505467,2021-07-10
72,1625961600000,7.395246631097656,12805731.204535253,2021-07-11
73,1626048000000,7.442523434896997,16102633.85042743,2021-07-12
74,1626134400000,7.540889110266438,16329965.366565607,2021-07-13
75,1626220800000,7.256373665622648,15731680.657570891,2021-07-14
76,1626307200000,6.910804257071342,15002068.82877349,2021-07-15
77,1626393600000,6.738496849855619,14661572.198675228,2021-07-16
78,1626480000000,6.655480619635247,14426502.985497713,2021-07-17
79,1626566400000,6.795018970463555,14727246.506748104,2021-07-18
80,1626652800000,6.665578948061074,14393003.224096652,2021-07-19
81,1626739200000,6.402118733745939,13955736.296511577,2021-07-20
82,1626825600000,6.300694587976065,13735288.361927869,2021-07-21
83,1626912000000,5.725691740161196,12640759.621052327,2021-07-22
84,1626998400000,5.613797436772882,12494689.696359606,2021-07-23
85,1627084800000,6.023799298891793,13349556.713956648,2021-07-24
86,1627171200000,5.686542913859966,12721349.666570812,2021-07-25
87,1627257600000,5.738572534760193,12917023.541375078,2021-07-26
88,1627344000000,5.650441087553511,12664745.340379052,2021-07-27
89,1627430400000,5.816287555719284,13020123.949341333,2021-07-28
90,1627516800000,6.011295344109054,13462015.0557213,2021-07-29
91,1627603200000,6.140830340766008,13718651.661540516,2021-07-30
92,1627689600000,5.97281903141287,13294348.078287523,2021-07-31
93,1627776000000,6.08179877973959,13651033.894663427,2021-08-01
94,1627862400000,6.0960265257835715,13773057.21704536,2021-08-02
95,1627948800000,6.930049155747974,15549942.106431313,2021-08-03
96,1628035200000,7.758645846912403,17509893.650994077,2021-08-04
97,1628121600000,7.8227179036348655,17687189.973355077,2021-08-05
98,1628208000000,10.660454385627045,24130034.85682983,2021-08-06
99,1628294400000,10.25212746012606,23096482.63286687,2021-08-07
100,1628380800000,14.38751755526974,32593915.165563498,2021-08-08
101,1628467200000,14.255069939316881,33197737.210566808,2021-08-09
102,1628553600000,12.123624653164885,27938581.7226131,2021-08-10
103,1628640000000,12.115122139040954,27430237.720499575,2021-08-11
104,1628726400000,11.807461339760138,26774580.181099907,2021-08-12
105,1628812800000,13.860988082127642,31470007.12523556,2021-08-13
106,1628899200000,14.97861619947611,34085118.25459203,2021-08-14
107,1628985600000,14.306547083391072,32601426.771852296,2021-08-15
108,1629072000000,13.812795835065527,31517941.63159607,2021-08-16
109,1629158400000,11.092976397572995,25368666.012802288,2021-08-17
110,1629244800000,16.053708755939816,36680896.65969787,2021-08-18
111,1629331200000,18.21184499415358,41959889.02049048,2021-08-19
112,1629417600000,16.69608249891879,37810659.16010192,2021-08-20
113,1629504000000,16.8977723370641,38876470.02551102,2021-08-21
114,1629590400000,16.080503638994028,37077932.71132734,2021-08-22
115,1629676800000,16.136940229892403,37202451.67657504,2021-08-23
116,1629763200000,15.229413751177088,34763653.744743854,2021-08-24
117,1629849600000,15.171681110071562,35023676.46424788,2021-08-25
118,1629936000000,15.236984459407928,35138808.567711174,2021-08-26
119,1630022400000,15.143332589872154,35092931.97310522,2021-08-27
120,1630108800000,14.877737855852292,34432516.173826486,2021-08-28
121,1630195200000,14.767670573246582,34218045.47844533,2021-08-29
122,1630281600000,13.621137975392795,32159374.83591015,2021-08-30
123,1630368000000,12.315959476934486,29347545.272314847,2021-08-31
124,1630454400000,12.281693252565784,29047745.12242213,2021-09-01
125,1630540800000,13.386013744383707,31589554.280666426,2021-09-02
126,1630627200000,13.580757222165857,32158299.90634997,2021-09-03
127,1630713600000,12.56573192924658,29756130.301052146,2021-09-04
128,1630800000000,12.280561264151315,29161424.4135542,2021-09-05
129,1630886400000,12.176244777984207,28914291.00517582,2021-09-06
130,1630972800000,11.924625907455663,28279273.802147456,2021-09-07
131,1631059200000,11.799134668858182,28084401.22866452,2021-09-08
132,1631145600000,10.609103848462981,25278274.295135953,2021-09-09
133,1631232000000,10.346928710407049,24629618.710511763,2021-09-10
134,1631318400000,10.582519179553975,25152538.12863954,2021-09-11
135,1631404800000,9.886684045798638,23513784.802641496,2021-09-12
136,1631491200000,10.498595869351606,25179763.75910276,2021-09-13
137,1631577600000,10.214138616943163,24303162.867530096,2021-09-14
138,1631664000000,10.255196630075426,24570946.54553391,2021-09-15
139,1631750400000,10.472243050758554,24970265.177180745,2021-09-16
140,1631836800000,9.961152458133748,23729243.259902354,2021-09-17
141,1631923200000,9.230820676831803,21991377.09912343,2021-09-18
142,1632009600000,9.16539417836927,21881146.623531498,2021-09-19
143,1632096000000,11.378397985126904,27266002.173454385,2021-09-20
144,1632182400000,11.0712666378979,26450341.610390663,2021-09-21
145,1632268800000,11.42763938421171,27379722.581143837,2021-09-22
146,1632355200000,16.399225731490116,38852058.20758572,2021-09-23
147,1632441600000,15.175715716078855,36411101.83326583,2021-09-24
148,1632528000000,14.613106341911589,35256928.6039952,2021-09-25
149,1632614400000,14.124352771775827,34090380.1172229,2021-09-26
150,1632700800000,12.9030600233502,30813136.823292233,2021-09-27
151,1632787200000,15.392832721806094,37234609.42252531,2021-09-28
152,1632873600000,14.735137728659339,35225279.17756202,2021-09-29
153,1632960000000,15.11031659893948,36456902.09719784,2021-09-30
154,1633046400000,14.092186567151893,34021764.359775566,2021-10-01
155,1633132800000,13.917427849066932,33595292.522973076,2021-10-02
156,1633219200000,17.537028368595212,42361666.03666615,2021-10-03
157,1633305600000,18.144551573050506,43823651.89418782,2021-10-04
158,1633392000000,16.488848718439296,40080877.337383926,2021-10-05
159,1633478400000,17.491389094934146,42603183.74073198,2021-10-06
160,1633564800000,19.66083101167177,47898482.068418324,2021-10-07
161,1633651200000,16.958260756385325,41512655.91247459,2021-10-08
162,1633737600000,15.854338149753016,39231305.07289882,2021-10-09
163,1633824000000,16.569186733621052,40960123.84362603,2021-10-10
164,1633910400000,17.285801171724135,42840900.63916526,2021-10-11
165,1633996800000,19.9393607122602,49592354.500456,2021-10-12
166,1634083200000,23.250842491286363,58219470.81380634,2021-10-13
167,1634169600000,36.13814658473083,92289381.0807687,2021-10-14
168,1634256000000,33.85233508248787,86000035.42936417,2021-10-15
169,1634342400000,27.594157681117224,76392640.1528878,2021-10-16
170,1634428800000,27.901398942927273,77600308.07182528,2021-10-17
171,1634515200000,28.89632235015685,79879557.02617663,2021-10-18
172,1634601600000,30.58874709160456,84222046.79606561,2021-10-19
173,1634688000000,28.262927023380943,79335424.06177594,2021-10-20
174,1634774400000,25.554094538296326,71485748.52950315,2021-10-21
175,1634860800000,26.451457944887412,73671147.49385753,2021-10-22
176,1634947200000,26.360521551242474,73641978.77145922,2021-10-23
177,1635033600000,25.669380491956886,71647560.70273988,2021-10-24
178,1635120000000,23.758504552463275,66340539.59100359,2021-10-25
179,1635206400000,24.014062130068865,67301533.18759254,2021-10-26
180,1635292800000,27.869284684721134,78034530.64257017,2021-10-27
181,1635379200000,25.67574072180854,71701515.76403263,2021-10-28
182,1635465600000,23.17008463211348,64772994.05829849,2021-10-29
183,1635552000000,23.069799968559362,64400522.648932144,2021-10-30
184,1635638400000,21.917799810773424,61588271.38177073,2021-10-31
185,1635724800000,21.349052851524373,59901552.38387589,2021-11-01
186,1635811200000,26.401976045310292,74762504.16190253,2021-11-02
187,1635897600000,23.863911132671337,67004095.43013538,2021-11-03
188,1635984000000,23.870786032879472,67049652.481797,2021-11-04
189,1636070400000,24.41508366148074,68180404.49788415,2021-11-05
190,1636156800000,23.020086559182104,64583554.78774532,2021-11-06
191,1636243200000,19.805341033947332,55837771.805881284,2021-11-07
192,1636329600000,20.276300924066124,57112393.996804,2021-11-08
193,1636416000000,21.47018140659975,61454049.00432527,2021-11-09
194,1636502400000,22.027873945055973,62409448.086942114,2021-11-10
195,1636588800000,23.56192875405093,67083891.82540826,2021-11-11
196,1636675200000,22.41928443937544,63903256.69986414,2021-11-12
197,1636761600000,19.313447293771087,55215221.182283536,2021-11-13
198,1636848000000,19.591313905101003,55879913.91260379,2021-11-14
199,1636934400000,19.416853339065778,55439651.708716124,2021-11-15
200,1637020800000,19.612749023635125,56094084.81573373,2021-11-16
201,1637107200000,20.866760162731225,59759908.02557885,2021-11-17
202,1637193600000,21.22395480631825,60535707.55033873,2021-11-18
203,1637280000000,24.452636304659887,70105614.84946832,2021-11-19
204,1637366400000,30.704450145414754,87989322.67438284,2021-11-20
205,1637452800000,37.51837773905506,107771373.73939072,2021-11-21
206,1637539200000,32.949127914874616,94937208.9903549,2021-11-22
207,1637625600000,28.375441052802792,81666323.37500358,2021-11-23
208,1637712000000,26.836799205644382,77173199.45171498,2021-11-24
209,1637798400000,26.214225889802947,75547372.32270063,2021-11-25
210,1637884800000,26.564712328982463,76457404.08900537,2021-11-26
211,1637971200000,21.604686394516772,62178146.49116899,2021-11-27
212,1638057600000,21.089045461235226,60856488.5857079,2021-11-28
213,1638144000000,20.704865214509386,59875729.651139714,2021-11-29
214,1638230400000,22.684572547876268,65406686.13653336,2021-11-30
215,1638316800000,22.132259001881955,64363787.123806134,2021-12-01
216,1638403200000,22.790759189294434,65889460.94661875,2021-12-02
217,1638489600000,25.490435246822493,73374091.59256674,2021-12-03
218,1638576000000,23.877908422405568,69411559.23230287,2021-12-04
219,1638662400000,23.58941014538475,68437042.92245194,2021-12-05
220,1638748800000,23.60446331990549,68403716.07994483,2021-12-06
221,1638835200000,19.95838494624362,57943888.28336796,2021-12-07
222,1638921600000,19.9469813743087,58063936.86085135,2021-12-08
223,1639008000000,19.588904521442068,57188130.86556257,2021-12-09
224,1639094400000,22.317505350313947,65083388.46591399,2021-12-10
225,1639180800000,21.302560391778574,61641669.6321578,2021-12-11
226,1639267200000,23.94505744622248,69060352.6154082,2021-12-12
227,1639353600000,20.171157534630083,58664851.94571111,2021-12-13
228,1639440000000,19.927084237226012,57789083.34974935,2021-12-14
229,1639526400000,19.3645586472028,55973441.71395735,2021-12-15
230,1639612800000,19.508647676543813,56513562.215277225,2021-12-16
231,1639699200000,18.522423892719942,53595953.64479469,2021-12-17
232,1639785600000,18.1115631969012,52518113.40945892,2021-12-18
233,1639872000000,18.250705057223804,52918521.24410149,2021-12-19
234,1639958400000,17.53299124348726,51014856.712400585,2021-12-20
235,1640044800000,16.939554802717414,49459643.68604601,2021-12-21
236,1640131200000,15.826174044357378,46465944.256193094,2021-12-22
237,1640217600000,15.938256293222626,47533762.83631577,2021-12-23
238,1640304000000,15.960856868591605,49257933.26690448,2021-12-24
239,1640390400000,16.284961461335694,50320611.77707958,2021-12-25
240,1640476800000,16.073643344603074,50196742.92639073,2021-12-26
241,1640563200000,15.9753235190828,49365844.350883804,2021-12-27
242,1640649600000,15.292533043158812,47256101.925676584,2021-12-28
243,1640736000000,15.004901657645052,46445292.89669874,2021-12-29
244,1640822400000,18.4282679181842,56887314.007479966,2021-12-30
245,1640908800000,18.100660714720696,56142270.17365374,2021-12-31
246,1640995200000,17.74507846135126,55225592.80031853,2022-01-01
247,1641081600000,17.173419523076088,53327918.1196777,2022-01-02
248,1641168000000,16.308704055488302,50731197.38757457,2022-01-03
249,1641254400000,16.3557686656441,51473435.73660218,2022-01-04
250,1641340800000,21.418005740887935,69871475.76801082,2022-01-05
251,1641427200000,18.23739437675761,58840575.655088544,2022-01-06
252,1641513600000,17.525495950109864,56599282.41881415,2022-01-07
253,1641600000000,15.394292576019462,51042027.37897361,2022-01-08
254,1641686400000,14.56692880323784,48311907.562483415,2022-01-09
255,1641772800000,14.790724690733875,49032151.30065789,2022-01-10
256,1641859200000,14.296704976542038,47743916.42881288,2022-01-11
257,1641945600000,14.548362880850252,48712069.7264556,2022-01-12
258,1642032000000,14.254696106281578,47807890.58952532,2022-01-13
259,1642118400000,14.078045191911512,47035589.11844339,2022-01-14
260,1642204800000,14.173887159818053,47220428.56250741,2022-01-15
261,1642291200000,14.107111958443145,47176283.70562103,2022-01-16
262,1642377600000,14.131163195038468,47246561.487991914,2022-01-17
263,1642464000000,13.931524717480068,46629255.37839719,2022-01-18
264,1642550400000,13.466306631689044,45221914.74648147,2022-01-19
265,1642636800000,12.375884770341603,41620312.63132072,2022-01-20
266,1642723200000,12.808544685367359,43031090.77134996,2022-01-21
267,1642809600000,11.236782895242122,37709459.51363447,2022-01-22
268,1642896000000,10.659513115518678,35773417.12254781,2022-01-23
269,1642982400000,10.604765415371595,35577195.716083385,2022-01-24
270,1643068800000,12.2381683903787,41482214.48809011,2022-01-25
271,1643155200000,14.601194625037973,55125510.559329815,2022-01-26
272,1643241600000,15.309109798452297,63190609.21074229,2022-01-27
273,1643328000000,14.721040448574913,60876717.52285261,2022-01-28
274,1643414400000,14.581064797838149,51573434.340187676,2022-01-29
275,1643500800000,14.413362244157124,51006420.477711216,2022-01-30
276,1643587200000,15.136430063966307,53582106.049154304,2022-01-31
277,1643673600000,15.918004808142435,56399121.48115959,2022-02-01
278,1643760000000,15.29761715198499,54315813.664103605,2022-02-02
279,1643846400000,15.561678543277173,55606789.04498997,2022-02-03
280,1643932800000,15.042419752041756,55032864.97498938,2022-02-04
281,1644019200000,15.336386254382893,55792929.3590311,2022-02-05
282,1644105600000,15.300189594151323,56143281.01867901,2022-02-06
283,1644192000000,15.301522894419705,56063316.89295807,2022-02-07
284,1644278400000,15.315299172262295,56117895.237469815,2022-02-08
285,1644364800000,15.041259435468486,56144470.95464492,2022-02-09
286,1644451200000,15.178978085484077,56773278.18994509,2022-02-10
287,1644537600000,19.357731095346114,72925063.45079659,2022-02-11
288,1644624000000,25.069125550092217,97210493.42886016,2022-02-12
289,1644710400000,20.95500382843801,79851207.98018783,2022-02-13
290,1644796800000,19.616660591169993,75445672.1839014,2022-02-14
291,1644883200000,20.146311299850414,77421849.72898321,2022-02-15
292,1644969600000,21.921984752592852,84322457.45635475,2022-02-16
293,1645056000000,25.22962434302677,97210216.68952167,2022-02-17
294,1645142400000,24.24417690834481,93654908.2514313,2022-02-18
295,1645228800000,23.587901731342633,91297466.75165254,2022-02-19
296,1645315200000,23.795994763635107,92003351.32964417,2022-02-20
297,1645401600000,22.789649256251796,88156366.40148363,2022-02-21
298,1645488000000,21.46188005488206,83327262.87755017,2022-02-22
299,1645574400000,22.161839952891082,86181396.41198815,2022-02-23
300,1645660800000,21.87129069010175,85151944.075049,2022-02-24
301,1645747200000,21.010585221491045,81856888.32364818,2022-02-25
302,1645833600000,21.20320736971505,90411676.9793042,2022-02-26
303,1645920000000,20.982645754101124,90625559.68821757,2022-02-27
304,1646006400000,21.371655662066836,92552114.95503986,2022-02-28
305,1646092800000,20.98358204567481,90847396.6495779,2022-03-01
306,1646179200000,21.57669279627393,93330867.45416223,2022-03-02
307,1646265600000,22.222672754609913,96359986.96145223,2022-03-03
308,1646352000000,24.191294839590288,106647534.80005756,2022-03-04
309,1646438400000,24.060718244912493,106019276.85120727,2022-03-05
310,1646524800000,23.24074802460175,102385673.07508154,2022-03-06
311,1646611200000,23.231627560312152,102470459.78835051,2022-03-07
312,1646697600000,21.999398433594724,96966536.05269894,2022-03-08
313,1646784000000,21.989301740349926,98917274.17142515,2022-03-09
314,1646870400000,21.889568243712297,98522116.9555225,2022-03-10
315,1646956800000,21.84333486082651,98408214.57641198,2022-03-11
316,1647043200000,22.41701936777632,101095732.94632621,2022-03-12
317,1647129600000,22.86548668343538,103246786.23878065,2022-03-13
318,1647216000000,22.523384049590582,101804871.39475769,2022-03-14
319,1647302400000,22.831727194042085,103025462.42175592,2022-03-15
320,1647388800000,25.532508381807062,115113426.78511205,2022-03-16
321,1647475200000,25.26004946434521,113298178.86984341,2022-03-17
322,1647561600000,26.590328464183155,120216704.28493275,2022-03-18
323,1647648000000,29.99056411358387,135950400.99733475,2022-03-19
324,1647734400000,29.766933908293318,135102935.31514338,2022-03-20
325,1647820800000,31.422057506592193,142867882.24342778,2022-03-21
326,1647907200000,35.41372951429694,162167401.86588594,2022-03-22
327,1647993600000,38.86083511521095,179421178.6309831,2022-03-23
328,1648080000000,38.100042067534275,175419805.6728161,2022-03-24
329,1648166400000,40.32976525394262,185321730.85735768,2022-03-25
330,1648252800000,44.615906093372466,202988536.74783826,2022-03-26
331,1648339200000,50.069183790980645,231924660.28017506,2022-03-27
332,1648425600000,49.42870763559067,227329053.1961455,2022-03-28
333,1648512000000,44.45836995899958,205328245.69898155,2022-03-29
334,1648598400000,46.561385905260124,220744734.5592906,2022-03-30
335,1648684800000,52.24895192787693,249319778.6861569,2022-03-31
336,1648771200000,50.970282320420615,242426811.27108622,2022-04-01
337,1648857600000,49.83518751924942,237765062.02623126,2022-04-02
338,1648944000000,51.941936557730884,247907353.45365927,2022-04-03
339,1649030400000,48.676929351995355,231994748.1661817,2022-04-04
340,1649116800000,47.306811306123244,227817031.6069813,2022-04-05
341,1649203200000,50.05660247955429,240077337.76823577,2022-04-06
342,1649289600000,49.18949085258141,238237426.3425929,2022-04-07
343,1649376000000,52.15399028275912,254386584.94271153,2022-04-08
344,1649462400000,54.20255017943468,263603364.3676077,2022-04-09
345,1649548800000,62.89796275841484,306970245.1512014,2022-04-10
346,1649635200000,64.34562147735947,313977328.5287999,2022-04-11
347,1649721600000,54.161948397754664,261916100.03906268,2022-04-12
348,1649808000000,60.34502295955012,296509618.36129934,2022-04-13
349,1649894400000,57.18856208678429,281504588.0426381,2022-04-14
350,1649980800000,58.222106729090946,286849729.10611546,2022-04-15
351,1650067200000,61.390753666032715,301917068.0832719,2022-04-16
352,1650153600000,60.54767594500479,298472573.3814937,2022-04-17
353,1650240000000,56.07520056131307,277669428.4635058,2022-04-18
354,1650326400000,55.44460760562966,276838238.95293576,2022-04-19
355,1650412800000,55.329120688670706,276390222.85221016,2022-04-20
356,1650499200000,53.27005306297969,266439025.46436033,2022-04-21
357,1650585600000,56.198242927208504,279206963.85594815,2022-04-22
358,1650672000000,59.52979413576306,297684405.60431635,2022-04-23
359,1650758400000,60.95325074992159,305709082.02746665,2022-04-24
360,1650844800000,58.65717834144891,295058420.7169045,2022-04-25
361,1650931200000,54.158676333051204,271215192.3667549,2022-04-26
362,1651017600000,54.3818951482801,285557001.7600397,2022-04-27
363,1651104000000,50.81589503449115,285114632.99421877,2022-04-28
364,1651190400000,49.051692687721584,275290466.6960555,2022-04-29
365,1651276800000,51.21588833386597,287358941.4226619,2022-04-30
366,1651363200000,53.40659720875652,298304576.8906036,2022-05-01
367,1651449600000,50.91066589485058,285330272.6041018,2022-05-02
368,1651536000000,48.869336213247664,274334844.10027,2022-05-03
369,1651622400000,47.64530426719183,267828253.4383172,2022-05-04
370,1651708800000,50.21048496585543,283454157.12765044,2022-05-05
371,1651795200000,48.62032583612404,276058667.41443557,2022-05-06
372,1651881600000,41.22685501262993,234054360.98880258,2022-05-07
373,1651968000000,38.03538524866314,215903993.95365307,2022-05-08
374,1652054400000,38.28476283661008,217952004.6467959,2022-05-09
375,1652140800000,33.88942530959202,197298378.30399522,2022-05-10
376,1652227200000,30.221542468903426,175621285.32309136,2022-05-11
377,1652313600000,24.15167205529749,136952231.61053067,2022-05-12
378,1652400000000,22.276392616088206,130007626.19427744,2022-05-13
379,1652486400000,24.519850248278118,143048580.10736036,2022-05-14
380,1652572800000,23.40341697873703,136390830.09580642,2022-05-15
381,1652659200000,23.784047555027122,138391740.2848089,2022-05-16
382,1652745600000,24.103126406678868,140559285.68686253,2022-05-17
383,1652832000000,23.601299438452813,137582858.82326543,2022-05-18
384,1652918400000,23.187172426376634,135262304.8069775,2022-05-19
385,1653004800000,24.17802276451985,142848677.55705,2022-05-20
386,1653091200000,24.129158942021864,142682875.8164373,2022-05-21
387,1653177600000,24.19640019195306,143239580.14962316,2022-05-22
388,1653264000000,23.532668410351793,139224754.82600033,2022-05-23
389,1653350400000,23.244338012586116,139311976.56938696,2022-05-24
390,1653436800000,22.892512840268182,135614072.99967533,2022-05-25
391,1653523200000,22.895615243735335,135364933.6399136,2022-05-26
392,1653609600000,21.619788209023476,118423689.71663961,2022-05-27
393,1653696000000,21.723634630357385,119579179.52998257,2022-05-28
394,1653782400000,21.403753574279605,117856979.2102731,2022-05-29
395,1653868800000,21.648781646473758,119174798.5702286,2022-05-30
396,1653955200000,23.57240176033554,144814327.58260232,2022-05-31
397,1654041600000,27.026722790032863,166692861.8848123,2022-06-01
398,1654128000000,27.223327588368292,168339072.1429764,2022-06-02
399,1654214400000,29.419070471856823,182341454.59096345,2022-06-03
400,1654300800000,29.31774747217557,181841325.067019,2022-06-04
401,1654387200000,28.906352669299466,179429974.48284787,2022-06-05
402,1654473600000,28.16595575196343,174895367.16136798,2022-06-06
403,1654560000000,28.04737164731181,171345789.57157394,2022-06-07
404,1654646400000,28.5014114408936,176952627.59953606,2022-06-08
405,1654732800000,28.27007137150481,175619371.89693132,2022-06-09
406,1654819200000,29.230948479047658,181935497.62084308,2022-06-10
407,1654905600000,27.798394807880225,173106880.2253579,2022-06-11
408,1654992000000,27.257254449745453,169738606.37778142,2022-06-12
409,1655078400000,23.608150203605337,147892345.13568634,2022-06-13
410,1655164800000,19.28023806346782,119918032.18687457,2022-06-14
411,1655251200000,19.043429843479878,118377694.07721722,2022-06-15
412,1655337600000,16.27647264390396,101498060.8980082,2022-06-16
413,1655424000000,16.33393608363234,102016140.3739936,2022-06-17
414,1655510400000,16.208406484511865,101030380.80648506,2022-06-18
415,1655596800000,15.037511620226164,93615956.9079634,2022-06-19
416,1655683200000,15.72386713452281,98020346.86121036,2022-06-20
417,1655769600000,16.291991247373893,101921333.75382961,2022-06-21
418,1655856000000,15.663773756028009,97794620.72415778,2022-06-22
419,1655942400000,15.334775335303606,95654738.17462094,2022-06-23
420,1656028800000,14.227500627873823,88773570.11424299,2022-06-24
421,1656115200000,14.487001937311252,90225092.82001662,2022-06-25
422,1656201600000,14.51036672659699,90654102.9478629,2022-06-26
423,1656288000000,14.424330821820114,90171963.9979471,2022-06-27
424,1656374400000,14.33846698661735,89274302.37676474,2022-06-28
425,1656460800000,12.336684467955923,76543209.13305132,2022-06-29
426,1656547200000,10.669727236664796,67291505.83185965,2022-06-30
427,1656633600000,8.62991873570969,53768022.40604712,2022-07-01
428,1656720000000,8.975325323129942,56020182.63505288,2022-07-02
429,1656806400000,8.51184782607968,53130123.982738055,2022-07-03
430,1656892800000,8.494353078160188,51390047.710561536,2022-07-04
431,1656979200000,8.553527616857139,53311226.52780946,2022-07-05
432,1657065600000,8.947343238569873,55577495.35596413,2022-07-06
433,1657152000000,8.637823284728437,53784513.9497901,2022-07-07
434,1657238400000,8.506158427779443,52907552.949294835,2022-07-08
435,1657324800000,8.9453490910089,55680062.41078226,2022-07-09
436,1657411200000,10.155376669085365,62589906.08695215,2022-07-10
437,1657497600000,9.725637026906162,60817601.86613453,2022-07-11
438,1657584000000,10.257621221035219,63347541.72410183,2022-07-12
439,1657670400000,9.438399301552716,58978467.76605662,2022-07-13
440,1657756800000,9.96639078853208,62082220.68997202,2022-07-14
441,1657843200000,10.98146228403482,68403463.17557201,2022-07-15
442,1657929600000,13.562822513419079,84510341.71500057,2022-07-16
443,1658016000000,13.409765065125224,83904354.26970729,2022-07-17
444,1658102400000,13.433400814752886,84088648.39154889,2022-07-18
445,1658188800000,14.407613707576047,89621487.00490691,2022-07-19
446,1658275200000,14.554346983102858,90750503.08368711,2022-07-20
447,1658361600000,13.64498511502021,85483478.5206195,2022-07-21
448,1658448000000,14.240089063263493,89074380.36071785,2022-07-22
449,1658534400000,14.283168274544877,89040100.38038263,2022-07-23
450,1658620800000,14.186643126791594,88397588.41772099,2022-07-24
451,1658707200000,14.545061679459602,90736417.53415306,2022-07-25
452,1658793600000,14.661816683364615,91244333.73833273,2022-07-26
453,1658880000000,12.836367888491411,80152276.75584562,2022-07-27
454,1658966400000,13.357038588934541,83234486.47715548,2022-07-28
455,1659052800000,14.55556507501819,90696199.74626376,2022-07-29
456,1659139200000,16.38117714309661,102084609.88531992,2022-07-30
457,1659225600000,15.945383722901802,100687192.7118557,2022-07-31
458,1659312000000,15.842702579023703,98696506.15842558,2022-08-01
459,1659398400000,15.688156007440252,97677706.89509404,2022-08-02
460,1659484800000,15.53636059251012,96611719.44904238,2022-08-03
461,1659571200000,15.532151399376067,96919845.43636024,2022-08-04
462,1659657600000,15.307978293584911,95220109.3627313,2022-08-05
463,1659744000000,15.378902496096378,95681757.56582832,2022-08-06
464,1659830400000,15.792106412197846,98379991.09793234,2022-08-07
465,1659916800000,16.025714301682303,99792531.07349381,2022-08-08
466,1660003200000,16.231798828544594,101200532.73876934,2022-08-09
467,1660089600000,16.59927845495047,103681795.92424008,2022-08-10
468,1660176000000,17.625218045837137,109911870.66628695,2022-08-11
469,1660262400000,18.288041435764196,113969163.97140671,2022-08-12
470,1660348800000,22.255993331807144,139139994.5024112,2022-08-13
471,1660435200000,20.91540981677047,130547548.66810858,2022-08-14
472,1660521600000,20.64300758504681,128762662.0928947,2022-08-15
473,1660608000000,19.671008660777247,122500661.90045895,2022-08-16
474,1660694400000,18.404902489954715,114993417.75030914,2022-08-17
475,1660780800000,18.886136811832266,117687527.92029227,2022-08-18
476,1660867200000,18.615114294880094,116066169.4649843,2022-08-19
477,1660953600000,16.89785231776521,105235126.47939135,2022-08-20
478,1661040000000,16.468216401716383,102789769.95131825,2022-08-21
479,1661126400000,16.620578499759652,103806714.56494673,2022-08-22
480,1661212800000,17.06580963134459,106265765.00613612,2022-08-23
481,1661299200000,17.52020201265468,109240741.2740647,2022-08-24
482,1661385600000,18.038001365421742,112260657.44351096,2022-08-25
483,1661472000000,18.308253256254126,114073432.88499628,2022-08-26
484,1661558400000,18.655384121204165,116369430.45850658,2022-08-27
485,1661644800000,18.442531644126838,114968624.38445982,2022-08-28
486,1661731200000,17.11094179363081,106889092.20186783,2022-08-29
487,1661817600000,17.871118539244787,111192186.33889142,2022-08-30
488,1661904000000,18.390798488832953,114309722.10279174,2022-08-31
489,1661990400000,18.571173557134124,115783907.01496527,2022-09-01
490,1662076800000,18.242609000533253,113599903.5833272,2022-09-02
491,1662163200000,17.979548134884247,111991982.72449087,2022-09-03
492,1662249600000,18.54572252189883,115733197.05414267,2022-09-04
493,1662336000000,19.11445692121326,118959000.33358933,2022-09-05
494,1662422400000,19.564681011442563,121027671.5380274,2022-09-06
495,1662508800000,18.8172731042834,117704508.32259448,2022-09-07
496,1662595200000,20.208135242355617,125570370.84810413,2022-09-08
497,1662681600000,22.634377925709273,141096084.0802179,2022-09-09
498,1662768000000,23.09172296024679,143915414.80863082,2022-09-10
499,1662854400000,23.47728741603524,146139424.84556833,2022-09-11
500,1662940800000,22.952028096897017,143154562.37456223,2022-09-12
501,1663027200000,22.822701284836736,142366097.91673487,2022-09-13
502,1663113600000,21.31158610227245,132963703.7991111,2022-09-14
503,1663200000000,21.788274607403842,135902468.9623719,2022-09-15
504,1663286400000,21.57325233824166,134277228.02765107,2022-09-16
505,1663372800000,20.837556123300338,129853611.4954664,2022-09-17
506,1663459200000,21.777437115355816,135729342.80720717,2022-09-18
507,1663545600000,20.483855059746286,127518111.69816624,2022-09-19
508,1663632000000,20.004851171511042,124693257.56837443,2022-09-20
509,1663718400000,19.02085309051158,118743483.24827243,2022-09-21
510,1663804800000,18.045788953700644,112379571.72069672,2022-09-22
511,1663891200000,18.342880501036106,114239369.23593499,2022-09-23
512,1663977600000,18.47980282834442,115307821.62946194,2022-09-24
513,1664064000000,18.725142642205935,116670327.9459898,2022-09-25
514,1664150400000,18.440433850172383,114982950.9216045,2022-09-26
515,1664236800000,18.526761868197653,115563445.48000884,2022-09-27
516,1664323200000,18.298604471569647,114025333.8296429,2022-09-28
517,1664409600000,17.546356340552652,109254596.54269947,2022-09-29
518,1664496000000,17.447210553719803,108748582.98600231,2022-09-30
519,1664582400000,18.055680640751063,112265592.30967374,2022-10-01
520,1664668800000,18.05676532174732,112437796.30462278,2022-10-02
521,1664755200000,17.786793484458972,110951824.73279084,2022-10-03
522,1664841600000,17.757053257113796,110662719.82444394,2022-10-04
523,1664928000000,18.07063766482451,112522557.66821347,2022-10-05
524,1665014400000,17.77580681899658,110814337.3505479,2022-10-06
525,1665100800000,17.42574090132724,108630188.47112814,2022-10-07
526,1665187200000,17.29192289136084,107761546.5669337,2022-10-08
527,1665273600000,17.123018875917555,106719239.26700294,2022-10-09
528,1665360000000,16.834134569897863,104644581.40214865,2022-10-10
529,1665446400000,16.10032851825677,101054707.85430251,2022-10-11
530,1665532800000,15.745808739529073,98061139.17565803,2022-10-12
531,1665619200000,15.628823051452466,102753538.93193606,2022-10-13
532,1665705600000,15.604247288034626,102385970.0178637,2022-10-14
533,1665792000000,15.72435931609839,103090043.3809325,2022-10-15
534,1665878400000,15.927555591305568,104604578.19113472,2022-10-16
535,1665964800000,15.68239864967308,103563938.85456866,2022-10-17
536,1666051200000,15.073991788897242,99474210.99494289,2022-10-18
537,1666137600000,14.944495819643313,98484491.98560114,2022-10-19
538,1666224000000,14.786807270520107,98233867.7467979,2022-10-20
539,1666310400000,14.535699997345015,96521500.89698844,2022-10-21
540,1666396800000,14.424398675532924,95843015.52005118,2022-10-22
541,1666483200000,14.332850755735556,95293809.44686902,2022-10-23
542,1666569600000,14.433641517517815,96013600.33610532,2022-10-24
543,1666656000000,14.25525064538123,94739525.99367553,2022-10-25
544,1666742400000,15.083532799154264,100315551.67521891,2022-10-26
545,1666828800000,15.643934696668078,104028451.36567643,2022-10-27
546,1666915200000,14.860564355104506,98864217.49684161,2022-10-28
547,1667001600000,14.94362950790782,99382881.96049763,2022-10-29
548,1667088000000,15.001392023245602,99844444.26101075,2022-10-30
549,1667174400000,14.909098047867339,99144444.35803618,2022-10-31
550,1667260800000,14.237974454634905,94674240.85248962,2022-11-01
551,1667347200000,14.175128778376731,95621876.2829512,2022-11-02
552,1667433600000,13.505762719629303,91512956.5348836,2022-11-03
553,1667520000000,14.00296541449469,95310880.53274913,2022-11-04
554,1667606400000,13.791264395834295,93598171.34345405,2022-11-05
555,1667692800000,13.653136309404529,92710337.60577084,2022-11-06
556,1667779200000,13.052548269878772,88481736.21278562,2022-11-07
557,1667865600000,13.290970963194908,90384593.3443994,2022-11-08
558,1667952000000,10.524595323793699,72177140.32024753,2022-11-09
559,1668038400000,7.3138386476744,49641241.32899834,2022-11-10
560,1668124800000,8.169327246756339,55871647.19119099,2022-11-11
561,1668211200000,7.9404856720732155,54609255.560858525,2022-11-12
562,1668297600000,8.008402069103383,54959085.99474288,2022-11-13
563,1668384000000,8.230011430902074,56577976.58017421,2022-11-14
564,1668470400000,8.441768689202643,57981256.42239432,2022-11-15
565,1668556800000,9.071048872649746,62663436.86521813,2022-11-16
566,1668643200000,8.82629140966835,60799675.09604308,2022-11-17
567,1668729600000,9.550534187087496,66255305.22143585,2022-11-18
568,1668816000000,9.0044203673488,62535477.84909525,2022-11-19
569,1668902400000,8.976888447386186,62172328.753637224,2022-11-20
