,Time,open,mktcap,Date
0,1635897600000,2.8682258432575964,0.0,2021-11-03
1,1635984000000,2.8682258432575964,0.0,2021-11-04
2,1636070400000,2.819389616807186,0.0,2021-11-05
3,1636156800000,6.034553121695883,246359769.89404908,2021-11-06
4,1636243200000,8.32194542167804,356957611.1969193,2021-11-07
5,1636329600000,6.900189896270742,287282603.8516765,2021-11-08
6,1636416000000,6.443221892725648,287797688.8139379,2021-11-09
7,1636502400000,5.126041338658121,215233763.57997176,2021-11-10
8,1636588800000,5.910497925902633,250477963.30000675,2021-11-11
9,1636675200000,6.64119799156508,283568082.9739394,2021-11-12
10,1636761600000,6.499079618618099,278757816.2794286,2021-11-13
11,1636848000000,7.028672282051089,299499106.34318066,2021-11-14
12,1636934400000,6.8271945182828135,290584190.9841654,2021-11-15
13,1637020800000,7.035368588272842,299983978.52438384,2021-11-16
14,1637107200000,5.867450919833519,249906469.57754925,2021-11-17
15,1637193600000,8.801285834148096,347578748.6986599,2021-11-18
16,1637280000000,7.541971862266181,320616526.8609358,2021-11-19
17,1637366400000,8.323305587315904,353471075.0203527,2021-11-20
18,1637452800000,9.545949481289412,407943739.8893918,2021-11-21
19,1637539200000,9.340440969040559,397454809.32438755,2021-11-22
20,1637625600000,8.137403491756734,346686404.5796575,2021-11-23
21,1637712000000,9.147985168036453,389135759.5944582,2021-11-24
22,1637798400000,9.926839114979908,422784284.0382969,2021-11-25
23,1637884800000,10.699313802005033,455943795.92655057,2021-11-26
24,1637971200000,8.931148625630096,382536331.17745006,2021-11-27
25,1638057600000,8.857201351163322,378086119.6938641,2021-11-28
26,1638144000000,9.859723361596814,420462946.3144635,2021-11-29
27,1638230400000,9.950825828016324,424030811.9112556,2021-11-30
28,1638316800000,10.60169114866914,448198458.02212375,2021-12-01
29,1638403200000,10.433306830684156,443473851.9651219,2021-12-02
30,1638489600000,9.2586479135713,394388821.4843564,2021-12-03
31,1638576000000,8.608553575925578,368686384.0726428,2021-12-04
32,1638662400000,7.3829345725614965,317185880.3550467,2021-12-05
33,1638748800000,6.221495612721553,264974199.56906876,2021-12-06
34,1638835200000,6.095981687888508,259429066.28090832,2021-12-07
35,1638921600000,5.453078113065729,231922796.77677667,2021-12-08
36,1639008000000,5.574195713513682,237453587.01338056,2021-12-09
37,1639094400000,5.239606254945501,223746053.9971021,2021-12-10
38,1639180800000,4.604696912899806,196123250.91422853,2021-12-11
39,1639267200000,4.827539720044281,205189636.02174374,2021-12-12
40,1639353600000,5.1294844232961205,219732441.4728005,2021-12-13
41,1639440000000,4.20463602698488,178309735.77264753,2021-12-14
42,1639526400000,4.48693881106568,190661498.54834643,2021-12-15
43,1639612800000,5.042304094974106,214172879.54773638,2021-12-16
44,1639699200000,5.086442153145623,216111897.65069655,2021-12-17
45,1639785600000,4.7877195471625305,204080286.7342083,2021-12-18
46,1639872000000,5.29259618432367,226447576.7932044,2021-12-19
47,1639958400000,5.932243498410016,253115309.9339796,2021-12-20
48,1640044800000,5.8642255703964,249151433.56623077,2021-12-21
49,1640131200000,6.822982798503009,289662700.3615801,2021-12-22
50,1640217600000,6.625394431149157,282276615.13950855,2021-12-23
51,1640304000000,6.976481943629091,296999475.41530156,2021-12-24
52,1640390400000,6.902767892686471,292808674.89909446,2021-12-25
53,1640476800000,6.643456673601284,283162340.6083548,2021-12-26
54,1640563200000,6.313651501919935,269364916.9588248,2021-12-27
55,1640649600000,5.912229659092451,251991490.18974522,2021-12-28
56,1640736000000,5.226492998508728,221759801.6424291,2021-12-29
57,1640822400000,4.7886512995676105,203579951.8920213,2021-12-30
58,1640908800000,5.0891908914443915,216995380.91888812,2021-12-31
59,1640995200000,4.85735854879861,208244817.9179198,2022-01-01
60,1641081600000,5.007546195272961,212507249.8759144,2022-01-02
61,1641168000000,5.243174904013955,222789213.9735393,2022-01-03
62,1641254400000,5.483818301010557,234219916.5691805,2022-01-04
63,1641340800000,5.079646665945882,217164488.93332523,2022-01-05
64,1641427200000,4.493150959030347,192871913.37754053,2022-01-06
65,1641513600000,4.546641445583808,193815880.41010964,2022-01-07
66,1641600000000,3.9482703042312575,168386414.79689628,2022-01-08
67,1641686400000,3.7940336197681024,324558635.82003796,2022-01-09
68,1641772800000,3.8427376323282827,330197997.39718574,2022-01-10
69,1641859200000,3.582624802617862,308364017.80916494,2022-01-11
70,1641945600000,3.775837336963141,327303365.9003517,2022-01-12
71,1642032000000,4.2728447053990894,277320655.64403546,2022-01-13
72,1642118400000,4.102527895466979,267255495.13921347,2022-01-14
73,1642204800000,3.966413549225652,259859509.08066356,2022-01-15
74,1642291200000,4.003904436568399,263003859.1943726,2022-01-16
75,1642377600000,3.9094074084609822,258522259.4886504,2022-01-17
76,1642464000000,3.577767883845074,238604827.5334831,2022-01-18
77,1642550400000,3.503082600132752,232338266.65331948,2022-01-19
78,1642636800000,3.230752245618625,216661004.46711624,2022-01-20
79,1642723200000,3.0899511725858044,208197086.6629288,2022-01-21
80,1642809600000,2.4115021876820912,192454049.6476256,2022-01-22
81,1642896000000,2.1621665350650043,172519093.144874,2022-01-23
82,1642982400000,2.2380394939532047,179277419.17430297,2022-01-24
83,1643068800000,2.1404694496008014,171275701.7268247,2022-01-25
84,1643155200000,2.2350987094619668,179475735.26424494,2022-01-26
85,1643241600000,2.131244228228437,171161744.43068033,2022-01-27
86,1643328000000,2.1214971597339085,170065652.24686524,2022-01-28
87,1643414400000,2.469789769125591,198446585.34198183,2022-01-29
88,1643500800000,2.519136663304833,173633304.54705685,2022-01-30
89,1643587200000,2.415778609774955,166563786.51684442,2022-01-31
90,1643673600000,2.5140768792323605,172160306.89344627,2022-02-01
91,1643760000000,2.4262688486316044,164649908.3832992,2022-02-02
92,1643846400000,2.1537574228126837,147040141.65769267,2022-02-03
93,1643932800000,2.2006024394124832,149471185.96215194,2022-02-04
94,1644019200000,2.4359810884068223,164666019.82675973,2022-02-05
95,1644105600000,2.47281036664488,169424624.81224263,2022-02-06
96,1644192000000,2.8589411619254244,195675122.75736225,2022-02-07
97,1644278400000,2.9994934529982693,208682306.475023,2022-02-08
98,1644364800000,2.9415678414379838,200000702.01024336,2022-02-09
99,1644451200000,3.1948507441438516,216802711.3829287,2022-02-10
100,1644537600000,2.9344416586629203,200373492.53498352,2022-02-11
101,1644624000000,2.67093897194885,182541596.64067557,2022-02-12
102,1644710400000,2.643841901965386,180865841.3319118,2022-02-13
103,1644796800000,2.6370938044532664,180998649.62254432,2022-02-14
104,1644883200000,2.7376153688287337,177626880.36947545,2022-02-15
105,1644969600000,3.0315078438227108,197522071.7140145,2022-02-16
106,1645056000000,3.0503443953862828,199883579.01864052,2022-02-17
107,1645142400000,2.7507451880094056,180542321.0979085,2022-02-18
108,1645228800000,2.6075519807108836,171804917.8374277,2022-02-19
109,1645315200000,2.553765122328552,168104132.06306252,2022-02-20
110,1645401600000,2.361544640338529,157224416.92155805,2022-02-21
111,1645488000000,2.2946492842969524,151711536.0356541,2022-02-22
112,1645574400000,2.365893977694063,156743454.43337438,2022-02-23
113,1645660800000,2.2652346643691144,148263767.0562994,2022-02-24
114,1645747200000,2.0847050978718027,136772664.0337292,2022-02-25
115,1645833600000,2.26001435191302,147767399.39192432,2022-02-26
116,1645920000000,2.246220842680119,147021849.90857473,2022-02-27
117,1646006400000,2.138812675424205,140693545.43154725,2022-02-28
118,1646092800000,2.4123391669707286,158947602.36474243,2022-03-01
119,1646179200000,2.4044479793581894,158646342.47132552,2022-03-02
120,1646265600000,2.3983315983217106,158513034.44320905,2022-03-03
121,1646352000000,2.318179122672912,153725802.988339,2022-03-04
122,1646438400000,2.117117168333497,141012864.55445823,2022-03-05
123,1646524800000,2.1685437619105885,144228942.56178197,2022-03-06
124,1646611200000,2.0850260595597843,138990085.0519689,2022-03-07
125,1646697600000,1.9932947303793216,136611332.3977683,2022-03-08
126,1646784000000,2.022530188971085,138377455.419635,2022-03-09
127,1646870400000,2.048074808390768,140584766.77005434,2022-03-10
128,1646956800000,1.9720966609727943,135720895.2737736,2022-03-11
129,1647043200000,1.9524577440729332,134765129.5229147,2022-03-12
130,1647129600000,1.972862357218061,136194751.55711406,2022-03-13
131,1647216000000,1.8841710324324816,130162051.02040981,2022-03-14
132,1647302400000,1.9276967391839643,134404181.76537308,2022-03-15
133,1647388800000,1.9327053510523755,135670314.56831238,2022-03-16
134,1647475200000,2.1380535889372134,150810407.07275984,2022-03-17
135,1647561600000,2.1192088019436035,148906639.45123526,2022-03-18
136,1647648000000,2.2841887374907115,161433979.63934845,2022-03-19
137,1647734400000,2.318587946093508,164242874.06106648,2022-03-20
138,1647820800000,2.2350324325062103,159027362.63333967,2022-03-21
139,1647907200000,2.2439636120721773,160104717.71276796,2022-03-22
140,1647993600000,2.2580144935059923,161939765.5011123,2022-03-23
141,1648080000000,2.305236646868484,148213790.44495994,2022-03-24
142,1648166400000,2.5508212082390864,184039071.6696367,2022-03-25
143,1648252800000,2.4922282150530872,180691641.84248483,2022-03-26
144,1648339200000,2.4812947782426353,179154078.7748704,2022-03-27
145,1648425600000,2.627104547949323,190182045.61530834,2022-03-28
146,1648512000000,2.6306217516097288,191261693.00582725,2022-03-29
147,1648598400000,2.736765698101611,197348003.49673086,2022-03-30
148,1648684800000,2.7464126962755504,197700032.3896914,2022-03-31
149,1648771200000,2.672600757799266,191746703.37061715,2022-04-01
150,1648857600000,2.8605416885456525,288462806.5063625,2022-04-02
151,1648944000000,2.9068106528890825,294517114.07344997,2022-04-03
152,1649030400000,2.927583521715688,295763509.4240033,2022-04-04
153,1649116800000,2.817463178473766,284439564.19836485,2022-04-05
154,1649203200000,2.6911821865989465,271776168.90107304,2022-04-06
155,1649289600000,2.3959908131730936,241515255.5065956,2022-04-07
156,1649376000000,2.399145379448676,241235218.14340886,2022-04-08
157,1649462400000,2.247904739118102,225602958.06722695,2022-04-09
158,1649548800000,2.2285500541781014,223435279.6761195,2022-04-10
159,1649635200000,2.267789171465749,230849585.6214114,2022-04-11
160,1649721600000,2.033203749952866,207230503.8477199,2022-04-12
161,1649808000000,2.0810245644151464,211333477.73452175,2022-04-13
162,1649894400000,2.31915029347458,235255935.0216213,2022-04-14
163,1649980800000,2.1570115378418437,218523754.32550487,2022-04-15
164,1650067200000,2.1503781550026337,217540092.7000458,2022-04-16
165,1650153600000,2.2056006273289634,222996145.7075667,2022-04-17
166,1650240000000,2.0973872260647384,210986159.56828815,2022-04-18
167,1650326400000,2.1106926543567472,212458912.72289535,2022-04-19
168,1650412800000,2.1519205600850317,216146222.39923552,2022-04-20
169,1650499200000,2.122472788799709,213996746.32644355,2022-04-21
170,1650585600000,2.0118765328600863,202650394.58973595,2022-04-22
171,1650672000000,2.0065205763060265,202099988.25958565,2022-04-23
172,1650758400000,2.0191333812968684,202712349.1659934,2022-04-24
173,1650844800000,1.9779762581688416,198778808.00909787,2022-04-25
174,1650931200000,1.9670208588660416,197907644.4457538,2022-04-26
175,1651017600000,1.7869368779683525,179369179.34948137,2022-04-27
176,1651104000000,1.8550360502339371,186793541.11179897,2022-04-28
177,1651190400000,1.894333984623075,190212777.24201798,2022-04-29
178,1651276800000,1.7738517654538994,178846687.19899878,2022-04-30
179,1651363200000,1.6743256889417653,168008030.6989608,2022-05-01
180,1651449600000,1.6931689966925807,171161031.34197855,2022-05-02
181,1651536000000,1.693193735185376,183923498.21042192,2022-05-03
182,1651622400000,1.6250718671707558,176381754.91532683,2022-05-04
183,1651708800000,1.7249920953343532,186417855.69622865,2022-05-05
184,1651795200000,1.5565561845756035,168297197.5398551,2022-05-06
185,1651881600000,1.6255875273325133,174916786.9107051,2022-05-07
186,1651968000000,1.6029175995426532,172147903.4621496,2022-05-08
187,1652054400000,1.4967561619526135,160475255.812639,2022-05-09
188,1652140800000,1.2825310607672262,138708840.38577074,2022-05-10
189,1652227200000,1.3432475368433103,143999896.28463697,2022-05-11
190,1652313600000,1.1442497694638394,122899243.71680874,2022-05-12
191,1652400000000,1.0119150391261929,108355448.77125499,2022-05-13
192,1652486400000,1.0282881058803253,111927422.44627334,2022-05-14
193,1652572800000,1.0556072737030107,112491265.64958604,2022-05-15
194,1652659200000,1.1112056338464327,118938876.89533958,2022-05-16
195,1652745600000,1.062681462457667,114124928.75422692,2022-05-17
196,1652832000000,1.1192202094381982,119601824.0999839,2022-05-18
197,1652918400000,1.0132482639960159,119107572.47252998,2022-05-19
198,1653004800000,1.0745680310948729,126099745.11241372,2022-05-20
199,1653091200000,1.0379515805589812,121954232.37942617,2022-05-21
200,1653177600000,1.0831887079124936,125812918.14868036,2022-05-22
201,1653264000000,1.1346349654224714,131748287.82397829,2022-05-23
202,1653350400000,1.0747573908826398,124742281.05322264,2022-05-24
203,1653436800000,1.0983897539020755,114538059.00038522,2022-05-25
204,1653523200000,1.0899884834820215,114048391.69059946,2022-05-26
205,1653609600000,1.0189177852602054,106753568.10359153,2022-05-27
206,1653696000000,0.9819035438653024,104797313.59718478,2022-05-28
207,1653782400000,1.0038373149379223,106387910.55863705,2022-05-29
208,1653868800000,1.0245478166354627,108626806.51536848,2022-05-30
209,1653955200000,1.1181605607283343,119416127.12148221,2022-05-31
210,1654041600000,1.073009984331866,114678973.2755678,2022-06-01
211,1654128000000,1.0048552155838617,107274826.63000266,2022-06-02
212,1654214400000,1.014440370409307,107879456.63812242,2022-06-03
213,1654300800000,0.9823487603880041,123233052.1502757,2022-06-04
214,1654387200000,0.9961259057583614,125223020.8265309,2022-06-05
215,1654473600000,1.0421633199649798,131466983.87658572,2022-06-06
216,1654560000000,1.2058282178932163,151793493.57423022,2022-06-07
217,1654646400000,1.1291594481004994,142656505.82231203,2022-06-08
218,1654732800000,1.115719558051828,141944196.37679192,2022-06-09
219,1654819200000,1.1202950071831321,141370314.1071122,2022-06-10
220,1654905600000,1.0260941241361023,129238540.08560771,2022-06-11
221,1654992000000,0.9659470015838589,121492721.03154597,2022-06-12
222,1655078400000,0.9187258107722077,116839521.6768728,2022-06-13
223,1655164800000,0.7857933209777649,98815840.47183505,2022-06-14
224,1655251200000,0.7910723981393144,100371691.84891951,2022-06-15
225,1655337600000,0.8066693597095184,102423478.40157376,2022-06-16
226,1655424000000,0.7036688877996693,90005362.94726737,2022-06-17
227,1655510400000,0.7245154640837544,93026975.95181294,2022-06-18
228,1655596800000,0.6542814347316123,83953062.44978955,2022-06-19
229,1655683200000,0.7287698539402946,93471782.01382574,2022-06-20
230,1655769600000,0.7277528958325615,93437488.87494004,2022-06-21
231,1655856000000,0.7389417311334586,95450579.36540434,2022-06-22
232,1655942400000,0.7062864794534531,91449557.67318502,2022-06-23
233,1656028800000,0.7558152796133183,97920177.95575967,2022-06-24
234,1656115200000,0.8279668868729594,107950269.01956676,2022-06-25
235,1656201600000,0.8135443374270032,106014228.04797238,2022-06-26
236,1656288000000,0.7851062044437365,109065921.40650316,2022-06-27
237,1656374400000,0.8025749334154474,106607006.90648374,2022-06-28
238,1656460800000,0.745983706481561,99150041.09205122,2022-06-29
239,1656547200000,0.7126395016839265,95449680.02874552,2022-06-30
240,1656633600000,0.6761654128061265,89396519.32160643,2022-07-01
241,1656720000000,0.6952596489927768,94006455.1287947,2022-07-02
242,1656806400000,0.6953312685905559,93577203.67483197,2022-07-03
243,1656892800000,0.6960951340611938,93842419.82781982,2022-07-04
244,1656979200000,0.832598766480025,113463108.41087407,2022-07-05
245,1657065600000,0.7659759115357491,103144985.06671868,2022-07-06
246,1657152000000,0.7915050843028194,106771214.90446256,2022-07-07
247,1657238400000,0.8177498768423768,110296880.53606896,2022-07-08
248,1657324800000,0.7943471219894672,107716949.11794655,2022-07-09
249,1657411200000,0.7946004113834361,107189164.80833557,2022-07-10
250,1657497600000,0.746424375781382,100568346.63155344,2022-07-11
251,1657584000000,0.6981890633854373,94176264.21119426,2022-07-12
252,1657670400000,0.6769346810570115,91779527.28334466,2022-07-13
253,1657756800000,0.7327979696797579,98509245.44969445,2022-07-14
254,1657843200000,0.7636130215833147,102914844.97048306,2022-07-15
255,1657929600000,0.8825068367789235,119072623.84035756,2022-07-16
256,1658016000000,0.9000391402224698,121403754.35475333,2022-07-17
257,1658102400000,0.8737428533442644,121424491.43091194,2022-07-18
258,1658188800000,0.9296917676416591,128822860.29426384,2022-07-19
259,1658275200000,0.9447127464142591,132139866.36404255,2022-07-20
260,1658361600000,0.902620763925329,127012090.16815649,2022-07-21
261,1658448000000,0.9200637571668103,129434849.41954768,2022-07-22
262,1658534400000,0.8852651080041967,124644427.45681466,2022-07-23
263,1658620800000,0.8869844784919995,124863287.44184831,2022-07-24
264,1658707200000,0.8821299685583223,125140688.33109714,2022-07-25
265,1658793600000,0.8238454356582178,116348951.91187084,2022-07-26
266,1658880000000,0.8045841042439421,113868537.62691395,2022-07-27
267,1658966400000,0.8772057889261429,124602559.51193067,2022-07-28
268,1659052800000,0.8731469265672146,124138818.15664952,2022-07-29
269,1659139200000,0.9121581905776545,244420783.1661125,2022-07-30
270,1659225600000,0.8986624407750946,240192444.80734167,2022-07-31
271,1659312000000,0.9041441275922348,241421781.0577949,2022-08-01
272,1659398400000,0.8951907809522401,238197287.65946046,2022-08-02
273,1659484800000,0.8903858015835744,237959245.40936798,2022-08-03
274,1659571200000,0.8841101250272392,236156271.3765486,2022-08-04
275,1659657600000,0.8873893616042388,237531812.52529663,2022-08-05
276,1659744000000,0.925723408789135,248971830.59144676,2022-08-06
277,1659830400000,0.901589512238281,243122324.14657253,2022-08-07
278,1659916800000,0.8961675525283992,241408441.36640337,2022-08-08
279,1660003200000,0.9533053259161944,261032429.6296801,2022-08-09
280,1660089600000,0.9149280408672187,250512900.19334584,2022-08-10
281,1660176000000,0.9402912536036263,257637997.72981995,2022-08-11
282,1660262400000,0.9400336273031575,257640344.3642153,2022-08-12
283,1660348800000,0.9827181551409865,270254646.8609732,2022-08-13
284,1660435200000,0.9948777480507048,274741705.92471606,2022-08-14
285,1660521600000,0.9553662413209817,263624961.68829006,2022-08-15
286,1660608000000,0.9407559536545667,259257558.08548608,2022-08-16
287,1660694400000,0.941746620475587,259383860.55586025,2022-08-17
288,1660780800000,0.9063089305762037,249749052.11156684,2022-08-18
289,1660867200000,0.8965895886381428,247616607.09656346,2022-08-19
290,1660953600000,0.7866950263827082,218235957.93705478,2022-08-20
291,1661040000000,0.7791664127206883,214807810.44820958,2022-08-21
292,1661126400000,0.8007649150906458,221936377.30597657,2022-08-22
293,1661212800000,0.7860596296812031,216937424.49582082,2022-08-23
294,1661299200000,0.809890495059912,223484165.345906,2022-08-24
295,1661385600000,0.8004783515708621,221359361.028971,2022-08-25
296,1661472000000,0.8076924571758234,223829645.21723297,2022-08-26
297,1661558400000,0.7177817213880289,199077541.75750795,2022-08-27
298,1661644800000,0.7093270333435724,196731049.71756363,2022-08-28
299,1661731200000,0.6881960742435975,191746943.85299277,2022-08-29
300,1661817600000,0.7429626601388373,206221033.58661103,2022-08-30
301,1661904000000,0.7082421161248146,197642795.2245236,2022-08-31
302,1661990400000,0.7096681510367001,197406457.16283622,2022-09-01
303,1662076800000,0.7205939477003735,200702488.86653388,2022-09-02
304,1662163200000,0.708170147306779,198999410.5100661,2022-09-03
305,1662249600000,0.7063711591429359,198834365.83518317,2022-09-04
306,1662336000000,0.7170237558685657,201728666.47031608,2022-09-05
307,1662422400000,0.7298981016329645,204968137.6955539,2022-09-06
308,1662508800000,0.6928819469063737,195427671.82003012,2022-09-07
309,1662595200000,0.7191958114609054,203355552.17654946,2022-09-08
310,1662681600000,0.7036457781577172,198805707.14763504,2022-09-09
311,1662768000000,0.7486782326366676,211531007.93386385,2022-09-10
312,1662854400000,0.7668682071342272,216999633.90755087,2022-09-11
313,1662940800000,0.7629808536590025,215729993.23174483,2022-09-12
314,1663027200000,0.7453201767147325,211106978.25836605,2022-09-13
315,1663113600000,0.6968314520521232,197517726.10812047,2022-09-14
316,1663200000000,0.714786102568951,202712319.74733344,2022-09-15
317,1663286400000,0.6685294981051898,190092549.81970754,2022-09-16
318,1663372800000,0.6574438987663366,186897578.96078566,2022-09-17
319,1663459200000,0.6819689931075054,193848308.34110415,2022-09-18
320,1663545600000,0.6375627454327056,181328339.78075016,2022-09-19
321,1663632000000,0.6532216902535216,185443720.39882195,2022-09-20
322,1663718400000,0.629812420438019,179053632.18876615,2022-09-21
323,1663804800000,0.6078250971981837,172962921.78628242,2022-09-22
324,1663891200000,0.6452019938791467,183345121.97881523,2022-09-23
325,1663977600000,0.6517931210438209,185083965.37445116,2022-09-24
326,1664064000000,0.6454098902426336,183568676.74477184,2022-09-25
327,1664150400000,0.6323910286297342,179990590.79403535,2022-09-26
328,1664236800000,0.6482070512261008,184612230.30421722,2022-09-27
329,1664323200000,0.6441531388840667,183985104.48058644,2022-09-28
330,1664409600000,0.6541191928789512,186969070.21225637,2022-09-29
331,1664496000000,0.671178296552092,191985221.3815705,2022-09-30
332,1664582400000,0.672824669546043,195474964.63837913,2022-10-01
333,1664668800000,0.6609499305104604,192163010.7374247,2022-10-02
334,1664755200000,0.6489556346983347,188752092.71586734,2022-10-03
335,1664841600000,0.6602357203224768,191805936.1007649,2022-10-04
336,1664928000000,0.6765692678088968,196723011.93386543,2022-10-05
337,1665014400000,0.664729052715939,193436651.0685053,2022-10-06
338,1665100800000,0.6636350604350321,193354410.99500787,2022-10-07
339,1665187200000,0.6581793521548142,191037688.3453735,2022-10-08
340,1665273600000,0.6510409346934577,190209402.00788912,2022-10-09
341,1665360000000,0.6422237348877025,187439392.80339742,2022-10-10
342,1665446400000,0.6228713797602903,182041232.22578612,2022-10-11
343,1665532800000,0.6140101616861012,179457067.87381202,2022-10-12
344,1665619200000,0.6200035308366791,181370525.31088123,2022-10-13
345,1665705600000,0.6202009941281538,181516858.44374803,2022-10-14
346,1665792000000,0.622302438969529,182356634.0186199,2022-10-15
347,1665878400000,0.6309281325125139,184798564.12704656,2022-10-16
348,1665964800000,0.6460570314011621,189695668.1323907,2022-10-17
349,1666051200000,0.644306684175338,189271206.12954032,2022-10-18
350,1666137600000,0.6318922498863944,185908212.01599473,2022-10-19
351,1666224000000,0.6028870805435874,177434544.9840852,2022-10-20
352,1666310400000,0.606238375164655,178266652.07130805,2022-10-21
353,1666396800000,0.6160414501669569,181244465.55184597,2022-10-22
354,1666483200000,0.6288134165495441,184996807.82395348,2022-10-23
355,1666569600000,0.6427626170100488,189222442.23933527,2022-10-24
356,1666656000000,0.717901631380884,210663240.58138353,2022-10-25
357,1666742400000,0.7142244398697337,210067476.78550828,2022-10-26
358,1666828800000,0.7662186268220479,226014258.02165174,2022-10-27
359,1666915200000,0.7286553471556487,214223780.7729131,2022-10-28
360,1667001600000,0.7357679795805817,216426753.02995154,2022-10-29
361,1667088000000,0.7319253776123537,215382122.9655887,2022-10-30
362,1667174400000,0.7181078029437428,211295603.92905697,2022-10-31
363,1667260800000,0.7169642124854954,210949567.4651159,2022-11-01
364,1667347200000,0.7213403515718952,212065221.1926732,2022-11-02
365,1667433600000,0.6922648831247732,203698528.08337083,2022-11-03
366,1667520000000,0.7151564089489725,210159423.27291125,2022-11-04
367,1667606400000,0.7540649608329276,227127348.2447013,2022-11-05
368,1667692800000,0.7458011097439369,224806733.14071384,2022-11-06
369,1667779200000,0.695078219442868,209840307.8370944,2022-11-07
370,1667865600000,0.6725755888262851,204009511.0459777,2022-11-08
371,1667952000000,0.5693660211500609,173879788.4262501,2022-11-09
372,1668038400000,0.44507686384406653,134874233.95597696,2022-11-10
373,1668124800000,0.5004856940988498,153102674.17838517,2022-11-11
374,1668211200000,0.47076672262165564,144678465.79679108,2022-11-12
375,1668297600000,0.4530529531424804,139983194.54009745,2022-11-13
376,1668384000000,0.4505006943926149,139157301.10389495,2022-11-14
377,1668470400000,0.44644824566553004,138040948.8722368,2022-11-15
378,1668556800000,0.44342099429399195,137976338.32156152,2022-11-16
379,1668643200000,0.444212059169634,138421121.84024033,2022-11-17
380,1668729600000,0.43811349607807637,136878116.22324628,2022-11-18
381,1668816000000,0.42094294829341955,131677987.69739486,2022-11-19
382,1668902400000,0.42499987000474293,133151560.09873423,2022-11-20
