,Time,open,mktcap,Date
0,1621296000000,8.028479393738465,0.0,2021-05-18
1,1621382400000,8.028479393738465,0.0,2021-05-19
2,1621468800000,6.447166130023933,0.0,2021-05-20
3,1621555200000,5.720031614191761,0.0,2021-05-21
4,1621641600000,5.017440472351416,0.0,2021-05-22
5,1621728000000,5.112741475236087,0.0,2021-05-23
6,1621814400000,4.030834089146497,0.0,2021-05-24
7,1621900800000,4.815386697327471,0.0,2021-05-25
8,1621987200000,4.634793198908706,0.0,2021-05-26
9,1622073600000,5.177974905710322,0.0,2021-05-27
10,1622160000000,5.354825593482161,0.0,2021-05-28
11,1622246400000,4.778116765919378,0.0,2021-05-29
12,1622332800000,5.21798177219525,0.0,2021-05-30
13,1622419200000,5.514240792743145,0.0,2021-05-31
14,1622505600000,5.682265259508467,0.0,2021-06-01
15,1622592000000,4.945258253951904,0.0,2021-06-02
16,1622678400000,5.799626690975818,0.0,2021-06-03
17,1622764800000,5.249546297128136,0.0,2021-06-04
18,1622851200000,5.263295877090835,0.0,2021-06-05
19,1622937600000,5.429564744671065,0.0,2021-06-06
20,1623024000000,5.314856353726069,0.0,2021-06-07
21,1623110400000,5.090528812383673,0.0,2021-06-08
22,1623196800000,5.199249488824207,0.0,2021-06-09
23,1623283200000,5.399354242746511,0.0,2021-06-10
24,1623369600000,5.062976370798579,0.0,2021-06-11
25,1623456000000,5.1315340763718655,0.0,2021-06-12
26,1623542400000,4.766362914142577,0.0,2021-06-13
27,1623628800000,4.947331882116131,0.0,2021-06-14
28,1623715200000,4.970869347636984,0.0,2021-06-15
29,1623801600000,4.918528548775219,0.0,2021-06-16
30,1623888000000,4.756273318032624,0.0,2021-06-17
31,1623974400000,5.556968510710456,0.0,2021-06-18
32,1624060800000,5.46332613453971,0.0,2021-06-19
33,1624147200000,7.347548321912224,0.0,2021-06-20
34,1624233600000,6.808298812685661,0.0,2021-06-21
35,1624320000000,5.2493210104809815,0.0,2021-06-22
36,1624406400000,5.212751617377854,0.0,2021-06-23
37,1624492800000,5.459408070017904,0.0,2021-06-24
38,1624579200000,5.287198565570437,0.0,2021-06-25
39,1624665600000,4.871875444428693,0.0,2021-06-26
40,1624752000000,4.8155405458969085,0.0,2021-06-27
41,1624838400000,4.947889621108855,0.0,2021-06-28
42,1624924800000,6.311152225885612,0.0,2021-06-29
43,1625011200000,5.8129130367851625,0.0,2021-06-30
44,1625097600000,5.978951711288793,0.0,2021-07-01
45,1625184000000,6.433534518828777,0.0,2021-07-02
46,1625270400000,6.427411063287422,0.0,2021-07-03
47,1625356800000,6.731452214821083,0.0,2021-07-04
48,1625443200000,7.09561165299987,0.0,2021-07-05
49,1625529600000,6.994179259670444,0.0,2021-07-06
50,1625616000000,7.374569819962097,0.0,2021-07-07
51,1625702400000,7.069444648090032,0.0,2021-07-08
52,1625788800000,7.1031062024763045,0.0,2021-07-09
53,1625875200000,7.24725956414796,0.0,2021-07-10
54,1625961600000,7.088433899516137,0.0,2021-07-11
55,1626048000000,7.203285463514489,0.0,2021-07-12
56,1626134400000,6.993220102457555,0.0,2021-07-13
57,1626220800000,6.710362700120314,0.0,2021-07-14
58,1626307200000,5.877191511863003,0.0,2021-07-15
59,1626393600000,5.7213557856452,0.0,2021-07-16
60,1626480000000,5.364748694922752,0.0,2021-07-17
61,1626566400000,5.253465887444961,0.0,2021-07-18
62,1626652800000,5.212786530956581,0.0,2021-07-19
63,1626739200000,5.555240680694883,0.0,2021-07-20
64,1626825600000,5.187831187318109,0.0,2021-07-21
65,1626912000000,5.352924443479959,0.0,2021-07-22
66,1626998400000,5.913427760022588,0.0,2021-07-23
67,1627084800000,5.746007615460504,0.0,2021-07-24
68,1627171200000,5.314794642491849,0.0,2021-07-25
69,1627257600000,5.185617087339476,0.0,2021-07-26
70,1627344000000,5.067129609041015,0.0,2021-07-27
71,1627430400000,5.121568977172224,0.0,2021-07-28
72,1627516800000,4.991119501260779,0.0,2021-07-29
73,1627603200000,4.942003566945868,0.0,2021-07-30
74,1627689600000,5.100660446649077,0.0,2021-07-31
75,1627776000000,5.095718264774813,0.0,2021-08-01
76,1627862400000,4.933147024600896,0.0,2021-08-02
77,1627948800000,5.0532896992165,0.0,2021-08-03
78,1628035200000,5.011694516148889,0.0,2021-08-04
79,1628121600000,4.954895040589905,0.0,2021-08-05
80,1628208000000,5.106704886169328,0.0,2021-08-06
81,1628294400000,5.387694061097642,0.0,2021-08-07
82,1628380800000,5.524926110469419,0.0,2021-08-08
83,1628467200000,5.499068314902842,0.0,2021-08-09
84,1628553600000,6.339548500454039,0.0,2021-08-10
85,1628640000000,6.127744334767966,0.0,2021-08-11
86,1628726400000,6.244848388670192,0.0,2021-08-12
87,1628812800000,5.777528962299311,0.0,2021-08-13
88,1628899200000,4.966063557929395,0.0,2021-08-14
89,1628985600000,4.510514580823584,0.0,2021-08-15
90,1629072000000,4.277104537359684,0.0,2021-08-16
91,1629158400000,4.147726332792228,0.0,2021-08-17
92,1629244800000,4.1040278385744635,0.0,2021-08-18
93,1629331200000,3.9896718916846647,0.0,2021-08-19
94,1629417600000,4.755541639514349,0.0,2021-08-20
95,1629504000000,5.2004275730784215,0.0,2021-08-21
96,1629590400000,7.257778734403486,0.0,2021-08-22
97,1629676800000,11.186855410971969,0.0,2021-08-23
98,1629763200000,11.207608798854523,12355654.343006631,2021-08-24
99,1629849600000,10.871575894956901,12064240.01933156,2021-08-25
100,1629936000000,12.45207629641504,13747209.504404824,2021-08-26
101,1630022400000,14.212683278769076,15680170.38361743,2021-08-27
102,1630108800000,16.53361671872541,18220328.627898175,2021-08-28
103,1630195200000,16.16878723350903,17907987.467329487,2021-08-29
104,1630281600000,16.28616174839548,18219206.413229108,2021-08-30
105,1630368000000,14.76164183621113,16334852.957376871,2021-08-31
106,1630454400000,17.194095937951047,19019358.999150574,2021-09-01
107,1630540800000,20.926413486271997,23174183.586096108,2021-09-02
108,1630627200000,23.20620237656363,25681946.76654167,2021-09-03
109,1630713600000,28.07544301917788,31562138.720133517,2021-09-04
110,1630800000000,29.879316916864642,33305386.354813132,2021-09-05
111,1630886400000,34.29610329596573,38434788.43811643,2021-09-06
112,1630972800000,54.0969386989236,64817015.16642937,2021-09-07
113,1631059200000,48.15791838741791,59913479.35470422,2021-09-08
114,1631145600000,52.9423510030621,67457413.83299038,2021-09-09
115,1631232000000,63.57823765529322,80679534.18592249,2021-09-10
116,1631318400000,47.56590140262727,60234198.79035039,2021-09-11
117,1631404800000,46.97604245407995,58048469.029519804,2021-09-12
118,1631491200000,48.70201506072728,61740303.026368536,2021-09-13
119,1631577600000,41.790491376198574,53402392.749814495,2021-09-14
120,1631664000000,48.73364271424855,62673784.251916826,2021-09-15
121,1631750400000,44.69983514695471,58526383.05993292,2021-09-16
122,1631836800000,44.26869330372807,57107439.43978288,2021-09-17
123,1631923200000,44.685428343077064,57481843.657544434,2021-09-18
124,1632009600000,39.68383542015561,51180593.20820992,2021-09-19
125,1632096000000,45.55281333086111,58723585.8375862,2021-09-20
126,1632182400000,35.58066214756197,46119860.549563445,2021-09-21
127,1632268800000,31.223656393070062,40750735.617412835,2021-09-22
128,1632355200000,39.816237948301165,51167056.84048188,2021-09-23
129,1632441600000,45.061191657213804,58130534.761969596,2021-09-24
130,1632528000000,40.72585538203465,53165999.156299576,2021-09-25
131,1632614400000,38.18350482952268,49362047.33669997,2021-09-26
132,1632700800000,38.904082082734995,50151212.3871401,2021-09-27
133,1632787200000,38.354482628967006,49424331.76197332,2021-09-28
134,1632873600000,34.183706258671094,44417373.91588813,2021-09-29
135,1632960000000,33.323164614031555,42817583.75895892,2021-09-30
136,1633046400000,34.929405205054536,45152226.05633173,2021-10-01
137,1633132800000,48.86026738637808,63042590.39414511,2021-10-02
138,1633219200000,53.03464032460563,69089830.78175765,2021-10-03
139,1633305600000,58.48044736619049,76208781.61062378,2021-10-04
140,1633392000000,52.36644674970602,68374852.24938346,2021-10-05
141,1633478400000,53.25831920746297,69302189.85570982,2021-10-06
142,1633564800000,53.68296478748107,70149442.41186704,2021-10-07
143,1633651200000,58.14337067707495,76328211.06673951,2021-10-08
144,1633737600000,67.10997971126342,87350822.47175284,2021-10-09
145,1633824000000,65.46823898246394,85914042.68643269,2021-10-10
146,1633910400000,56.56418244128736,74176332.4380273,2021-10-11
147,1633996800000,54.19578697532624,71169987.70362034,2021-10-12
148,1634083200000,47.050439450946165,61403102.10450402,2021-10-13
149,1634169600000,46.436547866139826,61539022.070060626,2021-10-14
150,1634256000000,52.01437501411403,68605305.33282375,2021-10-15
151,1634342400000,47.79457475653682,63833275.24937485,2021-10-16
152,1634428800000,47.47875880354621,63420492.8332849,2021-10-17
153,1634515200000,46.45428466176918,61351836.58057434,2021-10-18
154,1634601600000,45.262949892460476,60188947.71329711,2021-10-19
155,1634688000000,43.91144288542197,58699845.96722989,2021-10-20
156,1634774400000,44.773287679198205,60279407.898099005,2021-10-21
157,1634860800000,51.284187343227586,68471671.21066366,2021-10-22
158,1634947200000,54.609488764504114,73120935.0683736,2021-10-23
159,1635033600000,63.159834600722235,84189079.85997866,2021-10-24
160,1635120000000,57.18568550111809,76586587.30944744,2021-10-25
161,1635206400000,63.086516869189076,83006471.2282621,2021-10-26
162,1635292800000,68.91135525875721,92989903.83059452,2021-10-27
163,1635379200000,65.48781839084342,88860208.00108592,2021-10-28
164,1635465600000,71.14082950858355,97035304.24944545,2021-10-29
165,1635552000000,71.916779194392,98526804.13715054,2021-10-30
166,1635638400000,61.828420322063685,85056379.09621505,2021-10-31
167,1635724800000,67.3539601535468,92735936.34672338,2021-11-01
168,1635811200000,63.158599507500156,87697476.82762389,2021-11-02
169,1635897600000,75.00380867353203,102184518.72795054,2021-11-03
170,1635984000000,69.44695096252337,96188134.17577478,2021-11-04
171,1636070400000,77.73316079331717,102750323.66195728,2021-11-05
172,1636156800000,74.79954574989286,104449808.92504437,2021-11-06
173,1636243200000,78.1438812664762,108893486.3867879,2021-11-07
174,1636329600000,98.91427014963618,140278340.55656353,2021-11-08
175,1636416000000,101.0440699201488,145944538.61470032,2021-11-09
176,1636502400000,100.79145913931326,145423187.72109905,2021-11-10
177,1636588800000,94.98931973485031,144199011.8153649,2021-11-11
178,1636675200000,105.7467802196945,152877807.77372673,2021-11-12
179,1636761600000,101.5927099305484,147998516.25517422,2021-11-13
180,1636848000000,72.05465699837796,104295668.06838794,2021-11-14
181,1636934400000,97.82350736477208,139718440.6250893,2021-11-15
182,1637020800000,86.95226237796909,125667720.44833323,2021-11-16
183,1637107200000,84.94312290130024,123377027.72742012,2021-11-17
184,1637193600000,102.90858293565839,147988622.73874664,2021-11-18
185,1637280000000,90.02645804690344,130811414.74325868,2021-11-19
186,1637366400000,94.12414485906272,133750209.6075579,2021-11-20
187,1637452800000,99.67596003299896,144170677.14452288,2021-11-21
188,1637539200000,93.84534483301664,136854495.84952173,2021-11-22
189,1637625600000,88.02088097264134,125029825.95381147,2021-11-23
190,1637712000000,97.79116533513591,142112068.7609387,2021-11-24
191,1637798400000,99.71563634678523,144117188.40261585,2021-11-25
192,1637884800000,115.51004194352555,164186620.35695013,2021-11-26
193,1637971200000,107.11706271221611,155579645.8783552,2021-11-27
194,1638057600000,104.68071635612661,152868147.67992583,2021-11-28
195,1638144000000,105.42858259191195,150211926.56048286,2021-11-29
196,1638230400000,101.62215459911305,147063219.2876731,2021-11-30
197,1638316800000,96.31323945133857,139402930.08870465,2021-12-01
198,1638403200000,90.53848320030345,130641811.67452474,2021-12-02
199,1638489600000,84.03839841512024,122633464.67905034,2021-12-03
200,1638576000000,81.65539147790564,118163740.91061942,2021-12-04
201,1638662400000,75.14517390942648,108753644.4708036,2021-12-05
202,1638748800000,70.2348949159742,103051579.69254439,2021-12-06
203,1638835200000,68.34783862767,98726812.78178957,2021-12-07
204,1638921600000,75.12002262602813,109094910.98625602,2021-12-08
205,1639008000000,82.06795234930792,118715448.44296034,2021-12-09
206,1639094400000,67.74129789641297,98235970.35891202,2021-12-10
207,1639180800000,64.31890382192645,92609227.44430189,2021-12-11
208,1639267200000,62.25351932886969,89911704.63509807,2021-12-12
209,1639353600000,69.35056121792502,100278892.8807,2021-12-13
210,1639440000000,55.974717786666766,80962187.49736413,2021-12-14
211,1639526400000,56.23010817101488,81427372.66822298,2021-12-15
212,1639612800000,65.1099128050026,94230810.87047331,2021-12-16
213,1639699200000,63.44655942628619,91965409.40061864,2021-12-17
214,1639785600000,62.64411420153865,90728176.10698588,2021-12-18
215,1639872000000,75.40278618077569,108931857.4893211,2021-12-19
216,1639958400000,71.90148992285238,104505418.54482734,2021-12-20
217,1640044800000,70.04841858211569,102765627.11722405,2021-12-21
218,1640131200000,73.55667315828883,106425679.69854456,2021-12-22
219,1640217600000,72.76674093771243,105396754.13226658,2021-12-23
220,1640304000000,79.24696509373841,114897539.03562169,2021-12-24
221,1640390400000,89.56274294444223,129426421.9033684,2021-12-25
222,1640476800000,114.01890436065236,165658110.53336227,2021-12-26
223,1640563200000,150.47916287299688,211871753.31298706,2021-12-27
224,1640649600000,164.2278798285125,233835201.71961176,2021-12-28
225,1640736000000,140.82741061562095,201116077.49804023,2021-12-29
226,1640822400000,178.51096409079798,259109274.710336,2021-12-30
227,1640908800000,258.36631727642447,374548833.71278757,2021-12-31
228,1640995200000,222.86777026457597,323560316.2035185,2022-01-01
229,1641081600000,209.2640484775612,308015806.80680174,2022-01-02
230,1641168000000,238.59781365315158,346537531.90422803,2022-01-03
231,1641254400000,212.5166249168486,307267304.21338564,2022-01-04
232,1641340800000,222.28919305176237,311669555.8920418,2022-01-05
233,1641427200000,204.14962730553026,430171931.9601753,2022-01-06
234,1641513600000,192.97395815768755,412958769.17566645,2022-01-07
235,1641600000000,170.84388223690436,364143677.20838064,2022-01-08
236,1641686400000,166.09560906763434,354897802.52982163,2022-01-09
237,1641772800000,196.71291605825456,419346156.7942149,2022-01-10
238,1641859200000,205.54265711932652,434989332.4497239,2022-01-11
239,1641945600000,197.0975671074066,420692779.4246159,2022-01-12
240,1642032000000,196.57808151023463,417972372.4275163,2022-01-13
241,1642118400000,211.2927202443119,452964921.7952691,2022-01-14
242,1642204800000,262.9552989661328,562659241.6483711,2022-01-15
243,1642291200000,285.9867049643318,602973117.8079338,2022-01-16
244,1642377600000,314.3045298527739,673755859.179894,2022-01-17
245,1642464000000,271.0584387592629,582453462.7428005,2022-01-18
246,1642550400000,288.87363138775197,618468335.7641304,2022-01-19
247,1642636800000,278.94163856125635,595928105.8428836,2022-01-20
248,1642723200000,250.8953786829764,540438481.8192321,2022-01-21
249,1642809600000,172.5329968578316,370110105.36598164,2022-01-22
250,1642896000000,143.69832900103526,309304355.9311102,2022-01-23
251,1642982400000,163.23405097612545,352974537.0441768,2022-01-24
252,1643068800000,144.9214577976606,312853555.4386359,2022-01-25
253,1643155200000,139.2396042749917,299547302.62059927,2022-01-26
254,1643241600000,141.38074110988833,304602582.0411627,2022-01-27
255,1643328000000,126.35620471841527,272342886.0328612,2022-01-28
256,1643414400000,132.4713271086909,285982928.5903887,2022-01-29
257,1643500800000,131.46104957626594,283367864.737501,2022-01-30
258,1643587200000,120.58637396228455,260371427.74465922,2022-01-31
259,1643673600000,112.46196828605814,242449110.2833865,2022-02-01
260,1643760000000,124.12412238662434,267055685.58928648,2022-02-02
261,1643846400000,112.55886166422071,242662368.34122708,2022-02-03
262,1643932800000,110.61109568304819,238895428.56599674,2022-02-04
263,1644019200000,131.23527861123026,280645258.31131864,2022-02-05
264,1644105600000,141.80907287969026,306253909.4566058,2022-02-06
265,1644192000000,143.20495371300962,309281614.7470841,2022-02-07
266,1644278400000,162.5519197313583,352135139.4785836,2022-02-08
267,1644364800000,150.36801308471433,324433492.61727023,2022-02-09
268,1644451200000,149.10336365639927,321647323.977001,2022-02-10
269,1644537600000,140.67430235965602,304249321.14813596,2022-02-11
270,1644624000000,117.54154005077054,253340540.70478418,2022-02-12
271,1644710400000,112.14642477521883,242664519.4007563,2022-02-13
272,1644796800000,127.10770568173396,301749806.0540963,2022-02-14
273,1644883200000,136.88477883853048,334010083.6061574,2022-02-15
274,1644969600000,155.57130677706704,378122973.95621145,2022-02-16
275,1645056000000,160.48791275687654,394603571.2609307,2022-02-17
276,1645142400000,127.27372811694194,313890339.90295583,2022-02-18
277,1645228800000,120.00551824963938,296054666.798324,2022-02-19
278,1645315200000,118.71405447643376,294184278.7240573,2022-02-20
279,1645401600000,110.6549401876467,274077064.6068666,2022-02-21
280,1645488000000,106.15223201425539,263943389.41685015,2022-02-22
281,1645574400000,107.83258914530488,267274766.68738115,2022-02-23
282,1645660800000,103.20887517503684,256980028.47937992,2022-02-24
283,1645747200000,97.84968186793498,242701685.8523364,2022-02-25
284,1645833600000,105.29422658265766,261808078.96696857,2022-02-26
285,1645920000000,115.45361913523347,285649192.8140408,2022-02-27
286,1646006400000,108.99471280267677,271221167.1968101,2022-02-28
287,1646092800000,142.29267111088555,353911031.7698075,2022-03-01
288,1646179200000,152.10376993464806,374929194.4176144,2022-03-02
289,1646265600000,166.0167892245608,493910907.96735924,2022-03-03
290,1646352000000,148.28223265353796,438588795.5206684,2022-03-04
291,1646438400000,128.58732907145426,381549632.0314657,2022-03-05
292,1646524800000,131.47325962628614,390499521.1410239,2022-03-06
293,1646611200000,132.53396246523076,397555326.18087256,2022-03-07
294,1646697600000,138.5130732372613,413611017.4107357,2022-03-08
295,1646784000000,153.56341139942097,455753266.52442086,2022-03-09
296,1646870400000,158.0469255731326,474306052.6031621,2022-03-10
297,1646956800000,147.14535497797502,438221754.3710128,2022-03-11
298,1647043200000,154.81095864584628,459512455.5111112,2022-03-12
299,1647129600000,166.41863740854652,497366864.06361854,2022-03-13
300,1647216000000,151.2916382155919,450643216.94838446,2022-03-14
301,1647302400000,152.99980220911596,459273299.2232726,2022-03-15
302,1647388800000,140.6219339826454,424366209.3991991,2022-03-16
303,1647475200000,151.07337952938957,451078201.60998285,2022-03-17
304,1647561600000,145.78653266059982,438036109.586857,2022-03-18
305,1647648000000,147.99413625336877,444965700.6884032,2022-03-19
306,1647734400000,147.54798423881633,442560579.14365256,2022-03-20
307,1647820800000,147.81592036789303,444401003.98773134,2022-03-21
308,1647907200000,152.5802232395205,458357088.66218996,2022-03-22
309,1647993600000,159.0542059804881,479922230.90980804,2022-03-23
310,1648080000000,157.34048637662247,473881247.6995693,2022-03-24
311,1648166400000,151.8329258015932,457670445.3107637,2022-03-25
312,1648252800000,144.3537486528321,435286730.732185,2022-03-26
313,1648339200000,145.561474959164,438924899.36825204,2022-03-27
314,1648425600000,152.08207914872096,458007170.6893264,2022-03-28
315,1648512000000,151.50351941646258,458687838.73331636,2022-03-29
316,1648598400000,143.89184189021194,435938891.7338846,2022-03-30
317,1648684800000,140.4145233047135,423922486.83372533,2022-03-31
318,1648771200000,135.79803289436936,409217015.5742435,2022-04-01
319,1648857600000,132.26125000984996,399099883.1875093,2022-04-02
320,1648944000000,135.81329724948682,410451848.0899553,2022-04-03
321,1649030400000,138.63809451232,418129417.85647595,2022-04-04
322,1649116800000,132.16477555760403,398333234.18133247,2022-04-05
323,1649203200000,124.56734397008988,376381155.7776149,2022-04-06
324,1649289600000,109.14244266364312,329541379.6716109,2022-04-07
325,1649376000000,102.30267231920513,308974673.30803216,2022-04-08
326,1649462400000,95.53233833314627,288031311.9310739,2022-04-09
327,1649548800000,97.92274631228304,295117639.11679727,2022-04-10
328,1649635200000,95.84164016479771,288822781.18702024,2022-04-11
329,1649721600000,81.65959146373405,247156298.22760206,2022-04-12
330,1649808000000,85.01067242743383,256654319.84670144,2022-04-13
331,1649894400000,93.62207266978113,283662481.7291446,2022-04-14
332,1649980800000,83.90101188683029,254761502.15548825,2022-04-15
333,1650067200000,83.54810486483726,254047738.78854212,2022-04-16
334,1650153600000,82.65559922664436,251647820.13473785,2022-04-17
335,1650240000000,78.28346122382531,238832091.425459,2022-04-18
336,1650326400000,81.7974824988482,244839795.00466263,2022-04-19
337,1650412800000,83.77886051869011,254350128.33457705,2022-04-20
338,1650499200000,82.37903728282312,250146087.64144436,2022-04-21
339,1650585600000,75.00864652858363,227987759.40755033,2022-04-22
340,1650672000000,72.67147716676277,221312925.41399238,2022-04-23
341,1650758400000,71.01858814944549,216202801.32517827,2022-04-24
342,1650844800000,65.92025647347288,200640858.52563158,2022-04-25
343,1650931200000,64.80613474606503,198671624.21900213,2022-04-26
344,1651017600000,57.88403864843722,178870171.29662564,2022-04-27
345,1651104000000,59.06738670914165,181006477.22488943,2022-04-28
346,1651190400000,59.176299136896816,181804616.9578825,2022-04-29
347,1651276800000,53.444464823872806,164422165.51569933,2022-04-30
348,1651363200000,46.54664626270859,143467017.93456778,2022-05-01
349,1651449600000,44.797238882476506,137489534.62641114,2022-05-02
350,1651536000000,45.96311874177907,140993364.71871686,2022-05-03
351,1651622400000,45.05856879359331,138183321.11534348,2022-05-04
352,1651708800000,53.40630277983436,163934336.3949523,2022-05-05
353,1651795200000,47.811291415324746,146278744.19907108,2022-05-06
354,1651881600000,47.080315190843564,144650901.81314045,2022-05-07
355,1651968000000,45.27306415133321,139082736.84441975,2022-05-08
356,1652054400000,42.74785371106839,130971316.15819451,2022-05-09
357,1652140800000,34.59115630409134,107631624.05988917,2022-05-10
358,1652227200000,37.385582916324445,114565564.10895276,2022-05-11
359,1652313600000,24.563823245723484,76556694.10454442,2022-05-12
360,1652400000000,21.997325071149305,67528845.6616238,2022-05-13
361,1652486400000,27.759524129343138,92455505.14344995,2022-05-14
362,1652572800000,27.195467035615035,91100896.60114558,2022-05-15
363,1652659200000,32.37380774981738,109732573.76491208,2022-05-16
364,1652745600000,28.86096297929765,98879820.87532067,2022-05-17
365,1652832000000,30.079317213068336,102948707.91802007,2022-05-18
366,1652918400000,24.991919791799095,85584959.86651659,2022-05-19
367,1653004800000,27.249787512655576,115722417.56437172,2022-05-20
368,1653091200000,26.650465090858624,113416862.17136292,2022-05-21
369,1653177600000,26.428742203543873,113348363.46460128,2022-05-22
370,1653264000000,27.344612025494428,116843259.69852944,2022-05-23
371,1653350400000,26.322062670038687,112860972.37597468,2022-05-24
372,1653436800000,26.461126510391583,112400260.38001844,2022-05-25
373,1653523200000,25.22918575660414,108273299.20635389,2022-05-26
374,1653609600000,23.02127657826346,98976361.81382251,2022-05-27
375,1653696000000,19.668492321309813,84471024.6632936,2022-05-28
376,1653782400000,19.018460880386954,80916099.93289508,2022-05-29
377,1653868800000,21.59193975126855,92644863.5419652,2022-05-30
378,1653955200000,23.811049590049638,102351235.69166526,2022-05-31
379,1654041600000,22.294207111373304,96267052.22882593,2022-06-01
380,1654128000000,20.209708983909007,87078847.56779355,2022-06-02
381,1654214400000,21.030709610439263,90358607.11923899,2022-06-03
382,1654300800000,20.62952067650329,88496486.5458504,2022-06-04
383,1654387200000,21.756233634278907,93335519.84326173,2022-06-05
384,1654473600000,23.704305804695135,102462182.26330368,2022-06-06
385,1654560000000,24.72097158883095,106135575.19893944,2022-06-07
386,1654646400000,22.928244087084646,98104449.715587,2022-06-08
387,1654732800000,22.893263599421843,97964522.35764992,2022-06-09
388,1654819200000,22.666983710104315,97353826.1822772,2022-06-10
389,1654905600000,20.0995615482386,86363471.49275173,2022-06-11
390,1654992000000,18.561208017025805,79829493.27984853,2022-06-12
391,1655078400000,16.88324630988534,73424194.6461863,2022-06-13
392,1655164800000,16.315508290296282,69097029.4070556,2022-06-14
393,1655251200000,17.30371329436551,74447932.64758092,2022-06-15
394,1655337600000,18.414460006001175,79199462.84802234,2022-06-16
395,1655424000000,16.232671824988905,69691366.44164646,2022-06-17
396,1655510400000,16.486918889377208,71067515.49785721,2022-06-18
397,1655596800000,15.287026073431157,65686098.72602209,2022-06-19
398,1655683200000,16.297205763215885,69971350.77141394,2022-06-20
399,1655769600000,16.70311948273369,72127674.71552779,2022-06-21
400,1655856000000,17.534188560434572,75391561.00314246,2022-06-22
401,1655942400000,16.806391398579574,72086131.4774669,2022-06-23
402,1656028800000,18.676431842071192,80335517.52883278,2022-06-24
403,1656115200000,21.006930990288765,91678349.91845846,2022-06-25
404,1656201600000,20.51305157813106,87399449.84762761,2022-06-26
405,1656288000000,19.639098606062817,84565098.21844888,2022-06-27
406,1656374400000,22.998544897524408,99167470.7411018,2022-06-28
407,1656460800000,20.849226421921514,90133254.7236597,2022-06-29
408,1656547200000,19.109277233485415,82380575.86219731,2022-06-30
409,1656633600000,19.107675493283608,80813282.33104885,2022-07-01
410,1656720000000,19.220398001088405,83393360.1252654,2022-07-02
411,1656806400000,19.846881923474932,85860315.56897758,2022-07-03
412,1656892800000,19.294601377264208,83401659.3713289,2022-07-04
413,1656979200000,20.425680767460182,87690687.30017109,2022-07-05
414,1657065600000,19.37894427018805,83789374.32720637,2022-07-06
415,1657152000000,20.14606549528676,87371565.63367221,2022-07-07
416,1657238400000,21.84459217331562,94494810.71563926,2022-07-08
417,1657324800000,22.790342690958788,99123651.62049279,2022-07-09
418,1657411200000,22.50304514610556,98017236.84764239,2022-07-10
419,1657497600000,21.99041423763487,95397279.97153243,2022-07-11
420,1657584000000,20.026080095041625,86466682.96433245,2022-07-12
421,1657670400000,19.815878287027928,85979617.17379531,2022-07-13
422,1657756800000,21.440562283629333,93163522.09731582,2022-07-14
423,1657843200000,22.367958590312853,96808506.4451198,2022-07-15
424,1657929600000,23.462316531997693,101686128.08336677,2022-07-16
425,1658016000000,24.539033653273176,106439358.24920265,2022-07-17
426,1658102400000,23.86033777545291,103403430.44258453,2022-07-18
427,1658188800000,29.550855718596296,128600146.37151892,2022-07-19
428,1658275200000,31.030056790947253,133859033.16227107,2022-07-20
429,1658361600000,30.46893932206126,134515379.82037544,2022-07-21
430,1658448000000,33.15631421867203,144449571.56701064,2022-07-22
431,1658534400000,30.444881675887803,131845819.26134941,2022-07-23
432,1658620800000,29.619337948297563,128337103.04061769,2022-07-24
433,1658707200000,30.632888899066494,133495724.46154305,2022-07-25
434,1658793600000,27.79238856894489,120734828.58238125,2022-07-26
435,1658880000000,27.78493484874464,121149237.2451515,2022-07-27
436,1658966400000,33.87537665410028,146867339.3660339,2022-07-28
437,1659052800000,36.49124882636597,159151161.90701267,2022-07-29
438,1659139200000,36.7135407184512,159712295.62308446,2022-07-30
439,1659225600000,34.49959708843785,149591868.18846092,2022-07-31
440,1659312000000,34.256714127651975,148106632.47525296,2022-08-01
441,1659398400000,33.661754107903896,146340031.59824604,2022-08-02
442,1659484800000,33.31033130158999,144027686.3957549,2022-08-03
443,1659571200000,35.47480791869086,154130568.61030298,2022-08-04
444,1659657600000,45.27875880733204,196140845.43097526,2022-08-05
445,1659744000000,47.188147701127335,204123389.25992173,2022-08-06
446,1659830400000,41.40401086080806,179979520.86082077,2022-08-07
447,1659916800000,44.56326730352771,193510355.9044814,2022-08-08
448,1660003200000,45.28426403596999,196645846.43833345,2022-08-09
449,1660089600000,43.08667427134847,187307898.4809297,2022-08-10
450,1660176000000,47.35688707452799,205838342.09964997,2022-08-11
451,1660262400000,44.677802743954814,194326905.20749596,2022-08-12
452,1660348800000,48.58538369703284,211428897.5655902,2022-08-13
453,1660435200000,47.181949385892764,204953521.2027027,2022-08-14
454,1660521600000,43.18462752915303,187697696.95173883,2022-08-15
455,1660608000000,40.32146495129583,175022222.63240388,2022-08-16
456,1660694400000,38.76347266662341,168581957.25527868,2022-08-17
457,1660780800000,38.78685555883488,167787597.2347236,2022-08-18
458,1660867200000,38.218422414734064,166573946.78585753,2022-08-19
459,1660953600000,32.75875476063063,142526225.64649695,2022-08-20
460,1661040000000,32.05904304529308,138894332.99612907,2022-08-21
461,1661126400000,34.788621917190035,151416816.31928343,2022-08-22
462,1661212800000,32.590033993191504,141364135.08275932,2022-08-23
463,1661299200000,34.70649196729569,151222715.96446246,2022-08-24
464,1661385600000,36.00895812207051,157548892.5799565,2022-08-25
465,1661472000000,35.38668200239986,153410708.77509993,2022-08-26
466,1661558400000,31.13692271429938,135771785.90219146,2022-08-27
467,1661644800000,30.009953696958043,129984174.5545686,2022-08-28
468,1661731200000,29.494814947173786,128159003.8734496,2022-08-29
469,1661817600000,32.389393464652954,140724657.92892468,2022-08-30
470,1661904000000,31.22182324449044,135424616.93220356,2022-08-31
471,1661990400000,31.139156255299614,135290806.78584638,2022-09-01
472,1662076800000,30.555021794279607,132839975.28164442,2022-09-02
473,1662163200000,31.45346871061567,136888330.57598996,2022-09-03
474,1662249600000,30.704954176363536,134017708.44509806,2022-09-04
475,1662336000000,30.070916552456193,130919047.62871593,2022-09-05
476,1662422400000,30.246454038187565,131242139.24267668,2022-09-06
477,1662508800000,28.787040145016146,125332799.11051373,2022-09-07
478,1662595200000,29.284018325148853,128198512.79774435,2022-09-08
479,1662681600000,29.028798461608346,126187179.1176526,2022-09-09
480,1662768000000,32.116868957177864,140066618.80089876,2022-09-10
481,1662854400000,32.42848730510914,141021194.9864451,2022-09-11
482,1662940800000,31.756291314374387,138708916.0881232,2022-09-12
483,1663027200000,29.721582013212885,129512814.47427705,2022-09-13
484,1663113600000,27.818373827544207,120936959.20783372,2022-09-14
485,1663200000000,27.420578970655,119335933.91353305,2022-09-15
486,1663286400000,25.776129064396454,111862988.82224204,2022-09-16
487,1663372800000,24.635830991487516,107104945.2031676,2022-09-17
488,1663459200000,25.11336288152198,109506748.29730959,2022-09-18
489,1663545600000,23.203544685226067,100791559.72191274,2022-09-19
490,1663632000000,24.073792399022672,104954884.78011362,2022-09-20
491,1663718400000,23.458847568297546,102091451.70342667,2022-09-21
492,1663804800000,22.935737908829292,99534171.90674908,2022-09-22
493,1663891200000,24.373196711450205,106134976.1880051,2022-09-23
494,1663977600000,24.632859162141983,107158627.49802478,2022-09-24
495,1664064000000,24.765481100517274,107683005.24640755,2022-09-25
496,1664150400000,23.73434460223071,103304873.82463147,2022-09-26
497,1664236800000,24.414794304161028,106582817.1973282,2022-09-27
498,1664323200000,23.821689891542995,103126945.78136677,2022-09-28
499,1664409600000,24.061608795074022,105068726.55016862,2022-09-29
500,1664496000000,24.741887177034933,107773785.65025471,2022-09-30
501,1664582400000,24.105341940775926,104933640.30882305,2022-10-01
502,1664668800000,23.805654632103536,103548822.54164325,2022-10-02
503,1664755200000,23.350608208665314,101761736.8279903,2022-10-03
504,1664841600000,23.736831634511834,103334887.38159826,2022-10-04
505,1664928000000,25.267408005332484,110200554.87390961,2022-10-05
506,1665014400000,28.548017529229703,122132129.45633668,2022-10-06
507,1665100800000,26.475267829364522,115218566.83629528,2022-10-07
508,1665187200000,26.802015649409327,117029847.8166426,2022-10-08
509,1665273600000,25.859205446059136,112621870.19247262,2022-10-09
510,1665360000000,25.872994607490785,112358720.9231196,2022-10-10
511,1665446400000,25.046271775238843,109147022.94047798,2022-10-11
512,1665532800000,24.208676373397527,105547293.2675433,2022-10-12
513,1665619200000,24.316825337813533,105889932.98686576,2022-10-13
514,1665705600000,24.563106604888556,106873215.87371622,2022-10-14
515,1665792000000,24.629871119655153,107101911.82864687,2022-10-15
516,1665878400000,24.297113774917765,105677234.11665936,2022-10-16
517,1665964800000,26.57290190864792,115668108.61326343,2022-10-17
518,1666051200000,29.839129822543722,129499885.42983143,2022-10-18
519,1666137600000,27.888438632039705,121595553.19180804,2022-10-19
520,1666224000000,27.712697144052147,121130538.54127793,2022-10-20
521,1666310400000,26.607020679835355,116010983.62629493,2022-10-21
522,1666396800000,27.185341919936445,118451505.02651855,2022-10-22
523,1666483200000,28.30784429518149,123115516.39233182,2022-10-23
524,1666569600000,29.5621973485842,128915905.71200904,2022-10-24
525,1666656000000,28.53124867047956,124249588.60891944,2022-10-25
526,1666742400000,30.326267778761324,132040600.41143554,2022-10-26
527,1666828800000,30.07769568462375,130837362.63950658,2022-10-27
528,1666915200000,28.58849052120604,124068045.03712624,2022-10-28
529,1667001600000,29.283627632890383,127699630.37574182,2022-10-29
530,1667088000000,30.772741802069906,133800846.11219527,2022-10-30
531,1667174400000,30.180330769360456,130773666.5040025,2022-10-31
532,1667260800000,28.894688221399182,125662711.80172445,2022-11-01
533,1667347200000,28.977058495086084,126225856.05677488,2022-11-02
534,1667433600000,28.002003331463985,121881180.55444352,2022-11-03
535,1667520000000,27.614385775317796,120105214.03127535,2022-11-04
536,1667606400000,29.560606909809405,129006791.73265278,2022-11-05
537,1667692800000,29.388443325848687,128113967.07355869,2022-11-06
538,1667779200000,27.259553339124015,118511245.30119704,2022-11-07
539,1667865600000,27.03746777202263,117565431.21175076,2022-11-08
540,1667952000000,23.93029447975515,102779621.49130554,2022-11-09
541,1668038400000,18.650656664266602,81515036.23761114,2022-11-10
542,1668124800000,21.96222985406652,95589975.5942219,2022-11-11
543,1668211200000,19.85675711109614,85978755.12778601,2022-11-12
544,1668297600000,19.29496708305226,83878756.41973521,2022-11-13
545,1668384000000,18.46429077326084,80451889.92923309,2022-11-14
546,1668470400000,18.987996965835055,82935813.28343108,2022-11-15
547,1668556800000,19.643743290749374,85770464.58004586,2022-11-16
548,1668643200000,19.01012271594417,82637463.20231593,2022-11-17
549,1668729600000,19.083227109596965,83069290.63967548,2022-11-18
550,1668816000000,19.275040232626022,83921546.41450545,2022-11-19
551,1668902400000,19.29044803066838,83852721.32676771,2022-11-20
