,Time,open,mktcap,Date
0,1641859200000,11.941993860573733,0.0,2022-01-11
1,1641945600000,11.941993860573733,0.0,2022-01-12
2,1642032000000,8.945826962228926,668557446.9015865,2022-01-13
3,1642118400000,11.653350277908887,879290171.0690957,2022-01-14
4,1642204800000,13.359843247680148,1002693441.6799437,2022-01-15
5,1642291200000,12.638025468585843,955955058.0908891,2022-01-16
6,1642377600000,10.696620970783792,816071832.6403687,2022-01-17
7,1642464000000,9.980450119950271,759837717.9931259,2022-01-18
8,1642550400000,9.21302053868384,713245203.1875297,2022-01-19
9,1642636800000,10.049522100902216,772697508.3625976,2022-01-20
10,1642723200000,9.843892941503533,768563782.2229085,2022-01-21
11,1642809600000,8.694344272762864,676009080.8987632,2022-01-22
12,1642896000000,7.409822858062352,574803269.9081218,2022-01-23
13,1642982400000,8.047461988512602,625046069.4349153,2022-01-24
14,1643068800000,7.489668518990934,584788675.5753965,2022-01-25
15,1643155200000,7.7641023391664366,605606227.0460495,2022-01-26
16,1643241600000,7.260408770219803,580036719.6887121,2022-01-27
17,1643328000000,6.595439300964266,517307902.4059938,2022-01-28
18,1643414400000,6.417754557299468,502055328.2620678,2022-01-29
19,1643500800000,6.203772583093383,485627019.40434414,2022-01-30
20,1643587200000,5.744673580716921,453960421.4835498,2022-01-31
21,1643673600000,5.419544977774415,434792532.09798473,2022-02-01
22,1643760000000,5.398717716497688,434807203.4957788,2022-02-02
23,1643846400000,5.097320331063242,410399196.57125694,2022-02-03
24,1643932800000,4.750664657355299,383192050.5920552,2022-02-04
25,1644019200000,5.749320948114347,465253893.7050042,2022-02-05
26,1644105600000,5.772735055216809,470459472.89857215,2022-02-06
27,1644192000000,6.2058884764310545,507686563.28602266,2022-02-07
28,1644278400000,6.302118374490316,511745643.79378486,2022-02-08
29,1644364800000,5.838413477724544,477430279.9466724,2022-02-09
30,1644451200000,5.902494138778216,482534733.75548404,2022-02-10
31,1644537600000,5.544020454152396,456174526.5515038,2022-02-11
32,1644624000000,5.236869642839739,430746385.98090285,2022-02-12
33,1644710400000,4.892964917426429,399204916.5949111,2022-02-13
34,1644796800000,4.699907341684225,386605317.38787025,2022-02-14
35,1644883200000,4.657476646478267,385114777.3511292,2022-02-15
36,1644969600000,5.176201489313953,440288002.3911757,2022-02-16
37,1645056000000,5.06786309359901,430716803.07525635,2022-02-17
38,1645142400000,4.30941166220079,368562439.1493267,2022-02-18
39,1645228800000,3.8872566186567896,328259141.7993234,2022-02-19
40,1645315200000,3.671570359959236,311657947.12012243,2022-02-20
41,1645401600000,2.8685593128605302,527698517.8171988,2022-02-21
42,1645488000000,2.336673280061848,429395034.757128,2022-02-22
43,1645574400000,2.4261048610568885,446794812.5836386,2022-02-23
44,1645660800000,2.258790359442145,415932804.11006916,2022-02-24
45,1645747200000,2.163180424378387,398852244.15856844,2022-02-25
46,1645833600000,2.3663149094249434,436553028.0585823,2022-02-26
47,1645920000000,2.5819827337165413,475290473.53864646,2022-02-27
48,1646006400000,2.366300208221319,436396040.80868757,2022-02-28
49,1646092800000,2.653166035146816,490246520.53433317,2022-03-01
50,1646179200000,2.631455288380817,485816012.469688,2022-03-02
51,1646265600000,2.9100474528967846,538083878.4367039,2022-03-03
52,1646352000000,3.086921760885066,574246325.5155911,2022-03-04
53,1646438400000,3.0926776233881355,574792092.8071016,2022-03-05
54,1646524800000,2.9355404353221024,544948018.7164956,2022-03-06
55,1646611200000,2.6991966816342616,508975032.3409933,2022-03-07
56,1646697600000,2.5759671827595785,484161093.22519803,2022-03-08
57,1646784000000,2.4663354959891413,462889022.32001984,2022-03-09
58,1646870400000,2.622581679306986,492809984.2278985,2022-03-10
59,1646956800000,2.5327744063984476,475869883.5155202,2022-03-11
60,1647043200000,2.428973392717533,487971491.33841336,2022-03-12
61,1647129600000,2.385613207983557,479343713.68410647,2022-03-13
62,1647216000000,2.239331654891576,450071123.1438466,2022-03-14
63,1647302400000,2.377660945426071,477261958.7299395,2022-03-15
64,1647388800000,2.232673854574001,450151659.49126184,2022-03-16
65,1647475200000,2.5419297182379057,481970462.86857545,2022-03-17
66,1647561600000,2.4084395094476387,484851020.32671857,2022-03-18
67,1647648000000,2.3626863671151472,476445038.22783315,2022-03-19
68,1647734400000,2.8531750649793666,568451714.4406728,2022-03-20
69,1647820800000,2.6816778598032958,541280585.7966708,2022-03-21
70,1647907200000,2.7535063760552663,559403613.8782125,2022-03-22
71,1647993600000,2.768837942010402,566953660.3028666,2022-03-23
72,1648080000000,2.793007517673058,569942132.4902704,2022-03-24
73,1648166400000,2.862303461421498,583301973.5712647,2022-03-25
74,1648252800000,2.7443425509665387,561254735.7905315,2022-03-26
75,1648339200000,2.775117991328536,568699852.396099,2022-03-27
76,1648425600000,2.8556798510864176,585428021.6968194,2022-03-28
77,1648512000000,3.045792204873541,627391964.5673692,2022-03-29
78,1648598400000,3.300435669437364,678012212.8327143,2022-03-30
79,1648684800000,3.3127778726348858,683753983.8651842,2022-03-31
80,1648771200000,3.126825545009591,645027012.8597777,2022-04-01
81,1648857600000,3.471605050633987,697986951.2922786,2022-04-02
82,1648944000000,5.0129239370526895,1038921607.3387302,2022-04-03
83,1649030400000,5.236893485444014,1077097001.596292,2022-04-04
84,1649116800000,5.095384303742968,1055702133.9242315,2022-04-05
85,1649203200000,4.37857337137458,934029934.2993789,2022-04-06
86,1649289600000,3.7692285493609257,785950914.672229,2022-04-07
87,1649376000000,4.092805233305409,836610134.1393574,2022-04-08
88,1649462400000,3.7419796830586867,776734465.8025953,2022-04-09
89,1649548800000,3.947833393548929,818039376.2088811,2022-04-10
90,1649635200000,4.013927194242841,841409891.8100702,2022-04-11
91,1649721600000,3.401698270805949,774392013.3888217,2022-04-12
92,1649808000000,3.6670881409264786,822808035.7886281,2022-04-13
93,1649894400000,3.9637495887245806,900753457.998331,2022-04-14
94,1649980800000,3.783871649634284,864753845.3883678,2022-04-15
95,1650067200000,4.036533543552039,918911423.0313611,2022-04-16
96,1650153600000,4.246046880520088,969361097.5292934,2022-04-17
97,1650240000000,3.846055815399818,876876771.4573678,2022-04-18
98,1650326400000,4.195901305610334,957772365.6092681,2022-04-19
99,1650412800000,4.200385842077173,961416868.6775892,2022-04-20
100,1650499200000,4.0871659333562915,935640134.0797968,2022-04-21
101,1650585600000,3.8904594175803786,890098392.3330592,2022-04-22
102,1650672000000,3.738182005959284,858813824.2685096,2022-04-23
103,1650758400000,3.6325431486513566,835850200.6088258,2022-04-24
104,1650844800000,3.304549290013086,762734004.1634735,2022-04-25
105,1650931200000,3.5008307550302598,800277600.922769,2022-04-26
106,1651017600000,3.0481636442747573,701915052.4159528,2022-04-27
107,1651104000000,2.9912892919152747,688933463.5523512,2022-04-28
108,1651190400000,2.994155549162892,689734472.6851312,2022-04-29
109,1651276800000,2.6462623742491553,610531848.3304021,2022-04-30
110,1651363200000,2.3853850695070777,550067998.1691587,2022-05-01
111,1651449600000,2.523734242298532,583510695.2105241,2022-05-02
112,1651536000000,2.5021578169875536,619441109.9069585,2022-05-03
113,1651622400000,2.4461829351446944,600674340.4012867,2022-05-04
114,1651708800000,2.753020587064148,677334108.9531243,2022-05-05
115,1651795200000,2.441214074955532,601439893.3434302,2022-05-06
116,1651881600000,2.347397790189725,579738441.737525,2022-05-07
117,1651968000000,2.220215678316264,559788612.9079248,2022-05-08
118,1652054400000,2.1079675447912067,531020671.90664226,2022-05-09
119,1652140800000,1.7275293939882406,437897335.6097538,2022-05-10
120,1652227200000,1.726916025213719,434514664.310109,2022-05-11
121,1652313600000,1.2104328689347104,333912416.41867405,2022-05-12
122,1652400000000,1.1322467728076806,307147650.80493265,2022-05-13
123,1652486400000,1.197228518105858,324689956.4429864,2022-05-14
124,1652572800000,1.2310505443419506,332991754.36123383,2022-05-15
125,1652659200000,1.4079258821799334,382758822.7746771,2022-05-16
126,1652745600000,1.296651160190017,353165280.9252557,2022-05-17
127,1652832000000,1.4002057887954211,381230459.7644816,2022-05-18
128,1652918400000,1.1150969355069,306059826.3179111,2022-05-19
129,1653004800000,1.2163723243467008,331428077.296515,2022-05-20
130,1653091200000,1.1325963606377996,309310594.0727162,2022-05-21
131,1653177600000,1.186940173784249,323291008.77692276,2022-05-22
132,1653264000000,1.2366551908241141,339436289.2953366,2022-05-23
133,1653350400000,1.1630218218226658,316921033.152533,2022-05-24
134,1653436800000,1.376674994717884,371515922.1996432,2022-05-25
135,1653523200000,1.2967350583673158,355508895.74725485,2022-05-26
136,1653609600000,1.1807220079458511,324702679.3156693,2022-05-27
137,1653696000000,1.1761524933214351,321603525.74566257,2022-05-28
138,1653782400000,1.2164148704637125,333005639.6712326,2022-05-29
139,1653868800000,1.228664834339317,338512508.5324773,2022-05-30
140,1653955200000,1.3939220621067225,383368465.0960056,2022-05-31
141,1654041600000,1.3571376721816952,375235179.47110164,2022-06-01
142,1654128000000,1.2366609293277495,342158209.81506133,2022-06-02
143,1654214400000,1.3529713795990181,374637753.57920367,2022-06-03
144,1654300800000,1.290703702385978,355926871.26289725,2022-06-04
145,1654387200000,1.3162096621299935,362708183.7647287,2022-06-05
146,1654473600000,1.3633887331783079,377361878.582322,2022-06-06
147,1654560000000,1.344084233641987,373417427.2198569,2022-06-07
148,1654646400000,1.2930168971943086,361499356.9969408,2022-06-08
149,1654732800000,1.2633134430473594,351982926.7730468,2022-06-09
150,1654819200000,1.2777379378013034,355924189.58211577,2022-06-10
151,1654905600000,1.1715458529598295,326290477.1752171,2022-06-11
152,1654992000000,1.064355329056334,316167342.0525927,2022-06-12
153,1655078400000,0.9831426030801452,294767587.509056,2022-06-13
154,1655164800000,0.8616677319225913,254716664.49565148,2022-06-14
155,1655251200000,0.8715894027546486,259755845.86219773,2022-06-15
156,1655337600000,0.8982161247858882,268132576.99522343,2022-06-16
157,1655424000000,0.8112149055397649,244268521.32113388,2022-06-17
158,1655510400000,0.6955741758631931,208154017.2906092,2022-06-18
159,1655596800000,0.6137987020574571,184303677.4821946,2022-06-19
160,1655683200000,0.6551279776485627,195645500.28130567,2022-06-20
161,1655769600000,0.6711197680107857,201713794.9743011,2022-06-21
162,1655856000000,0.6524590932055289,195744477.70578778,2022-06-22
163,1655942400000,0.6035529220540033,184722959.5233148,2022-06-23
164,1656028800000,0.6436267930510068,196869915.64506143,2022-06-24
165,1656115200000,0.684161500616876,209693423.32122728,2022-06-25
166,1656201600000,0.7125433331043145,218345034.99698788,2022-06-26
167,1656288000000,0.7041496324072238,218472565.76621187,2022-06-27
168,1656374400000,0.6807856137040511,210480399.07964066,2022-06-28
169,1656460800000,0.6508857185917475,200753096.27444762,2022-06-29
170,1656547200000,0.6345534945672826,195948019.73155513,2022-06-30
171,1656633600000,0.6076783125028978,187748112.07299328,2022-07-01
172,1656720000000,0.642832259006031,199925969.0023406,2022-07-02
173,1656806400000,0.6810201658334539,210415845.25075418,2022-07-03
174,1656892800000,0.673581498327182,208390100.8469893,2022-07-04
175,1656979200000,0.6999654937158523,216778695.99044317,2022-07-05
176,1657065600000,0.6748690633049214,209090291.9446059,2022-07-06
177,1657152000000,0.678323966151716,210077098.13751444,2022-07-07
178,1657238400000,0.6897604429322496,213638229.1504387,2022-07-08
179,1657324800000,0.6855876498428211,212804840.15786064,2022-07-09
180,1657411200000,0.6881001149056759,213464330.07066432,2022-07-10
181,1657497600000,0.6508663425888278,201960180.19997048,2022-07-11
182,1657584000000,0.6038669036324605,198352342.38969952,2022-07-12
183,1657670400000,0.5792809725819119,191900700.02102897,2022-07-13
184,1657756800000,0.6019691845175049,198734587.86236414,2022-07-14
185,1657843200000,0.6100323473316839,201263490.2985826,2022-07-15
186,1657929600000,0.6095138334671987,200874526.464929,2022-07-16
187,1658016000000,0.6194894018593254,204329285.01594344,2022-07-17
188,1658102400000,0.6116753666050021,202379849.53897977,2022-07-18
189,1658188800000,0.6870980552521274,225915076.05423534,2022-07-19
190,1658275200000,0.7652520489930565,252270877.7641121,2022-07-20
191,1658361600000,0.7104918080069971,235180673.93480456,2022-07-21
192,1658448000000,0.7294487787641036,241705159.83642575,2022-07-22
193,1658534400000,0.7160131720975174,237117761.9840173,2022-07-23
194,1658620800000,0.701434797413939,231801569.1212294,2022-07-24
195,1658707200000,0.731654692902809,244693074.07349977,2022-07-25
196,1658793600000,0.6630639366898986,222417753.7503555,2022-07-26
197,1658880000000,0.6486766204371457,216453472.8183953,2022-07-27
198,1658966400000,0.7039313083443345,234307647.75074726,2022-07-28
199,1659052800000,0.7488928364041115,250508960.5068474,2022-07-29
200,1659139200000,0.7694213144772489,259571480.0230092,2022-07-30
201,1659225600000,0.8027931839863248,268587983.41659003,2022-07-31
202,1659312000000,0.8040095556053117,269331682.20305157,2022-08-01
203,1659398400000,0.7221548608113982,241669898.02271214,2022-08-02
204,1659484800000,0.7090365294674316,237672127.20812717,2022-08-03
205,1659571200000,0.6882308245922505,229878896.65437913,2022-08-04
206,1659657600000,0.7275714567993329,243454768.31177938,2022-08-05
207,1659744000000,0.7591619826553692,254771332.69116378,2022-08-06
208,1659830400000,0.7590507138879042,255201433.00351006,2022-08-07
209,1659916800000,0.7631424451371053,256003926.8227349,2022-08-08
210,1660003200000,0.7675827998547162,257817299.35068643,2022-08-09
211,1660089600000,0.7144760592726956,240119055.05536732,2022-08-10
212,1660176000000,0.7631642423354918,256244369.57209525,2022-08-11
213,1660262400000,0.7397321721464921,264318035.75931755,2022-08-12
214,1660348800000,0.7429139116845195,265454948.2916605,2022-08-13
215,1660435200000,0.732920250066387,261539120.49806887,2022-08-14
216,1660521600000,0.7003798811898301,250435655.1824113,2022-08-15
217,1660608000000,0.7175138582799282,256776246.5640768,2022-08-16
218,1660694400000,0.7000041849311593,250302508.9391429,2022-08-17
219,1660780800000,0.6713559943421837,241198178.05339217,2022-08-18
220,1660867200000,0.6449397720213712,231333359.43882132,2022-08-19
221,1660953600000,0.6103041244243206,218806839.15892163,2022-08-20
222,1661040000000,0.6131788943975893,219292953.53534675,2022-08-21
223,1661126400000,0.6409198760632918,230000301.51866287,2022-08-22
224,1661212800000,0.6188278181667866,221384130.17151737,2022-08-23
225,1661299200000,0.6182376654135773,221964515.36038142,2022-08-24
226,1661385600000,0.5995225493018145,215377781.3111094,2022-08-25
227,1661472000000,0.6030055841566828,217705624.557736,2022-08-26
228,1661558400000,0.5504931604377254,198103257.9504539,2022-08-27
229,1661644800000,0.5493754105607358,197885012.52216864,2022-08-28
230,1661731200000,0.5301258848625208,191518779.89666644,2022-08-29
231,1661817600000,0.5513617643683786,199390758.16072753,2022-08-30
232,1661904000000,0.5165285091945206,187883085.77457374,2022-08-31
233,1661990400000,0.5253848369660248,190221696.20873886,2022-09-01
234,1662076800000,0.5289156935688825,191431994.81701234,2022-09-02
235,1662163200000,0.5381893709029218,195131954.67698404,2022-09-03
236,1662249600000,0.5247681294506025,190583762.6198306,2022-09-04
237,1662336000000,0.5278389257081899,191031189.29637,2022-09-05
238,1662422400000,0.5200831650028752,188423832.8566641,2022-09-06
239,1662508800000,0.477489451329719,173985844.42533365,2022-09-07
240,1662595200000,0.49992421192162106,182002785.93185648,2022-09-08
241,1662681600000,0.49910518005814175,181742027.4167341,2022-09-09
242,1662768000000,0.5627379295245443,205467009.16268533,2022-09-10
243,1662854400000,0.5639419384634414,205396263.7364283,2022-09-11
244,1662940800000,0.5931777213208559,228189106.42863408,2022-09-12
245,1663027200000,0.5696658621588341,219022535.591337,2022-09-13
246,1663113600000,0.5217907473296577,202588396.2066518,2022-09-14
247,1663200000000,0.5148141495335907,199694837.77534848,2022-09-15
248,1663286400000,0.4843204078240576,188613920.92559123,2022-09-16
249,1663372800000,0.48703775534522215,189544284.69812122,2022-09-17
250,1663459200000,0.5163440701704666,200825632.15031,2022-09-18
251,1663545600000,0.47414262215692754,185111004.0448239,2022-09-19
252,1663632000000,0.47366594567170484,184344259.1142702,2022-09-20
253,1663718400000,0.45599909502802666,177965189.7648126,2022-09-21
254,1663804800000,0.44539445660143107,175726741.48775247,2022-09-22
255,1663891200000,0.46796261019405677,184730187.42879692,2022-09-23
256,1663977600000,0.4657856499677096,183597921.80045983,2022-09-24
257,1664064000000,0.4522241179392881,178553088.04809836,2022-09-25
258,1664150400000,0.463611677826577,182722570.21475706,2022-09-26
259,1664236800000,0.46699627973291635,184710935.80921552,2022-09-27
260,1664323200000,0.45992769940229117,182333235.46234602,2022-09-28
261,1664409600000,0.45559462131409095,180261286.10906637,2022-09-29
262,1664496000000,0.45520934466266155,180480444.62157476,2022-09-30
263,1664582400000,0.44373658349942,176007525.6594491,2022-10-01
264,1664668800000,0.47604297638986337,188567307.32483843,2022-10-02
265,1664755200000,0.4489990857884836,178465817.060244,2022-10-03
266,1664841600000,0.4585399284158268,183231393.8984144,2022-10-04
267,1664928000000,0.4707693578517548,187270398.35480598,2022-10-05
268,1665014400000,0.46839900858285716,187169743.1089927,2022-10-06
269,1665100800000,0.48360725662393683,192559359.02906325,2022-10-07
270,1665187200000,0.4681999331900594,186173722.32808337,2022-10-08
271,1665273600000,0.49390447220855205,196702599.33813956,2022-10-09
272,1665360000000,0.49213737133542806,195649611.51341033,2022-10-10
273,1665446400000,0.46840164771809034,187173054.15305722,2022-10-11
274,1665532800000,0.4530201846609725,190201940.6556344,2022-10-12
275,1665619200000,0.45595941436002957,192705497.46194574,2022-10-13
276,1665705600000,0.43914325302470036,185467001.66941658,2022-10-14
277,1665792000000,0.42960870862414724,181198054.60638207,2022-10-15
278,1665878400000,0.45405418993111574,192594664.7624285,2022-10-16
279,1665964800000,0.46549227443190677,196280932.67448774,2022-10-17
280,1666051200000,0.47966032899517436,202607187.59841785,2022-10-18
281,1666137600000,0.48010710170806914,203351609.41741738,2022-10-19
282,1666224000000,0.4648617010165907,197284266.8034243,2022-10-20
283,1666310400000,0.4691287011082281,198976532.46112692,2022-10-21
284,1666396800000,0.45661511235827995,193756801.30056873,2022-10-22
285,1666483200000,0.46182333609459864,195790978.31840083,2022-10-23
286,1666569600000,0.46122634075645513,195461830.77664384,2022-10-24
287,1666656000000,0.4500890304929161,190931965.37804297,2022-10-25
288,1666742400000,0.46512816755098235,197465180.11875418,2022-10-26
289,1666828800000,0.4791541245660705,205302057.58703196,2022-10-27
290,1666915200000,0.46175328525863324,198202587.3926682,2022-10-28
291,1667001600000,0.4727865199121395,202347256.6773222,2022-10-29
292,1667088000000,0.48665191519865586,208995531.60980263,2022-10-30
293,1667174400000,0.4808977855164538,206623321.63802484,2022-10-31
294,1667260800000,0.4783142694681475,205836881.70968145,2022-11-01
295,1667347200000,0.4854045690729177,209449935.38553405,2022-11-02
296,1667433600000,0.4726539478234011,203188821.00023186,2022-11-03
297,1667520000000,0.4943354649155754,212342921.22044003,2022-11-04
298,1667606400000,0.5312013227190457,228425446.22821817,2022-11-05
299,1667692800000,0.5327889371640794,229601645.11830747,2022-11-06
300,1667779200000,0.5008428289973615,215761520.55901825,2022-11-07
301,1667865600000,0.5055629041486976,217826263.75604194,2022-11-08
302,1667952000000,0.44087674028760593,190447153.7084943,2022-11-09
303,1668038400000,0.36383368436669056,156663262.42514598,2022-11-10
304,1668124800000,0.4048119369922606,174133585.110622,2022-11-11
305,1668211200000,0.37304735987562243,167313591.24109775,2022-11-12
306,1668297600000,0.36974694226160776,167224913.69495532,2022-11-13
307,1668384000000,0.3538592480031859,159774976.5254794,2022-11-14
308,1668470400000,0.35623743399501334,161645590.92743325,2022-11-15
309,1668556800000,0.376638119153266,170343766.305734,2022-11-16
310,1668643200000,0.3596024533477199,162545545.60572627,2022-11-17
311,1668729600000,0.3581276227538242,162176662.94746548,2022-11-18
312,1668816000000,0.3593285946927028,162755907.82798776,2022-11-19
313,1668902400000,0.3581277660160716,162246123.99792457,2022-11-20
