,Time,open,mktcap,Date
0,1532736000000,0.005520139428336375,0.0,2018-07-28
1,1532822400000,0.005280701777263517,0.0,2018-07-29
2,1532908800000,0.0050806747853164675,0.0,2018-07-30
3,1532995200000,0.0057458451331142265,0.0,2018-07-31
4,1533081600000,0.0045862159256746474,0.0,2018-08-01
5,1533168000000,0.005135586919818099,0.0,2018-08-02
6,1533254400000,0.005143772293504667,0.0,2018-08-03
7,1533340800000,0.0047100192267800845,0.0,2018-08-04
8,1533427200000,0.004100127195572265,0.0,2018-08-05
9,1533513600000,0.0059135514938023674,0.0,2018-08-06
10,1533600000000,0.005487622991862134,0.0,2018-08-07
11,1533686400000,0.0048291255294207885,0.0,2018-08-08
12,1533772800000,0.004160330128018532,0.0,2018-08-09
13,1533859200000,0.00451858614128486,0.0,2018-08-10
14,1533945600000,0.0038371664476073105,0.0,2018-08-11
15,1534032000000,0.0031970515844677743,0.0,2018-08-12
16,1534118400000,0.0036338421973597526,0.0,2018-08-13
17,1534204800000,0.003128814081301897,0.0,2018-08-14
18,1534291200000,0.0023655611119758834,0.0,2018-08-15
19,1534377600000,0.003217385956771339,0.0,2018-08-16
20,1534464000000,0.0029086983246370867,0.0,2018-08-17
21,1534550400000,0.003328770567540104,0.0,2018-08-18
22,1534636800000,0.003073959369652049,0.0,2018-08-19
23,1534723200000,0.003198909354134504,0.0,2018-08-20
24,1534809600000,0.0028763797338838505,0.0,2018-08-21
25,1534896000000,0.0030611790033191464,0.0,2018-08-22
26,1534982400000,0.0025158185855893227,0.0,2018-08-23
27,1535068800000,0.002519084893006891,0.0,2018-08-24
28,1535155200000,0.0025975914593403884,0.0,2018-08-25
29,1535241600000,0.0025119996991894555,0.0,2018-08-26
30,1535328000000,0.002399552369414181,0.0,2018-08-27
31,1535414400000,0.00228766376420414,0.0,2018-08-28
32,1535500800000,0.0030142766352080253,0.0,2018-08-29
33,1535587200000,0.0028091400562709947,0.0,2018-08-30
34,1535673600000,0.002793272998929464,0.0,2018-08-31
35,1535760000000,0.002706607146767046,0.0,2018-09-01
36,1535846400000,0.003408429428417897,0.0,2018-09-02
37,1535932800000,0.0030280154258540306,0.0,2018-09-03
38,1536019200000,0.002848820085888102,0.0,2018-09-04
39,1536105600000,0.0027903047887308675,0.0,2018-09-05
40,1536192000000,0.0024824248025507568,0.0,2018-09-06
41,1536278400000,0.0024790933861533935,11710198.212851493,2018-09-07
42,1536364800000,0.002294861997533178,10812532.174862888,2018-09-08
43,1536451200000,0.0018552028083959858,8740253.783439346,2018-09-09
44,1536537600000,0.0018367378414378289,8645351.48874056,2018-09-10
45,1536624000000,0.0018598733797603852,8762257.835424265,2018-09-11
46,1536710400000,0.0030909988441041466,14562350.929786555,2018-09-12
47,1536796800000,0.003281066377895912,15457799.380928548,2018-09-13
48,1536883200000,0.0028799952341182866,14026176.687680745,2018-09-14
49,1536969600000,0.0025080744391046228,12160952.195750017,2018-09-15
50,1537056000000,0.002545184244699823,12364790.486769667,2018-09-16
51,1537142400000,0.002735093209998689,13295868.007411664,2018-09-17
52,1537228800000,0.002346267736681835,11406409.289694358,2018-09-18
53,1537315200000,0.0022425738146108574,10915243.971203445,2018-09-19
54,1537401600000,0.002095043102755894,10193457.415637242,2018-09-20
55,1537488000000,0.00233975828992,11384122.102218471,2018-09-21
56,1537574400000,0.002257187940766105,10982375.075254036,2018-09-22
57,1537660800000,0.0022279201911801585,10839972.487611119,2018-09-23
58,1537747200000,0.0020554291219513476,10000715.115555763,2018-09-24
59,1537833600000,0.002054316489791671,9995301.590400115,2018-09-25
60,1537920000000,0.0018988104993920426,9236337.555571364,2018-09-26
61,1538006400000,0.001949371612694707,9486194.549064292,2018-09-27
62,1538092800000,0.001962508851184296,9546896.984263673,2018-09-28
63,1538179200000,0.0019625285368032722,9549240.713593338,2018-09-29
64,1538265600000,0.002047600006210947,9962622.458752237,2018-09-30
65,1538352000000,0.0019053595525800352,9270492.18508066,2018-10-01
66,1538438400000,0.0018939093841642374,9212425.02675549,2018-10-02
67,1538524800000,0.0019222133556560637,9353276.332388928,2018-10-03
68,1538611200000,0.0020220657643911784,9843082.894797048,2018-10-04
69,1538697600000,0.001804696106481718,8782453.672560472,2018-10-05
70,1538784000000,0.0019252637219605428,9367812.520060763,2018-10-06
71,1538870400000,0.0019671704604516957,9572358.982213873,2018-10-07
72,1538956800000,0.002087533863373877,10158867.95518389,2018-10-08
73,1539043200000,0.002077886079364278,10104890.819845324,2018-10-09
74,1539129600000,0.002138418013727138,9899422.47815264,2018-10-10
75,1539216000000,0.001914353372085892,9316838.528005589,2018-10-11
76,1539302400000,0.0017185881480690373,8363414.060915033,2018-10-12
77,1539388800000,0.0017388059416539382,8496578.952729367,2018-10-13
78,1539475200000,0.001762858456912328,8614111.041920029,2018-10-14
79,1539561600000,0.0019303814268591232,9432701.953266736,2018-10-15
80,1539648000000,0.0019176824088471436,9370650.016262632,2018-10-16
81,1539734400000,0.0019763214524335256,9637947.1925219,2018-10-17
82,1539820800000,0.001987814234028296,9723283.05771822,2018-10-18
83,1539907200000,0.0018324975049786557,9146809.643799365,2018-10-19
84,1539993600000,0.0018797220291481053,9486507.552997503,2018-10-20
85,1540080000000,0.001848696664622469,9331887.648455564,2018-10-21
86,1540166400000,0.0018682839665362387,9429566.76526633,2018-10-22
87,1540252800000,0.0018847292947219438,9512033.579204265,2018-10-23
88,1540339200000,0.0017997113290874052,9082956.710597161,2018-10-24
89,1540425600000,0.0018348551682308097,9260324.027468808,2018-10-25
90,1540512000000,0.00182244369259785,9198072.660378797,2018-10-26
91,1540598400000,0.0017606698773924001,8886359.896287976,2018-10-27
92,1540684800000,0.0017137015588775883,8649059.19289657,2018-10-28
93,1540771200000,0.0017735068433079547,8948609.453837823,2018-10-29
94,1540857600000,0.0017267301014776816,8714628.185021942,2018-10-30
95,1540944000000,0.0017988161562516043,9079869.19486134,2018-10-31
96,1541030400000,0.0017457856829045171,8810799.733107058,2018-11-01
97,1541116800000,0.0017543816424470233,8872447.15534112,2018-11-02
98,1541203200000,0.0018622918749606936,9398810.845435817,2018-11-03
99,1541289600000,0.0017460685915124104,8812227.543583067,2018-11-04
100,1541376000000,0.0017946255709760134,9056991.74152883,2018-11-05
101,1541462400000,0.00185573984002392,9365726.988891315,2018-11-06
102,1541548800000,0.0018419841276529378,9296303.331638437,2018-11-07
103,1541635200000,0.00186419658137453,9408407.287604123,2018-11-08
104,1541721600000,0.001743982869778983,8815493.569891179,2018-11-09
105,1541808000000,0.0017522530437370793,8843439.83415465,2018-11-10
106,1541894400000,0.0017815456994223484,8966680.999008412,2018-11-11
107,1541980800000,0.0018611449434511051,9370458.212078078,2018-11-12
108,1542067200000,0.0017638531864617598,0.0,2018-11-13
109,1542153600000,0.001763014267828137,0.0,2018-11-14
110,1542240000000,0.0014844063166612354,0.0,2018-11-15
111,1542326400000,0.001424609253580701,0.0,2018-11-16
112,1542412800000,0.0014605608707751537,0.0,2018-11-17
113,1542499200000,0.0014742116417140782,0.0,2018-11-18
114,1542585600000,0.0016074819448902915,0.0,2018-11-19
115,1542672000000,0.0012023338188062395,0.0,2018-11-20
116,1542758400000,0.001059463887381571,0.0,2018-11-21
117,1542844800000,0.0013086498068438986,0.0,2018-11-22
118,1542931200000,0.0011995745839238055,0.0,2018-11-23
119,1543017600000,0.001316757552971592,0.0,2018-11-24
120,1543104000000,0.0010181936657697194,0.0,2018-11-25
121,1543190400000,0.0007310734793615592,0.0,2018-11-26
122,1543276800000,0.001031664901123556,0.0,2018-11-27
123,1543363200000,0.000834504094803385,0.0,2018-11-28
124,1543449600000,0.0011089133581846814,0.0,2018-11-29
125,1543536000000,0.0009705769351189327,0.0,2018-11-30
126,1543622400000,0.0008001396480357302,0.0,2018-12-01
127,1543708800000,0.0007079602009481072,0.0,2018-12-02
128,1543795200000,0.0007595692559374522,0.0,2018-12-03
129,1543881600000,0.0007077823309373177,0.0,2018-12-04
130,1543968000000,0.0007231481475078866,0.0,2018-12-05
131,1544054400000,0.0006483728422490932,0.0,2018-12-06
132,1544140800000,0.0005450231467342591,0.0,2018-12-07
133,1544227200000,0.0006322363760594492,0.0,2018-12-08
134,1544313600000,0.0005215628174944512,0.0,2018-12-09
135,1544400000000,0.0005746993346588262,0.0,2018-12-10
136,1544486400000,0.00046793430694872705,0.0,2018-12-11
137,1544572800000,0.0006622393511000589,0.0,2018-12-12
138,1544659200000,0.0005809542830218203,0.0,2018-12-13
139,1544745600000,0.00038476973671511456,0.0,2018-12-14
140,1544832000000,0.00039422139380827944,0.0,2018-12-15
141,1544918400000,0.0004851238646800215,0.0,2018-12-16
142,1545004800000,0.00042349760236626245,0.0,2018-12-17
143,1545091200000,0.00037646205981474055,0.0,2018-12-18
144,1545177600000,0.0003772785487116881,0.0,2018-12-19
145,1545264000000,0.0006437791577716472,0.0,2018-12-20
146,1545350400000,0.000347340716527188,0.0,2018-12-21
147,1545436800000,0.0004613425376314332,0.0,2018-12-22
148,1545523200000,0.0004157375731153169,0.0,2018-12-23
149,1545609600000,0.0006669718457647064,0.0,2018-12-24
150,1545696000000,0.0004978150618029376,0.0,2018-12-25
151,1545782400000,0.00031807691739685416,0.0,2018-12-26
152,1545868800000,0.000388137558378987,0.0,2018-12-27
153,1545955200000,0.00034160443563489883,0.0,2018-12-28
154,1546041600000,0.00033393454141817026,0.0,2018-12-29
155,1546128000000,0.0003316038023087323,0.0,2018-12-30
156,1546214400000,0.00039279160817267674,0.0,2018-12-31
157,1546300800000,0.00030355704907760367,0.0,2019-01-01
158,1546387200000,0.0003454946890013395,0.0,2019-01-02
159,1546473600000,0.00038080756330985524,0.0,2019-01-03
160,1546560000000,0.0003745280765279429,0.0,2019-01-04
161,1546646400000,0.00033327823456786145,0.0,2019-01-05
162,1546732800000,0.00034230743245420794,0.0,2019-01-06
163,1546819200000,0.00037724220834627704,0.0,2019-01-07
164,1546905600000,0.00034627751853563953,0.0,2019-01-08
165,1546992000000,0.00033188273440301863,0.0,2019-01-09
166,1547078400000,0.00033409958072564105,0.0,2019-01-10
167,1547164800000,0.0002863378057455022,0.0,2019-01-11
168,1547251200000,0.0002905127191633485,0.0,2019-01-12
169,1547337600000,0.00030377843034515994,0.0,2019-01-13
170,1547424000000,0.00029619283646905686,0.0,2019-01-14
171,1547510400000,0.00030359501652370865,0.0,2019-01-15
172,1547596800000,0.0002815967075942282,0.0,2019-01-16
173,1547683200000,0.00029076336860435486,0.0,2019-01-17
174,1547769600000,0.00029028223298923706,0.0,2019-01-18
175,1547856000000,0.0002956431246825815,0.0,2019-01-19
176,1547942400000,0.0002982779059333895,0.0,2019-01-20
177,1548028800000,0.0002873995238158175,0.0,2019-01-21
178,1548115200000,0.0002861104231868168,0.0,2019-01-22
179,1548201600000,0.0002915188100170571,0.0,2019-01-23
180,1548288000000,0.0002741218874923804,0.0,2019-01-24
181,1548374400000,0.00028318615909622875,0.0,2019-01-25
182,1548460800000,0.0002714725501266588,0.0,2019-01-26
183,1548547200000,0.00028398746185064164,0.0,2019-01-27
184,1548633600000,0.0002742935931205531,0.0,2019-01-28
185,1548720000000,0.00025416130621937205,0.0,2019-01-29
186,1548806400000,0.00025492640107019864,0.0,2019-01-30
187,1548892800000,0.0002591854874381939,0.0,2019-01-31
188,1548979200000,0.00026581454521560944,0.0,2019-02-01
189,1549065600000,0.00026072054498482586,0.0,2019-02-02
190,1549152000000,0.00026826940413961643,0.0,2019-02-03
191,1549238400000,0.0002653146559353952,0.0,2019-02-04
192,1549324800000,0.0002598448956180884,0.0,2019-02-05
193,1549411200000,0.0002582943247856351,0.0,2019-02-06
194,1549497600000,0.00024518961015956305,0.0,2019-02-07
195,1549584000000,0.0002452072278135817,0.0,2019-02-08
196,1549670400000,0.00025406100258396736,0.0,2019-02-09
197,1549756800000,0.0002772001721696566,0.0,2019-02-10
198,1549843200000,0.0002787983366885763,0.0,2019-02-11
199,1549929600000,0.0002694282497291671,0.0,2019-02-12
200,1550016000000,0.0002589739692425817,0.0,2019-02-13
201,1550102400000,0.00026859146714781847,0.0,2019-02-14
202,1550188800000,0.00025546340060340997,0.0,2019-02-15
203,1550275200000,0.00026221532121553984,0.0,2019-02-16
204,1550361600000,0.00026739656450428147,0.0,2019-02-17
205,1550448000000,0.00027749596976817597,0.0,2019-02-18
206,1550534400000,0.0002892719435591835,0.0,2019-02-19
207,1550620800000,0.0002864642871747028,0.0,2019-02-20
208,1550707200000,0.00035249683194023604,0.0,2019-02-21
209,1550793600000,0.00033432970426036917,0.0,2019-02-22
210,1550880000000,0.00034029319801447296,0.0,2019-02-23
211,1550966400000,0.00035948333596350725,0.0,2019-02-24
212,1551052800000,0.0003023920638434453,0.0,2019-02-25
213,1551139200000,0.000306995046556184,0.0,2019-02-26
214,1551225600000,0.0003065225123330673,0.0,2019-02-27
215,1551312000000,0.00030747982147972077,0.0,2019-02-28
216,1551398400000,0.0003053762783671289,0.0,2019-03-01
217,1551484800000,0.00030920047895702414,0.0,2019-03-02
218,1551571200000,0.0003063777776392828,0.0,2019-03-03
219,1551657600000,0.00029958988704194484,0.0,2019-03-04
220,1551744000000,0.00028675862102775154,0.0,2019-03-05
221,1551830400000,0.0003145601640463508,0.0,2019-03-06
222,1551916800000,0.0003081454503466648,0.0,2019-03-07
223,1552003200000,0.0003146437735046683,0.0,2019-03-08
224,1552089600000,0.00030758209330024203,0.0,2019-03-09
225,1552176000000,0.0003210097507794031,0.0,2019-03-10
226,1552262400000,0.0003106694515737015,0.0,2019-03-11
227,1552348800000,0.00030956161078650023,0.0,2019-03-12
228,1552435200000,0.00032095413060997854,0.0,2019-03-13
229,1552521600000,0.00031755843440820175,0.0,2019-03-14
230,1552608000000,0.0003100816740680055,0.0,2019-03-15
231,1552694400000,0.0003201487710077326,0.0,2019-03-16
232,1552780800000,0.0003305607120494922,0.0,2019-03-17
233,1552867200000,0.0003328842884827337,0.0,2019-03-18
234,1552953600000,0.00032375219969156386,0.0,2019-03-19
235,1553040000000,0.0003262907744388944,0.0,2019-03-20
236,1553126400000,0.00032836878807666176,0.0,2019-03-21
237,1553212800000,0.0003151801551961589,0.0,2019-03-22
238,1553299200000,0.0003116210839113872,0.0,2019-03-23
239,1553385600000,0.0003181133756118762,0.0,2019-03-24
240,1553472000000,0.0003102615543324164,0.0,2019-03-25
241,1553558400000,0.0003091591720631666,0.0,2019-03-26
242,1553644800000,0.00030453155291039756,0.0,2019-03-27
243,1553731200000,0.00032025040157562166,0.0,2019-03-28
244,1553817600000,0.00034660953627050424,0.0,2019-03-29
245,1553904000000,0.0003277935393246224,0.0,2019-03-30
246,1553990400000,0.0003222484858216913,0.0,2019-03-31
247,1554076800000,0.0003243130389482365,0.0,2019-04-01
248,1554163200000,0.0003150273030260549,0.0,2019-04-02
249,1554249600000,0.00040011008884177683,0.0,2019-04-03
250,1554336000000,0.0003790695819456692,0.0,2019-04-04
251,1554422400000,0.00036598597084965624,0.0,2019-04-05
252,1554508800000,0.0003877173330216763,0.0,2019-04-06
253,1554595200000,0.0003867285682151367,0.0,2019-04-07
254,1554681600000,0.00039787153916103076,0.0,2019-04-08
255,1554768000000,0.000526136560156479,0.0,2019-04-09
256,1554854400000,0.0005058145438061264,0.0,2019-04-10
257,1554940800000,0.00039777665579939387,0.0,2019-04-11
258,1555027200000,0.00044914730750798793,0.0,2019-04-12
259,1555113600000,0.0004226146219211919,0.0,2019-04-13
260,1555200000000,0.00039399360401401457,0.0,2019-04-14
261,1555286400000,0.0003918938923962425,0.0,2019-04-15
262,1555372800000,0.0003663868657924623,0.0,2019-04-16
263,1555459200000,0.00036455246973931876,0.0,2019-04-17
264,1555545600000,0.0003765591914523671,0.0,2019-04-18
265,1555632000000,0.00038873860208002116,0.0,2019-04-19
266,1555718400000,0.00043508907863415116,0.0,2019-04-20
267,1555804800000,0.00042737317030379585,0.0,2019-04-21
268,1555891200000,0.00043025152474041327,0.0,2019-04-22
269,1555977600000,0.0004448011179206695,0.0,2019-04-23
270,1556064000000,0.0004524951504204829,0.0,2019-04-24
271,1556150400000,0.0004607577045497551,0.0,2019-04-25
272,1556236800000,0.0004189040009905248,0.0,2019-04-26
273,1556323200000,0.0004156633781697191,0.0,2019-04-27
274,1556409600000,0.00044536630592431777,0.0,2019-04-28
275,1556496000000,0.0004589387091276477,0.0,2019-04-29
276,1556582400000,0.00044641428820127655,0.0,2019-04-30
277,1556668800000,0.0004690606297788834,0.0,2019-05-01
278,1556755200000,0.00046205713045328976,0.0,2019-05-02
279,1556841600000,0.00046445498103166215,0.0,2019-05-03
280,1556928000000,0.0004771989094787121,0.0,2019-05-04
281,1557014400000,0.00048220254074280306,0.0,2019-05-05
282,1557100800000,0.00047612356741052374,0.0,2019-05-06
283,1557187200000,0.0005263478674114514,0.0,2019-05-07
284,1557273600000,0.0006441876215548409,0.0,2019-05-08
285,1557360000000,0.0006728214509918976,0.0,2019-05-09
286,1557446400000,0.0006466969616223262,0.0,2019-05-10
287,1557532800000,0.0006930816971022527,0.0,2019-05-11
288,1557619200000,0.0007600675828914615,0.0,2019-05-12
289,1557705600000,0.0005327237956326343,0.0,2019-05-13
290,1557792000000,0.000862598853489025,0.0,2019-05-14
291,1557878400000,0.0007631796979703976,0.0,2019-05-15
292,1557964800000,0.0007638735530822242,0.0,2019-05-16
293,1558051200000,0.0007597417210722416,0.0,2019-05-17
294,1558137600000,0.0007016010514512666,0.0,2019-05-18
295,1558224000000,0.0007565895214473938,0.0,2019-05-19
296,1558310400000,0.0008113115320624104,0.0,2019-05-20
297,1558396800000,0.0007468596094697323,0.0,2019-05-21
298,1558483200000,0.0006176635435604785,0.0,2019-05-22
299,1558569600000,0.0007122286967279107,0.0,2019-05-23
300,1558656000000,0.0007467538290555786,0.0,2019-05-24
301,1558742400000,0.0007359883603408409,0.0,2019-05-25
302,1558828800000,0.0006129363610294149,0.0,2019-05-26
303,1558915200000,0.0006479214807920777,0.0,2019-05-27
304,1559001600000,0.0008179205627776926,0.0,2019-05-28
305,1559088000000,0.0008110065701491372,0.0,2019-05-29
306,1559174400000,0.000829393107536113,0.0,2019-05-30
307,1559260800000,0.0006150221811921041,0.0,2019-05-31
308,1559347200000,0.000752260539718682,0.0,2019-06-01
309,1559433600000,0.0007937384154590475,0.0,2019-06-02
310,1559520000000,0.0007756100970873719,0.0,2019-06-03
311,1559606400000,0.0006522421811262782,0.0,2019-06-04
312,1559692800000,0.0006278019612357083,0.0,2019-06-05
313,1559779200000,0.0006236313001364483,0.0,2019-06-06
314,1559865600000,0.0006379024197233836,0.0,2019-06-07
315,1559952000000,0.0007115751628935265,0.0,2019-06-08
316,1560038400000,0.0007654922180221438,0.0,2019-06-09
317,1560124800000,0.0006959975049282819,0.0,2019-06-10
318,1560211200000,0.0007264965754306866,0.0,2019-06-11
319,1560297600000,0.0007722598778596282,0.0,2019-06-12
320,1560384000000,0.0007992828777398362,0.0,2019-06-13
321,1560470400000,0.000784172802936488,0.0,2019-06-14
322,1560556800000,0.000798012916997499,0.0,2019-06-15
323,1560643200000,0.0007782066240403612,0.0,2019-06-16
324,1560729600000,0.0008614559003138155,0.0,2019-06-17
325,1560816000000,0.0007963654531152735,0.0,2019-06-18
326,1560902400000,0.0008099136431924287,0.0,2019-06-19
327,1560988800000,0.0007078514966559397,0.0,2019-06-20
328,1561075200000,0.0007212380179896757,0.0,2019-06-21
329,1561161600000,0.0007370056915285629,0.0,2019-06-22
330,1561248000000,0.0007675330871106932,0.0,2019-06-23
331,1561334400000,0.0007749551524909567,0.0,2019-06-24
332,1561420800000,0.0008743119352419347,0.0,2019-06-25
333,1561507200000,0.0008860760640622865,0.0,2019-06-26
334,1561593600000,0.0008467540949496953,0.0,2019-06-27
335,1561680000000,0.0007853097770057366,0.0,2019-06-28
336,1561766400000,0.0008090468596593046,0.0,2019-06-29
337,1561852800000,0.0007275073518477188,0.0,2019-06-30
338,1561939200000,0.0006793257194649193,0.0,2019-07-01
339,1562025600000,0.0006691553090972829,0.0,2019-07-02
340,1562112000000,0.0006983068542631274,0.0,2019-07-03
341,1562198400000,0.0007172221177774039,0.0,2019-07-04
342,1562284800000,0.0007034535021024509,0.0,2019-07-05
343,1562371200000,0.0007480114908431069,0.0,2019-07-06
344,1562457600000,0.0007001149846234865,0.0,2019-07-07
345,1562544000000,0.000770797269128561,0.0,2019-07-08
346,1562630400000,0.0007587061353854378,0.0,2019-07-09
347,1562716800000,0.0007365910073287071,0.0,2019-07-10
348,1562803200000,0.0006892188991872367,0.0,2019-07-11
349,1562889600000,0.0006339020247917457,0.0,2019-07-12
350,1562976000000,0.0006996006591492099,0.0,2019-07-13
351,1563062400000,0.0006974198241542222,0.0,2019-07-14
352,1563148800000,0.0005659630891826313,0.0,2019-07-15
353,1563235200000,0.0005873954461353949,0.0,2019-07-16
354,1563321600000,0.0006051368929581803,0.0,2019-07-17
355,1563408000000,0.0005855788412505553,0.0,2019-07-18
356,1563494400000,0.000623927251518016,0.0,2019-07-19
357,1563580800000,0.000649128854848286,0.0,2019-07-20
358,1563667200000,0.000639481661438608,0.0,2019-07-21
359,1563753600000,0.0006128585611355061,0.0,2019-07-22
360,1563840000000,0.0006111443533567635,0.0,2019-07-23
361,1563926400000,0.0005828590125429615,0.0,2019-07-24
362,1564012800000,0.0005727710421439674,0.0,2019-07-25
363,1564099200000,0.0006288151261475917,0.0,2019-07-26
364,1564185600000,0.0006449777273385002,0.0,2019-07-27
365,1564272000000,0.000622718524586201,0.0,2019-07-28
366,1564358400000,0.0006413677959778848,0.0,2019-07-29
367,1564444800000,0.000633142973834065,0.0,2019-07-30
368,1564531200000,0.0006234054314243379,0.0,2019-07-31
369,1564617600000,0.0006548678958742346,0.0,2019-08-01
370,1564704000000,0.0006266046030701128,0.0,2019-08-02
371,1564790400000,0.0006283644648254228,0.0,2019-08-03
372,1564876800000,0.0006166219279984994,0.0,2019-08-04
373,1564963200000,0.0005910889928959596,0.0,2019-08-05
374,1565049600000,0.0006347071312979347,0.0,2019-08-06
375,1565136000000,0.0006147328546078884,0.0,2019-08-07
376,1565222400000,0.0005989505926895953,0.0,2019-08-08
377,1565308800000,0.0005772844638881676,0.0,2019-08-09
378,1565395200000,0.0005870319048489317,0.0,2019-08-10
379,1565481600000,0.0005815759899853594,0.0,2019-08-11
380,1565568000000,0.0005954590786201124,0.0,2019-08-12
381,1565654400000,0.0005922927224512883,0.0,2019-08-13
382,1565740800000,0.0005380370482608986,0.0,2019-08-14
383,1565827200000,0.0005062621237064596,0.0,2019-08-15
384,1565913600000,0.0004946582649165162,0.0,2019-08-16
385,1566000000000,0.0004877888542514237,0.0,2019-08-17
386,1566086400000,0.000481424908417013,0.0,2019-08-18
387,1566172800000,0.0004784330605256786,0.0,2019-08-19
388,1566259200000,0.0004851800308415238,0.0,2019-08-20
389,1566345600000,0.0005278362070674498,0.0,2019-08-21
390,1566432000000,0.0005019499957128409,0.0,2019-08-22
391,1566518400000,0.0004968491612585346,0.0,2019-08-23
392,1566604800000,0.0005232243310114664,0.0,2019-08-24
393,1566691200000,0.0004652653048349753,0.0,2019-08-25
394,1566777600000,0.0004732076701378887,0.0,2019-08-26
395,1566864000000,0.0004988093197343684,0.0,2019-08-27
396,1566950400000,0.00047872159279752167,0.0,2019-08-28
397,1567036800000,0.00043870512152134687,0.0,2019-08-29
398,1567123200000,0.00045324063395858007,0.0,2019-08-30
399,1567209600000,0.0004530803451440345,0.0,2019-08-31
400,1567296000000,0.00042095590163431033,0.0,2019-09-01
401,1567382400000,0.0004000727098571303,0.0,2019-09-02
402,1567468800000,0.0004271603554268785,0.0,2019-09-03
403,1567555200000,0.00041506395000216,0.0,2019-09-04
404,1567641600000,0.00038577249624718987,0.0,2019-09-05
405,1567728000000,0.000382809043219016,0.0,2019-09-06
406,1567814400000,0.0004054940710193162,0.0,2019-09-07
407,1567900800000,0.0004097716880625939,0.0,2019-09-08
408,1567987200000,0.0003999491144078971,0.0,2019-09-09
409,1568073600000,0.00037877520805050107,0.0,2019-09-10
410,1568160000000,0.0003994156727387359,0.0,2019-09-11
411,1568246400000,0.00038412630329205536,0.0,2019-09-12
412,1568332800000,0.00038578955548947396,0.0,2019-09-13
413,1568419200000,0.0003966592131695225,0.0,2019-09-14
414,1568505600000,0.0003894212614526474,0.0,2019-09-15
415,1568592000000,0.00038234087422238096,0.0,2019-09-16
416,1568678400000,0.0003702354469214269,0.0,2019-09-17
417,1568764800000,0.0003739295836142228,0.0,2019-09-18
418,1568851200000,0.00037860161416439377,0.0,2019-09-19
419,1568937600000,0.00038872629494037246,0.0,2019-09-20
420,1569024000000,0.00036069755100731697,0.0,2019-09-21
421,1569110400000,0.0003614905108213198,0.0,2019-09-22
422,1569196800000,0.00036202824127894954,0.0,2019-09-23
423,1569283200000,0.0003386325331662813,0.0,2019-09-24
424,1569369600000,0.00027691427373873417,0.0,2019-09-25
425,1569456000000,0.0002768943640240718,0.0,2019-09-26
426,1569542400000,0.0002673790086481021,0.0,2019-09-27
427,1569628800000,0.00028248667785548206,0.0,2019-09-28
428,1569715200000,0.0002939795353720682,0.0,2019-09-29
429,1569801600000,0.0002947788529278202,0.0,2019-09-30
430,1569888000000,0.0003113970709938705,0.0,2019-10-01
431,1569974400000,0.0002779383104698347,0.0,2019-10-02
432,1570060800000,0.0002779383104698347,0.0,2019-10-03
433,1570147200000,0.00030397339421927303,0.0,2019-10-04
434,1570233600000,0.0003052990615201592,0.0,2019-10-05
435,1570320000000,0.0003071008472874768,0.0,2019-10-06
436,1570406400000,0.00029615430513137267,0.0,2019-10-07
437,1570492800000,0.0002912410038131587,0.0,2019-10-08
438,1570579200000,0.0003147801516741603,0.0,2019-10-09
439,1570665600000,0.000289093123229802,0.0,2019-10-10
440,1570752000000,0.00030588099807399077,0.0,2019-10-11
441,1570838400000,0.0003092827327607442,0.0,2019-10-12
442,1570924800000,0.00031853333487009787,0.0,2019-10-13
443,1571011200000,0.0003136181322453072,0.0,2019-10-14
444,1571097600000,0.0003080420831700906,0.0,2019-10-15
445,1571184000000,0.0003082032775105514,0.0,2019-10-16
446,1571270400000,0.00028362334506703586,0.0,2019-10-17
447,1571356800000,0.00029456547542083475,0.0,2019-10-18
448,1571443200000,0.000305454702825881,0.0,2019-10-19
449,1571529600000,0.00028817356302468484,0.0,2019-10-20
450,1571616000000,0.0003022708154750097,0.0,2019-10-21
451,1571702400000,0.0002804674937105032,0.0,2019-10-22
452,1571788800000,0.0002771871364102617,0.0,2019-10-23
453,1571875200000,0.00025069987753871504,0.0,2019-10-24
454,1571961600000,0.0002760049514744442,0.0,2019-10-25
455,1572048000000,0.00032671766711211834,0.0,2019-10-26
456,1572134400000,0.0003049411457876119,0.0,2019-10-27
457,1572220800000,0.00030879163731221244,0.0,2019-10-28
458,1572307200000,0.0003098648809492627,0.0,2019-10-29
459,1572393600000,0.0003026213111949521,0.0,2019-10-30
460,1572480000000,0.0002883551574365747,0.0,2019-10-31
461,1572566400000,0.0003004296912018721,0.0,2019-11-01
462,1572652800000,0.0003014731622093207,0.0,2019-11-02
463,1572739200000,0.000297845837125586,0.0,2019-11-03
464,1572825600000,0.00029088018387639185,0.0,2019-11-04
465,1572912000000,0.0002966440711757045,0.0,2019-11-05
466,1572998400000,0.00029434431318738676,0.0,2019-11-06
467,1573084800000,0.0003001475770748694,0.0,2019-11-07
468,1573171200000,0.0003301328912448678,0.0,2019-11-08
469,1573257600000,0.00029164299228896204,0.0,2019-11-09
470,1573344000000,0.0003049635912636278,0.0,2019-11-10
471,1573430400000,0.0003251065415001946,0.0,2019-11-11
472,1573516800000,0.00035214554057004803,0.0,2019-11-12
473,1573603200000,0.0003250138784995362,0.0,2019-11-13
474,1573689600000,0.0003126495025654547,0.0,2019-11-14
475,1573776000000,0.0002944641604401875,0.0,2019-11-15
476,1573862400000,0.000298377424210326,0.0,2019-11-16
477,1573948800000,0.00025081908342024266,0.0,2019-11-17
478,1574035200000,0.000256637770664415,0.0,2019-11-18
479,1574121600000,0.00024853038614335824,0.0,2019-11-19
480,1574208000000,0.0002929818570607954,0.0,2019-11-20
481,1574294400000,0.000311709381555156,0.0,2019-11-21
482,1574380800000,0.00030310952762479837,0.0,2019-11-22
483,1574467200000,0.0002930930014847254,0.0,2019-11-23
484,1574553600000,0.0002833096784942892,0.0,2019-11-24
485,1574640000000,0.0002727782158964921,0.0,2019-11-25
486,1574726400000,0.00027574442827386176,0.0,2019-11-26
487,1574812800000,0.00029014452599792473,0.0,2019-11-27
488,1574899200000,0.00028544816739960123,0.0,2019-11-28
489,1574985600000,0.000279563408765332,0.0,2019-11-29
490,1575072000000,0.0002670675350423678,0.0,2019-11-30
491,1575158400000,0.00034595052226963306,0.0,2019-12-01
492,1575244800000,0.0003318640656139922,0.0,2019-12-02
493,1575331200000,0.000317149986864632,0.0,2019-12-03
494,1575417600000,0.0003088353545004382,0.0,2019-12-04
495,1575504000000,0.00030871354150156544,0.0,2019-12-05
496,1575590400000,0.0003216976858975902,0.0,2019-12-06
497,1575676800000,0.00034710073759820846,0.0,2019-12-07
498,1575763200000,0.0003465195433740694,0.0,2019-12-08
499,1575849600000,0.000340048916847443,0.0,2019-12-09
500,1575936000000,0.0003408389890982927,0.0,2019-12-10
501,1576022400000,0.0003486851884418083,0.0,2019-12-11
502,1576108800000,0.0003344470116979447,0.0,2019-12-12
503,1576195200000,0.0003392916903931174,0.0,2019-12-13
504,1576281600000,0.00034552443741427054,0.0,2019-12-14
505,1576368000000,0.00033933951551799344,0.0,2019-12-15
506,1576454400000,0.00033904446313888373,0.0,2019-12-16
507,1576540800000,0.00033013403963570167,0.0,2019-12-17
508,1576627200000,0.00031081982032785766,0.0,2019-12-18
509,1576713600000,0.0003167914084658392,0.0,2019-12-19
510,1576800000000,0.0003130521452035431,0.0,2019-12-20
511,1576886400000,0.00031026470328278095,0.0,2019-12-21
512,1576972800000,0.0003284515256637441,0.0,2019-12-22
513,1577059200000,0.00034398744999630733,0.0,2019-12-23
514,1577145600000,0.0003244181648157637,0.0,2019-12-24
515,1577232000000,0.00029461254831749273,0.0,2019-12-25
516,1577318400000,0.0003235385055014943,0.0,2019-12-26
517,1577404800000,0.00031348219129454544,0.0,2019-12-27
518,1577491200000,0.00032680040295515717,0.0,2019-12-28
519,1577577600000,0.00032254304439150095,0.0,2019-12-29
520,1577664000000,0.00033831644113113235,0.0,2019-12-30
521,1577750400000,0.00032299117090243924,0.0,2019-12-31
522,1577836800000,0.00032622730579930873,0.0,2020-01-01
523,1577923200000,0.0003246885222753995,0.0,2020-01-02
524,1578009600000,0.0003117729032870733,0.0,2020-01-03
525,1578096000000,0.0003218991124746935,0.0,2020-01-04
526,1578182400000,0.00030927297508443754,0.0,2020-01-05
527,1578268800000,0.0002975662590087443,0.0,2020-01-06
528,1578355200000,0.000318587674041091,0.0,2020-01-07
529,1578441600000,0.0003179084260452773,0.0,2020-01-08
530,1578528000000,0.0003086616955567985,0.0,2020-01-09
531,1578614400000,0.0003114626960703657,0.0,2020-01-10
532,1578700800000,0.00032298456344131044,0.0,2020-01-11
533,1578787200000,0.0003180695254671181,0.0,2020-01-12
534,1578873600000,0.00030785620695065053,0.0,2020-01-13
535,1578960000000,0.0003084661861975918,0.0,2020-01-14
536,1579046400000,0.00033017362654911306,0.0,2020-01-15
537,1579132800000,0.00031451886536516805,0.0,2020-01-16
538,1579219200000,0.00031667221394964727,0.0,2020-01-17
539,1579305600000,0.00032746940442554334,0.0,2020-01-18
540,1579392000000,0.00030285621763735443,0.0,2020-01-19
541,1579478400000,0.0003213467056144096,0.0,2020-01-20
542,1579564800000,0.00031684127898477587,0.0,2020-01-21
543,1579651200000,0.0003139357316284104,0.0,2020-01-22
544,1579737600000,0.00030802831177870915,0.0,2020-01-23
545,1579824000000,0.00028272056305071074,0.0,2020-01-24
546,1579910400000,0.00031008857598171147,0.0,2020-01-25
547,1579996800000,0.00029608831079315674,0.0,2020-01-26
548,1580083200000,0.0003004134279609141,0.0,2020-01-27
549,1580169600000,0.0003095332430091154,0.0,2020-01-28
550,1580256000000,0.0003174069443449556,0.0,2020-01-29
551,1580342400000,0.0002909639171496516,0.0,2020-01-30
552,1580428800000,0.00029124604764154283,0.0,2020-01-31
553,1580515200000,0.0002968406516269133,0.0,2020-02-01
554,1580601600000,0.0002968839482929798,0.0,2020-02-02
555,1580688000000,0.00031430086714005024,0.0,2020-02-03
556,1580774400000,0.0002775872901160032,0.0,2020-02-04
557,1580860800000,0.00027332030747337116,0.0,2020-02-05
558,1580947200000,0.00027154790409904923,0.0,2020-02-06
559,1581033600000,0.00028564477520176594,0.0,2020-02-07
560,1581120000000,0.00028784352040430795,0.0,2020-02-08
561,1581206400000,0.0002778813517057386,0.0,2020-02-09
562,1581292800000,0.00029378258518451096,0.0,2020-02-10
563,1581379200000,0.0002854362549685774,0.0,2020-02-11
564,1581465600000,0.0003222094223920662,0.0,2020-02-12
565,1581552000000,0.00035336061810026687,0.0,2020-02-13
566,1581638400000,0.0003385084098688622,0.0,2020-02-14
567,1581724800000,0.0003567980655049388,0.0,2020-02-15
568,1581811200000,0.000311101365878066,0.0,2020-02-16
569,1581897600000,0.00029730282072143373,0.0,2020-02-17
570,1581984000000,0.00032370387855195384,0.0,2020-02-18
571,1582070400000,0.0003071872458216892,0.0,2020-02-19
572,1582156800000,0.00026746759429873324,0.0,2020-02-20
573,1582243200000,0.0002927287245690809,0.0,2020-02-21
574,1582329600000,0.00026453137868861284,0.0,2020-02-22
575,1582416000000,0.00029921105107505577,0.0,2020-02-23
576,1582502400000,0.0002993944580954736,0.0,2020-02-24
577,1582588800000,0.00029435081553486335,0.0,2020-02-25
578,1582675200000,0.00028638931936073833,0.0,2020-02-26
579,1582761600000,0.0002835451976330638,0.0,2020-02-27
580,1582848000000,0.00025806557582216483,0.0,2020-02-28
581,1582934400000,0.0002582509354551903,0.0,2020-02-29
582,1583020800000,0.0002548693379822189,0.0,2020-03-01
583,1583107200000,0.0002474755812187079,0.0,2020-03-02
584,1583193600000,0.0002754875402427008,0.0,2020-03-03
585,1583280000000,0.00027496033194094775,0.0,2020-03-04
586,1583366400000,0.0003121177032501832,0.0,2020-03-05
587,1583452800000,0.0003005913160911861,0.0,2020-03-06
588,1583539200000,0.00030649649412677917,0.0,2020-03-07
589,1583625600000,0.00030507091335915687,0.0,2020-03-08
590,1583712000000,0.0002747905997460186,0.0,2020-03-09
591,1583798400000,0.0002771908115509006,0.0,2020-03-10
592,1583884800000,0.0002880077649542674,0.0,2020-03-11
593,1583971200000,0.00027114413133548325,0.0,2020-03-12
594,1584057600000,0.00017345870785577983,0.0,2020-03-13
595,1584144000000,0.0001991379167899878,0.0,2020-03-14
596,1584230400000,0.00018004001059668918,0.0,2020-03-15
597,1584316800000,0.00018772943434625555,0.0,2020-03-16
598,1584403200000,0.0001881887143473553,0.0,2020-03-17
599,1584489600000,0.00019722858345703684,0.0,2020-03-18
600,1584576000000,0.00020798154384632058,0.0,2020-03-19
601,1584662400000,0.00022673942134470503,0.0,2020-03-20
602,1584748800000,0.0002135660767501111,0.0,2020-03-21
603,1584835200000,0.00022387442226200676,0.0,2020-03-22
604,1584921600000,0.00024638658917708307,0.0,2020-03-23
605,1585008000000,0.0002550895355125286,0.0,2020-03-24
606,1585094400000,0.00023855406468842178,0.0,2020-03-25
607,1585180800000,0.00024028159663037763,0.0,2020-03-26
608,1585267200000,0.000256114015242242,0.0,2020-03-27
609,1585353600000,0.00026265118808780805,0.0,2020-03-28
610,1585440000000,0.00025026752599190046,0.0,2020-03-29
611,1585526400000,0.00023711266540132067,0.0,2020-03-30
612,1585612800000,0.00023981690733567977,0.0,2020-03-31
613,1585699200000,0.00025083397280927015,0.0,2020-04-01
614,1585785600000,0.0002582763678585567,0.0,2020-04-02
615,1585872000000,0.00025130272484029506,0.0,2020-04-03
616,1585958400000,0.00025349533127967607,0.0,2020-04-04
617,1586044800000,0.00026059529252299034,0.0,2020-04-05
618,1586131200000,0.00025984185992979384,0.0,2020-04-06
619,1586217600000,0.00029569458283680496,0.0,2020-04-07
620,1586304000000,0.0003146235280398457,0.0,2020-04-08
621,1586390400000,0.00031489076775807995,0.0,2020-04-09
622,1586476800000,0.0003221688481900513,0.0,2020-04-10
623,1586563200000,0.00030048635959692714,0.0,2020-04-11
624,1586649600000,0.0002746031917954974,0.0,2020-04-12
625,1586736000000,0.0002929333368728845,0.0,2020-04-13
626,1586822400000,0.00031457302271783923,0.0,2020-04-14
627,1586908800000,0.00029419716409346424,0.0,2020-04-15
628,1586995200000,0.00031418325395964476,0.0,2020-04-16
629,1587081600000,0.00035077008271626773,0.0,2020-04-17
630,1587168000000,0.0004697301378129615,0.0,2020-04-18
631,1587254400000,0.00047041020758364476,0.0,2020-04-19
632,1587340800000,0.0004644029311053779,0.0,2020-04-20
633,1587427200000,0.00037864518406328354,0.0,2020-04-21
634,1587513600000,0.0004158476081588914,0.0,2020-04-22
635,1587600000000,0.0004422036704682289,0.0,2020-04-23
636,1587686400000,0.0005310165907391835,0.0,2020-04-24
637,1587772800000,0.0005183277475526941,0.0,2020-04-25
638,1587859200000,0.000503174458410835,0.0,2020-04-26
639,1587945600000,0.0004926863777269222,0.0,2020-04-27
640,1588032000000,0.0004284356754050184,0.0,2020-04-28
641,1588118400000,0.00039657032526838764,0.0,2020-04-29
642,1588204800000,0.00041828105703687837,0.0,2020-04-30
643,1588291200000,0.0003574768702841444,0.0,2020-05-01
644,1588377600000,0.000409392236696775,0.0,2020-05-02
645,1588464000000,0.00040273218002136917,0.0,2020-05-03
646,1588550400000,0.00037892194992826333,0.0,2020-05-04
647,1588636800000,0.00038962734274383237,0.0,2020-05-05
648,1588723200000,0.00039507681313334924,0.0,2020-05-06
649,1588809600000,0.00038522718938171954,0.0,2020-05-07
650,1588896000000,0.00043474261343492347,0.0,2020-05-08
651,1588982400000,0.00041157887024492984,0.0,2020-05-09
652,1589068800000,0.0003955128717845179,0.0,2020-05-10
653,1589155200000,0.0003629786128765706,0.0,2020-05-11
654,1589241600000,0.00037199648761036,0.0,2020-05-12
655,1589328000000,0.0003613754266962158,0.0,2020-05-13
656,1589414400000,0.0004031719380578669,0.0,2020-05-14
657,1589500800000,0.00040561542008170825,0.0,2020-05-15
658,1589587200000,0.00041144884422927256,0.0,2020-05-16
659,1589673600000,0.0003958502163103323,0.0,2020-05-17
660,1589760000000,0.00038506581906126453,0.0,2020-05-18
661,1589846400000,0.00040088869406709293,0.0,2020-05-19
662,1589932800000,0.0003381782176102251,0.0,2020-05-20
663,1590019200000,0.0003238696044293926,0.0,2020-05-21
664,1590105600000,0.00038083152093853334,0.0,2020-05-22
665,1590192000000,0.0004197894615035353,0.0,2020-05-23
666,1590278400000,0.0003999352812194791,0.0,2020-05-24
667,1590364800000,0.0004433900627320182,0.0,2020-05-25
668,1590451200000,0.0004472926496910801,0.0,2020-05-26
669,1590537600000,0.00042892401346116324,0.0,2020-05-27
670,1590624000000,0.0004263417504008235,0.0,2020-05-28
671,1590710400000,0.0004966832097332677,0.0,2020-05-29
672,1590796800000,0.00048353823959494424,0.0,2020-05-30
673,1590883200000,0.0005413058370565702,0.0,2020-05-31
674,1590969600000,0.0005015008657537607,0.0,2020-06-01
675,1591056000000,0.0005028328892011749,0.0,2020-06-02
676,1591142400000,0.00048718781805192783,0.0,2020-06-03
677,1591228800000,0.0004249774678828123,0.0,2020-06-04
678,1591315200000,0.00045690689063753153,0.0,2020-06-05
679,1591401600000,0.00045686150726165545,0.0,2020-06-06
680,1591488000000,0.0004515922509216269,0.0,2020-06-07
681,1591574400000,0.0004188641677027624,0.0,2020-06-08
682,1591660800000,0.00042767858511777695,0.0,2020-06-09
683,1591747200000,0.00042358674197839555,0.0,2020-06-10
684,1591833600000,0.0004468364863860112,0.0,2020-06-11
685,1591920000000,0.00044831727570474104,0.0,2020-06-12
686,1592006400000,0.00040903490922151954,0.0,2020-06-13
687,1592092800000,0.00044757858611280983,0.0,2020-06-14
688,1592179200000,0.00040379583195981384,0.0,2020-06-15
689,1592265600000,0.0003828698560842993,0.0,2020-06-16
690,1592352000000,0.00039237796419184416,0.0,2020-06-17
691,1592438400000,0.0003661721449179727,0.0,2020-06-18
692,1592524800000,0.00040550041174745497,0.0,2020-06-19
693,1592611200000,0.0003610989568081481,0.0,2020-06-20
694,1592697600000,0.0003571845733328717,0.0,2020-06-21
695,1592784000000,0.00038894411188065427,0.0,2020-06-22
696,1592870400000,0.000385739020673005,0.0,2020-06-23
697,1592956800000,0.00040655778138981883,0.0,2020-06-24
698,1593043200000,0.0004275603002953995,0.0,2020-06-25
699,1593129600000,0.0003777289746781036,0.0,2020-06-26
700,1593216000000,0.0004042859877839469,0.0,2020-06-27
701,1593302400000,0.00038147859480344964,0.0,2020-06-28
702,1593388800000,0.0004062574152211573,0.0,2020-06-29
703,1593475200000,0.0004026120413115667,0.0,2020-06-30
704,1593561600000,0.00038999282231570205,0.0,2020-07-01
705,1593648000000,0.00038700183495804264,0.0,2020-07-02
706,1593734400000,0.0003866378446120207,0.0,2020-07-03
707,1593820800000,0.0004122029927765034,0.0,2020-07-04
708,1593907200000,0.0003899007468137061,0.0,2020-07-05
709,1593993600000,0.0003877651257306692,0.0,2020-07-06
710,1594080000000,0.0004045601916618746,0.0,2020-07-07
711,1594166400000,0.0003908878913379306,0.0,2020-07-08
712,1594252800000,0.00039117213819642047,0.0,2020-07-09
713,1594339200000,0.00034736005369349004,0.0,2020-07-10
714,1594425600000,0.0003920482068306622,0.0,2020-07-11
715,1594512000000,0.00039248697876326146,0.0,2020-07-12
716,1594598400000,0.0003829159283704692,0.0,2020-07-13
717,1594684800000,0.00038570058997076755,0.0,2020-07-14
718,1594771200000,0.0003748885301480345,0.0,2020-07-15
719,1594857600000,0.00037703498840378134,0.0,2020-07-16
720,1594944000000,0.00035936216723893646,0.0,2020-07-17
721,1595030400000,0.000356799019358736,0.0,2020-07-18
722,1595116800000,0.0003648638357618944,0.0,2020-07-19
723,1595203200000,0.0003607879902903848,0.0,2020-07-20
724,1595289600000,0.00036800825050015395,0.0,2020-07-21
725,1595376000000,0.00036518415859410823,0.0,2020-07-22
726,1595462400000,0.000386711258074307,0.0,2020-07-23
727,1595548800000,0.00035256141162080633,0.0,2020-07-24
728,1595635200000,0.0003835242348292772,0.0,2020-07-25
729,1595721600000,0.0003589889560208241,0.0,2020-07-26
730,1595808000000,0.0003937108555934844,0.0,2020-07-27
731,1595894400000,0.0003938723042058396,0.0,2020-07-28
732,1595980800000,0.00041144681667753467,0.0,2020-07-29
733,1596067200000,0.0004098909738302831,0.0,2020-07-30
734,1596153600000,0.0004035876868392167,0.0,2020-07-31
735,1596240000000,0.0003778246677372388,0.0,2020-08-01
736,1596326400000,0.00036672505869148086,0.0,2020-08-02
737,1596412800000,0.00037085623972070057,0.0,2020-08-03
738,1596499200000,0.00035389302453972126,0.0,2020-08-04
739,1596585600000,0.0003475405313009807,0.0,2020-08-05
740,1596672000000,0.00036138011001690283,0.0,2020-08-06
741,1596758400000,0.00047095765685514036,0.0,2020-08-07
742,1596844800000,0.0004506351115952261,0.0,2020-08-08
743,1596931200000,0.0004850395142440447,0.0,2020-08-09
744,1597017600000,0.0005244804423713262,0.0,2020-08-10
745,1597104000000,0.0005864180513890558,0.0,2020-08-11
746,1597190400000,0.0006531328043417184,0.0,2020-08-12
747,1597276800000,0.0006943836542015609,0.0,2020-08-13
748,1597363200000,0.0006869902394155832,0.0,2020-08-14
749,1597449600000,0.0006889469325176172,0.0,2020-08-15
750,1597536000000,0.0007137015994950272,0.0,2020-08-16
751,1597622400000,0.0007411869506712559,0.0,2020-08-17
752,1597708800000,0.0008024822040926163,0.0,2020-08-18
753,1597795200000,0.0007707389475024582,0.0,2020-08-19
754,1597881600000,0.0006831396698849655,0.0,2020-08-20
755,1597968000000,0.0007343791313139321,0.0,2020-08-21
756,1598054400000,0.0007057643183203912,0.0,2020-08-22
757,1598140800000,0.0007551299827531934,0.0,2020-08-23
758,1598227200000,0.0006591633834796143,0.0,2020-08-24
759,1598313600000,0.0006765918683124915,0.0,2020-08-25
760,1598400000000,0.0006764122560557547,0.0,2020-08-26
761,1598486400000,0.0007522344379462625,0.0,2020-08-27
762,1598572800000,0.0007505738886451779,0.0,2020-08-28
763,1598659200000,0.0007016422500028152,0.0,2020-08-29
764,1598745600000,0.0007809629553878286,0.0,2020-08-30
765,1598832000000,0.0007463283599581499,0.0,2020-08-31
766,1598918400000,0.0007443875628417899,0.0,2020-09-01
767,1599004800000,0.0007468317105638532,0.0,2020-09-02
768,1599091200000,0.000787742969444175,0.0,2020-09-03
769,1599177600000,0.0006733290435362775,0.0,2020-09-04
770,1599264000000,0.0006678560162344917,0.0,2020-09-05
771,1599350400000,0.000702486394523739,0.0,2020-09-06
772,1599436800000,0.0007059654164212696,0.0,2020-09-07
773,1599523200000,0.0006779011507403895,0.0,2020-09-08
774,1599609600000,0.0006525931579240623,0.0,2020-09-09
775,1599696000000,0.0007104280700660106,0.0,2020-09-10
776,1599782400000,0.0006805856682346386,0.0,2020-09-11
777,1599868800000,0.000711974647737773,0.0,2020-09-12
778,1599955200000,0.0006937735373400777,0.0,2020-09-13
779,1600041600000,0.0007167666172394689,0.0,2020-09-14
780,1600128000000,0.0006807290975428328,0.0,2020-09-15
781,1600214400000,0.0007220522142615665,0.0,2020-09-16
782,1600300800000,0.0007772385831396343,0.0,2020-09-17
783,1600387200000,0.0007339645286963934,0.0,2020-09-18
784,1600473600000,0.0008924579718633919,0.0,2020-09-19
785,1600560000000,0.0009903298095724792,0.0,2020-09-20
786,1600646400000,0.0009880505069844146,0.0,2020-09-21
787,1600732800000,0.0010098056226223574,0.0,2020-09-22
788,1600819200000,0.0010044405932389542,0.0,2020-09-23
789,1600905600000,0.0008922980627226611,0.0,2020-09-24
790,1600992000000,0.0010152955859525704,0.0,2020-09-25
791,1601078400000,0.0009191259408735561,0.0,2020-09-26
792,1601164800000,0.0009921338597901808,0.0,2020-09-27
793,1601251200000,0.0009927780636371372,0.0,2020-09-28
794,1601337600000,0.0009526821777270711,0.0,2020-09-29
795,1601424000000,0.0010486210205031927,0.0,2020-09-30
796,1601510400000,0.0010318864107353167,0.0,2020-10-01
797,1601596800000,0.0010375206773139412,0.0,2020-10-02
798,1601683200000,0.001029151410321372,0.0,2020-10-03
799,1601769600000,0.000914606769629124,0.0,2020-10-04
800,1601856000000,0.0009639538986448474,0.0,2020-10-05
801,1601942400000,0.001438071132056702,0.0,2020-10-06
802,1602028800000,0.0015785105968613013,0.0,2020-10-07
803,1602115200000,0.0016228128750859553,0.0,2020-10-08
804,1602201600000,0.0015573477317524882,0.0,2020-10-09
805,1602288000000,0.001304313208318382,0.0,2020-10-10
806,1602374400000,0.0014684544500913113,0.0,2020-10-11
807,1602460800000,0.0015267766009185852,0.0,2020-10-12
808,1602547200000,0.0014640670426317285,0.0,2020-10-13
809,1602633600000,0.0014019042713444478,0.0,2020-10-14
810,1602720000000,0.0014750098990165606,0.0,2020-10-15
811,1602806400000,0.0013190119171960022,0.0,2020-10-16
812,1602892800000,0.0010840415201288803,0.0,2020-10-17
813,1602979200000,0.0010794129449342832,0.0,2020-10-18
814,1603065600000,0.0011216947756928842,0.0,2020-10-19
815,1603152000000,0.0011576046666016311,0.0,2020-10-20
816,1603238400000,0.0011702563591150703,0.0,2020-10-21
817,1603324800000,0.0020368934696094578,0.0,2020-10-22
818,1603411200000,0.0015153102477571442,0.0,2020-10-23
819,1603497600000,0.001417617927157685,0.0,2020-10-24
820,1603584000000,0.0013021661557604102,0.0,2020-10-25
821,1603670400000,0.0013379176000399887,0.0,2020-10-26
822,1603756800000,0.0012630561056424993,0.0,2020-10-27
823,1603843200000,0.0012217515830231225,0.0,2020-10-28
824,1603929600000,0.0011446828739242571,0.0,2020-10-29
825,1604016000000,0.001060653320847529,0.0,2020-10-30
826,1604102400000,0.0010362231464569247,0.0,2020-10-31
827,1604188800000,0.0010962701912947215,0.0,2020-11-01
828,1604275200000,0.0010481605122816347,0.0,2020-11-02
829,1604361600000,0.0010361916546054559,0.0,2020-11-03
830,1604448000000,0.0010662210961115831,0.0,2020-11-04
831,1604534400000,0.001114447954649067,0.0,2020-11-05
832,1604620800000,0.0011100507973911891,0.0,2020-11-06
833,1604707200000,0.0011399426813602379,0.0,2020-11-07
834,1604793600000,0.0011140447379681237,0.0,2020-11-08
835,1604880000000,0.001131141035521338,0.0,2020-11-09
836,1604966400000,0.0011789549353367797,0.0,2020-11-10
837,1605052800000,0.0011726214109576004,0.0,2020-11-11
838,1605139200000,0.0012583620623187518,0.0,2020-11-12
839,1605225600000,0.001461537306083332,0.0,2020-11-13
840,1605312000000,0.0013530529041913368,0.0,2020-11-14
841,1605398400000,0.0012628512241913425,0.0,2020-11-15
842,1605484800000,0.0012899983259697218,0.0,2020-11-16
843,1605571200000,0.0013094322475793645,0.0,2020-11-17
844,1605657600000,0.0012475657498139758,0.0,2020-11-18
845,1605744000000,0.0012011531021404714,0.0,2020-11-19
846,1605830400000,0.0011575645597314346,0.0,2020-11-20
847,1605916800000,0.00118367158407611,0.0,2020-11-21
848,1606003200000,0.0011835765420882274,0.0,2020-11-22
849,1606089600000,0.001291114477785035,0.0,2020-11-23
850,1606176000000,0.001481404632917126,0.0,2020-11-24
851,1606262400000,0.0014411098435318907,0.0,2020-11-25
852,1606348800000,0.0014911637288532115,0.0,2020-11-26
853,1606435200000,0.0013735979806218895,0.0,2020-11-27
854,1606521600000,0.0013935985300912877,0.0,2020-11-28
855,1606608000000,0.001430564420428626,0.0,2020-11-29
856,1606694400000,0.0014842134027773588,0.0,2020-11-30
857,1606780800000,0.0015274264702415969,0.0,2020-12-01
858,1606867200000,0.0024132530863323265,0.0,2020-12-02
859,1606953600000,0.0022262110259012122,0.0,2020-12-03
860,1607040000000,0.0023984600364911402,0.0,2020-12-04
861,1607126400000,0.0022602405711677986,0.0,2020-12-05
862,1607212800000,0.003959116671059919,0.0,2020-12-06
863,1607299200000,0.005166975799558533,0.0,2020-12-07
864,1607385600000,0.0042762341721886464,0.0,2020-12-08
865,1607472000000,0.003258331419778774,0.0,2020-12-09
866,1607558400000,0.003412104242524488,0.0,2020-12-10
867,1607644800000,0.003200357943572268,0.0,2020-12-11
868,1607731200000,0.0030226489927924136,0.0,2020-12-12
869,1607817600000,0.0031962777279258,0.0,2020-12-13
870,1607904000000,0.0032422338885589046,0.0,2020-12-14
871,1607990400000,0.0031376339656746196,0.0,2020-12-15
872,1608076800000,0.003314007343221224,0.0,2020-12-16
873,1608163200000,0.003160399619878253,0.0,2020-12-17
874,1608249600000,0.003165120007900425,0.0,2020-12-18
875,1608336000000,0.0033673602597945407,0.0,2020-12-19
876,1608422400000,0.003403126841426445,0.0,2020-12-20
877,1608508800000,0.0034667481971930344,0.0,2020-12-21
878,1608595200000,0.0031499216298742604,0.0,2020-12-22
879,1608681600000,0.003093014742056332,0.0,2020-12-23
880,1608768000000,0.00252192636446727,0.0,2020-12-24
881,1608854400000,0.0027519089468195958,0.0,2020-12-25
882,1608940800000,0.002682252068507258,0.0,2020-12-26
883,1609027200000,0.0026269566760743815,0.0,2020-12-27
884,1609113600000,0.002585762341248614,0.0,2020-12-28
885,1609200000000,0.002628136501141687,0.0,2020-12-29
886,1609286400000,0.002773056396887137,0.0,2020-12-30
887,1609372800000,0.0028375600504370042,0.0,2020-12-31
888,1609459200000,0.0028098775255824774,0.0,2021-01-01
889,1609545600000,0.0029476485634202525,0.0,2021-01-02
890,1609632000000,0.002845709435302039,0.0,2021-01-03
891,1609718400000,0.0026966178362054605,0.0,2021-01-04
892,1609804800000,0.002612470095653457,0.0,2021-01-05
893,1609891200000,0.0026402769368449298,0.0,2021-01-06
894,1609977600000,0.002656375894927009,0.0,2021-01-07
895,1610064000000,0.002697751761525763,0.0,2021-01-08
896,1610150400000,0.002844358918296247,0.0,2021-01-09
897,1610236800000,0.003043937545785576,0.0,2021-01-10
898,1610323200000,0.0028180707777132608,0.0,2021-01-11
899,1610409600000,0.00257576459689883,0.0,2021-01-12
900,1610496000000,0.0025444407432274364,0.0,2021-01-13
901,1610582400000,0.002660120990911943,0.0,2021-01-14
902,1610668800000,0.0027194993941870747,0.0,2021-01-15
903,1610755200000,0.0026803542323979588,0.0,2021-01-16
904,1610841600000,0.002839803820096784,0.0,2021-01-17
905,1610928000000,0.0027374561926117413,0.0,2021-01-18
906,1611014400000,0.002772573579508039,0.0,2021-01-19
907,1611100800000,0.002850143247984441,0.0,2021-01-20
908,1611187200000,0.0028585049142934556,0.0,2021-01-21
909,1611273600000,0.0026175718980281037,0.0,2021-01-22
910,1611360000000,0.002684031664912717,0.0,2021-01-23
911,1611446400000,0.0026543946320827256,0.0,2021-01-24
912,1611532800000,0.002692574368515174,0.0,2021-01-25
913,1611619200000,0.0026890392864060073,0.0,2021-01-26
914,1611705600000,0.0026418682603548977,0.0,2021-01-27
915,1611792000000,0.0025185980669908707,0.0,2021-01-28
916,1611878400000,0.002576960301929892,0.0,2021-01-29
917,1611964800000,0.0025693326807823213,0.0,2021-01-30
918,1612051200000,0.0025084001784852514,0.0,2021-01-31
919,1612137600000,0.002530456925143041,0.0,2021-02-01
920,1612224000000,0.002484832188960975,0.0,2021-02-02
921,1612310400000,0.0025813291337969686,0.0,2021-02-03
922,1612396800000,0.002786280694568206,0.0,2021-02-04
923,1612483200000,0.002772448370906009,0.0,2021-02-05
924,1612569600000,0.002882497451873243,0.0,2021-02-06
925,1612656000000,0.0027925329810427144,0.0,2021-02-07
926,1612742400000,0.0027239522188285017,0.0,2021-02-08
927,1612828800000,0.0028393245735157794,0.0,2021-02-09
928,1612915200000,0.0036261964885313646,0.0,2021-02-10
929,1613001600000,0.0033523627725352383,0.0,2021-02-11
930,1613088000000,0.003517210007759303,0.0,2021-02-12
931,1613174400000,0.00366724598582663,0.0,2021-02-13
932,1613260800000,0.003821208099259867,0.0,2021-02-14
933,1613347200000,0.003639138921888442,0.0,2021-02-15
934,1613433600000,0.0034316140422013903,0.0,2021-02-16
935,1613520000000,0.0035320565655879415,0.0,2021-02-17
936,1613606400000,0.004050036507573477,0.0,2021-02-18
937,1613692800000,0.005963719462569622,0.0,2021-02-19
938,1613779200000,0.006800502428240243,0.0,2021-02-20
939,1613865600000,0.007161970110749012,0.0,2021-02-21
940,1613952000000,0.007252874631941703,0.0,2021-02-22
941,1614038400000,0.0067169391517015245,0.0,2021-02-23
942,1614124800000,0.005335629564295609,0.0,2021-02-24
943,1614211200000,0.005864803475795704,0.0,2021-02-25
944,1614297600000,0.005821898387512436,0.0,2021-02-26
945,1614384000000,0.0059833249973967,0.0,2021-02-27
946,1614470400000,0.006277017053166829,0.0,2021-02-28
947,1614556800000,0.005673139414924868,0.0,2021-03-01
948,1614643200000,0.0062445942856984675,0.0,2021-03-02
949,1614729600000,0.006061337154385717,0.0,2021-03-03
950,1614816000000,0.006787736665027573,0.0,2021-03-04
951,1614902400000,0.0067200114764048875,0.0,2021-03-05
952,1614988800000,0.0074409546592021595,0.0,2021-03-06
953,1615075200000,0.007427361729578513,0.0,2021-03-07
954,1615161600000,0.007390905101662331,0.0,2021-03-08
955,1615248000000,0.007693127428635407,0.0,2021-03-09
956,1615334400000,0.008417192855899956,0.0,2021-03-10
957,1615420800000,0.009483928762414693,0.0,2021-03-11
958,1615507200000,0.009729465686095682,0.0,2021-03-12
959,1615593600000,0.010464810054454798,0.0,2021-03-13
960,1615680000000,0.017508774002865077,0.0,2021-03-14
961,1615766400000,0.016896972950684448,0.0,2021-03-15
962,1615852800000,0.01969471569788153,0.0,2021-03-16
963,1615939200000,0.03255057018096718,0.0,2021-03-17
964,1616025600000,0.03378608853880285,0.0,2021-03-18
965,1616112000000,0.0339461603514411,0.0,2021-03-19
966,1616198400000,0.039660388500197936,0.0,2021-03-20
967,1616284800000,0.05304622420569883,0.0,2021-03-21
968,1616371200000,0.05816072149063191,0.0,2021-03-22
969,1616457600000,0.050515049493182994,0.0,2021-03-23
970,1616544000000,0.056009361733904396,0.0,2021-03-24
971,1616630400000,0.05194529796316223,0.0,2021-03-25
972,1616716800000,0.050135298270431075,0.0,2021-03-26
973,1616803200000,0.05091214771050015,0.0,2021-03-27
974,1616889600000,0.04923066897420597,0.0,2021-03-28
975,1616976000000,0.046762445130570984,0.0,2021-03-29
976,1617062400000,0.04660913337813555,0.0,2021-03-30
977,1617148800000,0.04806243353929613,0.0,2021-03-31
978,1617235200000,0.05228230097465945,0.0,2021-04-01
979,1617321600000,0.05640734195127943,0.0,2021-04-02
980,1617408000000,0.06893622660569648,0.0,2021-04-03
981,1617494400000,0.05742708094313477,0.0,2021-04-04
982,1617580800000,0.05946728863285195,0.0,2021-04-05
983,1617667200000,0.05091528452852019,0.0,2021-04-06
984,1617753600000,0.0482389122028844,0.0,2021-04-07
985,1617840000000,0.035031457715113526,0.0,2021-04-08
986,1617926400000,0.04378837161904629,0.0,2021-04-09
987,1618012800000,0.04707920082057186,0.0,2021-04-10
988,1618099200000,0.04458528669230599,0.0,2021-04-11
989,1618185600000,0.042097792347864836,0.0,2021-04-12
990,1618272000000,0.04107990779241327,0.0,2021-04-13
991,1618358400000,0.03939642141722488,0.0,2021-04-14
992,1618444800000,0.03527172618310862,0.0,2021-04-15
993,1618531200000,0.0384941433752114,0.0,2021-04-16
994,1618617600000,0.03499980189923335,0.0,2021-04-17
995,1618704000000,0.038394702403921344,0.0,2021-04-18
996,1618790400000,0.03356569906808436,0.0,2021-04-19
997,1618876800000,0.03056470120487565,0.0,2021-04-20
998,1618963200000,0.029025324462861223,0.0,2021-04-21
999,1619049600000,0.03009099084927681,0.0,2021-04-22
1000,1619136000000,0.0219726871515357,0.0,2021-04-23
1001,1619222400000,0.02116551318318635,0.0,2021-04-24
1002,1619308800000,0.020626346406293072,0.0,2021-04-25
1003,1619395200000,0.021867078721513163,0.0,2021-04-26
1004,1619481600000,0.026837269001049276,0.0,2021-04-27
1005,1619568000000,0.03044393490210025,0.0,2021-04-28
1006,1619654400000,0.028474054455687937,0.0,2021-04-29
1007,1619740800000,0.027988134785146244,0.0,2021-04-30
1008,1619827200000,0.028884674907671097,0.0,2021-05-01
1009,1619913600000,0.028620716282022316,0.0,2021-05-02
1010,1620000000000,0.028707900691169505,0.0,2021-05-03
1011,1620086400000,0.029153341222287358,0.0,2021-05-04
1012,1620172800000,0.025841783431270953,0.0,2021-05-05
1013,1620259200000,0.025874620827585033,0.0,2021-05-06
1014,1620345600000,0.02480606172293199,0.0,2021-05-07
1015,1620432000000,0.0257767264233224,0.0,2021-05-08
1016,1620518400000,0.024967051004586294,0.0,2021-05-09
1017,1620604800000,0.02416019570383329,0.0,2021-05-10
1018,1620691200000,0.02237753394338788,0.0,2021-05-11
1019,1620777600000,0.02349545968433753,0.0,2021-05-12
1020,1620864000000,0.02006256410793833,0.0,2021-05-13
1021,1620950400000,0.020856502181483008,0.0,2021-05-14
1022,1621036800000,0.0217308802466306,0.0,2021-05-15
1023,1621123200000,0.020217198095171144,0.0,2021-05-16
1024,1621209600000,0.020054360927647587,0.0,2021-05-17
1025,1621296000000,0.018063194210373282,0.0,2021-05-18
1026,1621382400000,0.0195783400150522,0.0,2021-05-19
1027,1621468800000,0.016163307880875426,0.0,2021-05-20
1028,1621555200000,0.016523318684436482,0.0,2021-05-21
1029,1621641600000,0.019328721295343965,0.0,2021-05-22
1030,1621728000000,0.021893737303578704,0.0,2021-05-23
1031,1621814400000,0.01701416174020671,0.0,2021-05-24
1032,1621900800000,0.017263438678127928,0.0,2021-05-25
1033,1621987200000,0.0167459829195834,0.0,2021-05-26
1034,1622073600000,0.01825289119573296,0.0,2021-05-27
1035,1622160000000,0.01796446741211504,0.0,2021-05-28
1036,1622246400000,0.016510513870456014,0.0,2021-05-29
1037,1622332800000,0.015790481591286862,0.0,2021-05-30
1038,1622419200000,0.015325914000767372,0.0,2021-05-31
1039,1622505600000,0.015799676763414858,0.0,2021-06-01
1040,1622592000000,0.015080410368380174,0.0,2021-06-02
1041,1622678400000,0.015572357183174358,0.0,2021-06-03
1042,1622764800000,0.01579745822356583,0.0,2021-06-04
1043,1622851200000,0.015385961054972348,0.0,2021-06-05
1044,1622937600000,0.014762443455001724,0.0,2021-06-06
1045,1623024000000,0.015300020288099464,0.0,2021-06-07
1046,1623110400000,0.014228612885581728,0.0,2021-06-08
1047,1623196800000,0.013060974076134511,0.0,2021-06-09
1048,1623283200000,0.013347316919981669,0.0,2021-06-10
1049,1623369600000,0.013932931927904409,0.0,2021-06-11
1050,1623456000000,0.01200044731561742,0.0,2021-06-12
1051,1623542400000,0.009580458041840063,0.0,2021-06-13
1052,1623628800000,0.010121003426742282,0.0,2021-06-14
1053,1623715200000,0.011276026284480264,0.0,2021-06-15
1054,1623801600000,0.013337709292897546,0.0,2021-06-16
1055,1623888000000,0.013325622601303367,0.0,2021-06-17
1056,1623974400000,0.012071655724136035,0.0,2021-06-18
1057,1624060800000,0.01091915676228139,0.0,2021-06-19
1058,1624147200000,0.011090856511586294,0.0,2021-06-20
1059,1624233600000,0.010471132856292045,0.0,2021-06-21
1060,1624320000000,0.007875959610228246,0.0,2021-06-22
1061,1624406400000,0.0067779114275167696,0.0,2021-06-23
1062,1624492800000,0.00727679811819544,0.0,2021-06-24
1063,1624579200000,0.008153220278910956,0.0,2021-06-25
1064,1624665600000,0.007562106246210119,0.0,2021-06-26
1065,1624752000000,0.007852956675784726,0.0,2021-06-27
1066,1624838400000,0.008958636070883633,0.0,2021-06-28
1067,1624924800000,0.0117707038007175,0.0,2021-06-29
1068,1625011200000,0.01237679066898212,0.0,2021-06-30
1069,1625097600000,0.012209080674505409,0.0,2021-07-01
1070,1625184000000,0.012438124482085757,0.0,2021-07-02
1071,1625270400000,0.013176672202083432,0.0,2021-07-03
1072,1625356800000,0.01326416970726036,0.0,2021-07-04
1073,1625443200000,0.013704068576283328,0.0,2021-07-05
1074,1625529600000,0.013968443072235305,0.0,2021-07-06
1075,1625616000000,0.014958545671826803,0.0,2021-07-07
1076,1625702400000,0.014713545145750143,0.0,2021-07-08
1077,1625788800000,0.012561773846605742,0.0,2021-07-09
1078,1625875200000,0.012572096763419645,0.0,2021-07-10
1079,1625961600000,0.012486719522785511,0.0,2021-07-11
1080,1626048000000,0.01266118943399529,0.0,2021-07-12
1081,1626134400000,0.01304530995080289,0.0,2021-07-13
1082,1626220800000,0.01269689076192034,0.0,2021-07-14
1083,1626307200000,0.012147214853085765,0.0,2021-07-15
1084,1626393600000,0.011397740269875728,0.0,2021-07-16
1085,1626480000000,0.009834011477982303,0.0,2021-07-17
1086,1626566400000,0.010937874669503645,0.0,2021-07-18
1087,1626652800000,0.01129075271567885,0.0,2021-07-19
1088,1626739200000,0.010864328330483047,0.0,2021-07-20
1089,1626825600000,0.00966285917822811,0.0,2021-07-21
1090,1626912000000,0.010349546096844494,0.0,2021-07-22
1091,1626998400000,0.010599425834480317,0.0,2021-07-23
1092,1627084800000,0.01085189450313391,0.0,2021-07-24
1093,1627171200000,0.011283173435663468,0.0,2021-07-25
1094,1627257600000,0.011109817466967953,0.0,2021-07-26
1095,1627344000000,0.01136605429256914,0.0,2021-07-27
1096,1627430400000,0.01160678607750485,0.0,2021-07-28
1097,1627516800000,0.011561747802204151,0.0,2021-07-29
1098,1627603200000,0.012599946908738396,0.0,2021-07-30
1099,1627689600000,0.014072993814514663,0.0,2021-07-31
1100,1627776000000,0.013889673826205281,0.0,2021-08-01
1101,1627862400000,0.013195301500099888,0.0,2021-08-02
1102,1627948800000,0.013384377569993363,0.0,2021-08-03
1103,1628035200000,0.013712301860093432,0.0,2021-08-04
1104,1628121600000,0.013885842912953035,0.0,2021-08-05
1105,1628208000000,0.014349343767182193,0.0,2021-08-06
1106,1628294400000,0.014921779042048992,0.0,2021-08-07
1107,1628380800000,0.015530518385372394,0.0,2021-08-08
1108,1628467200000,0.01492170210484622,0.0,2021-08-09
1109,1628553600000,0.015092298001226311,0.0,2021-08-10
1110,1628640000000,0.01499687811413519,0.0,2021-08-11
1111,1628726400000,0.015688147548358893,0.0,2021-08-12
1112,1628812800000,0.01727732224570035,0.0,2021-08-13
1113,1628899200000,0.017722715462464095,0.0,2021-08-14
1114,1628985600000,0.017635112052707347,0.0,2021-08-15
1115,1629072000000,0.017381998656982523,0.0,2021-08-16
1116,1629158400000,0.016901807272233886,0.0,2021-08-17
1117,1629244800000,0.015457516108505483,0.0,2021-08-18
1118,1629331200000,0.01529092569927217,0.0,2021-08-19
1119,1629417600000,0.01589840359170466,0.0,2021-08-20
1120,1629504000000,0.016762177564930068,0.0,2021-08-21
1121,1629590400000,0.016509750674324516,0.0,2021-08-22
1122,1629676800000,0.017190235140993132,0.0,2021-08-23
1123,1629763200000,0.01788632652586043,0.0,2021-08-24
1124,1629849600000,0.01690361407695693,0.0,2021-08-25
1125,1629936000000,0.017512784794263745,0.0,2021-08-26
1126,1630022400000,0.01605872836550596,0.0,2021-08-27
1127,1630108800000,0.0170315291084884,0.0,2021-08-28
1128,1630195200000,0.016604760468775438,0.0,2021-08-29
1129,1630281600000,0.01626035299924495,0.0,2021-08-30
1130,1630368000000,0.016112939021340512,0.0,2021-08-31
1131,1630454400000,0.016474767343187504,0.0,2021-09-01
1132,1630540800000,0.01695536277421141,0.0,2021-09-02
1133,1630627200000,0.017355293392679803,0.0,2021-09-03
1134,1630713600000,0.017996808793858583,0.0,2021-09-04
1135,1630800000000,0.019381422887837986,0.0,2021-09-05
1136,1630886400000,0.019466857477752182,0.0,2021-09-06
1137,1630972800000,0.020052024113596724,0.0,2021-09-07
1138,1631059200000,0.016436578073434457,0.0,2021-09-08
1139,1631145600000,0.016272169971082873,0.0,2021-09-09
1140,1631232000000,0.0172625088258327,0.0,2021-09-10
1141,1631318400000,0.016147488994658763,0.0,2021-09-11
1142,1631404800000,0.016316071234175236,0.0,2021-09-12
1143,1631491200000,0.016488372329045282,0.0,2021-09-13
1144,1631577600000,0.015436035531122655,0.0,2021-09-14
1145,1631664000000,0.015869889986967353,0.0,2021-09-15
1146,1631750400000,0.016035665759756935,0.0,2021-09-16
1147,1631836800000,0.016511458770254357,0.0,2021-09-17
1148,1631923200000,0.01598509614184215,0.0,2021-09-18
1149,1632009600000,0.016059068202621433,0.0,2021-09-19
1150,1632096000000,0.01585741784786626,0.0,2021-09-20
1151,1632182400000,0.013807641795378332,0.0,2021-09-21
1152,1632268800000,0.012494858338906092,0.0,2021-09-22
1153,1632355200000,0.013700106914650586,0.0,2021-09-23
1154,1632441600000,0.013860965658727303,0.0,2021-09-24
1155,1632528000000,0.013214871309032128,0.0,2021-09-25
1156,1632614400000,0.013132282997355959,0.0,2021-09-26
1157,1632700800000,0.012709334193347532,0.0,2021-09-27
1158,1632787200000,0.012489698678152807,0.0,2021-09-28
1159,1632873600000,0.011536896326395216,0.0,2021-09-29
1160,1632960000000,0.011694317035826197,0.0,2021-09-30
1161,1633046400000,0.012655217145102508,0.0,2021-10-01
1162,1633132800000,0.013809544266283906,0.0,2021-10-02
1163,1633219200000,0.014316020654027619,0.0,2021-10-03
1164,1633305600000,0.013969260156102925,0.0,2021-10-04
1165,1633392000000,0.014432926390479672,0.0,2021-10-05
1166,1633478400000,0.015663269864707712,0.0,2021-10-06
1167,1633564800000,0.015777125387017,0.0,2021-10-07
1168,1633651200000,0.016200607806468138,0.0,2021-10-08
1169,1633737600000,0.017800706589895927,0.0,2021-10-09
1170,1633824000000,0.017300152659354164,0.0,2021-10-10
1171,1633910400000,0.01830535482105783,0.0,2021-10-11
1172,1633996800000,0.017475055163130106,0.0,2021-10-12
1173,1634083200000,0.01594112013182723,0.0,2021-10-13
1174,1634169600000,0.01693567051873164,0.0,2021-10-14
1175,1634256000000,0.016925611951825174,0.0,2021-10-15
1176,1634342400000,0.015810136760282808,0.0,2021-10-16
1177,1634428800000,0.016061233383416244,0.0,2021-10-17
1178,1634515200000,0.015639456038193448,0.0,2021-10-18
1179,1634601600000,0.015262646676194166,0.0,2021-10-19
1180,1634688000000,0.0157348371765198,0.0,2021-10-20
1181,1634774400000,0.01590713153099353,0.0,2021-10-21
1182,1634860800000,0.015668724414578342,0.0,2021-10-22
1183,1634947200000,0.016299342541267137,0.0,2021-10-23
1184,1635033600000,0.01630752292870417,0.0,2021-10-24
1185,1635120000000,0.01587502224706523,0.0,2021-10-25
1186,1635206400000,0.016133375276672406,0.0,2021-10-26
1187,1635292800000,0.01559047787025374,0.0,2021-10-27
1188,1635379200000,0.014492454512843863,0.0,2021-10-28
1189,1635465600000,0.015053070220777686,0.0,2021-10-29
1190,1635552000000,0.015255918536578747,0.0,2021-10-30
1191,1635638400000,0.015406630679752318,0.0,2021-10-31
1192,1635724800000,0.016002973391004444,0.0,2021-11-01
1193,1635811200000,0.015452697697365644,0.0,2021-11-02
1194,1635897600000,0.016540763755528376,0.0,2021-11-03
1195,1635984000000,0.017143931101031826,0.0,2021-11-04
1196,1636070400000,0.016450912007307146,0.0,2021-11-05
1197,1636156800000,0.01625533500333753,0.0,2021-11-06
1198,1636243200000,0.01608347884908445,0.0,2021-11-07
1199,1636329600000,0.016336400476542653,0.0,2021-11-08
1200,1636416000000,0.015831400259306655,0.0,2021-11-09
1201,1636502400000,0.016290475921403553,0.0,2021-11-10
1202,1636588800000,0.015613050861296943,0.0,2021-11-11
1203,1636675200000,0.015707070423606126,0.0,2021-11-12
1204,1636761600000,0.015596415357388187,0.0,2021-11-13
1205,1636848000000,0.016186097549541426,0.0,2021-11-14
1206,1636934400000,0.015950253059945383,0.0,2021-11-15
1207,1637020800000,0.016216517885878686,0.0,2021-11-16
1208,1637107200000,0.016295927998280845,0.0,2021-11-17
1209,1637193600000,0.01761342361436886,0.0,2021-11-18
1210,1637280000000,0.015731957579230293,0.0,2021-11-19
1211,1637366400000,0.016361005518543702,0.0,2021-11-20
1212,1637452800000,0.017201174385194307,0.0,2021-11-21
1213,1637539200000,0.016625552178761698,0.0,2021-11-22
1214,1637625600000,0.01646296392012135,0.0,2021-11-23
1215,1637712000000,0.016301307955647954,0.0,2021-11-24
1216,1637798400000,0.017578678007762926,0.0,2021-11-25
1217,1637884800000,0.018227304876206094,0.0,2021-11-26
1218,1637971200000,0.01646767289845433,0.0,2021-11-27
1219,1638057600000,0.017224798288967735,0.0,2021-11-28
1220,1638144000000,0.01705286382458883,0.0,2021-11-29
1221,1638230400000,0.017206135748716562,0.0,2021-11-30
1222,1638316800000,0.017072033886652484,0.0,2021-12-01
1223,1638403200000,0.017064933588918342,0.0,2021-12-02
1224,1638489600000,0.017246329254010043,0.0,2021-12-03
1225,1638576000000,0.016280848881351694,0.0,2021-12-04
1226,1638662400000,0.013926451376041682,0.0,2021-12-05
1227,1638748800000,0.01344249351868883,0.0,2021-12-06
1228,1638835200000,0.013707842541081839,0.0,2021-12-07
1229,1638921600000,0.014695941259451721,0.0,2021-12-08
1230,1639008000000,0.014720799259091305,0.0,2021-12-09
1231,1639094400000,0.013652761185319882,0.0,2021-12-10
1232,1639180800000,0.01344831904265955,0.0,2021-12-11
1233,1639267200000,0.013696192517803487,0.0,2021-12-12
1234,1639353600000,0.01329096021989216,0.0,2021-12-13
1235,1639440000000,0.011891586208959748,0.0,2021-12-14
1236,1639526400000,0.011969363079229038,0.0,2021-12-15
1237,1639612800000,0.01246735985547449,0.0,2021-12-16
1238,1639699200000,0.012547401321727873,0.0,2021-12-17
1239,1639785600000,0.012452299615831629,0.0,2021-12-18
1240,1639872000000,0.012621400524461177,0.0,2021-12-19
1241,1639958400000,0.012704593150178772,0.0,2021-12-20
1242,1640044800000,0.011884105517960134,0.0,2021-12-21
1243,1640131200000,0.011914464510811467,0.0,2021-12-22
1244,1640217600000,0.012197156805421213,0.0,2021-12-23
1245,1640304000000,0.012568068164329217,0.0,2021-12-24
1246,1640390400000,0.012718017603689884,0.0,2021-12-25
1247,1640476800000,0.012718255618840456,0.0,2021-12-26
1248,1640563200000,0.012733109530824967,0.0,2021-12-27
1249,1640649600000,0.012721657733203603,0.0,2021-12-28
1250,1640736000000,0.012028675843539699,0.0,2021-12-29
1251,1640822400000,0.011900757832714416,0.0,2021-12-30
1252,1640908800000,0.012018663048538401,0.0,2021-12-31
1253,1640995200000,0.011931422286599738,0.0,2022-01-01
1254,1641081600000,0.012150997480115906,0.0,2022-01-02
1255,1641168000000,0.012701805820950648,0.0,2022-01-03
1256,1641254400000,0.01262455852130896,0.0,2022-01-04
1257,1641340800000,0.012296352791476936,0.0,2022-01-05
1258,1641427200000,0.011640349903977632,0.0,2022-01-06
1259,1641513600000,0.01168459454802187,0.0,2022-01-07
1260,1641600000000,0.011105840291560863,0.0,2022-01-08
1261,1641686400000,0.011003976291858909,0.0,2022-01-09
1262,1641772800000,0.011098415098206759,0.0,2022-01-10
1263,1641859200000,0.010663513859267832,0.0,2022-01-11
1264,1641945600000,0.010908251951513492,0.0,2022-01-12
1265,1642032000000,0.011209691912913535,0.0,2022-01-13
1266,1642118400000,0.01110081666589197,0.0,2022-01-14
1267,1642204800000,0.01125195148361589,0.0,2022-01-15
1268,1642291200000,0.011419057564356854,0.0,2022-01-16
1269,1642377600000,0.011258427958342523,0.0,2022-01-17
1270,1642464000000,0.010967110672342947,0.0,2022-01-18
1271,1642550400000,0.010798215221287804,0.0,2022-01-19
1272,1642636800000,0.010588511501332127,0.0,2022-01-20
1273,1642723200000,0.010202442285240554,0.0,2022-01-21
1274,1642809600000,0.009010174363812856,0.0,2022-01-22
1275,1642896000000,0.008112356139141585,0.0,2022-01-23
1276,1642982400000,0.008322007884866747,0.0,2022-01-24
1277,1643068800000,0.007936311868735361,0.0,2022-01-25
1278,1643155200000,0.008014576470921467,0.0,2022-01-26
1279,1643241600000,0.008231568490460911,0.0,2022-01-27
1280,1643328000000,0.008292416817851358,0.0,2022-01-28
1281,1643414400000,0.008340759807121997,0.0,2022-01-29
1282,1643500800000,0.008676373427856368,0.0,2022-01-30
1283,1643587200000,0.00866879638299649,0.0,2022-01-31
1284,1643673600000,0.008622654524787613,0.0,2022-02-01
1285,1643760000000,0.008710255269419123,0.0,2022-02-02
1286,1643846400000,0.008588532553495318,0.0,2022-02-03
1287,1643932800000,0.009085837105170417,0.0,2022-02-04
1288,1644019200000,0.009765243372157026,0.0,2022-02-05
1289,1644105600000,0.01007899119983496,0.0,2022-02-06
1290,1644192000000,0.010092313638199603,0.0,2022-02-07
1291,1644278400000,0.010438539335725175,0.0,2022-02-08
1292,1644364800000,0.010112524149099402,0.0,2022-02-09
1293,1644451200000,0.010196549693259503,0.0,2022-02-10
1294,1644537600000,0.00977251232435947,0.0,2022-02-11
1295,1644624000000,0.009318843738211336,0.0,2022-02-12
1296,1644710400000,0.009245366786945703,0.0,2022-02-13
1297,1644796800000,0.009247726009719721,0.0,2022-02-14
1298,1644883200000,0.009017517136610928,0.0,2022-02-15
1299,1644969600000,0.009746324828250176,0.0,2022-02-16
1300,1645056000000,0.009268872116556392,0.0,2022-02-17
1301,1645142400000,0.008585204813936228,0.0,2022-02-18
1302,1645228800000,0.008599316228560578,0.0,2022-02-19
1303,1645315200000,0.00852600144262472,0.0,2022-02-20
1304,1645401600000,0.00844610056008839,0.0,2022-02-21
1305,1645488000000,0.007928564572072631,0.0,2022-02-22
1306,1645574400000,0.008198180281898098,0.0,2022-02-23
1307,1645660800000,0.008022579785361238,0.0,2022-02-24
1308,1645747200000,0.007913379870136105,0.0,2022-02-25
1309,1645833600000,0.008509949668798873,0.0,2022-02-26
1310,1645920000000,0.008681666446277759,0.0,2022-02-27
1311,1646006400000,0.008429925831030551,0.0,2022-02-28
1312,1646092800000,0.00899109902549894,0.0,2022-03-01
1313,1646179200000,0.009042271192071488,0.0,2022-03-02
1314,1646265600000,0.008803922118295313,0.0,2022-03-03
1315,1646352000000,0.008612647097429687,0.0,2022-03-04
1316,1646438400000,0.008209060869844471,0.0,2022-03-05
1317,1646524800000,0.008375917288278382,0.0,2022-03-06
1318,1646611200000,0.00821370894715398,0.0,2022-03-07
1319,1646697600000,0.008103808758814472,0.0,2022-03-08
1320,1646784000000,0.008310873443128865,0.0,2022-03-09
1321,1646870400000,0.008419806546128276,0.0,2022-03-10
1322,1646956800000,0.008135195023941213,0.0,2022-03-11
1323,1647043200000,0.008082684942872195,0.0,2022-03-12
1324,1647129600000,0.008240985903848114,0.0,2022-03-13
1325,1647216000000,0.008084429991213208,0.0,2022-03-14
1326,1647302400000,0.008298544866580937,0.0,2022-03-15
1327,1647388800000,0.008142231316571463,0.0,2022-03-16
1328,1647475200000,0.008337830926734695,0.0,2022-03-17
1329,1647561600000,0.008506451492889353,0.0,2022-03-18
1330,1647648000000,0.008659951028017487,0.0,2022-03-19
1331,1647734400000,0.008668872464800656,0.0,2022-03-20
1332,1647820800000,0.008501938997058563,0.0,2022-03-21
1333,1647907200000,0.008525073504795646,0.0,2022-03-22
1334,1647993600000,0.008810875380887574,0.0,2022-03-23
1335,1648080000000,0.00893961162634866,0.0,2022-03-24
1336,1648166400000,0.00912676329690091,0.0,2022-03-25
1337,1648252800000,0.009057392861320292,0.0,2022-03-26
1338,1648339200000,0.009547820672451409,0.0,2022-03-27
1339,1648425600000,0.010278774631117,0.0,2022-03-28
1340,1648512000000,0.010216234956649842,0.0,2022-03-29
1341,1648598400000,0.010831738049485137,0.0,2022-03-30
1342,1648684800000,0.011067319330182596,0.0,2022-03-31
1343,1648771200000,0.011361153483622896,0.0,2022-04-01
1344,1648857600000,0.01246125419999067,0.0,2022-04-02
1345,1648944000000,0.01302210542679177,0.0,2022-04-03
1346,1649030400000,0.012625139542875861,0.0,2022-04-04
1347,1649116800000,0.011940234614091962,0.0,2022-04-05
1348,1649203200000,0.012141285160143074,0.0,2022-04-06
1349,1649289600000,0.010593545376078624,0.0,2022-04-07
1350,1649376000000,0.01112164158082152,0.0,2022-04-08
1351,1649462400000,0.0108954185432606,0.0,2022-04-09
1352,1649548800000,0.010987170263358857,0.0,2022-04-10
1353,1649635200000,0.010982386094375707,0.0,2022-04-11
1354,1649721600000,0.009939587463038052,0.0,2022-04-12
1355,1649808000000,0.010416578239708395,0.0,2022-04-13
1356,1649894400000,0.010789960386483454,0.0,2022-04-14
1357,1649980800000,0.01056149490961389,0.0,2022-04-15
1358,1650067200000,0.010739578165165622,0.0,2022-04-16
1359,1650153600000,0.0104954819322659,0.0,2022-04-17
1360,1650240000000,0.010171719999805767,0.0,2022-04-18
1361,1650326400000,0.01011735824377745,0.0,2022-04-19
1362,1650412800000,0.01024429525314023,0.0,2022-04-20
1363,1650499200000,0.011177450348324928,0.0,2022-04-21
1364,1650585600000,0.010712248934354887,0.0,2022-04-22
1365,1650672000000,0.010364456894944042,0.0,2022-04-23
1366,1650758400000,0.010204991820875293,0.0,2022-04-24
1367,1650844800000,0.011167843202712477,0.0,2022-04-25
1368,1650931200000,0.01031856443724414,0.0,2022-04-26
1369,1651017600000,0.01007919075734393,0.0,2022-04-27
1370,1651104000000,0.010187567671191283,0.0,2022-04-28
1371,1651190400000,0.010240390589088941,0.0,2022-04-29
1372,1651276800000,0.009932156323539821,0.0,2022-04-30
1373,1651363200000,0.009415088833727018,0.0,2022-05-01
1374,1651449600000,0.009341151259261566,0.0,2022-05-02
1375,1651536000000,0.009065762051597972,0.0,2022-05-03
1376,1651622400000,0.008879108110579181,0.0,2022-05-04
1377,1651708800000,0.009507294662433162,0.0,2022-05-05
1378,1651795200000,0.008661673975076998,0.0,2022-05-06
1379,1651881600000,0.008500621163038657,0.0,2022-05-07
1380,1651968000000,0.00817856561409912,0.0,2022-05-08
1381,1652054400000,0.007866180733254685,0.0,2022-05-09
1382,1652140800000,0.007111513523049809,0.0,2022-05-10
1383,1652227200000,0.007130615086545172,0.0,2022-05-11
1384,1652313600000,0.006302431448760898,0.0,2022-05-12
1385,1652400000000,0.005435677402135553,0.0,2022-05-13
1386,1652486400000,0.006017202322385636,0.0,2022-05-14
1387,1652572800000,0.006392843004586448,0.0,2022-05-15
1388,1652659200000,0.006827434790247145,0.0,2022-05-16
1389,1652745600000,0.00628423264632671,0.0,2022-05-17
1390,1652832000000,0.006526638255006224,0.0,2022-05-18
1391,1652918400000,0.005872449212970419,0.0,2022-05-19
1392,1653004800000,0.006160521841940614,0.0,2022-05-20
1393,1653091200000,0.0060173267427831596,0.0,2022-05-21
1394,1653177600000,0.0060845128504146044,0.0,2022-05-22
1395,1653264000000,0.006631298123507958,0.0,2022-05-23
1396,1653350400000,0.006346829965057656,0.0,2022-05-24
1397,1653436800000,0.0064130797695779096,0.0,2022-05-25
1398,1653523200000,0.006317620704716728,0.0,2022-05-26
1399,1653609600000,0.006087768185153218,0.0,2022-05-27
1400,1653696000000,0.005957790004427023,0.0,2022-05-28
1401,1653782400000,0.005977040734117404,0.0,2022-05-29
1402,1653868800000,0.006100068638726894,0.0,2022-05-30
1403,1653955200000,0.0064410983020347316,0.0,2022-05-31
1404,1654041600000,0.0063796978177259244,0.0,2022-06-01
1405,1654128000000,0.006381565088269491,0.0,2022-06-02
1406,1654214400000,0.006649961200897433,0.0,2022-06-03
1407,1654300800000,0.006428191499776564,0.0,2022-06-04
1408,1654387200000,0.006464616794233494,0.0,2022-06-05
1409,1654473600000,0.006597815983300258,0.0,2022-06-06
1410,1654560000000,0.006662915851289753,0.0,2022-06-07
1411,1654646400000,0.0064749693357489865,0.0,2022-06-08
1412,1654732800000,0.006406798196045592,0.0,2022-06-09
1413,1654819200000,0.006454044887125867,0.0,2022-06-10
1414,1654905600000,0.006002793135508002,0.0,2022-06-11
1415,1654992000000,0.005845796080953264,0.0,2022-06-12
1416,1655078400000,0.00540773207288442,0.0,2022-06-13
1417,1655164800000,0.004459268262378593,0.0,2022-06-14
1418,1655251200000,0.004419103029083444,0.0,2022-06-15
1419,1655337600000,0.004655676606917757,0.0,2022-06-16
1420,1655424000000,0.004268766103683863,0.0,2022-06-17
1421,1655510400000,0.004467259608098026,0.0,2022-06-18
1422,1655596800000,0.004274003463039197,0.0,2022-06-19
1423,1655683200000,0.0044529556748661315,0.0,2022-06-20
1424,1655769600000,0.004475904656948915,0.0,2022-06-21
1425,1655856000000,0.004681267210838754,0.0,2022-06-22
1426,1655942400000,0.00462244198998669,0.0,2022-06-23
1427,1656028800000,0.004737338292942276,100997195.55761585,2022-06-24
1428,1656115200000,0.004877939181943822,104034379.6612148,2022-06-25
1429,1656201600000,0.004855293229528237,103862050.19649303,2022-06-26
1430,1656288000000,0.004770063957731006,101364187.92462626,2022-06-27
1431,1656374400000,0.004850070476888054,102903499.17924659,2022-06-28
1432,1656460800000,0.004775745497487991,102446690.79306306,2022-06-29
1433,1656547200000,0.004621575647025034,98751200.29932259,2022-06-30
1434,1656633600000,0.0044876601129572756,96080014.0300839,2022-07-01
1435,1656720000000,0.004466352978432779,96652112.72806537,2022-07-02
1436,1656806400000,0.004648761423821025,100461265.93430355,2022-07-03
1437,1656892800000,0.004696256762296947,100487204.04883222,2022-07-04
1438,1656979200000,0.004665406067750805,100169034.87385961,2022-07-05
1439,1657065600000,0.0045300038973899,98077129.57182117,2022-07-06
1440,1657152000000,0.00461136765967336,99158012.88557707,2022-07-07
1441,1657238400000,0.004698774398868869,101005312.51163228,2022-07-08
1442,1657324800000,0.004740272249246346,101913268.22815415,2022-07-09
1443,1657411200000,0.004902052930784604,105470730.80408272,2022-07-10
1444,1657497600000,0.004912048978220927,105623587.11172578,2022-07-11
1445,1657584000000,0.004520194727564887,96744044.6045246,2022-07-12
1446,1657670400000,0.004394138221834802,94014000.73473738,2022-07-13
1447,1657756800000,0.004426874219010294,95523501.02556804,2022-07-14
1448,1657843200000,0.004414634883647895,94873287.67652252,2022-07-15
1449,1657929600000,0.00450135893251141,96970683.22163546,2022-07-16
1450,1658016000000,0.004585628595554589,98295771.27462052,2022-07-17
1451,1658102400000,0.004578012698856913,98440818.7378118,2022-07-18
1452,1658188800000,0.004746394213241233,101872230.17951696,2022-07-19
1453,1658275200000,0.004956432945967362,106374756.07650003,2022-07-20
1454,1658361600000,0.004755311930044791,103255800.60049921,2022-07-21
1455,1658448000000,0.00478970051529692,102664183.53693296,2022-07-22
1456,1658534400000,0.004739534159876399,101749880.37865393,2022-07-23
1457,1658620800000,0.004739556044530415,101745778.20703198,2022-07-24
1458,1658707200000,0.004736010734650281,101815114.01606096,2022-07-25
1459,1658793600000,0.004557881599640281,98258153.6808295,2022-07-26
1460,1658880000000,0.004521266411140937,97229178.39054047,2022-07-27
1461,1658966400000,0.0047520668351588,102029281.4306097,2022-07-28
1462,1659052800000,0.004878129302912183,104888350.36026537,2022-07-29
1463,1659139200000,0.004856675249991862,105009456.25882882,2022-07-30
1464,1659225600000,0.0048640304648330385,104590950.22601861,2022-07-31
1465,1659312000000,0.004979804247349673,107245118.15907775,2022-08-01
1466,1659398400000,0.006068947660436818,132293039.30810036,2022-08-02
1467,1659484800000,0.005251417736678977,113787224.21496798,2022-08-03
1468,1659571200000,0.005178204924655334,112266723.80561821,2022-08-04
1469,1659657600000,0.005136002427432624,111684370.16463056,2022-08-05
1470,1659744000000,0.005239977630175768,113351515.74393956,2022-08-06
1471,1659830400000,0.005292248547849526,114562337.36508146,2022-08-07
1472,1659916800000,0.0052924213925290686,114600539.38263884,2022-08-08
1473,1660003200000,0.005326744138471984,115417983.97011025,2022-08-09
1474,1660089600000,0.005168697272474914,111893590.95487854,2022-08-10
1475,1660176000000,0.005898599169900772,127442818.19556247,2022-08-11
1476,1660262400000,0.0058890218193165065,127019437.09372312,2022-08-12
1477,1660348800000,0.005962272186248371,129046312.33641124,2022-08-13
1478,1660435200000,0.005928197633350362,128394620.76583926,2022-08-14
1479,1660521600000,0.006032536213503951,130167216.67636445,2022-08-15
1480,1660608000000,0.00586252389732303,126928647.86491743,2022-08-16
1481,1660694400000,0.005757397305289882,125135769.89613384,2022-08-17
1482,1660780800000,0.0056667518105996675,122736372.72022232,2022-08-18
1483,1660867200000,0.005701257772760031,123485093.37663254,2022-08-19
1484,1660953600000,0.005322593724377031,115222569.58271584,2022-08-20
1485,1661040000000,0.005636324320129189,122204966.35128736,2022-08-21
1486,1661126400000,0.005621933256156361,121568202.96852778,2022-08-22
1487,1661212800000,0.0055932009345639275,119549481.2388603,2022-08-23
1488,1661299200000,0.005531293063811394,120130088.54722704,2022-08-24
1489,1661385600000,0.005652212019959802,122817503.36058436,2022-08-25
1490,1661472000000,0.0057833069311392146,125227690.27805349,2022-08-26
1491,1661558400000,0.005751716823716375,122602962.52370358,2022-08-27
1492,1661644800000,0.0058265207528640185,126316109.20046224,2022-08-28
1493,1661731200000,0.0058780781220646484,126634093.47568852,2022-08-29
1494,1661817600000,0.006104271608961003,132016474.68656127,2022-08-30
1495,1661904000000,0.00625650814350783,135926800.16370884,2022-08-31
1496,1661990400000,0.006153418906085864,133247561.56153023,2022-09-01
1497,1662076800000,0.005908721556005152,128554765.49569516,2022-09-02
1498,1662163200000,0.0058010764894416145,126272227.85496709,2022-09-03
1499,1662249600000,0.005859140631366127,128356040.89536035,2022-09-04
1500,1662336000000,0.005732049646680709,124814939.09761341,2022-09-05
1501,1662422400000,0.005705701704412676,124228154.4872703,2022-09-06
1502,1662508800000,0.005534821593755586,120043034.01258735,2022-09-07
1503,1662595200000,0.00556624108199022,121362151.7537254,2022-09-08
1504,1662681600000,0.0056711232347787825,123961142.9167079,2022-09-09
1505,1662768000000,0.005817696473388274,126351304.94059373,2022-09-10
1506,1662854400000,0.005752282836116794,125139682.8484698,2022-09-11
1507,1662940800000,0.005883790769183972,127662708.25048287,2022-09-12
1508,1663027200000,0.005849546194918463,127378043.92023931,2022-09-13
1509,1663113600000,0.00530795873220864,116539771.41512752,2022-09-14
1510,1663200000000,0.005432900684435116,118247497.50615169,2022-09-15
1511,1663286400000,0.005259927417686435,114684343.33712657,2022-09-16
1512,1663372800000,0.005279517328355869,115134457.38738477,2022-09-17
1513,1663459200000,0.005350841258445473,116367154.17074774,2022-09-18
1514,1663545600000,0.005000416605832327,107454249.7518219,2022-09-19
1515,1663632000000,0.0049644003471269686,108520929.66892481,2022-09-20
1516,1663718400000,0.0047917705965394315,104616962.775016,2022-09-21
1517,1663804800000,0.0047435599739241874,103289060.8787042,2022-09-22
1518,1663891200000,0.004890694114798919,106443514.55758432,2022-09-23
1519,1663977600000,0.004863078230409504,105909447.50131087,2022-09-24
1520,1664064000000,0.004891914855943717,106658218.36543943,2022-09-25
1521,1664150400000,0.004810627155154581,104969836.32270715,2022-09-26
1522,1664236800000,0.00468980882577852,101898000.87293144,2022-09-27
1523,1664323200000,0.004696591397543693,102860767.42446981,2022-09-28
1524,1664409600000,0.004652580665052918,101396663.5105362,2022-09-29
1525,1664496000000,0.004620982163722456,100849464.15140359,2022-09-30
1526,1664582400000,0.004581841218536264,100433627.37345278,2022-10-01
1527,1664668800000,0.00456172613846804,100300561.88772337,2022-10-02
1528,1664755200000,0.004520680126876685,99237883.5103006,2022-10-03
1529,1664841600000,0.004561764509371878,100005032.1336706,2022-10-04
1530,1664928000000,0.004652117900732072,101715728.65125658,2022-10-05
1531,1665014400000,0.004596208144871533,100903532.43367486,2022-10-06
1532,1665100800000,0.004634319897996849,101623587.22262013,2022-10-07
1533,1665187200000,0.004575535288332325,100447165.7319564,2022-10-08
1534,1665273600000,0.0047091870905679465,103384595.1316534,2022-10-09
1535,1665360000000,0.004693177846722872,103801021.7935524,2022-10-10
1536,1665446400000,0.004521546631067862,99408254.2613547,2022-10-11
1537,1665532800000,0.0043574063421497585,95952212.07527089,2022-10-12
1538,1665619200000,0.004350936477364148,95495291.5052331,2022-10-13
1539,1665705600000,0.004214865056982969,92090411.8824358,2022-10-14
1540,1665792000000,0.00419892300813398,92175929.34019387,2022-10-15
1541,1665878400000,0.004203831043895396,92421221.14647718,2022-10-16
1542,1665964800000,0.004210278653988077,92543508.16554987,2022-10-17
1543,1666051200000,0.0043595126565721615,95703782.17091466,2022-10-18
1544,1666137600000,0.004346598654922083,95422877.01674818,2022-10-19
1545,1666224000000,0.0041311339689504845,90691282.45044546,2022-10-20
1546,1666310400000,0.004114219994112241,90584390.70586883,2022-10-21
1547,1666396800000,0.004074565163863154,89426922.23347199,2022-10-22
1548,1666483200000,0.0040876779844522555,89736254.48002893,2022-10-23
1549,1666569600000,0.004156467983646942,91553003.32021901,2022-10-24
1550,1666656000000,0.004155419086994414,91758251.81748597,2022-10-25
1551,1666742400000,0.004342951541217972,95649804.04464374,2022-10-26
1552,1666828800000,0.004369388588164743,96065959.78146896,2022-10-27
1553,1666915200000,0.004287324863752021,94116382.22452725,2022-10-28
1554,1667001600000,0.004381286627503576,96336082.85072789,2022-10-29
1555,1667088000000,0.004367432731454127,96025920.83055906,2022-10-30
1556,1667174400000,0.004335967138385731,95108761.82178897,2022-10-31
1557,1667260800000,0.004314330186249444,95255315.70716514,2022-11-01
1558,1667347200000,0.004336774678816694,95849983.36756966,2022-11-02
1559,1667433600000,0.004226744536096661,93358497.62492223,2022-11-03
1560,1667520000000,0.004294572077455731,94869938.81488499,2022-11-04
1561,1667606400000,0.004446472471049287,98272527.81302041,2022-11-05
1562,1667692800000,0.004486692934331108,99325700.34683202,2022-11-06
1563,1667779200000,0.004372721223119609,96965813.1721612,2022-11-07
1564,1667865600000,0.00435934474997677,96511139.80718221,2022-11-08
1565,1667952000000,0.004033636845893894,89234824.3871488,2022-11-09
1566,1668038400000,0.0030233211809795554,67149586.43633184,2022-11-10
1567,1668124800000,0.0035097783514089643,77423815.93532892,2022-11-11
1568,1668211200000,0.003475564804735025,76573105.51657496,2022-11-12
1569,1668297600000,0.0032874374883739253,72043725.33302577,2022-11-13
1570,1668384000000,0.0031483885177323125,68959652.1528835,2022-11-14
1571,1668470400000,0.0031332998203312894,69376129.49394697,2022-11-15
1572,1668556800000,0.0032116853240457053,71139482.8445858,2022-11-16
1573,1668643200000,0.0031590156980213294,70098015.42658749,2022-11-17
1574,1668729600000,0.0030851129051261113,68197560.61975397,2022-11-18
1575,1668816000000,0.0031765568439483726,70216819.36645718,2022-11-19
1576,1668902400000,0.0033879264017563806,75049070.8920958,2022-11-20
