,Time,open,mktcap,Date
0,1600473600000,0.02236129934389977,0.0,2020-09-19
1,1600560000000,0.02236129934389977,0.0,2020-09-20
2,1600646400000,0.019391188768106724,0.0,2020-09-21
3,1600732800000,0.012319086275704912,0.0,2020-09-22
4,1600819200000,0.010525827699937125,0.0,2020-09-23
5,1600905600000,0.007476983525376159,0.0,2020-09-24
6,1600992000000,0.008385602351765737,0.0,2020-09-25
7,1601078400000,0.008711569127019153,0.0,2020-09-26
8,1601164800000,0.00832079011053702,0.0,2020-09-27
9,1601251200000,0.007760293287016853,0.0,2020-09-28
10,1601337600000,0.007491573048476568,0.0,2020-09-29
11,1601424000000,0.006968030440842011,0.0,2020-09-30
12,1601510400000,0.006541140898646356,0.0,2020-10-01
13,1601596800000,0.007227286520402386,0.0,2020-10-02
14,1601683200000,0.008901269488911411,0.0,2020-10-03
15,1601769600000,0.007761448426237982,0.0,2020-10-04
16,1601856000000,0.007776904389108328,0.0,2020-10-05
17,1601942400000,0.007266634076298306,0.0,2020-10-06
18,1602028800000,0.0064586182110897925,0.0,2020-10-07
19,1602115200000,0.006554521504096494,0.0,2020-10-08
20,1602201600000,0.00803138882318572,0.0,2020-10-09
21,1602288000000,0.007766134766054041,0.0,2020-10-10
22,1602374400000,0.0069730030175258,0.0,2020-10-11
23,1602460800000,0.007228809503508469,0.0,2020-10-12
24,1602547200000,0.007041507635926622,0.0,2020-10-13
25,1602633600000,0.006951694389333084,0.0,2020-10-14
26,1602720000000,0.006670709058495822,0.0,2020-10-15
27,1602806400000,0.006487426499010004,0.0,2020-10-16
28,1602892800000,0.006248474962192104,0.0,2020-10-17
29,1602979200000,0.006426213160832233,0.0,2020-10-18
30,1603065600000,0.006343768243493888,0.0,2020-10-19
31,1603152000000,0.006299451241856321,0.0,2020-10-20
32,1603238400000,0.006035553351714515,0.0,2020-10-21
33,1603324800000,0.005664107517893046,0.0,2020-10-22
34,1603411200000,0.005792120032327755,0.0,2020-10-23
35,1603497600000,0.005516240409696142,0.0,2020-10-24
36,1603584000000,0.0056928180999802685,0.0,2020-10-25
37,1603670400000,0.005380647705276631,0.0,2020-10-26
38,1603756800000,0.005324252691485961,0.0,2020-10-27
39,1603843200000,0.004986614041382364,0.0,2020-10-28
40,1603929600000,0.004577402855986115,0.0,2020-10-29
41,1604016000000,0.0042840877681480025,0.0,2020-10-30
42,1604102400000,0.005012266440310523,0.0,2020-10-31
43,1604188800000,0.004900834403441158,0.0,2020-11-01
44,1604275200000,0.0052113751324419245,0.0,2020-11-02
45,1604361600000,0.004910585608833144,0.0,2020-11-03
46,1604448000000,0.004518816769540887,0.0,2020-11-04
47,1604534400000,0.004554110078802562,0.0,2020-11-05
48,1604620800000,0.004857125443149582,0.0,2020-11-06
49,1604707200000,0.005272179432889099,0.0,2020-11-07
50,1604793600000,0.005202049391628508,0.0,2020-11-08
51,1604880000000,0.005654403634622082,0.0,2020-11-09
52,1604966400000,0.0055923351870443,0.0,2020-11-10
53,1605052800000,0.00618970850491298,0.0,2020-11-11
54,1605139200000,0.007057042152072828,0.0,2020-11-12
55,1605225600000,0.006827041114313463,0.0,2020-11-13
56,1605312000000,0.00674812356750418,0.0,2020-11-14
57,1605398400000,0.006444644877047881,0.0,2020-11-15
58,1605484800000,0.006136548240574664,0.0,2020-11-16
59,1605571200000,0.0060594928386356025,0.0,2020-11-17
60,1605657600000,0.006890707645843548,0.0,2020-11-18
61,1605744000000,0.006560993056887851,0.0,2020-11-19
62,1605830400000,0.006617899475058068,0.0,2020-11-20
63,1605916800000,0.006694050037895987,0.0,2020-11-21
64,1606003200000,0.0069462450418833425,0.0,2020-11-22
65,1606089600000,0.0064948066394447225,0.0,2020-11-23
66,1606176000000,0.00644601031254649,0.0,2020-11-24
67,1606262400000,0.006390998752578848,0.0,2020-11-25
68,1606348800000,0.00630196935807896,0.0,2020-11-26
69,1606435200000,0.005390512247370812,0.0,2020-11-27
70,1606521600000,0.005833085383601109,0.0,2020-11-28
71,1606608000000,0.006022161482687108,0.0,2020-11-29
72,1606694400000,0.005995307944961358,0.0,2020-11-30
73,1606780800000,0.005957718881440287,0.0,2020-12-01
74,1606867200000,0.005627893226268032,0.0,2020-12-02
75,1606953600000,0.005590499090875305,0.0,2020-12-03
76,1607040000000,0.005547145580420077,0.0,2020-12-04
77,1607126400000,0.005261065310535343,0.0,2020-12-05
78,1607212800000,0.005523275716825466,0.0,2020-12-06
79,1607299200000,0.00545524206430273,0.0,2020-12-07
80,1607385600000,0.00551359000240271,0.0,2020-12-08
81,1607472000000,0.005554472449575295,0.0,2020-12-09
82,1607558400000,0.005595572090302452,0.0,2020-12-10
83,1607644800000,0.005697752144152338,0.0,2020-12-11
84,1607731200000,0.00819985445836323,0.0,2020-12-12
85,1607817600000,0.007583318475021166,0.0,2020-12-13
86,1607904000000,0.007508793694610436,0.0,2020-12-14
87,1607990400000,0.0070678786381102076,0.0,2020-12-15
88,1608076800000,0.007011874453189625,0.0,2020-12-16
89,1608163200000,0.007183603397784854,0.0,2020-12-17
90,1608249600000,0.007206654904842368,0.0,2020-12-18
91,1608336000000,0.007570951351667766,0.0,2020-12-19
92,1608422400000,0.008488348243209659,0.0,2020-12-20
93,1608508800000,0.020464279142548777,0.0,2020-12-21
94,1608595200000,0.016018912564521613,0.0,2020-12-22
95,1608681600000,0.014356207434270858,0.0,2020-12-23
96,1608768000000,0.01053439060585721,0.0,2020-12-24
97,1608854400000,0.01412506714296398,0.0,2020-12-25
98,1608940800000,0.015067512919498469,0.0,2020-12-26
99,1609027200000,0.014102252036761126,0.0,2020-12-27
100,1609113600000,0.014872726242202849,0.0,2020-12-28
101,1609200000000,0.013986004055463908,0.0,2020-12-29
102,1609286400000,0.012491922358073794,0.0,2020-12-30
103,1609372800000,0.012875194609484948,0.0,2020-12-31
104,1609459200000,0.013445260233660473,0.0,2021-01-01
105,1609545600000,0.013356361716258393,0.0,2021-01-02
106,1609632000000,0.013082550252059247,0.0,2021-01-03
107,1609718400000,0.014166701332866011,0.0,2021-01-04
108,1609804800000,0.01338649369302375,0.0,2021-01-05
109,1609891200000,0.0136561577527324,0.0,2021-01-06
110,1609977600000,0.01418330375394173,0.0,2021-01-07
111,1610064000000,0.015015882778188347,0.0,2021-01-08
112,1610150400000,0.01399469324931776,0.0,2021-01-09
113,1610236800000,0.015419833020571748,0.0,2021-01-10
114,1610323200000,0.014491012279841746,0.0,2021-01-11
115,1610409600000,0.015736210478659602,0.0,2021-01-12
116,1610496000000,0.014756052692604766,0.0,2021-01-13
117,1610582400000,0.01519023113867384,0.0,2021-01-14
118,1610668800000,0.015168005156343582,0.0,2021-01-15
119,1610755200000,0.015075711361103507,0.0,2021-01-16
120,1610841600000,0.014943203068485464,0.0,2021-01-17
121,1610928000000,0.014340300950880631,0.0,2021-01-18
122,1611014400000,0.015072796730169506,0.0,2021-01-19
123,1611100800000,0.014463930328480076,0.0,2021-01-20
124,1611187200000,0.014586419985476771,0.0,2021-01-21
125,1611273600000,0.014184254374516345,0.0,2021-01-22
126,1611360000000,0.014043137588370377,0.0,2021-01-23
127,1611446400000,0.013675300121287908,0.0,2021-01-24
128,1611532800000,0.01367275836589084,0.0,2021-01-25
129,1611619200000,0.013117946474917291,0.0,2021-01-26
130,1611705600000,0.013666313739404412,0.0,2021-01-27
131,1611792000000,0.012273361075662334,0.0,2021-01-28
132,1611878400000,0.014123995436429383,0.0,2021-01-29
133,1611964800000,0.015104227100600902,0.0,2021-01-30
134,1612051200000,0.014171238830629169,0.0,2021-01-31
135,1612137600000,0.01497789918848763,0.0,2021-02-01
136,1612224000000,0.01426676819222241,0.0,2021-02-02
137,1612310400000,0.014449645662461113,0.0,2021-02-03
138,1612396800000,0.01609658319239606,0.0,2021-02-04
139,1612483200000,0.015715891232934365,0.0,2021-02-05
140,1612569600000,0.018159181665286264,0.0,2021-02-06
141,1612656000000,0.016934811933121376,0.0,2021-02-07
142,1612742400000,0.016359773413856676,0.0,2021-02-08
143,1612828800000,0.017300264424014004,0.0,2021-02-09
144,1612915200000,0.019618234126355823,0.0,2021-02-10
145,1613001600000,0.01928566253268496,0.0,2021-02-11
146,1613088000000,0.023055763537447396,0.0,2021-02-12
147,1613174400000,0.02322805325780715,0.0,2021-02-13
148,1613260800000,0.024703485774581705,0.0,2021-02-14
149,1613347200000,0.021987349046846762,0.0,2021-02-15
150,1613433600000,0.020599063168303084,0.0,2021-02-16
151,1613520000000,0.020350390258240224,0.0,2021-02-17
152,1613606400000,0.021152284762371958,0.0,2021-02-18
153,1613692800000,0.02281012194269443,0.0,2021-02-19
154,1613779200000,0.022001472830599,0.0,2021-02-20
155,1613865600000,0.0221367502932023,0.0,2021-02-21
156,1613952000000,0.023347143937378523,0.0,2021-02-22
157,1614038400000,0.022473789265388996,0.0,2021-02-23
158,1614124800000,0.017449759106126443,0.0,2021-02-24
159,1614211200000,0.018403693780503456,0.0,2021-02-25
160,1614297600000,0.017098550477265065,0.0,2021-02-26
161,1614384000000,0.016415875090668337,0.0,2021-02-27
162,1614470400000,0.017114902971007016,0.0,2021-02-28
163,1614556800000,0.015452030697273552,0.0,2021-03-01
164,1614643200000,0.018675920567248747,0.0,2021-03-02
165,1614729600000,0.017319370572678607,0.0,2021-03-03
166,1614816000000,0.01919873244929144,0.0,2021-03-04
167,1614902400000,0.017920147364126598,0.0,2021-03-05
168,1614988800000,0.018168667120806004,0.0,2021-03-06
169,1615075200000,0.01923774844073357,0.0,2021-03-07
170,1615161600000,0.01950375343552675,0.0,2021-03-08
171,1615248000000,0.019286463353533373,0.0,2021-03-09
172,1615334400000,0.020478554135850154,0.0,2021-03-10
173,1615420800000,0.02300199029702454,0.0,2021-03-11
174,1615507200000,0.03411638799104689,0.0,2021-03-12
175,1615593600000,0.027896864313256386,0.0,2021-03-13
176,1615680000000,0.02944145210111474,0.0,2021-03-14
177,1615766400000,0.02946103212332113,0.0,2021-03-15
178,1615852800000,0.028954591717181365,0.0,2021-03-16
179,1615939200000,0.03095576772300199,0.0,2021-03-17
180,1616025600000,0.03018549467592126,0.0,2021-03-18
181,1616112000000,0.02925393508869704,0.0,2021-03-19
182,1616198400000,0.030623381514427728,0.0,2021-03-20
183,1616284800000,0.030832557240253446,0.0,2021-03-21
184,1616371200000,0.03177637398424582,0.0,2021-03-22
185,1616457600000,0.030457240465700773,0.0,2021-03-23
186,1616544000000,0.030778406419029628,0.0,2021-03-24
187,1616630400000,0.02902764076468992,0.0,2021-03-25
188,1616716800000,0.03160043848832329,0.0,2021-03-26
189,1616803200000,0.03380119406462524,0.0,2021-03-27
190,1616889600000,0.03311394433922799,0.0,2021-03-28
191,1616976000000,0.033799526291402676,0.0,2021-03-29
192,1617062400000,0.03364039503596831,0.0,2021-03-30
193,1617148800000,0.03517465405489164,0.0,2021-03-31
194,1617235200000,0.03912562210545221,0.0,2021-04-01
195,1617321600000,0.03863369212970679,0.0,2021-04-02
196,1617408000000,0.040307092920714126,0.0,2021-04-03
197,1617494400000,0.03997934152349517,0.0,2021-04-04
198,1617580800000,0.046208278119754594,0.0,2021-04-05
199,1617667200000,0.04872175623727566,0.0,2021-04-06
200,1617753600000,0.04464424540351518,0.0,2021-04-07
201,1617840000000,0.03884701908946216,0.0,2021-04-08
202,1617926400000,0.04146616010981392,0.0,2021-04-09
203,1618012800000,0.044473660417206844,0.0,2021-04-10
204,1618099200000,0.04101142325974357,0.0,2021-04-11
205,1618185600000,0.04125969968424866,0.0,2021-04-12
206,1618272000000,0.039441000494236295,0.0,2021-04-13
207,1618358400000,0.038623200152527654,0.0,2021-04-14
208,1618444800000,0.037894699567155236,0.0,2021-04-15
209,1618531200000,0.039337598057434246,0.0,2021-04-16
210,1618617600000,0.03988557478360755,0.0,2021-04-17
211,1618704000000,0.040162668930517884,0.0,2021-04-18
212,1618790400000,0.03267418525997742,0.0,2021-04-19
213,1618876800000,0.02916797305151536,0.0,2021-04-20
214,1618963200000,0.03684945011817038,0.0,2021-04-21
215,1619049600000,0.03462565161502931,0.0,2021-04-22
216,1619136000000,0.03087174270578486,0.0,2021-04-23
217,1619222400000,0.027809174348480514,0.0,2021-04-24
218,1619308800000,0.028338475677132918,0.0,2021-04-25
219,1619395200000,0.025258255278999917,0.0,2021-04-26
220,1619481600000,0.029633214218827933,0.0,2021-04-27
221,1619568000000,0.03271936202622663,0.0,2021-04-28
222,1619654400000,0.030673387840066253,0.0,2021-04-29
223,1619740800000,0.030110579780288603,0.0,2021-04-30
224,1619827200000,0.03383362602562508,0.0,2021-05-01
225,1619913600000,0.034992807355535595,0.0,2021-05-02
226,1620000000000,0.03372759503097617,0.0,2021-05-03
227,1620086400000,0.03744507838754907,0.0,2021-05-04
228,1620172800000,0.03270402547929796,0.0,2021-05-05
229,1620259200000,0.03537985546977783,0.0,2021-05-06
230,1620345600000,0.033378902418843386,0.0,2021-05-07
231,1620432000000,0.033277164264883766,0.0,2021-05-08
232,1620518400000,0.032996034860388476,0.0,2021-05-09
233,1620604800000,0.03154890315040331,0.0,2021-05-10
234,1620691200000,0.028938347751773192,0.0,2021-05-11
235,1620777600000,0.02983347145849776,0.0,2021-05-12
236,1620864000000,0.025843766074536034,0.0,2021-05-13
237,1620950400000,0.023711590564241315,0.0,2021-05-14
238,1621036800000,0.02585702228971845,0.0,2021-05-15
239,1621123200000,0.023115497005952473,0.0,2021-05-16
240,1621209600000,0.02307576054999143,0.0,2021-05-17
241,1621296000000,0.021212556690125905,0.0,2021-05-18
242,1621382400000,0.021359240555862146,0.0,2021-05-19
243,1621468800000,0.013785134052885,0.0,2021-05-20
244,1621555200000,0.015181263996858008,0.0,2021-05-21
245,1621641600000,0.012174545340085538,0.0,2021-05-22
246,1621728000000,0.011948723287397245,0.0,2021-05-23
247,1621814400000,0.010262421193801163,0.0,2021-05-24
248,1621900800000,0.012144748092040903,0.0,2021-05-25
249,1621987200000,0.014339146361796784,0.0,2021-05-26
250,1622073600000,0.014986580980055729,0.0,2021-05-27
251,1622160000000,0.014915442342168376,0.0,2021-05-28
252,1622246400000,0.012875438778260804,0.0,2021-05-29
253,1622332800000,0.012053378790807109,0.0,2021-05-30
254,1622419200000,0.01277393047025772,0.0,2021-05-31
255,1622505600000,0.014062635394307793,0.0,2021-06-01
256,1622592000000,0.01284820816333675,0.0,2021-06-02
257,1622678400000,0.012996768595272197,0.0,2021-06-03
258,1622764800000,0.014040989086922275,0.0,2021-06-04
259,1622851200000,0.012867534438105012,0.0,2021-06-05
260,1622937600000,0.012540641552473478,0.0,2021-06-06
261,1623024000000,0.02172048805510893,0.0,2021-06-07
262,1623110400000,0.016998795436177397,0.0,2021-06-08
263,1623196800000,0.01762566799304033,0.0,2021-06-09
264,1623283200000,0.018119970679073706,0.0,2021-06-10
265,1623369600000,0.017041018892102695,0.0,2021-06-11
266,1623456000000,0.014800888089556652,0.0,2021-06-12
267,1623542400000,0.01535366080932942,0.0,2021-06-13
268,1623628800000,0.017214585445879376,0.0,2021-06-14
269,1623715200000,0.016778485904084924,0.0,2021-06-15
270,1623801600000,0.015457323304893534,0.0,2021-06-16
271,1623888000000,0.014144806507551089,0.0,2021-06-17
272,1623974400000,0.013952743941845314,0.0,2021-06-18
273,1624060800000,0.014210317869946587,0.0,2021-06-19
274,1624147200000,0.013249273511587029,0.0,2021-06-20
275,1624233600000,0.01317597810167193,0.0,2021-06-21
276,1624320000000,0.011254497255217403,0.0,2021-06-22
277,1624406400000,0.010761124196327531,0.0,2021-06-23
278,1624492800000,0.01226042604777915,0.0,2021-06-24
279,1624579200000,0.012079815898165418,0.0,2021-06-25
280,1624665600000,0.01098381889610445,0.0,2021-06-26
281,1624752000000,0.010544368576141695,0.0,2021-06-27
282,1624838400000,0.011441942234057976,0.0,2021-06-28
283,1624924800000,0.01149885301530152,0.0,2021-06-29
284,1625011200000,0.012246115944202024,0.0,2021-06-30
285,1625097600000,0.01194181871595376,0.0,2021-07-01
286,1625184000000,0.01126523238104078,0.0,2021-07-02
287,1625270400000,0.011637701105131194,0.0,2021-07-03
288,1625356800000,0.011795471272987043,0.0,2021-07-04
289,1625443200000,0.012059870097440606,0.0,2021-07-05
290,1625529600000,0.011376513278498392,0.0,2021-07-06
291,1625616000000,0.011876286180438197,0.0,2021-07-07
292,1625702400000,0.011862219483409969,0.0,2021-07-08
293,1625788800000,0.011363007556239396,0.0,2021-07-09
294,1625875200000,0.011986405045821186,0.0,2021-07-10
295,1625961600000,0.0115589781669734,0.0,2021-07-11
296,1626048000000,0.01180405227539277,0.0,2021-07-12
297,1626134400000,0.0115555929323427,0.0,2021-07-13
298,1626220800000,0.01092988271546596,0.0,2021-07-14
299,1626307200000,0.0113051186677374,0.0,2021-07-15
300,1626393600000,0.01097472048741945,0.0,2021-07-16
301,1626480000000,0.010907066989794907,0.0,2021-07-17
302,1626566400000,0.010278469959334985,0.0,2021-07-18
303,1626652800000,0.01143943384911709,0.0,2021-07-19
304,1626739200000,0.010322451794456962,0.0,2021-07-20
305,1626825600000,0.00926340138249722,0.0,2021-07-21
306,1626912000000,0.00993823084580686,0.0,2021-07-22
307,1626998400000,0.01009010844563698,0.0,2021-07-23
308,1627084800000,0.01029020867037613,0.0,2021-07-24
309,1627171200000,0.010583207894698457,0.0,2021-07-25
310,1627257600000,0.011388089453497067,0.0,2021-07-26
311,1627344000000,0.01242696531426691,0.0,2021-07-27
312,1627430400000,0.01211008497586912,0.0,2021-07-28
313,1627516800000,0.01254702773379696,0.0,2021-07-29
314,1627603200000,0.012381224178861132,0.0,2021-07-30
315,1627689600000,0.01261428977486776,0.0,2021-07-31
316,1627776000000,0.01296648988886759,0.0,2021-08-01
317,1627862400000,0.013077673769587343,0.0,2021-08-02
318,1627948800000,0.012055292870484423,0.0,2021-08-03
319,1628035200000,0.011548159902281205,0.0,2021-08-04
320,1628121600000,0.011940814587113055,0.0,2021-08-05
321,1628208000000,0.012408429318493563,0.0,2021-08-06
322,1628294400000,0.013123303591121106,0.0,2021-08-07
323,1628380800000,0.014283920994284846,0.0,2021-08-08
324,1628467200000,0.012751434268730507,0.0,2021-08-09
325,1628553600000,0.014998647477525133,0.0,2021-08-10
326,1628640000000,0.01440377854007107,0.0,2021-08-11
327,1628726400000,0.014826645719930899,0.0,2021-08-12
328,1628812800000,0.014953137775113782,0.0,2021-08-13
329,1628899200000,0.016212494999775118,0.0,2021-08-14
330,1628985600000,0.01582200006480071,0.0,2021-08-15
331,1629072000000,0.01693570333099917,0.0,2021-08-16
332,1629158400000,0.016871180869567598,0.0,2021-08-17
333,1629244800000,0.015484733379843034,0.0,2021-08-18
334,1629331200000,0.014895900850383859,0.0,2021-08-19
335,1629417600000,0.01546236840188014,0.0,2021-08-20
336,1629504000000,0.01586651582631612,0.0,2021-08-21
337,1629590400000,0.015601573963087536,0.0,2021-08-22
338,1629676800000,0.016868253417899295,0.0,2021-08-23
339,1629763200000,0.016379118106090978,0.0,2021-08-24
340,1629849600000,0.015331111464009213,0.0,2021-08-25
341,1629936000000,0.015828681205688692,0.0,2021-08-26
342,1630022400000,0.014550101821733784,0.0,2021-08-27
343,1630108800000,0.015520029964497412,0.0,2021-08-28
344,1630195200000,0.015077685963719858,0.0,2021-08-29
345,1630281600000,0.01540348969147382,0.0,2021-08-30
346,1630368000000,0.014860334987437352,0.0,2021-08-31
347,1630454400000,0.014422673582189766,0.0,2021-09-01
348,1630540800000,0.015149326790044245,0.0,2021-09-02
349,1630627200000,0.015487218429079398,0.0,2021-09-03
350,1630713600000,0.015698364713896455,0.0,2021-09-04
351,1630800000000,0.015964535372598183,0.0,2021-09-05
352,1630886400000,0.016216027402727148,0.0,2021-09-06
353,1630972800000,0.017611819858933935,0.0,2021-09-07
354,1631059200000,0.014089491480562556,0.0,2021-09-08
355,1631145600000,0.013791104895695341,0.0,2021-09-09
356,1631232000000,0.013685146196521294,0.0,2021-09-10
357,1631318400000,0.013107108192519566,0.0,2021-09-11
358,1631404800000,0.013602861185567491,0.0,2021-09-12
359,1631491200000,0.0136210511411078,0.0,2021-09-13
360,1631577600000,0.012343833561419984,0.0,2021-09-14
361,1631664000000,0.012677126539960391,0.0,2021-09-15
362,1631750400000,0.012986763629346223,0.0,2021-09-16
363,1631836800000,0.013895827283237547,0.0,2021-09-17
364,1631923200000,0.014876118063613834,0.0,2021-09-18
365,1632009600000,0.014190049106152541,0.0,2021-09-19
366,1632096000000,0.013450811613419184,0.0,2021-09-20
367,1632182400000,0.01253398693205885,0.0,2021-09-21
368,1632268800000,0.01272421422264674,0.0,2021-09-22
369,1632355200000,0.013639274294159063,0.0,2021-09-23
370,1632441600000,0.014003079345716901,0.0,2021-09-24
371,1632528000000,0.01273553845489583,0.0,2021-09-25
372,1632614400000,0.012246839221525559,0.0,2021-09-26
373,1632700800000,0.012187234537371732,0.0,2021-09-27
374,1632787200000,0.011542779058795829,0.0,2021-09-28
375,1632873600000,0.011497431790635736,0.0,2021-09-29
376,1632960000000,0.011547923230368977,0.0,2021-09-30
377,1633046400000,0.012069934995474015,0.0,2021-10-01
378,1633132800000,0.012822709838983827,0.0,2021-10-02
379,1633219200000,0.012746249094476155,0.0,2021-10-03
380,1633305600000,0.012703669192677658,0.0,2021-10-04
381,1633392000000,0.012632526947834835,0.0,2021-10-05
382,1633478400000,0.013391887747155943,0.0,2021-10-06
383,1633564800000,0.013095715305525705,0.0,2021-10-07
384,1633651200000,0.01324152958048614,0.0,2021-10-08
385,1633737600000,0.013198182573735524,0.0,2021-10-09
386,1633824000000,0.013471509436253219,0.0,2021-10-10
387,1633910400000,0.013183794920202652,0.0,2021-10-11
388,1633996800000,0.012838769030592714,0.0,2021-10-12
389,1634083200000,0.012585237825008654,0.0,2021-10-13
390,1634169600000,0.013600753633998354,0.0,2021-10-14
391,1634256000000,0.013190252107033533,0.0,2021-10-15
392,1634342400000,0.013948175900233315,43231303.14276962,2021-10-16
393,1634428800000,0.0243465333253983,75249435.13975447,2021-10-17
394,1634515200000,0.020388776948108638,63377545.86984192,2021-10-18
395,1634601600000,0.018093888007912836,55867436.872217305,2021-10-19
396,1634688000000,0.017957534776518895,55595070.13706604,2021-10-20
397,1634774400000,0.01830758004668204,56671698.1490961,2021-10-21
398,1634860800000,0.01678953299602234,52008479.31458988,2021-10-22
399,1634947200000,0.017814244830829738,56475986.56282125,2021-10-23
400,1635033600000,0.017758041840516492,55033385.993899,2021-10-24
401,1635120000000,0.018401704683711335,57237608.50000755,2021-10-25
402,1635206400000,0.0223869919844321,69399293.54074521,2021-10-26
403,1635292800000,0.02503956714893319,77943052.70024705,2021-10-27
404,1635379200000,0.02068618324568111,64816972.47056236,2021-10-28
405,1635465600000,0.019462102760610472,60281158.30234034,2021-10-29
406,1635552000000,0.019295567631981828,59855515.040544435,2021-10-30
407,1635638400000,0.018639392764149287,57732750.58195305,2021-10-31
408,1635724800000,0.01832628749905645,56869559.10229527,2021-11-01
409,1635811200000,0.018694911004717506,57794692.279985674,2021-11-02
410,1635897600000,0.01942874246747542,60151864.78866104,2021-11-03
411,1635984000000,0.018860340389255187,58415917.872400306,2021-11-04
412,1636070400000,0.019091872235383493,59283103.185504384,2021-11-05
413,1636156800000,0.018705334293930374,58148649.52859697,2021-11-06
414,1636243200000,0.018823597308992336,58126868.78383443,2021-11-07
415,1636329600000,0.01950977428199854,60746620.23655096,2021-11-08
416,1636416000000,0.018938265591288066,58694421.56103465,2021-11-09
417,1636502400000,0.01957211074710824,60828898.86897827,2021-11-10
418,1636588800000,0.018334313354121813,56829092.77174622,2021-11-11
419,1636675200000,0.01946535390197317,60350540.052799776,2021-11-12
420,1636761600000,0.0188965329509102,58520445.858399734,2021-11-13
421,1636848000000,0.025290632627470458,78044934.84374544,2021-11-14
422,1636934400000,0.02440099953463082,75299383.63437349,2021-11-15
423,1637020800000,0.02236470336255912,69334672.0117466,2021-11-16
424,1637107200000,0.02082374550702319,64712760.12441757,2021-11-17
425,1637193600000,0.02173086147539517,67193325.22569276,2021-11-18
426,1637280000000,0.020951892714909007,64945717.82548931,2021-11-19
427,1637366400000,0.021542488769080652,66594818.28362211,2021-11-20
428,1637452800000,0.02506527294301968,78412905.17414485,2021-11-21
429,1637539200000,0.024965765944113517,77495844.93984926,2021-11-22
430,1637625600000,0.02292564817641475,71071521.23048934,2021-11-23
431,1637712000000,0.028041227088063145,86915805.4050447,2021-11-24
432,1637798400000,0.02588045984354211,80137513.52711792,2021-11-25
433,1637884800000,0.026980728890204083,83659142.12070948,2021-11-26
434,1637971200000,0.023833850341493212,73760376.43483987,2021-11-27
435,1638057600000,0.023727781388743215,73268043.32079391,2021-11-28
436,1638144000000,0.02386655940562108,74080200.74198547,2021-11-29
437,1638230400000,0.024971350762498925,77512523.77742071,2021-11-30
438,1638316800000,0.024547453921518487,76531969.52640058,2021-12-01
439,1638403200000,0.024405564770334398,75692464.94778684,2021-12-02
440,1638489600000,0.023800952846753917,73991394.62987578,2021-12-03
441,1638576000000,0.02228217096746391,69176535.28265262,2021-12-04
442,1638662400000,0.018644469450495495,57929014.78465977,2021-12-05
443,1638748800000,0.0171838245878898,53240972.52553428,2021-12-06
444,1638835200000,0.02018744006854447,62596319.884875715,2021-12-07
445,1638921600000,0.019382379735133393,59769590.93455986,2021-12-08
446,1639008000000,0.018768943239304052,58160633.69118976,2021-12-09
447,1639094400000,0.017607717119605668,54875682.65607981,2021-12-10
448,1639180800000,0.016657224780681493,51966371.88747797,2021-12-11
449,1639267200000,0.01706769969027162,52786524.73021799,2021-12-12
450,1639353600000,0.017219828530799463,53256664.87186584,2021-12-13
451,1639440000000,0.014817283899747525,46902898.525119044,2021-12-14
452,1639526400000,0.015256316510024613,47028086.982398555,2021-12-15
453,1639612800000,0.015896445412212,49192895.86673154,2021-12-16
454,1639699200000,0.01570754878168311,48651698.03703935,2021-12-17
455,1639785600000,0.016928935914811174,52559171.05252599,2021-12-18
456,1639872000000,0.016528798150521978,51253235.10515467,2021-12-19
457,1639958400000,0.01621184552981417,50258749.60949128,2021-12-20
458,1640044800000,0.015875274730168226,49421181.6823195,2021-12-21
459,1640131200000,0.01657662595705434,51463108.89215998,2021-12-22
460,1640217600000,0.016501053733494607,51331115.53326262,2021-12-23
461,1640304000000,0.01744774466988243,54063211.47351321,2021-12-24
462,1640390400000,0.017687428535082324,55034998.34236014,2021-12-25
463,1640476800000,0.017969254527111823,55712195.5063347,2021-12-26
464,1640563200000,0.01826567635585452,56810392.1594789,2021-12-27
465,1640649600000,0.01848394239398871,57422302.12458732,2021-12-28
466,1640736000000,0.017000938693198516,52852573.949086465,2021-12-29
467,1640822400000,0.016932351180851003,52287284.288972884,2021-12-30
468,1640908800000,0.016722246010228783,51807879.02515375,2021-12-31
469,1640995200000,0.01643473852359063,51017436.440836646,2022-01-01
470,1641081600000,0.016932116977757494,52263119.52354618,2022-01-02
471,1641168000000,0.017344434263378943,53843708.206770375,2022-01-03
472,1641254400000,0.016641302850558502,51611292.49156454,2022-01-04
473,1641340800000,0.016881867756669413,52796307.55999681,2022-01-05
474,1641427200000,0.015350142948866755,47828800.05843562,2022-01-06
475,1641513600000,0.015171018712354125,47047464.4210423,2022-01-07
476,1641600000000,0.013968234531676817,43169967.533930816,2022-01-08
477,1641686400000,0.01423339233295589,44269836.38216916,2022-01-09
478,1641772800000,0.014579770042073302,44792660.48148114,2022-01-10
479,1641859200000,0.013869445825220744,43086697.41245343,2022-01-11
480,1641945600000,0.014356332246409018,44571755.30208304,2022-01-12
481,1642032000000,0.01478817347073358,45898904.31296584,2022-01-13
482,1642118400000,0.014009258328812783,43463150.67014355,2022-01-14
483,1642204800000,0.01427432241179207,44246671.96353767,2022-01-15
484,1642291200000,0.014359683556150443,44645086.49261923,2022-01-16
485,1642377600000,0.01681320560057614,52173747.686917156,2022-01-17
486,1642464000000,0.014917689946672393,46139630.96407657,2022-01-18
487,1642550400000,0.014568887730692476,45168046.99557459,2022-01-19
488,1642636800000,0.014128615706730102,43897910.39959003,2022-01-20
489,1642723200000,0.014088551541439346,43727333.26567295,2022-01-21
490,1642809600000,0.012097629904019079,37680393.77451028,2022-01-22
491,1642896000000,0.012097309374571024,37471218.917693935,2022-01-23
492,1642982400000,0.012520081304321584,38796621.10450575,2022-01-24
493,1643068800000,0.011484649049248643,35618427.3653142,2022-01-25
494,1643155200000,0.011322760855869382,35103107.9958039,2022-01-26
495,1643241600000,0.011367151788108742,35184381.38978634,2022-01-27
496,1643328000000,0.011349111836828907,35064506.8759788,2022-01-28
497,1643414400000,0.011416551770282678,35373931.70494301,2022-01-29
498,1643500800000,0.011615962942194566,35999861.49577993,2022-01-30
499,1643587200000,0.011410389282548344,35406088.85920528,2022-01-31
500,1643673600000,0.0112734664149359,34913566.11337302,2022-02-01
501,1643760000000,0.011421109779409983,35520119.81092623,2022-02-02
502,1643846400000,0.010805692127247277,33516110.338518158,2022-02-03
503,1643932800000,0.013935526218064622,41751402.60530955,2022-02-04
504,1644019200000,0.012768448007245197,39593282.16682453,2022-02-05
505,1644105600000,0.01278457457215741,39619304.70693429,2022-02-06
506,1644192000000,0.012898034947989584,39962078.2227933,2022-02-07
507,1644278400000,0.013171595905250626,40819062.437259905,2022-02-08
508,1644364800000,0.012939657312750326,40108173.82670411,2022-02-09
509,1644451200000,0.013553253353232056,42034296.15229627,2022-02-10
510,1644537600000,0.013079841183729622,40495998.90475191,2022-02-11
511,1644624000000,0.012041461332550235,37415870.26186879,2022-02-12
512,1644710400000,0.011985048389535827,37131050.75061428,2022-02-13
513,1644796800000,0.01185987231513918,37027428.30080664,2022-02-14
514,1644883200000,0.011918250481620117,36964903.448564306,2022-02-15
515,1644969600000,0.012552658067404741,39013240.37489515,2022-02-16
516,1645056000000,0.012424474348638331,38563330.941436656,2022-02-17
517,1645142400000,0.011684860441451216,36270752.939342655,2022-02-18
518,1645228800000,0.011308431855477027,35101076.64447496,2022-02-19
519,1645315200000,0.011501342597852966,35601451.58698615,2022-02-20
520,1645401600000,0.011121709833074341,34462834.56959876,2022-02-21
521,1645488000000,0.010821783933625906,33455465.146388076,2022-02-22
522,1645574400000,0.011393461136224262,35260163.221512064,2022-02-23
523,1645660800000,0.010750285682957826,33333767.01314889,2022-02-24
524,1645747200000,0.01103505440375835,34224775.36240219,2022-02-25
525,1645833600000,0.011331353860210613,35151301.58724943,2022-02-26
526,1645920000000,0.011302353198029396,35022609.97850236,2022-02-27
527,1646006400000,0.010588444217369814,32853750.668048702,2022-02-28
528,1646092800000,0.011578281315848886,35900748.22900793,2022-03-01
529,1646179200000,0.01159417245383749,35877531.97498045,2022-03-02
530,1646265600000,0.011319817541879398,35091132.963218786,2022-03-03
531,1646352000000,0.011162559242300248,34553549.300123654,2022-03-04
532,1646438400000,0.010712495875004285,33216405.45360174,2022-03-05
533,1646524800000,0.011119064030854943,34462956.81088087,2022-03-06
534,1646611200000,0.011025340976474713,34383729.867310114,2022-03-07
535,1646697600000,0.011414965551220506,35511304.38676977,2022-03-08
536,1646784000000,0.01128514408739046,35005899.505536824,2022-03-09
537,1646870400000,0.011754540842697244,36504234.26274501,2022-03-10
538,1646956800000,0.011308624235715874,35069826.49586404,2022-03-11
539,1647043200000,0.011338322205587921,35262356.87670448,2022-03-12
540,1647129600000,0.011158368217918789,34633537.306168996,2022-03-13
541,1647216000000,0.010838943056173991,33627773.41683319,2022-03-14
542,1647302400000,0.011176714647857518,34628349.74876588,2022-03-15
543,1647388800000,0.012424820340435811,38513162.30621749,2022-03-16
544,1647475200000,0.012105559970981686,37902173.22633737,2022-03-17
545,1647561600000,0.012016676716841848,37226309.129558,2022-03-18
546,1647648000000,0.012363110174686472,38257715.89214525,2022-03-19
547,1647734400000,0.012678283254090714,39301210.49047749,2022-03-20
548,1647820800000,0.013055643499260774,40508300.28078444,2022-03-21
549,1647907200000,0.013278883562400576,41212438.09678721,2022-03-22
550,1647993600000,0.01317620546098907,40860163.45110316,2022-03-23
551,1648080000000,0.012452081588101275,38801843.73274998,2022-03-24
552,1648166400000,0.01244316714546783,38701598.742227584,2022-03-25
553,1648252800000,0.012475626950635619,38661268.37594385,2022-03-26
554,1648339200000,0.01255196325320917,38970596.13724591,2022-03-27
555,1648425600000,0.013033930476401575,40382359.73130884,2022-03-28
556,1648512000000,0.013316767316608998,41852337.00229611,2022-03-29
557,1648598400000,0.01613318306279882,49937047.92545509,2022-03-30
558,1648684800000,0.015004434679950022,46674640.82856303,2022-03-31
559,1648771200000,0.014316709397878803,43860518.146986246,2022-04-01
560,1648857600000,0.014608445543019244,45274761.00101655,2022-04-02
561,1648944000000,0.015160853467374443,47010453.02668453,2022-04-03
562,1649030400000,0.01511863517901907,46854553.90676586,2022-04-04
563,1649116800000,0.015146267355889649,46965990.27131253,2022-04-05
564,1649203200000,0.015841194410923038,49329675.62324814,2022-04-06
565,1649289600000,0.013292047944183002,41228397.63049404,2022-04-07
566,1649376000000,0.0139157252704081,43220471.71919238,2022-04-08
567,1649462400000,0.01324710352350642,41020040.048191115,2022-04-09
568,1649548800000,0.013449113156180675,41747704.86501795,2022-04-10
569,1649635200000,0.013144416412786323,40836164.36197197,2022-04-11
570,1649721600000,0.012448560684399443,38570082.26449594,2022-04-12
571,1649808000000,0.013197029533022419,40912693.018120795,2022-04-13
572,1649894400000,0.013314558598648883,41322524.23147788,2022-04-14
573,1649980800000,0.01354416541089381,42048801.71610401,2022-04-15
574,1650067200000,0.013583545800961671,42371900.43314335,2022-04-16
575,1650153600000,0.013628971812866436,42278798.02824678,2022-04-17
576,1650240000000,0.012924164204069923,40090547.53598952,2022-04-18
577,1650326400000,0.013047671558487212,40423096.88635561,2022-04-19
578,1650412800000,0.013442320321249267,41724212.246061675,2022-04-20
579,1650499200000,0.01352202514792252,41995236.85711782,2022-04-21
580,1650585600000,0.013051608004571285,40485925.90503427,2022-04-22
581,1650672000000,0.012855174943562968,39920182.66713862,2022-04-23
582,1650758400000,0.012747062314510794,39624619.05378389,2022-04-24
583,1650844800000,0.012405777026815844,38444878.357847944,2022-04-25
584,1650931200000,0.012638166747413295,39228582.23561333,2022-04-26
585,1651017600000,0.012068499464398346,37479159.76232972,2022-04-27
586,1651104000000,0.012061422303578652,37443526.964364424,2022-04-28
587,1651190400000,0.012150767784105168,37706540.568739675,2022-04-29
588,1651276800000,0.011304805373867879,35126591.2022361,2022-04-30
589,1651363200000,0.01081700901604928,33542088.333037026,2022-05-01
590,1651449600000,0.011139604404503711,34600280.50155041,2022-05-02
591,1651536000000,0.011022719336655256,34217169.97132404,2022-05-03
592,1651622400000,0.010689737958129985,33195620.78977284,2022-05-04
593,1651708800000,0.011295100039797428,35063160.1349576,2022-05-05
594,1651795200000,0.010506423953026959,32620677.47371623,2022-05-06
595,1651881600000,0.010468829106928196,32597524.772066176,2022-05-07
596,1651968000000,0.010395445128611423,32318058.993027262,2022-05-08
597,1652054400000,0.010653268016347443,33106726.064346444,2022-05-09
598,1652140800000,0.009886376086752,30848427.36937535,2022-05-10
599,1652227200000,0.0101173280535421,31389754.062821984,2022-05-11
600,1652313600000,0.005048475132797954,15397849.703238739,2022-05-12
601,1652400000000,0.00411814205895236,12791869.97875069,2022-05-13
602,1652486400000,0.004403206683549461,13710571.382062346,2022-05-14
603,1652572800000,0.005277873950810506,15614401.553649908,2022-05-15
604,1652659200000,0.005270429884364247,16346734.384550609,2022-05-16
605,1652745600000,0.004521710636085505,14118745.843344638,2022-05-17
606,1652832000000,0.005042078756096551,15681270.927111406,2022-05-18
607,1652918400000,0.005467041388506903,17325590.320892062,2022-05-19
608,1653004800000,0.005205843213472128,16163180.582650127,2022-05-20
609,1653091200000,0.004741899245306448,14725980.637506945,2022-05-21
610,1653177600000,0.004613644422587104,14344872.330494856,2022-05-22
611,1653264000000,0.004734498770657104,14679725.196781168,2022-05-23
612,1653350400000,0.004672172630938174,14507941.506663892,2022-05-24
613,1653436800000,0.0046084842038791145,14264906.87745422,2022-05-25
614,1653523200000,0.004582741973602296,14235766.30769257,2022-05-26
615,1653609600000,0.004085177897886535,12682363.17779249,2022-05-27
616,1653696000000,0.0038980989686537015,12103891.527637536,2022-05-28
617,1653782400000,0.0040426190430179485,12546762.589934237,2022-05-29
618,1653868800000,0.004221291848635754,13118320.671048827,2022-05-30
619,1653955200000,0.004432507530249914,13846538.669957822,2022-05-31
620,1654041600000,0.004406825246511741,13690617.70971237,2022-06-01
621,1654128000000,0.003916271852333753,12184082.394214254,2022-06-02
622,1654214400000,0.004316779242041931,13515783.159252247,2022-06-03
623,1654300800000,0.004194405740243992,13008859.6176769,2022-06-04
624,1654387200000,0.0041890259410610935,12990939.441534659,2022-06-05
625,1654473600000,0.0041454696622423804,12838431.720183084,2022-06-06
626,1654560000000,0.004124304724958168,12804768.33777397,2022-06-07
627,1654646400000,0.004117317098915819,12820693.117419131,2022-06-08
628,1654732800000,0.004082993638691359,12688414.114719303,2022-06-09
629,1654819200000,0.00393947620001746,12230839.683824457,2022-06-10
630,1654905600000,0.0038589339406925266,11911667.1448385,2022-06-11
631,1654992000000,0.0035814917969182987,11127301.30914839,2022-06-12
632,1655078400000,0.0031058498463825478,9758137.775573473,2022-06-13
633,1655164800000,0.0028927548054655037,8928332.691118492,2022-06-14
634,1655251200000,0.0029391242630508224,9142308.400607375,2022-06-15
635,1655337600000,0.0030258837963288957,9361447.634671537,2022-06-16
636,1655424000000,0.002758366427922104,8574739.178011486,2022-06-17
637,1655510400000,0.0028975735334610645,9014644.250245076,2022-06-18
638,1655596800000,0.002656743458890453,8248071.490574275,2022-06-19
639,1655683200000,0.002837261129997592,8802405.11153368,2022-06-20
640,1655769600000,0.002924487237409098,9028562.75229271,2022-06-21
641,1655856000000,0.0030398946067463958,9432625.959706265,2022-06-22
642,1655942400000,0.002831434805428067,8800381.219541159,2022-06-23
643,1656028800000,0.0030577200919420996,9499841.663749062,2022-06-24
644,1656115200000,0.003303871662864384,10266087.496723,2022-06-25
645,1656201600000,0.003255469642933662,10092671.304888446,2022-06-26
646,1656288000000,0.003190402639911023,9915193.223633675,2022-06-27
647,1656374400000,0.0032135385915193515,9996825.072330076,2022-06-28
648,1656460800000,0.00305235062589097,9477682.262601119,2022-06-29
649,1656547200000,0.0030345655216562134,9477639.997631742,2022-06-30
650,1656633600000,0.002840617440381061,8711637.139207175,2022-07-01
651,1656720000000,0.0028860271475558428,9007833.282298245,2022-07-02
652,1656806400000,0.0029863064981237703,9282403.663801631,2022-07-03
653,1656892800000,0.0030341363675166736,9416377.747552626,2022-07-04
654,1656979200000,0.0031890156315894477,9901771.488637,2022-07-05
655,1657065600000,0.0030564523696634655,9489649.847443229,2022-07-06
656,1657152000000,0.003234225328044962,10019352.660267336,2022-07-07
657,1657238400000,0.0058779332169901066,18084697.53206989,2022-07-08
658,1657324800000,0.005121441573928132,15876098.957857613,2022-07-09
659,1657411200000,0.004869817113505407,15119608.141599476,2022-07-10
660,1657497600000,0.004737513979738749,14690251.907099804,2022-07-11
661,1657584000000,0.004731428655542935,14880991.551266937,2022-07-12
662,1657670400000,0.004622040765523654,14453185.91881758,2022-07-13
663,1657756800000,0.004502521415184323,13964107.371460246,2022-07-14
664,1657843200000,0.004484468305958592,13928311.665671354,2022-07-15
665,1657929600000,0.004386594709508492,13643607.898840824,2022-07-16
666,1658016000000,0.004531666560358384,14068411.198718432,2022-07-17
667,1658102400000,0.004441881445369338,13811487.429980155,2022-07-18
668,1658188800000,0.00466084821145856,14423653.797125041,2022-07-19
669,1658275200000,0.004859921281912282,15087891.358970769,2022-07-20
670,1658361600000,0.0046429238919896984,14450778.124566322,2022-07-21
671,1658448000000,0.004898865782842647,15225352.529762644,2022-07-22
672,1658534400000,0.0048168880874996925,14995942.697554879,2022-07-23
673,1658620800000,0.004923365713749964,15295756.85567356,2022-07-24
674,1658707200000,0.005020302988813822,15539838.957014112,2022-07-25
675,1658793600000,0.004680470288366409,14690025.077950606,2022-07-26
676,1658880000000,0.0044503174563672865,13885807.944885204,2022-07-27
677,1658966400000,0.004790211021109012,14861468.462987514,2022-07-28
678,1659052800000,0.004989687573170876,15460650.082590813,2022-07-29
679,1659139200000,0.005418574444453956,16968595.055504832,2022-07-30
680,1659225600000,0.005217484726076066,16172524.567340259,2022-07-31
681,1659312000000,0.005325532743794807,16541346.757655298,2022-08-01
682,1659398400000,0.0051985617831511125,16139118.592643574,2022-08-02
683,1659484800000,0.005102193278979918,15860069.815220462,2022-08-03
684,1659571200000,0.005227571820546928,16323785.818446688,2022-08-04
685,1659657600000,0.005203756368004086,16099383.852662385,2022-08-05
686,1659744000000,0.005286417730162397,16395537.975464566,2022-08-06
687,1659830400000,0.005418385534104722,16851816.144486666,2022-08-07
688,1659916800000,0.005453704063344661,16926435.55268142,2022-08-08
689,1660003200000,0.005455651235758272,16993268.987194784,2022-08-09
690,1660089600000,0.005185194228265193,16161527.29547888,2022-08-10
691,1660176000000,0.005467803706495758,16989691.15493807,2022-08-11
692,1660262400000,0.00588912799347674,18292153.11833418,2022-08-12
693,1660348800000,0.006140218143668051,19082330.493570153,2022-08-13
694,1660435200000,0.005904501504276042,18345946.243150003,2022-08-14
695,1660521600000,0.0057476550538951,17843638.46965547,2022-08-15
696,1660608000000,0.005493652332558865,17064017.555768367,2022-08-16
697,1660694400000,0.005442533291004274,16936026.048091013,2022-08-17
698,1660780800000,0.005277294462043924,16395789.587686365,2022-08-18
699,1660867200000,0.005089618849696122,15917754.563677646,2022-08-19
700,1660953600000,0.004296369766241139,13354189.809588352,2022-08-20
701,1661040000000,0.004295605595375719,13370518.10081101,2022-08-21
702,1661126400000,0.00453387565950118,14143010.037251255,2022-08-22
703,1661212800000,0.004384529622900187,13620863.558363367,2022-08-23
704,1661299200000,0.004551097309605234,14126857.59270861,2022-08-24
705,1661385600000,0.004622216258575661,14336967.649399055,2022-08-25
706,1661472000000,0.004473993619043441,13886121.698822957,2022-08-26
707,1661558400000,0.004212635721507414,13037176.539170014,2022-08-27
708,1661644800000,0.004207469243602226,13032984.890474116,2022-08-28
709,1661731200000,0.004236537486578885,13185875.127448171,2022-08-29
710,1661817600000,0.004351085552800285,13530147.89588583,2022-08-30
711,1661904000000,0.004184336095182058,13019650.86540985,2022-08-31
712,1661990400000,0.004152479871614902,12920370.080560097,2022-09-01
713,1662076800000,0.0042271314267892145,13110124.531902594,2022-09-02
714,1662163200000,0.0042091161235064825,13078067.673356894,2022-09-03
715,1662249600000,0.004250896822868587,13197969.126698574,2022-09-04
716,1662336000000,0.004288206374574102,13312307.31766713,2022-09-05
717,1662422400000,0.004294813151460753,13319982.764622638,2022-09-06
718,1662508800000,0.004160074412913211,12929882.064302433,2022-09-07
719,1662595200000,0.0042466809723645076,13186095.836904436,2022-09-08
720,1662681600000,0.0044073089220221075,13683866.303421395,2022-09-09
721,1662768000000,0.00464623379306869,14417688.914806116,2022-09-10
722,1662854400000,0.004632882172306656,14389585.13737215,2022-09-11
723,1662940800000,0.004638266047425312,14389260.57913359,2022-09-12
724,1663027200000,0.004555955654352726,14151182.326179983,2022-09-13
725,1663113600000,0.004353106469372095,13524512.874348471,2022-09-14
726,1663200000000,0.004375403075606338,13590743.522890897,2022-09-15
727,1663286400000,0.004436839277219536,13776190.239605013,2022-09-16
728,1663372800000,0.004412406189893337,13735152.512761611,2022-09-17
729,1663459200000,0.0046591996578055715,14471478.202489782,2022-09-18
730,1663545600000,0.004374406486536457,13579866.616512163,2022-09-19
731,1663632000000,0.004276583322930778,13274959.9794214,2022-09-20
732,1663718400000,0.004126082496908673,12820130.074486071,2022-09-21
733,1663804800000,0.00429612329161333,13337527.891588293,2022-09-22
734,1663891200000,0.004347233527302285,13535794.543719081,2022-09-23
735,1663977600000,0.004332472399375048,13541057.438592928,2022-09-24
736,1664064000000,0.004427633336352934,13748931.360311065,2022-09-25
737,1664150400000,0.004282335538868613,13295054.044477943,2022-09-26
738,1664236800000,0.004226697776825105,13115346.974204592,2022-09-27
739,1664323200000,0.004206681593241666,13060142.374335973,2022-09-28
740,1664409600000,0.004256224057312253,13217272.556921745,2022-09-29
741,1664496000000,0.004316243581283389,13406894.392557992,2022-09-30
742,1664582400000,0.004428175921361842,13713538.05486965,2022-10-01
743,1664668800000,0.004455695644017236,13824251.65679913,2022-10-02
744,1664755200000,0.004405527233173851,13647524.7464177,2022-10-03
745,1664841600000,0.004431418724711079,13757812.442392638,2022-10-04
746,1664928000000,0.004523675884349594,14055685.307011222,2022-10-05
747,1665014400000,0.004396363351041181,13657550.39517092,2022-10-06
748,1665100800000,0.004288194234116313,13317490.083095629,2022-10-07
749,1665187200000,0.004242396418617667,13194767.55750811,2022-10-08
750,1665273600000,0.0041794637697565844,13008488.753453616,2022-10-09
751,1665360000000,0.004123179218359478,12769899.944231093,2022-10-10
752,1665446400000,0.003999354034316667,12423382.735960504,2022-10-11
753,1665532800000,0.0037303645140752857,11573587.626066446,2022-10-12
754,1665619200000,0.003907361068416529,12134475.535353126,2022-10-13
755,1665705600000,0.0025713468226813033,7893406.459321072,2022-10-14
756,1665792000000,0.002375627226861655,7364214.787261051,2022-10-15
757,1665878400000,0.0021524394170132173,6686278.7513976665,2022-10-16
758,1665964800000,0.002036665248763652,6314559.954236517,2022-10-17
759,1666051200000,0.0019153485098797188,5943244.190838309,2022-10-18
760,1666137600000,0.0019014068309532272,5905503.376964529,2022-10-19
761,1666224000000,0.0017858072508815995,5545351.165184481,2022-10-20
762,1666310400000,0.0016895773468555925,5247318.898271665,2022-10-21
763,1666396800000,0.001590020465037137,4956730.3511089375,2022-10-22
764,1666483200000,0.0015704057642926723,4849734.718851051,2022-10-23
765,1666569600000,0.0016693420593185038,5180620.630540177,2022-10-24
766,1666656000000,0.0010912530178715939,3389639.58615385,2022-10-25
767,1666742400000,0.0010411299469217392,3230870.104315881,2022-10-26
768,1666828800000,0.0008468401778932944,2624965.879622387,2022-10-27
769,1666915200000,0.0007921955062421573,2463419.1450228333,2022-10-28
770,1667001600000,0.0007760530756944129,2426000.7773051662,2022-10-29
771,1667088000000,0.0007859312604496989,2440352.328463845,2022-10-30
772,1667174400000,0.0007769697504221668,2411152.5794325215,2022-10-31
773,1667260800000,0.0007997974305552793,2470906.5441976995,2022-11-01
774,1667347200000,0.0007204443524560245,2243707.9361318997,2022-11-02
775,1667433600000,0.0008144572627640505,2520862.841907568,2022-11-03
776,1667520000000,0.0007796549206765091,2423665.339470222,2022-11-04
777,1667606400000,0.000789126999909723,2453945.773406547,2022-11-05
778,1667692800000,0.0008321728729830598,2588202.544924924,2022-11-06
779,1667779200000,0.0008030160836402237,2493794.954836996,2022-11-07
780,1667865600000,0.0007921613332564226,2460142.606317833,2022-11-08
781,1667952000000,0.0006950239428689114,2158141.643049178,2022-11-09
782,1668038400000,0.0006484046139591958,2014929.8331974691,2022-11-10
783,1668124800000,0.0006308759497936314,1949879.9638415638,2022-11-11
784,1668211200000,0.0006327948037516315,1967897.2611212435,2022-11-12
785,1668297600000,0.0006678154403991424,2071244.9259238848,2022-11-13
786,1668384000000,0.0006145700498597764,1906416.1400092442,2022-11-14
787,1668470400000,0.0006233958344808671,1936094.1500853794,2022-11-15
788,1668556800000,0.0006360833830615673,1982554.5023987065,2022-11-16
