,Time,open,mktcap,Date
0,1602720000000,0.21223544752856613,0.0,2020-10-15
1,1602806400000,0.21223544752856613,0.0,2020-10-16
2,1602892800000,0.2181099237963139,0.0,2020-10-17
3,1602979200000,0.1926635866795522,0.0,2020-10-18
4,1603065600000,0.16746785301228942,0.0,2020-10-19
5,1603152000000,0.16532137375698952,0.0,2020-10-20
6,1603238400000,0.15456567673589414,0.0,2020-10-21
7,1603324800000,0.15512239785693976,0.0,2020-10-22
8,1603411200000,0.12855151787367206,0.0,2020-10-23
9,1603497600000,0.10142222822684606,0.0,2020-10-24
10,1603584000000,0.11014296449201524,0.0,2020-10-25
11,1603670400000,0.10957357143019679,0.0,2020-10-26
12,1603756800000,0.11589926248597222,0.0,2020-10-27
13,1603843200000,0.11693160373657623,0.0,2020-10-28
14,1603929600000,0.11888788605462074,0.0,2020-10-29
15,1604016000000,0.11566121486429341,0.0,2020-10-30
16,1604102400000,0.0990435660121831,0.0,2020-10-31
17,1604188800000,0.1103516214887589,0.0,2020-11-01
18,1604275200000,0.11519314997265216,0.0,2020-11-02
19,1604361600000,0.10824846211375087,0.0,2020-11-03
20,1604448000000,0.10559747801806714,0.0,2020-11-04
21,1604534400000,0.1038948911465201,0.0,2020-11-05
22,1604620800000,0.10298603038637065,0.0,2020-11-06
23,1604707200000,0.09438469451268328,0.0,2020-11-07
24,1604793600000,0.08529627106663792,0.0,2020-11-08
25,1604880000000,0.07359231018141732,0.0,2020-11-09
26,1604966400000,0.07520149245619294,0.0,2020-11-10
27,1605052800000,0.0708577961004225,0.0,2020-11-11
28,1605139200000,0.07565395261260904,0.0,2020-11-12
29,1605225600000,0.06963215599195374,0.0,2020-11-13
30,1605312000000,0.07734282509503237,0.0,2020-11-14
31,1605398400000,0.07256640483954925,0.0,2020-11-15
32,1605484800000,0.0717410748276321,0.0,2020-11-16
33,1605571200000,0.0725877772169911,0.0,2020-11-17
34,1605657600000,0.07275356612679527,0.0,2020-11-18
35,1605744000000,0.07405938213735552,0.0,2020-11-19
36,1605830400000,0.06996785592991779,0.0,2020-11-20
37,1605916800000,0.07000484238972166,0.0,2020-11-21
38,1606003200000,0.07089562560006173,0.0,2020-11-22
39,1606089600000,0.07144709430543433,0.0,2020-11-23
40,1606176000000,0.07654531933293353,0.0,2020-11-24
41,1606262400000,0.07316120340083705,0.0,2020-11-25
42,1606348800000,0.0711785714199989,0.0,2020-11-26
43,1606435200000,0.06429386367860453,0.0,2020-11-27
44,1606521600000,0.06920692688351075,0.0,2020-11-28
45,1606608000000,0.07029865998359683,0.0,2020-11-29
46,1606694400000,0.07332618985512783,0.0,2020-11-30
47,1606780800000,0.1378479138118411,0.0,2020-12-01
48,1606867200000,0.14798208553615433,49155990.543612435,2020-12-02
49,1606953600000,0.11440701636852721,39535002.621903345,2020-12-03
50,1607040000000,0.18377914544833687,60951788.90709922,2020-12-04
51,1607126400000,0.31977872544282765,107289952.50708936,2020-12-05
52,1607212800000,0.2895077171349614,96828099.47987728,2020-12-06
53,1607299200000,0.2478979118707559,82147467.55130103,2020-12-07
54,1607385600000,0.25871892472838637,87628934.50922014,2020-12-08
55,1607472000000,0.21805768733326794,74293928.18667093,2020-12-09
56,1607558400000,0.20723473233514217,70500090.93480247,2020-12-10
57,1607644800000,0.17402255365646957,60032719.23634527,2020-12-11
58,1607731200000,0.21016914063442207,72295210.83971766,2020-12-12
59,1607817600000,0.2399691798593672,81994449.58827913,2020-12-13
60,1607904000000,0.22975864090727063,79243930.76555012,2020-12-14
61,1607990400000,0.22538625840241563,76664825.78052549,2020-12-15
62,1608076800000,0.2024024781342441,68550165.08616346,2020-12-16
63,1608163200000,0.19909543382025452,68449781.51009871,2020-12-17
64,1608249600000,0.19101214819630652,65542463.588421404,2020-12-18
65,1608336000000,0.1885869297043357,65189862.72271621,2020-12-19
66,1608422400000,0.18098816246057225,62221240.1189788,2020-12-20
67,1608508800000,0.21452454624504935,75132969.71509086,2020-12-21
68,1608595200000,0.20426143659476156,70522057.2885646,2020-12-22
69,1608681600000,0.19020723162018344,66357734.27564685,2020-12-23
70,1608768000000,0.1690643182360009,59745599.34018171,2020-12-24
71,1608854400000,0.18037812956874835,61862425.51775142,2020-12-25
72,1608940800000,0.17615106534679859,61067447.19599556,2020-12-26
73,1609027200000,0.17788272690724635,61337855.8470063,2020-12-27
74,1609113600000,0.1769132022840049,61467160.29088049,2020-12-28
75,1609200000000,0.17625279477016473,61342363.520810954,2020-12-29
76,1609286400000,0.17047836672040165,58843292.97698978,2020-12-30
77,1609372800000,0.17029273858254207,59028439.67357018,2020-12-31
78,1609459200000,0.1638934195380763,56152933.398813404,2021-01-01
79,1609545600000,0.16794832423066927,58138544.607828595,2021-01-02
80,1609632000000,0.161403047937499,56099171.59784419,2021-01-03
81,1609718400000,0.15876169158246348,54988395.10874747,2021-01-04
82,1609804800000,0.15911281424236892,55185222.001378804,2021-01-05
83,1609891200000,0.18514794282458835,63509396.80544004,2021-01-06
84,1609977600000,0.19721622198048738,68350874.37674433,2021-01-07
85,1610064000000,0.2019783001541774,69969961.58342764,2021-01-08
86,1610150400000,0.19189903075715792,66620595.71078317,2021-01-09
87,1610236800000,0.20400180927903888,71006469.2380866,2021-01-10
88,1610323200000,0.19035357412419465,66146622.54528795,2021-01-11
89,1610409600000,0.17212327265845595,59273340.99677856,2021-01-12
90,1610496000000,0.17405861484878404,60745806.65510884,2021-01-13
91,1610582400000,0.18779723643272625,65524821.28736306,2021-01-14
92,1610668800000,0.18661752806754267,65412134.53791017,2021-01-15
93,1610755200000,0.18142774209598053,63377692.35168038,2021-01-16
94,1610841600000,0.19157572304838266,66883584.163463995,2021-01-17
95,1610928000000,0.21464881722469842,72939746.87991595,2021-01-18
96,1611014400000,0.22434551585409385,78331821.00575602,2021-01-19
97,1611100800000,0.23243795931139352,81055116.8302651,2021-01-20
98,1611187200000,0.23052990538481383,80097396.11285439,2021-01-21
99,1611273600000,0.1972259317459974,69675179.08407363,2021-01-22
100,1611360000000,0.2073940864119752,73261930.37805617,2021-01-23
101,1611446400000,0.2061660255725609,71693509.2526579,2021-01-24
102,1611532800000,0.2218928113625699,77871984.13046464,2021-01-25
103,1611619200000,0.22001895597398646,76984149.47410996,2021-01-26
104,1611705600000,0.22062760903127593,77136766.3377771,2021-01-27
105,1611792000000,0.21065228105541342,73892202.03042713,2021-01-28
106,1611878400000,0.22427970276467465,78538718.44764568,2021-01-29
107,1611964800000,0.22305848010689822,77620140.38276014,2021-01-30
108,1612051200000,0.23274672637377675,81483170.13872443,2021-01-31
109,1612137600000,0.274671648153388,97500615.97610126,2021-02-01
110,1612224000000,0.2831205051007791,98362731.32639612,2021-02-02
111,1612310400000,0.2816257770557013,97678850.84088333,2021-02-03
112,1612396800000,0.285405803036258,99323714.59923925,2021-02-04
113,1612483200000,0.3250825342117888,113627073.74121945,2021-02-05
114,1612569600000,0.5308033337687911,182256150.79159608,2021-02-06
115,1612656000000,0.4892675431262759,167847206.2325459,2021-02-07
116,1612742400000,0.4971225631776318,174699935.38248006,2021-02-08
117,1612828800000,0.5166145563129121,179919433.34307185,2021-02-09
118,1612915200000,0.5246623262229877,181632287.93786058,2021-02-10
119,1613001600000,0.5302981367256181,183521072.91963184,2021-02-11
120,1613088000000,0.6371482242334023,222426079.22518128,2021-02-12
121,1613174400000,0.7850225460581485,275755065.21134853,2021-02-13
122,1613260800000,0.7712856034972447,269337522.7174,2021-02-14
123,1613347200000,0.7492553873524866,261644898.76838925,2021-02-15
124,1613433600000,0.6827062420031985,239697593.60364348,2021-02-16
125,1613520000000,0.6890303348165769,240630916.61751217,2021-02-17
126,1613606400000,0.785812427524589,277409854.0359431,2021-02-18
127,1613692800000,0.7598567011537327,265366686.45784885,2021-02-19
128,1613779200000,0.7252994211471385,252910329.2512466,2021-02-20
129,1613865600000,0.74720080385487,259183512.97485483,2021-02-21
130,1613952000000,0.9652762577100141,329833139.6971155,2021-02-22
131,1614038400000,0.8996370391377413,313472203.46023864,2021-02-23
132,1614124800000,0.7408265159488086,253534911.17083642,2021-02-24
133,1614211200000,0.8145844398891968,285785146.4758573,2021-02-25
134,1614297600000,0.7166606472617464,254079752.31052297,2021-02-26
135,1614384000000,0.7070460822223726,248261787.67336354,2021-02-27
136,1614470400000,0.7287094056385671,253137200.18080235,2021-02-28
137,1614556800000,0.6724633365660061,234374460.42217243,2021-03-01
138,1614643200000,0.7390267982130054,258717464.29038057,2021-03-02
139,1614729600000,0.700168457706241,245620375.15325856,2021-03-03
140,1614816000000,0.7097301780935674,248702254.49303195,2021-03-04
141,1614902400000,0.6809812465030476,238472770.66760784,2021-03-05
142,1614988800000,0.6722582401707973,233817852.75662988,2021-03-06
143,1615075200000,0.6780062356234808,238459853.56570634,2021-03-07
144,1615161600000,0.6816135189108898,238106322.6958755,2021-03-08
145,1615248000000,0.7114410838794918,246659687.19009474,2021-03-09
146,1615334400000,0.7102600726302926,248185971.98225445,2021-03-10
147,1615420800000,0.685966014295418,239914606.78751424,2021-03-11
148,1615507200000,0.645656904786872,225810728.38067752,2021-03-12
149,1615593600000,0.6003965997043754,210589534.4027907,2021-03-13
150,1615680000000,0.6253716081380373,218391948.18115878,2021-03-14
151,1615766400000,0.6114160885963026,213077465.20639148,2021-03-15
152,1615852800000,0.5778846490989544,202461738.49774566,2021-03-16
153,1615939200000,0.5706624369894103,199387266.65436706,2021-03-17
154,1616025600000,0.5963626255632993,206968576.59942108,2021-03-18
155,1616112000000,0.5735917898657721,200277355.88628498,2021-03-19
156,1616198400000,0.5851447749770338,204369715.43562245,2021-03-20
157,1616284800000,0.6694934260788847,235251265.75884607,2021-03-21
158,1616371200000,0.6433418830368806,223556091.4849459,2021-03-22
159,1616457600000,0.5898818914818811,207514145.5522269,2021-03-23
160,1616544000000,0.5854306804854064,204511256.5883748,2021-03-24
161,1616630400000,0.5438943091125026,192415055.9057835,2021-03-25
162,1616716800000,0.49660754739091456,174034820.0260596,2021-03-26
163,1616803200000,0.5378020650861997,186834230.10019487,2021-03-27
164,1616889600000,0.5285794269786017,184621512.1396627,2021-03-28
165,1616976000000,0.5416125558741748,188202602.22711265,2021-03-29
166,1617062400000,0.5751011418438046,202497372.7202604,2021-03-30
167,1617148800000,0.6086114292430292,209254131.46248105,2021-03-31
168,1617235200000,0.5852288523206857,204474693.91441122,2021-04-01
169,1617321600000,0.5862499589612925,204832867.47275722,2021-04-02
170,1617408000000,0.6224251332510082,217442904.48059896,2021-04-03
171,1617494400000,0.5731830662571407,200983271.27087522,2021-04-04
172,1617580800000,0.6044245438265806,210685140.85807136,2021-04-05
173,1617667200000,0.6269485501148517,218663767.2754441,2021-04-06
174,1617753600000,0.6088260040179493,212745515.70625663,2021-04-07
175,1617840000000,0.5631819084027385,196740803.17300212,2021-04-08
176,1617926400000,0.57536734398391,201258989.72438174,2021-04-09
177,1618012800000,0.5714204433372878,199755790.983912,2021-04-10
178,1618099200000,0.588332826503661,204250373.52546543,2021-04-11
179,1618185600000,0.5873171793529697,205207374.02104223,2021-04-12
180,1618272000000,0.5994777826663369,209815280.8071577,2021-04-13
181,1618358400000,0.6078965241029259,212214732.5331092,2021-04-14
182,1618444800000,0.5701773971645707,199284066.09127456,2021-04-15
183,1618531200000,0.5813780250687606,202620042.74177408,2021-04-16
184,1618617600000,0.5689655511360828,199160536.662697,2021-04-17
185,1618704000000,0.5811339118099097,203304161.67032567,2021-04-18
186,1618790400000,0.5189416729169489,181694630.05277884,2021-04-19
187,1618876800000,0.4983996013248188,174819097.8361455,2021-04-20
188,1618963200000,0.4819959316684911,168161379.11367422,2021-04-21
189,1619049600000,0.4550657947799397,159052223.5917572,2021-04-22
190,1619136000000,0.4336576512623363,152644499.14423913,2021-04-23
191,1619222400000,0.41962046312078205,142263870.61487782,2021-04-24
192,1619308800000,0.38524915587892355,135447626.36896607,2021-04-25
193,1619395200000,0.37890520719099946,133483233.75412288,2021-04-26
194,1619481600000,0.46803102820215486,163138662.03881583,2021-04-27
195,1619568000000,0.4981017216798727,174103391.1157305,2021-04-28
196,1619654400000,0.515290848749465,181752360.73989978,2021-04-29
197,1619740800000,0.527393977863769,185990360.65395805,2021-04-30
198,1619827200000,0.5220011514055645,182907646.8785394,2021-05-01
199,1619913600000,0.5147607709362699,180799294.14273113,2021-05-02
200,1620000000000,0.5027615313919677,175757076.3656414,2021-05-03
201,1620086400000,0.5107560938084229,179055052.70393255,2021-05-04
202,1620172800000,0.4586384012679501,160664790.45978278,2021-05-05
203,1620259200000,0.47586482410217984,166299212.14683843,2021-05-06
204,1620345600000,0.4508834151616659,158863865.42892912,2021-05-07
205,1620432000000,0.46542416077820004,162688679.01794067,2021-05-08
206,1620518400000,0.47981450914096296,168245934.00438538,2021-05-09
207,1620604800000,0.46285825835704003,161541515.96350402,2021-05-10
208,1620691200000,0.4351824481026158,151919480.97205633,2021-05-11
209,1620777600000,0.45603247052059476,162506727.79585496,2021-05-12
210,1620864000000,0.402267269914806,143713912.70272362,2021-05-13
211,1620950400000,0.416630474250811,143745273.7887541,2021-05-14
212,1621036800000,0.4152899887625355,144783802.13418862,2021-05-15
213,1621123200000,0.38874889047133554,137082197.78265333,2021-05-16
214,1621209600000,0.3999271487197972,138753927.92538258,2021-05-17
215,1621296000000,0.37771872376470655,132762190.10928473,2021-05-18
216,1621382400000,0.40029017903640574,140796032.58348423,2021-05-19
217,1621468800000,0.30939043415603285,107668810.94904712,2021-05-20
218,1621555200000,0.34527133079834993,120866833.79464103,2021-05-21
219,1621641600000,0.3203781896416425,111947850.01055893,2021-05-22
220,1621728000000,0.29298439939840837,102788057.47410247,2021-05-23
221,1621814400000,0.23914233955405031,83680399.51871827,2021-05-24
222,1621900800000,0.271787061427302,95122024.33395056,2021-05-25
223,1621987200000,0.273345364578977,95276196.30865972,2021-05-26
224,1622073600000,0.35523347260085875,123076941.74238996,2021-05-27
225,1622160000000,0.3466565897760434,120541541.4417485,2021-05-28
226,1622246400000,0.2957870536956574,103356784.71882199,2021-05-29
227,1622332800000,0.2793629385628145,97557768.86553611,2021-05-30
228,1622419200000,0.29336375992519076,102950605.38267541,2021-05-31
229,1622505600000,0.3077134875301245,107758620.35171176,2021-06-01
230,1622592000000,0.3027986951848419,162250086.9993692,2021-06-02
231,1622678400000,0.32230121971053804,173127845.58273974,2021-06-03
232,1622764800000,0.34791753521463503,185469887.50306743,2021-06-04
233,1622851200000,0.4503778780419826,243407739.36650756,2021-06-05
234,1622937600000,0.3827759572112077,205388447.16225994,2021-06-06
235,1623024000000,0.3646194279058187,196111861.99189416,2021-06-07
236,1623110400000,0.31756812948419105,172108977.00955427,2021-06-08
237,1623196800000,0.35115985673454103,185566499.99351737,2021-06-09
238,1623283200000,0.3341684780489219,180332310.12692276,2021-06-10
239,1623369600000,0.30431544251369985,165258024.31998348,2021-06-11
240,1623456000000,0.2718486441853643,147735066.27039754,2021-06-12
241,1623542400000,0.31625155922468634,172994854.50669813,2021-06-13
242,1623628800000,0.31130387630212136,168750857.28588578,2021-06-14
243,1623715200000,0.31129276011567514,168929670.4566321,2021-06-15
244,1623801600000,0.3018231185674443,164142936.90503204,2021-06-16
245,1623888000000,0.2772731833532003,150740118.76253277,2021-06-17
246,1623974400000,0.3392528217462514,184511554.55596852,2021-06-18
247,1624060800000,0.292091445138444,160700343.91884425,2021-06-19
248,1624147200000,0.28581443768405473,156023125.34537476,2021-06-20
249,1624233600000,0.2825914682153594,154576445.5415974,2021-06-21
250,1624320000000,0.23150745418026292,127227808.90699717,2021-06-22
251,1624406400000,0.21490757648752862,117320660.99173945,2021-06-23
252,1624492800000,0.22868373162612718,124118167.27681796,2021-06-24
253,1624579200000,0.23058220562295295,126322228.7492252,2021-06-25
254,1624665600000,0.2122773375636748,116363849.00189327,2021-06-26
255,1624752000000,0.22368793777667503,122957430.16295223,2021-06-27
256,1624838400000,0.233530635187819,128388842.49034712,2021-06-28
257,1624924800000,0.23266000640335852,127430407.45860405,2021-06-29
258,1625011200000,0.23912622567109923,131577175.92748097,2021-06-30
259,1625097600000,0.23423660525393603,127981702.82443671,2021-07-01
260,1625184000000,0.2304197743442612,126604220.64595701,2021-07-02
261,1625270400000,0.23486572965744695,127322825.62898917,2021-07-03
262,1625356800000,0.2335436301378875,128447341.32124196,2021-07-04
263,1625443200000,0.24533236747953577,134810305.58077863,2021-07-05
264,1625529600000,0.2390662591121563,131325339.29286891,2021-07-06
265,1625616000000,0.2589760195021533,141426503.99906674,2021-07-07
266,1625702400000,0.25309838815656616,139941974.65968361,2021-07-08
267,1625788800000,0.24058610801830096,133182698.32478127,2021-07-09
268,1625875200000,0.24017723674567296,132814327.537599,2021-07-10
269,1625961600000,0.23277539097051822,128800541.36015396,2021-07-11
270,1626048000000,0.23710211550870297,130868454.55469377,2021-07-12
271,1626134400000,0.23114115108363206,128011707.26641223,2021-07-13
272,1626220800000,0.22536042029131156,124918150.74692154,2021-07-14
273,1626307200000,0.22354771269662146,123439558.94161081,2021-07-15
274,1626393600000,0.21370114934033999,119145766.55247755,2021-07-16
275,1626480000000,0.20608381896595962,114268908.31074537,2021-07-17
276,1626566400000,0.206368726907642,114487472.54732722,2021-07-18
277,1626652800000,0.20493389675328663,113733986.57291766,2021-07-19
278,1626739200000,0.19204948430611835,106453116.54188974,2021-07-20
279,1626825600000,0.17743488468177882,98271826.80753678,2021-07-21
280,1626912000000,0.1922192361827023,106758091.12838458,2021-07-22
281,1626998400000,0.19374238000695435,107379839.72403307,2021-07-23
282,1627084800000,0.19315042484127365,107043338.56394961,2021-07-24
283,1627171200000,0.2038707640683682,113165302.53861628,2021-07-25
284,1627257600000,0.20653880444634698,114561717.96023022,2021-07-26
285,1627344000000,0.2019629149268809,112699350.05869347,2021-07-27
286,1627430400000,0.20649280972557305,114619196.56046118,2021-07-28
287,1627516800000,0.20935272332941957,116560590.45818344,2021-07-29
288,1627603200000,0.2122206012126803,118463731.22921433,2021-07-30
289,1627689600000,0.2212239743144397,122989193.57822062,2021-07-31
290,1627776000000,0.23406086898696923,130346311.01442546,2021-08-01
291,1627862400000,0.21817905430128506,121460141.6656445,2021-08-02
292,1627948800000,0.22044920398147694,122607074.6827203,2021-08-03
293,1628035200000,0.21447848187958496,119500518.89876685,2021-08-04
294,1628121600000,0.2209723221014569,123491803.83952305,2021-08-05
295,1628208000000,0.24238677627480434,131342572.28711434,2021-08-06
296,1628294400000,0.24226978203153643,135246810.0050026,2021-08-07
297,1628380800000,0.2550821433272563,142032676.84526294,2021-08-08
298,1628467200000,0.235092928716728,131237898.34308377,2021-08-09
299,1628553600000,0.27772753467476974,138753781.9685403,2021-08-10
300,1628640000000,0.2738589722601105,152482876.46748656,2021-08-11
301,1628726400000,0.2717352873780119,150431115.0866661,2021-08-12
302,1628812800000,0.26268130421692887,146667164.1639914,2021-08-13
303,1628899200000,0.2991910624988974,166695607.1755229,2021-08-14
304,1628985600000,0.2886173654760791,161497196.91215608,2021-08-15
305,1629072000000,0.30621108439983463,170371298.3777943,2021-08-16
306,1629158400000,0.2860667820266837,161061742.91328678,2021-08-17
307,1629244800000,0.27020864968933717,150620743.06443176,2021-08-18
308,1629331200000,0.2836022770584768,156665467.17035934,2021-08-19
309,1629417600000,0.28632577032047474,155477661.6213507,2021-08-20
310,1629504000000,0.31353874949806193,173323489.4505232,2021-08-21
311,1629590400000,0.3024021376838448,167520900.75390342,2021-08-22
312,1629676800000,0.3142267746671599,173845635.2535198,2021-08-23
313,1629763200000,0.32720208216266555,181781383.36025894,2021-08-24
314,1629849600000,0.30273361538353327,167964801.19836116,2021-08-25
315,1629936000000,0.30851666724183163,171220790.00672385,2021-08-26
316,1630022400000,0.28904197217448574,161215728.94264308,2021-08-27
317,1630108800000,0.3089390438761511,172024837.77327457,2021-08-28
318,1630195200000,0.3020286965674294,168158412.22292408,2021-08-29
319,1630281600000,0.3139069333179733,174471387.66590655,2021-08-30
320,1630368000000,0.32774670848767284,182670096.48857936,2021-08-31
321,1630454400000,0.32162936204273485,178485496.9901554,2021-09-01
322,1630540800000,0.33248428682923703,184893698.06421685,2021-09-02
323,1630627200000,0.3256991436090915,181152104.82019907,2021-09-03
324,1630713600000,0.3337925757968587,185540359.44908762,2021-09-04
325,1630800000000,0.33514926336856166,187067301.198175,2021-09-05
326,1630886400000,0.34038077843016,190511180.18228793,2021-09-06
327,1630972800000,0.48452414871111465,268997185.0258631,2021-09-07
328,1631059200000,0.3477110399738389,189990790.439106,2021-09-08
329,1631145600000,0.33667795457119787,188289222.36759707,2021-09-09
330,1631232000000,0.33553975833969696,187639280.75722188,2021-09-10
331,1631318400000,0.30847993508852417,172109257.85516852,2021-09-11
332,1631404800000,0.31517144381979045,176294139.935184,2021-09-12
333,1631491200000,0.32355135564077486,182272970.8243307,2021-09-13
334,1631577600000,0.3155218047356189,176545529.98976734,2021-09-14
335,1631664000000,0.31412799534115493,175710145.1343292,2021-09-15
336,1631750400000,0.3418734554299612,191092485.26004615,2021-09-16
337,1631836800000,0.33513357487871714,184164769.57075608,2021-09-17
338,1631923200000,0.3251121120818246,181503156.71945325,2021-09-18
339,1632009600000,0.332119110081962,186028516.8030373,2021-09-19
340,1632096000000,0.3254388976466898,181834331.03013778,2021-09-20
341,1632182400000,0.27394704484697746,152695473.67270586,2021-09-21
342,1632268800000,0.25565349621880584,142502088.38863838,2021-09-22
343,1632355200000,0.30886697233159205,171910018.5084558,2021-09-23
344,1632441600000,0.30053802386834816,167379001.23055923,2021-09-24
345,1632528000000,0.27977671019478983,155930006.77973765,2021-09-25
346,1632614400000,0.29563124426386206,165763725.32086152,2021-09-26
347,1632700800000,0.27554136052470324,153829854.37719175,2021-09-27
348,1632787200000,0.26169609591093684,146222577.32466534,2021-09-28
349,1632873600000,0.25933807207467785,145375587.71516407,2021-09-29
350,1632960000000,0.2620649392925882,146377252.8233015,2021-09-30
351,1633046400000,0.2718309369027851,152223065.53539252,2021-10-01
352,1633132800000,0.2932776185534799,164221109.04910937,2021-10-02
353,1633219200000,0.3017943467211268,168391295.39147064,2021-10-03
354,1633305600000,0.30100220836336095,168866477.67549282,2021-10-04
355,1633392000000,0.3069113841429152,172124614.20160255,2021-10-05
356,1633478400000,0.3199473437980201,179297437.7519,2021-10-06
357,1633564800000,0.3151426432637643,177023446.04690766,2021-10-07
358,1633651200000,0.30952863089844906,174119654.02578065,2021-10-08
359,1633737600000,0.30939264102550823,174243457.4854081,2021-10-09
360,1633824000000,0.3187401504417315,179564709.29232776,2021-10-10
361,1633910400000,0.28858253666746836,162768073.63363206,2021-10-11
362,1633996800000,0.2965514520134405,167047615.71043393,2021-10-12
363,1634083200000,0.28807972282857924,162810014.54150996,2021-10-13
364,1634169600000,0.29156667757520255,164463729.8558244,2021-10-14
365,1634256000000,0.2948161196182539,166670164.0215035,2021-10-15
366,1634342400000,1.42781972561843,851394498.7238911,2021-10-16
367,1634428800000,1.565787668400518,928121490.7158704,2021-10-17
368,1634515200000,1.478020887181259,869439740.0712023,2021-10-18
369,1634601600000,1.3111643471112335,775713057.4647493,2021-10-19
370,1634688000000,1.224491189054519,730063920.4323772,2021-10-20
371,1634774400000,1.1832596099516175,704776755.1068406,2021-10-21
372,1634860800000,1.1401528581261822,690314469.3479174,2021-10-22
373,1634947200000,1.1318208581162978,685450325.8728116,2021-10-23
374,1635033600000,1.153993720467398,697852623.4449406,2021-10-24
375,1635120000000,1.105394145498912,668408522.20632,2021-10-25
376,1635206400000,1.1190306427132528,677770681.4141853,2021-10-26
377,1635292800000,1.1096526837705,670011726.4810537,2021-10-27
378,1635379200000,0.9357707205271513,566095911.3360059,2021-10-28
379,1635465600000,0.9519696629824242,576341525.6013523,2021-10-29
380,1635552000000,0.9429169580359686,574323458.9647549,2021-10-30
381,1635638400000,0.9801325424419239,594293816.79371,2021-10-31
382,1635724800000,0.9354915885381675,570958498.5876547,2021-11-01
383,1635811200000,0.9103541846178596,553337046.0784802,2021-11-02
384,1635897600000,0.9321388088782676,562367490.3535244,2021-11-03
385,1635984000000,0.9139587048195441,555703035.6397885,2021-11-04
386,1636070400000,0.9433747052730505,580047332.2614732,2021-11-05
387,1636156800000,0.9209654080147248,571886788.1104901,2021-11-06
388,1636243200000,0.9321175171366544,580307128.041172,2021-11-07
389,1636329600000,0.9211037093297723,573824927.8565025,2021-11-08
390,1636416000000,0.9135330312546776,569794334.701973,2021-11-09
391,1636502400000,0.8995545699152845,561686457.9777621,2021-11-10
392,1636588800000,0.8590597026088455,535646720.45949274,2021-11-11
393,1636675200000,0.8719273446488638,544150014.8200172,2021-11-12
394,1636761600000,0.8577242599053123,534616402.2311677,2021-11-13
395,1636848000000,1.1111376869438059,693454246.9595613,2021-11-14
396,1636934400000,1.042298197493308,671268050.3881248,2021-11-15
397,1637020800000,0.9647601832928012,620906333.4147148,2021-11-16
398,1637107200000,0.8837705490915023,569789364.4283195,2021-11-17
399,1637193600000,0.903030474755142,570403528.3968247,2021-11-18
400,1637280000000,0.8067960490731698,509952076.9250029,2021-11-19
401,1637366400000,0.8502513097980365,538532846.1889973,2021-11-20
402,1637452800000,0.9014258267075962,573189061.8767251,2021-11-21
403,1637539200000,0.9079656022835713,578723207.5412621,2021-11-22
404,1637625600000,0.8352644617468411,531369784.14883536,2021-11-23
405,1637712000000,0.8447769216580348,536642937.77261657,2021-11-24
406,1637798400000,0.8211422365288248,522705916.2760837,2021-11-25
407,1637884800000,0.8317661612234973,532441776.99088913,2021-11-26
408,1637971200000,0.7885009950226523,502924110.876886,2021-11-27
409,1638057600000,0.9772291149815366,622969200.5776001,2021-11-28
410,1638144000000,0.9256445720505235,592101196.7651176,2021-11-29
411,1638230400000,0.9291816079956493,597512198.2970978,2021-11-30
412,1638316800000,0.9086678885483639,584604352.396132,2021-12-01
413,1638403200000,0.9447295623453749,606356202.1247189,2021-12-02
414,1638489600000,0.8839087287553429,571308698.4073707,2021-12-03
415,1638576000000,0.8474555628481454,547043280.2450292,2021-12-04
416,1638662400000,0.7951079362243559,511878616.6839868,2021-12-05
417,1638748800000,0.7661541341949273,494058625.5697654,2021-12-06
418,1638835200000,0.7816390353039426,506149458.2915949,2021-12-07
419,1638921600000,0.7923330471247435,511844954.75902957,2021-12-08
420,1639008000000,0.801698046149662,517678696.73621804,2021-12-09
421,1639094400000,0.7469434692186926,484440733.3658142,2021-12-10
422,1639180800000,0.7326746922843984,478995280.45387954,2021-12-11
423,1639267200000,0.7505460865976589,484161079.62431407,2021-12-12
424,1639353600000,0.7522166494707946,485618908.865986,2021-12-13
425,1639440000000,0.7320385593510034,467058029.78529614,2021-12-14
426,1639526400000,0.7318798471619208,472085541.12595713,2021-12-15
427,1639612800000,0.7396658952839729,479119666.1169442,2021-12-16
428,1639699200000,0.7246894352088694,468517315.4628803,2021-12-17
429,1639785600000,0.710239268085913,460694120.13535523,2021-12-18
430,1639872000000,0.7232979756092993,469430091.49775165,2021-12-19
431,1639958400000,0.7316175732040687,474991832.06829673,2021-12-20
432,1640044800000,0.7208085778001648,470349432.3021182,2021-12-21
433,1640131200000,0.7405932455526493,481353291.8666076,2021-12-22
434,1640217600000,0.7432289067368054,482413748.3479321,2021-12-23
435,1640304000000,0.7936118383526757,516184582.3150227,2021-12-24
436,1640390400000,0.7815485461231,505424635.66681266,2021-12-25
437,1640476800000,0.8288002161073238,534420660.9446242,2021-12-26
438,1640563200000,0.8249258055748865,531782702.7100192,2021-12-27
439,1640649600000,0.8151320554014406,529903741.9262334,2021-12-28
440,1640736000000,0.7435831644639042,484529272.73192406,2021-12-29
441,1640822400000,0.7346562086406083,476206925.3277397,2021-12-30
442,1640908800000,0.7582009097663371,493160610.8938978,2021-12-31
443,1640995200000,0.7416009501840515,485514459.48788613,2022-01-01
444,1641081600000,0.7565699875434753,493286097.51127255,2022-01-02
445,1641168000000,0.7693112170481777,503059115.34076726,2022-01-03
446,1641254400000,0.7458436557203798,486052073.2868102,2022-01-04
447,1641340800000,0.7368559769309986,482232696.7496901,2022-01-05
448,1641427200000,0.6860124764620704,449138799.92252624,2022-01-06
449,1641513600000,0.6746867585587724,441862286.6425259,2022-01-07
450,1641600000000,0.6485367846184951,424250977.10420924,2022-01-08
451,1641686400000,0.6185636764877117,405107782.4572502,2022-01-09
452,1641772800000,0.6280901796406705,409610808.48708105,2022-01-10
453,1641859200000,0.5957243038124524,388853771.8922555,2022-01-11
454,1641945600000,0.609984273702758,398720856.2879338,2022-01-12
455,1642032000000,0.6839134802109428,445461366.2208649,2022-01-13
456,1642118400000,0.6424550565844365,420367251.43247586,2022-01-14
457,1642204800000,0.6431726360754815,419464896.8201982,2022-01-15
458,1642291200000,0.64102620841116,417827691.6232399,2022-01-16
459,1642377600000,0.64102151273279,417306515.4793828,2022-01-17
460,1642464000000,0.6162302752676044,400732055.1136437,2022-01-18
461,1642550400000,0.6040737564029977,393861689.1003133,2022-01-19
462,1642636800000,0.580448126722385,378527775.4555405,2022-01-20
463,1642723200000,0.5647026456968329,370203176.7684214,2022-01-21
464,1642809600000,0.5016207544815271,327807015.87003666,2022-01-22
465,1642896000000,0.4584148400658426,298303681.31883174,2022-01-23
466,1642982400000,0.46416113915082535,302697870.21085006,2022-01-24
467,1643068800000,0.4479503522109513,291805953.90459806,2022-01-25
468,1643155200000,0.4435780606715052,289207667.3991187,2022-01-26
469,1643241600000,0.4460059413513099,291683897.6207703,2022-01-27
470,1643328000000,0.4507037926501102,291149669.9898996,2022-01-28
471,1643414400000,0.48091766486563015,313552287.916606,2022-01-29
472,1643500800000,0.5126892115800821,334379224.36130494,2022-01-30
473,1643587200000,0.4931866905348393,321677033.8015945,2022-01-31
474,1643673600000,0.4962887268386921,323518022.5262127,2022-02-01
475,1643760000000,0.49554689391371814,323792457.2837984,2022-02-02
476,1643846400000,0.47996410784819304,313629443.97767377,2022-02-03
477,1643932800000,0.4882032103618944,319279875.7949705,2022-02-04
478,1644019200000,0.5223690898401832,343561285.0790641,2022-02-05
479,1644105600000,0.5476442650753006,362193075.45856667,2022-02-06
480,1644192000000,0.5564330180226347,378889811.17583287,2022-02-07
481,1644278400000,0.5639141399872756,385198348.8010709,2022-02-08
482,1644364800000,0.5462762466765417,392992339.76729864,2022-02-09
483,1644451200000,0.5908069237368209,426539038.49662834,2022-02-10
484,1644537600000,0.5791007197457876,419281213.2199817,2022-02-11
485,1644624000000,0.5300002929649557,389181482.56344676,2022-02-12
486,1644710400000,0.5181159048222028,383001591.1024823,2022-02-13
487,1644796800000,0.5206201400637467,386035990.6626446,2022-02-14
488,1644883200000,0.5153567612504477,381744286.75508314,2022-02-15
489,1644969600000,0.5444388786282177,403525663.21645033,2022-02-16
490,1645056000000,0.5491329103942824,411739505.6741196,2022-02-17
491,1645142400000,0.4989799922846966,373552809.29566115,2022-02-18
492,1645228800000,0.49196424540805633,371754186.3145942,2022-02-19
493,1645315200000,0.47878817454458644,358957207.4502414,2022-02-20
494,1645401600000,0.4481603304789501,337036564.3970157,2022-02-21
495,1645488000000,0.41692530772179553,314681578.9758797,2022-02-22
496,1645574400000,0.42207273057323197,317163856.45576787,2022-02-23
497,1645660800000,0.4995068294717128,376112445.3764995,2022-02-24
498,1645747200000,0.4724098012670253,355163913.364385,2022-02-25
499,1645833600000,0.4779343463507074,360749052.4856205,2022-02-26
500,1645920000000,0.4754108358061457,358907716.0838237,2022-02-27
501,1646006400000,0.540033380857008,407691064.8697006,2022-02-28
502,1646092800000,0.574702989867087,434218901.45088714,2022-03-01
503,1646179200000,0.5900441974488666,446673265.74579054,2022-03-02
504,1646265600000,0.6159554428702702,465904812.788718,2022-03-03
505,1646352000000,0.5597907812884209,456075593.78976125,2022-03-04
506,1646438400000,0.5110585937920021,418590343.251835,2022-03-05
507,1646524800000,0.5210690779220433,425422312.27736175,2022-03-06
508,1646611200000,0.48859794469068424,398458050.47223204,2022-03-07
509,1646697600000,0.4625193031580268,377736425.020938,2022-03-08
510,1646784000000,0.4651405275633164,380155724.85601014,2022-03-09
511,1646870400000,0.4735680140982324,388095228.60976154,2022-03-10
512,1646956800000,0.44481586162002323,364782701.65547144,2022-03-11
513,1647043200000,0.4347063902786904,357399468.5001735,2022-03-12
514,1647129600000,0.4301880794790304,352265752.7911528,2022-03-13
515,1647216000000,0.41733609755590284,341200099.05402386,2022-03-14
516,1647302400000,0.4228899503454025,346451837.03929603,2022-03-15
517,1647388800000,0.41328415176453215,339124704.25260377,2022-03-16
518,1647475200000,0.4221277189326944,355601579.9413839,2022-03-17
519,1647561600000,0.42379060496390397,359096169.0143252,2022-03-18
520,1647648000000,0.42880799296989747,363540137.42115384,2022-03-19
521,1647734400000,0.43162224905267266,367218944.6271619,2022-03-20
522,1647820800000,0.4238759918187218,360810296.3940117,2022-03-21
523,1647907200000,0.4261917939092585,362655819.42037195,2022-03-22
524,1647993600000,0.42893185009019014,365205672.371683,2022-03-23
525,1648080000000,0.43689674816757157,371965919.46586335,2022-03-24
526,1648166400000,0.44269443696643923,377296385.5838095,2022-03-25
527,1648252800000,0.4352303822700146,370618299.7079854,2022-03-26
528,1648339200000,0.43856655861166005,373723644.97680545,2022-03-27
529,1648425600000,0.45295232029953353,388602705.98917896,2022-03-28
530,1648512000000,0.45714020855372584,390665611.5992108,2022-03-29
531,1648598400000,0.4559260567655928,388389780.33277446,2022-03-30
532,1648684800000,0.46318438436703874,395053211.7106367,2022-03-31
533,1648771200000,0.44666755811210923,405887253.1512918,2022-04-01
534,1648857600000,0.4594795418734228,418817108.7212027,2022-04-02
535,1648944000000,0.46290308969874827,422677823.51064235,2022-04-03
536,1649030400000,0.47686236357304324,434520099.3592814,2022-04-04
537,1649116800000,0.46434583697827486,424323667.8972913,2022-04-05
538,1649203200000,0.4583378593227436,446782344.3182651,2022-04-06
539,1649289600000,0.4164069609173836,407116427.6671276,2022-04-07
540,1649376000000,0.4202470523910926,409155818.06041586,2022-04-08
541,1649462400000,0.40806751976148453,396664565.48336655,2022-04-09
542,1649548800000,0.41357488816260846,402716809.71525127,2022-04-10
543,1649635200000,0.40582231324497775,395221302.5750821,2022-04-11
544,1649721600000,0.3746088443938904,365674126.4825807,2022-04-12
545,1649808000000,0.3791408917124879,369384277.2304361,2022-04-13
546,1649894400000,0.39415706563130143,383578783.8913465,2022-04-14
547,1649980800000,0.3788915583090864,369873323.93538773,2022-04-15
548,1650067200000,0.37957156533461106,373330708.71094495,2022-04-16
549,1650153600000,0.3818787686112112,374672276.7183328,2022-04-17
550,1650240000000,0.3770287724901534,369811988.1214637,2022-04-18
551,1650326400000,0.376241613010804,369618057.7216472,2022-04-19
552,1650412800000,0.3798246469570653,372107464.9759609,2022-04-20
553,1650499200000,0.37692094089859557,369613891.660701,2022-04-21
554,1650585600000,0.36394287844680906,376328266.6264789,2022-04-22
555,1650672000000,0.36435390495769493,378674538.4876371,2022-04-23
556,1650758400000,0.37859019922805515,397709991.763194,2022-04-24
557,1650844800000,0.36582106299439054,382334544.24817955,2022-04-25
558,1650931200000,0.3561961433976199,371508190.1613539,2022-04-26
559,1651017600000,0.33220819807270424,346576885.8512632,2022-04-27
560,1651104000000,0.33480426237904864,393432695.13448054,2022-04-28
561,1651190400000,0.37171141961056886,439949199.4979845,2022-04-29
562,1651276800000,0.3478104927853166,408075585.3758777,2022-04-30
563,1651363200000,0.32830807286124425,387995180.131606,2022-05-01
564,1651449600000,0.32607751915227023,383580877.93178004,2022-05-02
565,1651536000000,0.3252379881958736,387360800.0318715,2022-05-03
566,1651622400000,0.3095887042401912,360903869.22356814,2022-05-04
567,1651708800000,0.3247362848180558,386188370.2197168,2022-05-05
568,1651795200000,0.2903027460203004,346494726.06835586,2022-05-06
569,1651881600000,0.29582558005511445,352419834.2454301,2022-05-07
570,1651968000000,0.2842785399567769,337383157.615607,2022-05-08
571,1652054400000,0.2695433774228915,320175962.79996663,2022-05-09
572,1652140800000,0.22835344542645247,272633545.7380787,2022-05-10
573,1652227200000,0.22650929147137397,264900141.39881057,2022-05-11
574,1652313600000,0.16092572645786515,184217675.59511176,2022-05-12
575,1652400000000,0.14423255874129595,170989278.52395612,2022-05-13
576,1652486400000,0.15591297996265505,187341302.5281669,2022-05-14
577,1652572800000,0.16640018346775995,199498713.25340533,2022-05-15
578,1652659200000,0.1751716815929897,209443039.4913249,2022-05-16
579,1652745600000,0.18848431026930523,228434477.65283042,2022-05-17
580,1652832000000,0.1792784552479591,214382735.94223166,2022-05-18
581,1652918400000,0.16226809110176765,194804810.5496732,2022-05-19
582,1653004800000,0.18191469158719387,217786268.94695756,2022-05-20
583,1653091200000,0.17224528428227323,208222809.00688022,2022-05-21
584,1653177600000,0.17495374223663906,210366580.62708545,2022-05-22
585,1653264000000,0.17811187815333449,214555971.68925637,2022-05-23
586,1653350400000,0.17313222716570875,207887346.7418882,2022-05-24
587,1653436800000,0.16998138695072554,204235496.47235623,2022-05-25
588,1653523200000,0.16871480371620476,202720847.38487333,2022-05-26
589,1653609600000,0.15828997043753665,191499343.23933914,2022-05-27
590,1653696000000,0.15521488422420804,187760140.03297094,2022-05-28
591,1653782400000,0.15835724725109823,191017935.01119697,2022-05-29
592,1653868800000,0.16222399782045202,195545076.28032738,2022-05-30
593,1653955200000,0.16971229169172927,204629775.26340124,2022-05-31
594,1654041600000,0.16753006161724676,202626323.53914294,2022-06-01
595,1654128000000,0.31894981894879787,391537989.88411295,2022-06-02
596,1654214400000,0.27219311029730886,322392212.0431391,2022-06-03
597,1654300800000,0.28386288794748493,342089360.35045874,2022-06-04
598,1654387200000,0.27506709653492156,332274837.11381096,2022-06-05
599,1654473600000,0.254850905888563,306269031.4634912,2022-06-06
600,1654560000000,0.24499990673346914,295800876.1666836,2022-06-07
601,1654646400000,0.22560121643509365,272935147.4513989,2022-06-08
602,1654732800000,0.22135118590014338,267200206.5643294,2022-06-09
603,1654819200000,0.2126713260629387,260582927.33947888,2022-06-10
604,1654905600000,0.21676898859611848,266400151.6203425,2022-06-11
605,1654992000000,0.19707574704785558,241882063.2628081,2022-06-12
606,1655078400000,0.17210605631705472,211197067.33123147,2022-06-13
607,1655164800000,0.15162380037113465,181785531.3042799,2022-06-14
608,1655251200000,0.15878888498829274,190907618.63134015,2022-06-15
609,1655337600000,0.17090178833685193,209152296.6099327,2022-06-16
610,1655424000000,0.1632211922994703,200703691.97397342,2022-06-17
611,1655510400000,0.17019883151651038,208727013.02854437,2022-06-18
612,1655596800000,0.1604281037126316,194528240.37780654,2022-06-19
613,1655683200000,0.1649913332591573,201439431.6722992,2022-06-20
614,1655769600000,0.16696328694695592,204038018.09904572,2022-06-21
615,1655856000000,0.17512393629903564,213031826.27408245,2022-06-22
616,1655942400000,0.1720213198174503,212195222.32574445,2022-06-23
617,1656028800000,0.17743184745269006,217604042.0193655,2022-06-24
618,1656115200000,0.18271417049157043,224933331.98403293,2022-06-25
619,1656201600000,0.18198687041041353,224732602.79339465,2022-06-26
620,1656288000000,0.18874610500461883,232658549.61568138,2022-06-27
621,1656374400000,0.1902730719177673,231603198.51607856,2022-06-28
622,1656460800000,0.18086261605708726,222546712.7842284,2022-06-29
623,1656547200000,0.17194092001154604,210225677.48808724,2022-06-30
624,1656633600000,0.16731906478139139,204771573.8513025,2022-07-01
625,1656720000000,0.17086951828337285,209958935.32404658,2022-07-02
626,1656806400000,0.1725488790482916,210118446.19311833,2022-07-03
627,1656892800000,0.17089412737784918,210587071.73646608,2022-07-04
628,1656979200000,0.17366290657300626,212472002.10078967,2022-07-05
629,1657065600000,0.1706005861986251,210472030.33747387,2022-07-06
630,1657152000000,0.17077373356519376,209777125.51870954,2022-07-07
631,1657238400000,0.1746674982811234,215191082.66186365,2022-07-08
632,1657324800000,0.18386369980152853,225799927.9453898,2022-07-09
633,1657411200000,0.18431232283965657,227343118.13945895,2022-07-10
634,1657497600000,0.1759785332341217,216104352.46863794,2022-07-11
635,1657584000000,0.1751700072578085,215335979.08648902,2022-07-12
636,1657670400000,0.16670561574970436,204001551.04813766,2022-07-13
637,1657756800000,0.16913063967480718,208725015.48102948,2022-07-14
638,1657843200000,0.16972931290984639,210210288.94902515,2022-07-15
639,1657929600000,0.17135280642301318,211944733.5960251,2022-07-16
640,1658016000000,0.17210963668634013,213386422.1123052,2022-07-17
641,1658102400000,0.17355909462353872,214334781.78643316,2022-07-18
642,1658188800000,0.17948993511686215,221422843.63435343,2022-07-19
643,1658275200000,0.19049000206907762,236875045.1618864,2022-07-20
644,1658361600000,0.1955621923753778,241493015.3946374,2022-07-21
645,1658448000000,0.1919053842997784,237734945.53144553,2022-07-22
646,1658534400000,0.1876160110531777,233244053.96767583,2022-07-23
647,1658620800000,0.18928169938301698,234438465.32105616,2022-07-24
648,1658707200000,0.18986009768258152,236028734.4478577,2022-07-25
649,1658793600000,0.17791079356679046,220023667.43257326,2022-07-26
650,1658880000000,0.1758154706359381,217779735.8079439,2022-07-27
651,1658966400000,0.1852047616277116,229377433.64132348,2022-07-28
652,1659052800000,0.19009279558469164,233933421.15735805,2022-07-29
653,1659139200000,0.19001260216127308,234745378.4055618,2022-07-30
654,1659225600000,0.19448055228746872,240925745.14860734,2022-07-31
655,1659312000000,0.19663546462957637,244940642.6996007,2022-08-01
656,1659398400000,0.20627029179068143,253909549.90615425,2022-08-02
657,1659484800000,0.19394345930040047,240408105.6971806,2022-08-03
658,1659571200000,0.19651798352501482,244520750.72424906,2022-08-04
659,1659657600000,0.19849410324278466,246983036.68282565,2022-08-05
660,1659744000000,0.20197265116378899,250341503.09351578,2022-08-06
661,1659830400000,0.20288746918136238,252488268.30847442,2022-08-07
662,1659916800000,0.20272764370763172,252166423.26334134,2022-08-08
663,1660003200000,0.20376613500624238,254628842.52545136,2022-08-09
664,1660089600000,0.19598916784571427,243130349.3624721,2022-08-10
665,1660176000000,0.2028918770505087,252587401.40799966,2022-08-11
666,1660262400000,0.20636004702749883,256186622.3119299,2022-08-12
667,1660348800000,0.21214234940767984,262446575.7048153,2022-08-13
668,1660435200000,0.2152233741323362,267877452.8412079,2022-08-14
669,1660521600000,0.209582221490875,260207774.53603327,2022-08-15
670,1660608000000,0.20621624591268792,256199228.32765514,2022-08-16
671,1660694400000,0.2040630404711235,252730249.70929644,2022-08-17
672,1660780800000,0.19720121838215277,245102250.60636202,2022-08-18
673,1660867200000,0.19431968566434346,241833026.26687232,2022-08-19
674,1660953600000,0.17341509788801368,216353338.2190152,2022-08-20
675,1661040000000,0.17467963606825918,217848817.5290245,2022-08-21
676,1661126400000,0.17732436597864115,219461004.94000268,2022-08-22
677,1661212800000,0.17136282313333562,213295484.23793232,2022-08-23
678,1661299200000,0.17461438841195084,217268939.49128494,2022-08-24
679,1661385600000,0.1719601576291236,214497126.92325306,2022-08-25
680,1661472000000,0.17584837608267295,218552642.2112013,2022-08-26
681,1661558400000,0.16603180745036147,205504973.9906171,2022-08-27
682,1661644800000,0.16472292996960458,204663501.92997566,2022-08-28
683,1661731200000,0.16260506097427094,201688033.6373956,2022-08-29
684,1661817600000,0.1669586628161025,206779165.67603898,2022-08-30
685,1661904000000,0.16534068128436816,206371070.82780418,2022-08-31
686,1661990400000,0.16609326808461353,206581698.78053376,2022-09-01
687,1662076800000,0.1624444127798244,201663480.39517862,2022-09-02
688,1662163200000,0.1629994407614652,203281962.48457885,2022-09-03
689,1662249600000,0.16428747216471,202690800.37835392,2022-09-04
690,1662336000000,0.1636907993913987,202276452.53359395,2022-09-05
691,1662422400000,0.1614878109694076,201613562.99279818,2022-09-06
692,1662508800000,0.15418144830664202,191847260.02108926,2022-09-07
693,1662595200000,0.15811705351589952,195393547.7958809,2022-09-08
694,1662681600000,0.1637214076858588,203549575.13439873,2022-09-09
695,1662768000000,0.16772323827350571,209237261.33997342,2022-09-10
696,1662854400000,0.1735311082008774,214196909.64709398,2022-09-11
697,1662940800000,0.17492045637480197,218297529.30989966,2022-09-12
698,1663027200000,0.17859304371367418,223057593.59042895,2022-09-13
699,1663113600000,0.16525452264280294,203760156.5768582,2022-09-14
700,1663200000000,0.16556915790244842,205954065.0643811,2022-09-15
701,1663286400000,0.16068764570873487,199881065.1577587,2022-09-16
702,1663372800000,0.16272365328851696,202678787.07099363,2022-09-17
703,1663459200000,0.164597179072105,204285812.6404736,2022-09-18
704,1663545600000,0.15387823839608256,191091006.56136495,2022-09-19
705,1663632000000,0.15446381735885775,192350822.21951976,2022-09-20
706,1663718400000,0.15128482374111454,189428029.5133885,2022-09-21
707,1663804800000,0.15633322916748715,193821990.9085173,2022-09-22
708,1663891200000,0.1591902886092913,198664178.36373925,2022-09-23
709,1663977600000,0.1577091718330464,196367569.44339857,2022-09-24
710,1664064000000,0.15653139725375756,194848611.04966524,2022-09-25
711,1664150400000,0.1528302986890893,190075091.3859393,2022-09-26
712,1664236800000,0.15327277632465988,191157144.16137645,2022-09-27
713,1664323200000,0.15418587846576656,191765704.96226022,2022-09-28
714,1664409600000,0.15308574658289084,190562890.93542194,2022-09-29
715,1664496000000,0.1517425154274165,188972667.91555163,2022-09-30
716,1664582400000,0.15090157169552693,187936846.26816726,2022-10-01
717,1664668800000,0.15215336214971775,188635823.26111662,2022-10-02
718,1664755200000,0.15248697661311952,189278276.5470548,2022-10-03
719,1664841600000,0.15342027519376003,191061943.52970263,2022-10-04
720,1664928000000,0.15503867829457932,193093269.55438778,2022-10-05
721,1665014400000,0.15358948811424575,191175282.94166166,2022-10-06
722,1665100800000,0.15321785394049048,190825335.27182952,2022-10-07
723,1665187200000,0.15375718065644467,192412377.909126,2022-10-08
724,1665273600000,0.15563597168945598,194640431.4693558,2022-10-09
725,1665360000000,0.1545112851633989,193184712.48184085,2022-10-10
726,1665446400000,0.1505106821805463,188267723.9910214,2022-10-11
727,1665532800000,0.14745326136836798,182871719.9873127,2022-10-12
728,1665619200000,0.14928411923736262,185202086.8773403,2022-10-13
729,1665705600000,0.1452457736740273,181515031.92542785,2022-10-14
730,1665792000000,0.1447275986374915,180738250.75770554,2022-10-15
731,1665878400000,0.14692179756524623,182967480.77144533,2022-10-16
732,1665964800000,0.14580962886739907,181177650.77057606,2022-10-17
733,1666051200000,0.14913510233566427,185881393.52811489,2022-10-18
734,1666137600000,0.14660090155235941,182870222.35668555,2022-10-19
735,1666224000000,0.14695900128309833,183251038.79999995,2022-10-20
736,1666310400000,0.1445420796445979,180768033.23803943,2022-10-21
737,1666396800000,0.1440152019623308,180093780.5111798,2022-10-22
738,1666483200000,0.14471957366547897,181686877.46264213,2022-10-23
739,1666569600000,0.1455202326948048,182554767.30389732,2022-10-24
740,1666656000000,0.1444871570401651,180839925.45757446,2022-10-25
741,1666742400000,0.14773132982532375,185850625.41452393,2022-10-26
742,1666828800000,0.1491999589626115,186695759.91418296,2022-10-27
743,1666915200000,0.14487351242899663,182237902.62949827,2022-10-28
744,1667001600000,0.1462639010562238,184017210.89296705,2022-10-29
745,1667088000000,0.14630799516194942,183303181.1815836,2022-10-30
746,1667174400000,0.14730159990980995,184441041.97955257,2022-10-31
747,1667260800000,0.14868030123920872,185335753.46618384,2022-11-01
748,1667347200000,0.1467388272410827,183065020.85186395,2022-11-02
749,1667433600000,0.14319125221190349,179854392.5397178,2022-11-03
750,1667520000000,0.14367379579560804,181202296.58465526,2022-11-04
751,1667606400000,0.15000457219160798,188429888.18686837,2022-11-05
752,1667692800000,0.15048877944937464,188172221.63122705,2022-11-06
753,1667779200000,0.1476839078099871,184791233.80029863,2022-11-07
754,1667865600000,0.14855602327971867,186327381.05350664,2022-11-08
755,1667952000000,0.13238538147564072,166535533.1019282,2022-11-09
756,1668038400000,0.09063935448663092,114020945.87070099,2022-11-10
757,1668124800000,0.11073356164884447,138766146.70825323,2022-11-11
758,1668211200000,0.1067296084561816,133881549.27963781,2022-11-12
759,1668297600000,0.11307664230383654,142233706.25763297,2022-11-13
760,1668384000000,0.09886021586246828,124098386.90715264,2022-11-14
761,1668470400000,0.10029131037328412,125178498.07110903,2022-11-15
762,1668556800000,0.10457440043316733,131450337.39413755,2022-11-16
763,1668643200000,0.10571057570512488,132109913.21514535,2022-11-17
764,1668729600000,0.10042413693167151,126273704.5399123,2022-11-18
765,1668816000000,0.1039220417898279,130689530.71366838,2022-11-19
766,1668902400000,0.10720087203015984,135683413.28819802,2022-11-20
