,Time,open,mktcap,Date
0,1624838400000,4.612854103837643,0.0,2021-06-28
1,1624924800000,4.612854103837643,0.0,2021-06-29
2,1625011200000,4.682177409989743,0.0,2021-06-30
3,1625097600000,4.00838598817088,0.0,2021-07-01
4,1625184000000,3.3732472501067488,0.0,2021-07-02
5,1625270400000,3.397863705692172,0.0,2021-07-03
6,1625356800000,3.4520256118175925,0.0,2021-07-04
7,1625443200000,3.5299766626757063,0.0,2021-07-05
8,1625529600000,3.692134945354646,0.0,2021-07-06
9,1625616000000,3.160031182589185,0.0,2021-07-07
10,1625702400000,2.9155411398133375,335523516.2133476,2021-07-08
11,1625788800000,2.4436524211324784,279781064.33641636,2021-07-09
12,1625875200000,2.2709876987577835,264430074.13957962,2021-07-10
13,1625961600000,2.3807784568354307,280253766.9000346,2021-07-11
14,1626048000000,2.3057371855070268,272266498.7348432,2021-07-12
15,1626134400000,1.9494023853527598,232766576.6438317,2021-07-13
16,1626220800000,1.7123791940319442,205859871.72554186,2021-07-14
17,1626307200000,1.4832524890184067,179208200.96475646,2021-07-15
18,1626393600000,1.3847978523040028,170032610.32899877,2021-07-16
19,1626480000000,1.3767814388836495,168231374.68815428,2021-07-17
20,1626566400000,1.3465940504157712,166075350.17050004,2021-07-18
21,1626652800000,1.4966883287016686,185054419.87071592,2021-07-19
22,1626739200000,1.3674952660529591,170180830.5112172,2021-07-20
23,1626825600000,1.2807830817997417,160711560.91156435,2021-07-21
24,1626912000000,1.509361004917945,188107323.543621,2021-07-22
25,1626998400000,1.5685574584554451,198401780.04264948,2021-07-23
26,1627084800000,1.5916917406912754,203570988.81256625,2021-07-24
27,1627171200000,1.5955500169274,204739409.6584313,2021-07-25
28,1627257600000,1.6163319680901143,208372574.25026327,2021-07-26
29,1627344000000,1.670049051771008,219142762.43972293,2021-07-27
30,1627430400000,1.6680635868555727,219067527.29093343,2021-07-28
31,1627516800000,1.672427018771568,220781126.49819723,2021-07-29
32,1627603200000,1.724634941259979,227478885.31117555,2021-07-30
33,1627689600000,1.7585749141355325,235340976.3560194,2021-07-31
34,1627776000000,1.7901157827457597,241942208.5043539,2021-08-01
35,1627862400000,1.709218749785803,231329331.87022886,2021-08-02
36,1627948800000,1.7322684066470067,236305968.98000282,2021-08-03
37,1628035200000,1.7089818457590271,234593739.67207503,2021-08-04
38,1628121600000,1.7545741178421366,241794171.0650292,2021-08-05
39,1628208000000,1.705187201556295,236560598.51783994,2021-08-06
40,1628294400000,1.7759585519645946,246436413.15571588,2021-08-07
41,1628380800000,1.8258670334188967,255204926.02729148,2021-08-08
42,1628467200000,1.704727649174896,242207182.1979656,2021-08-09
43,1628553600000,1.7144077845835741,241921252.60045385,2021-08-10
44,1628640000000,1.787437196343673,254327899.3700148,2021-08-11
45,1628726400000,1.91802493351458,274414888.84700775,2021-08-12
46,1628812800000,1.8960600400681198,273870110.3679497,2021-08-13
47,1628899200000,2.123743365059457,310503889.39806354,2021-08-14
48,1628985600000,2.2630983710540415,330585594.55722564,2021-08-15
49,1629072000000,2.3107600828109334,340397167.64489335,2021-08-16
50,1629158400000,2.2740133666405113,344690023.4070703,2021-08-17
51,1629244800000,2.323339713671927,346664141.11035097,2021-08-18
52,1629331200000,2.616216104787805,390654792.7560393,2021-08-19
53,1629417600000,2.802613141643287,415894804.4225841,2021-08-20
54,1629504000000,2.8756446683982597,433031478.2497327,2021-08-21
55,1629590400000,3.4071343492870327,518494069.00497866,2021-08-22
56,1629676800000,3.3119767219342213,505945347.0696864,2021-08-23
57,1629763200000,3.4704811452391495,526754608.07740945,2021-08-24
58,1629849600000,3.1030888786737068,486202166.75839734,2021-08-25
59,1629936000000,3.1398818529670214,486063286.6266167,2021-08-26
60,1630022400000,2.8543259128246175,445901074.9354325,2021-08-27
61,1630108800000,3.256660683200939,510801789.37533075,2021-08-28
62,1630195200000,3.353639775396039,527531246.57117456,2021-08-29
63,1630281600000,3.46283414641027,553048271.0058141,2021-08-30
64,1630368000000,3.6251803784423307,575844516.2852296,2021-08-31
65,1630454400000,3.744192894044193,599069653.6727661,2021-09-01
66,1630540800000,4.0297353664843945,649887043.0029149,2021-09-02
67,1630627200000,3.9277596686701943,633647924.9144597,2021-09-03
68,1630713600000,3.959651501510183,639998698.8369025,2021-09-04
69,1630800000000,4.126961768556598,669932658.9071422,2021-09-05
70,1630886400000,4.342663436368971,711734236.4206527,2021-09-06
71,1630972800000,4.384739445359891,725080964.9099251,2021-09-07
72,1631059200000,3.7472828084398695,621669748.2467688,2021-09-08
73,1631145600000,3.7549271667896695,630734629.6315844,2021-09-09
74,1631232000000,4.867167897669292,814748997.9345689,2021-09-10
75,1631318400000,5.47134461637545,919757559.2468272,2021-09-11
76,1631404800000,5.008532696120798,845193167.5966188,2021-09-12
77,1631491200000,6.624469778202899,1109765310.5997171,2021-09-13
78,1631577600000,6.528251755650649,1114272091.8385427,2021-09-14
79,1631664000000,6.421676929736801,1096834717.7936273,2021-09-15
80,1631750400000,6.293686509009049,1086299959.3967671,2021-09-16
81,1631836800000,6.691415298581069,1157713685.3048224,2021-09-17
82,1631923200000,6.190478945604743,1076893755.499304,2021-09-18
83,1632009600000,7.066023079534482,1234862725.882714,2021-09-19
84,1632096000000,7.377894377116232,1292686930.941901,2021-09-20
85,1632182400000,5.677229695461447,1001679240.3564067,2021-09-21
86,1632268800000,4.968208197619172,880990452.0092517,2021-09-22
87,1632355200000,6.441619837699543,1122463788.8474827,2021-09-23
88,1632441600000,6.845051890812595,1224605698.6328318,2021-09-24
89,1632528000000,6.728985201857768,1227010539.9357762,2021-09-25
90,1632614400000,6.149053072862731,1112198130.1954231,2021-09-26
91,1632700800000,5.971857662635461,1116678244.7975798,2021-09-27
92,1632787200000,5.645974598332883,1034550467.9644625,2021-09-28
93,1632873600000,5.109870882421919,935174721.1161344,2021-09-29
94,1632960000000,4.98783384245029,914915797.8993427,2021-09-30
95,1633046400000,5.33755209612631,985797843.9479868,2021-10-01
96,1633132800000,5.496652103585431,1010644131.4344016,2021-10-02
97,1633219200000,5.615176673186951,1062583367.0108902,2021-10-03
98,1633305600000,5.59217165628487,1046784582.0680172,2021-10-04
99,1633392000000,5.145930301395444,963830020.3731451,2021-10-05
100,1633478400000,5.117458413746608,966006248.8960232,2021-10-06
101,1633564800000,4.9916499904427365,947065809.6021949,2021-10-07
102,1633651200000,5.143045335586076,978680774.2654053,2021-10-08
103,1633737600000,5.087045163855266,972808638.997391,2021-10-09
104,1633824000000,5.032785628865185,960465348.4553593,2021-10-10
105,1633910400000,4.638811616259631,895010385.273909,2021-10-11
106,1633996800000,4.522209432527452,871842617.4005811,2021-10-12
107,1634083200000,4.589545128564991,892759351.056116,2021-10-13
108,1634169600000,4.700864244932711,914043905.3539594,2021-10-14
109,1634256000000,4.582482822198393,898918435.2826949,2021-10-15
110,1634342400000,4.421666123855621,870728207.1471462,2021-10-16
111,1634428800000,4.454300380302387,877494570.7106661,2021-10-17
112,1634515200000,4.239524522097139,838268277.4186072,2021-10-18
113,1634601600000,4.09337542317286,813688187.8172511,2021-10-19
114,1634688000000,4.508272811733423,900975968.2876034,2021-10-20
115,1634774400000,4.5898387955090545,931761413.3239498,2021-10-21
116,1634860800000,4.47807471493033,906332527.3261625,2021-10-22
117,1634947200000,4.500371674381009,912528595.4169532,2021-10-23
118,1635033600000,4.737219795505275,963992423.7310642,2021-10-24
119,1635120000000,4.529748063203197,925075661.7026912,2021-10-25
120,1635206400000,4.82277359724061,989594877.2949523,2021-10-26
121,1635292800000,5.79006739915411,1196623650.2773623,2021-10-27
122,1635379200000,5.3345950282589,1103558077.5040152,2021-10-28
123,1635465600000,5.5550575104237,1153930342.8684335,2021-10-29
124,1635552000000,5.834954018833549,1209260029.9575028,2021-10-30
125,1635638400000,5.394176136967853,1129232667.4901876,2021-10-31
126,1635724800000,5.42055679238857,1140751696.82339,2021-11-01
127,1635811200000,5.354031123498201,1128740523.8385663,2021-11-02
128,1635897600000,5.390049559474797,1141034646.9984136,2021-11-03
129,1635984000000,5.5544229470328865,1180883743.5794547,2021-11-04
130,1636070400000,5.476148459416992,1167624347.0299857,2021-11-05
131,1636156800000,5.514298989532803,1181152292.7339497,2021-11-06
132,1636243200000,5.5015629804212365,1183086685.9959233,2021-11-07
133,1636329600000,6.243540023518457,1347918405.1089218,2021-11-08
134,1636416000000,6.696537950484106,1451472185.8478792,2021-11-09
135,1636502400000,6.539585595633837,1425504046.1801596,2021-11-10
136,1636588800000,5.882980049099936,1283046758.4559681,2021-11-11
137,1636675200000,6.165445457720838,1354206677.4585369,2021-11-12
138,1636761600000,6.027463844386312,1326027115.2439919,2021-11-13
139,1636848000000,6.112105250262221,1349684830.1707778,2021-11-14
140,1636934400000,6.007358190752458,1321509722.1874382,2021-11-15
141,1637020800000,5.817151910416881,1293873743.554599,2021-11-16
142,1637107200000,5.320314097382427,1192405196.1655338,2021-11-17
143,1637193600000,5.499977043654326,1229181632.7000597,2021-11-18
144,1637280000000,5.258391062836958,1184076985.2736855,2021-11-19
145,1637366400000,5.513691230281387,1240757826.6132941,2021-11-20
146,1637452800000,5.764481259205041,1305326250.5651057,2021-11-21
147,1637539200000,6.005015077960513,1383305768.8208795,2021-11-22
148,1637625600000,6.027552287445226,1377039927.7908063,2021-11-23
149,1637712000000,6.172160690866195,1412668929.8786454,2021-11-24
150,1637798400000,5.724513586587859,1314431482.193729,2021-11-25
151,1637884800000,5.760362328103278,1329499450.9420025,2021-11-26
152,1637971200000,5.246613487534968,1213151485.7011693,2021-11-27
153,1638057600000,5.2434133271396455,1219356205.6495948,2021-11-28
154,1638144000000,5.266871602521449,1226918360.1185207,2021-11-29
155,1638230400000,5.32283188211976,1247179539.5591135,2021-11-30
156,1638316800000,5.349319833043751,1256838074.252947,2021-12-01
157,1638403200000,5.339632456768009,1259335830.585836,2021-12-02
158,1638489600000,5.293827068000969,1253847452.7694397,2021-12-03
159,1638576000000,5.767852503196216,1347719570.204236,2021-12-04
160,1638662400000,5.207980926188015,1238973679.6924903,2021-12-05
161,1638748800000,4.679894856738128,1118154889.8577669,2021-12-06
162,1638835200000,4.743810051324187,1137211966.0615435,2021-12-07
163,1638921600000,4.7136135074140135,1128805859.1973581,2021-12-08
164,1639008000000,4.952094729901155,1188229675.697418,2021-12-09
165,1639094400000,4.477296814548795,1089165056.0545177,2021-12-10
166,1639180800000,4.392753472158553,1067496704.6963158,2021-12-11
167,1639267200000,4.530885501150447,1107900131.4196956,2021-12-12
168,1639353600000,4.683563047351762,1145406490.3600483,2021-12-13
169,1639440000000,4.232088818412486,1042114355.87739,2021-12-14
170,1639526400000,4.28882826911297,1050024642.3618361,2021-12-15
171,1639612800000,4.323851401275908,1066763056.8808068,2021-12-16
172,1639699200000,4.20510230306355,1043231742.9927447,2021-12-17
173,1639785600000,4.054312909548603,1009953582.2018815,2021-12-18
174,1639872000000,4.341987070026857,1083365950.1619663,2021-12-19
175,1639958400000,4.373662310686701,1102332776.2779772,2021-12-20
176,1640044800000,4.457795251615092,1121000424.6978216,2021-12-21
177,1640131200000,4.760985834580887,1201576250.359558,2021-12-22
178,1640217600000,5.247056260938915,1330424273.0691469,2021-12-23
179,1640304000000,5.797908014387347,1467498971.7440658,2021-12-24
180,1640390400000,5.566446222734053,1417713866.937404,2021-12-25
181,1640476800000,5.950255675649513,1514141720.0326107,2021-12-26
182,1640563200000,6.109409734052397,1572239025.0185273,2021-12-27
183,1640649600000,6.070208951480034,1559943954.1078491,2021-12-28
184,1640736000000,5.576656179636685,1441899496.0976653,2021-12-29
185,1640822400000,5.557457094738882,1437905457.2747254,2021-12-30
186,1640908800000,5.993923823178382,1565642307.1574092,2021-12-31
187,1640995200000,6.255461092479249,1632928749.4069424,2022-01-01
188,1641081600000,6.9417270337381725,1806849041.4242308,2022-01-02
189,1641168000000,6.842751295837461,1783062836.8626735,2022-01-03
190,1641254400000,7.683418255458254,2024266358.2373803,2022-01-04
191,1641340800000,8.192543512562741,2134421872.3019192,2022-01-05
192,1641427200000,8.04961616363523,2075295754.1549633,2022-01-06
193,1641513600000,8.506004028405306,2260271032.219191,2022-01-07
194,1641600000000,8.371284810639132,2223020557.931404,2022-01-08
195,1641686400000,7.9047637655031,2124128113.0791123,2022-01-09
196,1641772800000,8.276415524523253,2215428870.3863897,2022-01-10
197,1641859200000,8.548506405944408,2295579164.0454936,2022-01-11
198,1641945600000,8.970409776912973,2421585654.7176003,2022-01-12
199,1642032000000,9.212725662686944,2489434335.312923,2022-01-13
200,1642118400000,9.12442102560393,2472442218.7270184,2022-01-14
201,1642204800000,9.57631667013588,2602645962.7195606,2022-01-15
202,1642291200000,9.844147536705245,2683527967.1699095,2022-01-16
203,1642377600000,10.709136059428435,2910235633.791829,2022-01-17
204,1642464000000,9.817168256700935,2695534622.761288,2022-01-18
205,1642550400000,9.78213787008925,2693767889.391932,2022-01-19
206,1642636800000,9.570658906597657,2645360360.9185452,2022-01-20
207,1642723200000,9.901470801244923,2743524263.4737034,2022-01-21
208,1642809600000,8.645323204110046,2425197707.3308907,2022-01-22
209,1642896000000,7.7218615790107865,2138113572.4608753,2022-01-23
210,1642982400000,8.594979416968215,2387289531.330715,2022-01-24
211,1643068800000,8.937174626829401,2512053086.267182,2022-01-25
212,1643155200000,9.042684257595456,2537404284.0735774,2022-01-26
213,1643241600000,8.465096894726845,2386581579.6969,2022-01-27
214,1643328000000,7.8828199601018305,2213798932.707157,2022-01-28
215,1643414400000,7.674085764568901,2173515392.6834297,2022-01-29
216,1643500800000,7.560383160371391,2145032324.1222045,2022-01-30
217,1643587200000,7.112898625097428,2034048033.7271898,2022-01-31
218,1643673600000,7.70187016337608,2196356822.5762434,2022-02-01
219,1643760000000,7.979325574605329,2297390619.313484,2022-02-02
220,1643846400000,7.432803650976936,2136733220.63925,2022-02-03
221,1643932800000,8.045290955525056,2318817502.4627404,2022-02-04
222,1644019200000,8.524033736789983,2467436200.6070943,2022-02-05
223,1644105600000,8.649068624471342,2508014958.4061613,2022-02-06
224,1644192000000,8.97820590848107,2615513453.443717,2022-02-07
225,1644278400000,9.281860394703932,2705659727.404833,2022-02-08
226,1644364800000,8.89926040692295,2607919510.866904,2022-02-09
227,1644451200000,9.060471067375222,2644792076.3824987,2022-02-10
228,1644537600000,8.668012722731259,2553215365.2098136,2022-02-11
229,1644624000000,8.348153270370169,2462247933.6066246,2022-02-12
230,1644710400000,8.350108286663614,2463623739.3649035,2022-02-13
231,1644796800000,8.151581564438679,2417273949.3431954,2022-02-14
232,1644883200000,8.26266753535658,2456184258.298403,2022-02-15
233,1644969600000,9.026655693585964,2698052844.2103724,2022-02-16
234,1645056000000,8.882928716605706,2655093616.705489,2022-02-17
235,1645142400000,8.759146310666356,2630016890.596969,2022-02-18
236,1645228800000,8.80212846599801,2647315193.2961764,2022-02-19
237,1645315200000,8.750779701104294,2635923432.7590537,2022-02-20
238,1645401600000,8.539369888158861,2588293175.2010117,2022-02-21
239,1645488000000,8.023387207942534,2468904703.8865585,2022-02-22
240,1645574400000,8.32509966023148,2529940230.3547864,2022-02-23
241,1645660800000,8.589675585118526,2644146309.525371,2022-02-24
242,1645747200000,8.666717367738684,2648959381.046509,2022-02-25
243,1645833600000,9.132744677365697,2796744549.4943004,2022-02-26
244,1645920000000,9.8636908963494,2989249203.403268,2022-02-27
245,1646006400000,9.03222753197665,2784172221.4533343,2022-02-28
246,1646092800000,9.99771483216805,3093645127.2258677,2022-03-01
247,1646179200000,10.01348376530193,3094670801.780912,2022-03-02
248,1646265600000,10.691254229048583,3320800687.62373,2022-03-03
249,1646352000000,11.175287175767432,3485543600.5316315,2022-03-04
250,1646438400000,10.111164468067317,3162329532.6405783,2022-03-05
251,1646524800000,10.425702429287254,3260963270.1678267,2022-03-06
252,1646611200000,9.631863444886681,3006578219.6490726,2022-03-07
253,1646697600000,9.764949701886271,3079334181.1870766,2022-03-08
254,1646784000000,9.396552160622113,2964463942.5527463,2022-03-09
255,1646870400000,10.10362304144365,3196783814.944668,2022-03-10
256,1646956800000,9.60855213937998,3046496806.805738,2022-03-11
257,1647043200000,9.39939237612594,2997324755.3578486,2022-03-12
258,1647129600000,9.194865332885568,2935248982.1331677,2022-03-13
259,1647216000000,8.941430415063236,2854386119.7864194,2022-03-14
260,1647302400000,9.117585472236991,2917736989.292452,2022-03-15
261,1647388800000,9.080252936842534,2915659421.957107,2022-03-16
262,1647475200000,9.431595763749062,3041099016.6603727,2022-03-17
263,1647561600000,9.239934211502506,2980580330.4108295,2022-03-18
264,1647648000000,9.186945321523739,2978327598.9211493,2022-03-19
265,1647734400000,9.298549317779246,3016519511.9268994,2022-03-20
266,1647820800000,9.044956540611047,2943091086.512365,2022-03-21
267,1647907200000,8.842260397978137,2883336539.1398063,2022-03-22
268,1647993600000,8.674816318713873,2834337026.649535,2022-03-23
269,1648080000000,8.663352414160679,2848471426.964452,2022-03-24
270,1648166400000,8.633340675878864,2835645178.179007,2022-03-25
271,1648252800000,8.303345249098195,2733210275.0453978,2022-03-26
272,1648339200000,8.261616725615175,2735100060.170258,2022-03-27
273,1648425600000,8.400519930875047,2779924789.4386835,2022-03-28
274,1648512000000,8.26296580758084,2748579737.958129,2022-03-29
275,1648598400000,8.342409885666035,2774146431.53281,2022-03-30
276,1648684800000,8.3407741000066,2783255905.5033107,2022-03-31
277,1648771200000,8.054372492409296,2688838741.759358,2022-04-01
278,1648857600000,8.099021033630684,2706405366.5092187,2022-04-02
279,1648944000000,8.52342674839397,2878516797.596681,2022-04-03
280,1649030400000,8.477693104501594,2850419268.9230027,2022-04-04
281,1649116800000,8.214897723432642,2772265032.5468273,2022-04-05
282,1649203200000,7.876946651737369,2675483200.0048156,2022-04-06
283,1649289600000,7.335946280916109,2505281850.6097827,2022-04-07
284,1649376000000,7.336619586547534,2502347862.6140556,2022-04-08
285,1649462400000,6.9471674903589475,2363580998.566205,2022-04-09
286,1649548800000,6.89060099015342,2352949763.789358,2022-04-10
287,1649635200000,6.716034853326157,2301129425.4316287,2022-04-11
288,1649721600000,6.075797918746307,2089339179.8509443,2022-04-12
289,1649808000000,6.1631295138177835,2117718469.5241668,2022-04-13
290,1649894400000,6.1689289073127584,2119548999.341321,2022-04-14
291,1649980800000,5.988054333208054,2072120340.6372893,2022-04-15
292,1650067200000,5.902185622122676,2046204703.765246,2022-04-16
293,1650153600000,5.831445872080828,2027509724.2243178,2022-04-17
294,1650240000000,5.614778127208416,1953705703.5485759,2022-04-18
295,1650326400000,5.772115145052896,2013840246.5267162,2022-04-19
296,1650412800000,5.848783529475882,2043561404.315516,2022-04-20
297,1650499200000,5.68673312613243,2004590019.7939448,2022-04-21
298,1650585600000,5.503299198788405,1932617915.8749273,2022-04-22
299,1650672000000,5.337713370330369,1881763372.7734418,2022-04-23
300,1650758400000,5.269554107040956,1862536193.5006084,2022-04-24
301,1650844800000,5.004203755676062,1778621976.5397263,2022-04-25
302,1650931200000,4.888959163925435,1735844796.2268033,2022-04-26
303,1651017600000,4.4934194244019245,1596558051.452979,2022-04-27
304,1651104000000,4.61873988522647,1646244378.9968514,2022-04-28
305,1651190400000,4.432761925737391,1583172170.6303015,2022-04-29
306,1651276800000,4.1993471249360805,1506520947.4612775,2022-04-30
307,1651363200000,3.9098963090492966,1402104734.6607623,2022-05-01
308,1651449600000,3.8202672340080546,1373162922.2195096,2022-05-02
309,1651536000000,3.7819375520583054,1374450482.4899461,2022-05-03
310,1651622400000,3.824164710036646,1390350506.580261,2022-05-04
311,1651708800000,4.1691433807437885,1511294740.3287644,2022-05-05
312,1651795200000,3.872460708940491,1405242215.030554,2022-05-06
313,1651881600000,3.8000860250227877,1383643434.9961765,2022-05-07
314,1651968000000,3.556958161846356,1310653580.7759573,2022-05-08
315,1652054400000,3.382579566030417,1236659222.1962922,2022-05-09
316,1652140800000,2.6044702998870854,981045916.1401867,2022-05-10
317,1652227200000,2.566709095428056,933835589.6918039,2022-05-11
318,1652313600000,2.2834764747137566,794939062.9569185,2022-05-12
319,1652400000000,1.7016697430777723,613976536.8390497,2022-05-13
320,1652486400000,1.4543001902064085,538972025.1543537,2022-05-14
321,1652572800000,1.543955327970375,569192434.1745429,2022-05-15
322,1652659200000,1.7645590219113996,652543196.1222347,2022-05-16
323,1652745600000,1.6006996536520481,597832801.1482863,2022-05-17
324,1652832000000,1.65018759666096,615350000.6631068,2022-05-18
325,1652918400000,1.4607091487369794,545056052.8390285,2022-05-19
326,1653004800000,1.5700506190939885,588014035.8804591,2022-05-20
327,1653091200000,1.717559676692599,644681559.8108763,2022-05-21
328,1653177600000,1.7491869121071275,658621999.0823951,2022-05-22
329,1653264000000,1.7933555469612297,675931922.512638,2022-05-23
330,1653350400000,1.7717390787848633,669034477.8079629,2022-05-24
331,1653436800000,1.6866720387983192,638456880.736443,2022-05-25
332,1653523200000,1.5892802615943789,603053452.1333611,2022-05-26
333,1653609600000,1.4406954879129144,548896055.6588104,2022-05-27
334,1653696000000,1.3187413000499026,502473808.8013149,2022-05-28
335,1653782400000,1.3537569196894943,517311873.07196236,2022-05-29
336,1653868800000,1.3562020193140734,519231050.7460619,2022-05-30
337,1653955200000,1.4252677782680205,546565090.9739574,2022-05-31
338,1654041600000,1.3839227854274854,532374532.68237215,2022-06-01
339,1654128000000,1.257368222102024,482546959.85546666,2022-06-02
340,1654214400000,1.268580342920124,491343628.8443936,2022-06-03
341,1654300800000,1.2181232321307838,470852344.73070794,2022-06-04
342,1654387200000,1.221646177789724,472220908.67894447,2022-06-05
343,1654473600000,1.2013612796379387,468652187.8668139,2022-06-06
344,1654560000000,1.1934237584236165,465152097.17170507,2022-06-07
345,1654646400000,1.178214572307291,460379518.8729366,2022-06-08
346,1654732800000,1.126114629024981,438980204.07419086,2022-06-09
347,1654819200000,1.1703627274622452,456198791.275363,2022-06-10
348,1654905600000,1.2594403809696413,489988697.45827574,2022-06-11
349,1654992000000,1.3022226505996062,507849789.68752164,2022-06-12
350,1655078400000,0.898205276476699,353916539.23985994,2022-06-13
351,1655164800000,0.796200323253693,309413130.27080333,2022-06-14
352,1655251200000,0.7835817485005916,309722082.59413785,2022-06-15
353,1655337600000,0.8412785428966978,334032926.7037091,2022-06-16
354,1655424000000,0.7588344749661986,303430431.9772078,2022-06-17
355,1655510400000,0.76308790212156,305935567.33489037,2022-06-18
356,1655596800000,0.7242901751444293,289497344.50171036,2022-06-19
357,1655683200000,0.7786456945811262,310960324.36729187,2022-06-20
358,1655769600000,0.762991244434622,305891380.8813878,2022-06-21
359,1655856000000,0.7650582602260719,307152816.27097565,2022-06-22
360,1655942400000,0.7706732816679314,310613598.4375585,2022-06-23
361,1656028800000,0.8736935167663737,351555391.541232,2022-06-24
362,1656115200000,0.8878802308083947,359073072.71669996,2022-06-25
363,1656201600000,0.9154050457048362,367093992.0060933,2022-06-26
364,1656288000000,0.8652167256894737,349564561.5639034,2022-06-27
365,1656374400000,0.8321118008047865,336218058.62119764,2022-06-28
366,1656460800000,0.7947746832676545,320927292.4084915,2022-06-29
367,1656547200000,0.7839745129001,317931151.38921994,2022-06-30
368,1656633600000,0.7719277580963637,311714980.4743203,2022-07-01
369,1656720000000,0.8139761624861225,331747724.02781475,2022-07-02
370,1656806400000,0.8026495577290059,326803272.6104863,2022-07-03
371,1656892800000,0.8037089393880334,327651682.5288286,2022-07-04
372,1656979200000,0.8414070222195433,344165849.9258513,2022-07-05
373,1657065600000,0.8598085485076421,351366019.0949094,2022-07-06
374,1657152000000,0.8508040941583919,348165946.7667324,2022-07-07
375,1657238400000,0.8803637819096213,361046675.7847988,2022-07-08
376,1657324800000,0.8632717553369655,354694789.1476348,2022-07-09
377,1657411200000,0.8491494798419248,348061220.46666497,2022-07-10
378,1657497600000,0.8311798301025728,341231800.0132695,2022-07-11
379,1657584000000,0.7837664357258242,322399324.9273597,2022-07-12
380,1657670400000,0.7616638040386211,311498436.29990906,2022-07-13
381,1657756800000,0.7827078922165089,322724421.51324755,2022-07-14
382,1657843200000,0.8604863568241102,356064486.91203475,2022-07-15
383,1657929600000,0.8690745680913945,359157102.9368728,2022-07-16
384,1658016000000,0.8875982155579799,368107630.1703988,2022-07-17
385,1658102400000,0.8643530636671732,359270339.80320954,2022-07-18
386,1658188800000,0.9172042426808004,380386693.45062286,2022-07-19
387,1658275200000,0.9744226245144963,407279314.2106516,2022-07-20
388,1658361600000,0.9192821331324842,385471198.01150155,2022-07-21
389,1658448000000,1.0021136855309976,418259900.95099413,2022-07-22
390,1658534400000,0.9877515529760569,412442554.3117125,2022-07-23
391,1658620800000,0.9625320686146916,403266348.6395397,2022-07-24
392,1658707200000,0.9631910082773617,404902202.33008426,2022-07-25
393,1658793600000,0.8958825135546578,378414259.40928584,2022-07-26
394,1658880000000,0.9023816003535304,379777740.83581936,2022-07-27
395,1658966400000,0.999513740844397,420461209.05622,2022-07-28
396,1659052800000,1.0478903635657655,439448485.93896776,2022-07-29
397,1659139200000,1.0751478211263628,456431246.2590003,2022-07-30
398,1659225600000,1.0436573610441677,441374046.5746382,2022-07-31
399,1659312000000,1.0318919462828728,434909049.5804148,2022-08-01
400,1659398400000,1.0428476667685793,436107553.29507154,2022-08-02
401,1659484800000,1.0134847597887193,430217567.85556537,2022-08-03
402,1659571200000,1.018106394078898,431609045.4779769,2022-08-04
403,1659657600000,1.0395244514763016,439197534.0415077,2022-08-05
404,1659744000000,1.087454740953499,463032648.5795236,2022-08-06
405,1659830400000,1.075511137297486,458652415.90547,2022-08-07
406,1659916800000,1.1336802883276826,483962542.10993624,2022-08-08
407,1660003200000,1.168180400661669,499776282.65188485,2022-08-09
408,1660089600000,1.1369490410893555,489410426.93779165,2022-08-10
409,1660176000000,1.176364042251555,503840796.78055084,2022-08-11
410,1660262400000,1.1700744448689877,501920050.01432425,2022-08-12
411,1660348800000,1.2048507476864014,517747529.88338697,2022-08-13
412,1660435200000,1.1975072967166192,515651067.84385914,2022-08-14
413,1660521600000,1.1770057188158574,506276682.80319196,2022-08-15
414,1660608000000,1.1579147189611556,499475902.7173267,2022-08-16
415,1660694400000,1.1827599921898495,510572034.64827925,2022-08-17
416,1660780800000,1.2030614421325896,515903361.31364864,2022-08-18
417,1660867200000,1.1933591501395975,516693700.100667,2022-08-19
418,1660953600000,1.1270983142131588,488876190.10699916,2022-08-20
419,1661040000000,1.0965392963754532,476615320.7334889,2022-08-21
420,1661126400000,1.1252129261058048,489639126.7327994,2022-08-22
421,1661212800000,1.1273686443945337,490810028.5838355,2022-08-23
422,1661299200000,1.1963279847769182,522083781.9116714,2022-08-24
423,1661385600000,1.2337872477058023,538033851.1451418,2022-08-25
424,1661472000000,1.273818955269559,556159026.7927195,2022-08-26
425,1661558400000,1.1670845590112418,513047848.0251417,2022-08-27
426,1661644800000,1.150286727092276,503648796.7376955,2022-08-28
427,1661731200000,1.1151493291094479,487928373.8099919,2022-08-29
428,1661817600000,1.151415722054936,506146920.7441857,2022-08-30
429,1661904000000,1.1773960397819274,516222702.1505037,2022-08-31
430,1661990400000,1.1751467808652543,517085875.2138367,2022-09-01
431,1662076800000,1.2325683483278682,546128708.4255446,2022-09-02
432,1662163200000,1.2162340761708506,534959967.21157557,2022-09-03
433,1662249600000,1.2017185520037672,530896534.19076115,2022-09-04
434,1662336000000,1.2219521638317754,540656511.0451784,2022-09-05
435,1662422400000,1.199108119818803,530576391.1906707,2022-09-06
436,1662508800000,1.1488796323209214,509541847.6894605,2022-09-07
437,1662595200000,1.2279175372915911,544387721.2251012,2022-09-08
438,1662681600000,1.2908088701691893,573989387.0350751,2022-09-09
439,1662768000000,1.4039519961664346,622895473.0284914,2022-09-10
440,1662854400000,1.4361923883626708,638099702.302124,2022-09-11
441,1662940800000,1.4050875518436212,623001475.0440927,2022-09-12
442,1663027200000,1.4065007591581424,628316000.8821056,2022-09-13
443,1663113600000,1.2818370279812932,573408351.784856,2022-09-14
444,1663200000000,1.3044521324437905,580736413.355695,2022-09-15
445,1663286400000,1.3376677356313196,603532700.5634938,2022-09-16
446,1663372800000,1.4239633346176566,639610024.0709633,2022-09-17
447,1663459200000,1.4342966290255537,643049943.033263,2022-09-18
448,1663545600000,1.3327591947813713,600551481.7320656,2022-09-19
449,1663632000000,1.3582188135415565,612010675.1802652,2022-09-20
450,1663718400000,1.231269861275487,555920943.265774,2022-09-21
451,1663804800000,1.1873372520273449,536151905.8214342,2022-09-22
452,1663891200000,1.2464463523828495,564101574.0607569,2022-09-23
453,1663977600000,1.2324108960646107,556272122.8051836,2022-09-24
454,1664064000000,1.186736176004749,537672963.7866567,2022-09-25
455,1664150400000,1.1979120635251619,543131611.747824,2022-09-26
456,1664236800000,1.1756660152047231,534893422.4840639,2022-09-27
457,1664323200000,1.1657829965221966,529856486.9790558,2022-09-28
458,1664409600000,1.1330220238837614,516097584.2318084,2022-09-29
459,1664496000000,1.1022590605409903,503157993.3370298,2022-09-30
460,1664582400000,1.101623576814464,501844259.66890883,2022-10-01
461,1664668800000,1.0793437658613294,493355325.963697,2022-10-02
462,1664755200000,1.0557328135591333,483013630.84684056,2022-10-03
463,1664841600000,1.0949342974156204,501551342.1951885,2022-10-04
464,1664928000000,1.095488389934288,502536953.2568721,2022-10-05
465,1665014400000,1.0862103991284104,499157516.13772553,2022-10-06
466,1665100800000,1.0816349050351106,497076065.9884922,2022-10-07
467,1665187200000,1.0942746141171407,504501800.98071915,2022-10-08
468,1665273600000,1.126638449741846,520179010.99907166,2022-10-09
469,1665360000000,1.126502454419741,519052763.47050077,2022-10-10
470,1665446400000,1.112653430417443,516201038.9273433,2022-10-11
471,1665532800000,1.0862208409654968,501162086.0038276,2022-10-12
472,1665619200000,1.110290841985479,513895574.90155846,2022-10-13
473,1665705600000,1.1511211351731814,533601817.7350689,2022-10-14
474,1665792000000,1.1825965301774681,548716271.5609825,2022-10-15
475,1665878400000,1.1776820238694343,545362429.0440058,2022-10-16
476,1665964800000,1.1835383745651404,550659612.067365,2022-10-17
477,1666051200000,1.226148657036814,571158076.517404,2022-10-18
478,1666137600000,1.208078804920815,564222769.29275,2022-10-19
479,1666224000000,1.1618748102577663,542060515.2491791,2022-10-20
480,1666310400000,1.1420653622337276,533693015.4047764,2022-10-21
481,1666396800000,1.1623770490769576,543991342.6636037,2022-10-22
482,1666483200000,1.1732834142342692,549605688.6573129,2022-10-23
483,1666569600000,1.199744123737005,563597231.8483818,2022-10-24
484,1666656000000,1.1794166474859562,553046122.8973398,2022-10-25
485,1666742400000,1.2230256961117172,575512088.5811707,2022-10-26
486,1666828800000,1.2664462061850903,595294035.1769868,2022-10-27
487,1666915200000,1.301714711962246,613173542.7685671,2022-10-28
488,1667001600000,1.63360419941712,771140093.0040736,2022-10-29
489,1667088000000,1.5314934599020331,722856483.7794061,2022-10-30
490,1667174400000,1.5283684688151287,723142958.1719614,2022-10-31
491,1667260800000,1.5840909782037342,747918317.5661063,2022-11-01
492,1667347200000,1.5537948347324158,736162906.8046275,2022-11-02
493,1667433600000,1.4768263751687283,701196748.9970454,2022-11-03
494,1667520000000,1.512809377784334,718632772.4861068,2022-11-04
495,1667606400000,1.6215195131918934,770943243.5119004,2022-11-05
496,1667692800000,1.639505400998618,781017960.8452306,2022-11-06
497,1667779200000,1.55585930635148,744914397.0114348,2022-11-07
498,1667865600000,1.540805313546082,734927129.2820114,2022-11-08
499,1667952000000,1.3456157075921387,644044156.0251728,2022-11-09
500,1668038400000,1.0679481822114465,514410136.70784223,2022-11-10
501,1668124800000,1.2886952690160856,617826264.4714764,2022-11-11
502,1668211200000,1.2313821355464376,589840074.2780575,2022-11-12
503,1668297600000,1.1806864579994139,567200884.1198086,2022-11-13
504,1668384000000,1.1237120840620705,537545522.8128387,2022-11-14
505,1668470400000,1.1463597076370124,551747615.8868731,2022-11-15
506,1668556800000,1.1776188660937015,567088967.9413543,2022-11-16
507,1668643200000,1.1303689366951952,545503772.0202016,2022-11-17
508,1668729600000,1.1117168064680742,537282771.1130407,2022-11-18
509,1668816000000,1.121262775708846,542009363.5062218,2022-11-19
510,1668902400000,1.1214526307207497,541384274.1993973,2022-11-20
