,Time,open,mktcap,Date
0,1617235200000,3.8484030560838067,0.0,2021-04-01
1,1617321600000,3.8484030560838067,0.0,2021-04-02
2,1617408000000,3.887060051660843,0.0,2021-04-03
3,1617494400000,3.796511250638021,0.0,2021-04-04
4,1617580800000,4.7237986626961055,0.0,2021-04-05
5,1617667200000,4.155092112409452,0.0,2021-04-06
6,1617753600000,4.18472023148215,0.0,2021-04-07
7,1617840000000,3.980751801418317,0.0,2021-04-08
8,1617926400000,3.9771818772362266,0.0,2021-04-09
9,1618012800000,3.9571291506655117,0.0,2021-04-10
10,1618099200000,4.052417989741366,0.0,2021-04-11
11,1618185600000,4.1398714457229815,0.0,2021-04-12
12,1618272000000,3.790506574402251,0.0,2021-04-13
13,1618358400000,3.63306124421321,0.0,2021-04-14
14,1618444800000,3.4978905911636162,0.0,2021-04-15
15,1618531200000,3.2513458579490853,0.0,2021-04-16
16,1618617600000,2.9415885294163284,0.0,2021-04-17
17,1618704000000,3.1108586295707745,0.0,2021-04-18
18,1618790400000,2.7892054062409515,0.0,2021-04-19
19,1618876800000,2.8130574597762568,0.0,2021-04-20
20,1618963200000,2.8957385413843597,0.0,2021-04-21
21,1619049600000,2.803730603796754,0.0,2021-04-22
22,1619136000000,2.6363330471863184,0.0,2021-04-23
23,1619222400000,2.51060688276233,0.0,2021-04-24
24,1619308800000,2.850572242393466,0.0,2021-04-25
25,1619395200000,3.0255967722344046,0.0,2021-04-26
26,1619481600000,6.874037370511362,0.0,2021-04-27
27,1619568000000,7.987041387720304,91329522.50945193,2021-04-28
28,1619654400000,11.675810488176609,131203268.05752808,2021-04-29
29,1619740800000,10.553540985728736,165807502.84695658,2021-04-30
30,1619827200000,9.572145689509824,151122092.29000786,2021-05-01
31,1619913600000,10.855128228382133,174600278.97134477,2021-05-02
32,1620000000000,9.530790305557245,152214783.2746963,2021-05-03
33,1620086400000,9.238064221117385,148623071.99718753,2021-05-04
34,1620172800000,8.366408835504672,135645766.121107,2021-05-05
35,1620259200000,8.630858282013262,140497512.4588653,2021-05-06
36,1620345600000,9.245716817838375,149689523.5321073,2021-05-07
37,1620432000000,9.498052954598815,154097272.32942852,2021-05-08
38,1620518400000,10.09156681256003,165615674.12201813,2021-05-09
39,1620604800000,9.13612734609492,151350233.8547583,2021-05-10
40,1620691200000,8.996842468177045,150310964.3974001,2021-05-11
41,1620777600000,11.017291331638402,185662616.94825676,2021-05-12
42,1620864000000,10.75476224154693,184476447.78599122,2021-05-13
43,1620950400000,11.421930552823518,190439986.49371254,2021-05-14
44,1621036800000,14.731503940379366,251234728.67570475,2021-05-15
45,1621123200000,15.552552296655287,266583921.9655896,2021-05-16
46,1621209600000,15.300432626027096,258439446.99695468,2021-05-17
47,1621296000000,14.540509102177,252250022.36458388,2021-05-18
48,1621382400000,13.163410258917402,229350902.71573225,2021-05-19
49,1621468800000,13.03606345150909,224881745.55193305,2021-05-20
50,1621555200000,13.273939941517094,232920230.55772728,2021-05-21
51,1621641600000,11.98731906574348,211394577.16239697,2021-05-22
52,1621728000000,11.068715762653001,195998775.94503173,2021-05-23
53,1621814400000,10.32559008889475,179778631.99190444,2021-05-24
54,1621900800000,11.385230560946848,203770296.2705565,2021-05-25
55,1621987200000,11.733881540894403,211235807.81836465,2021-05-26
56,1622073600000,12.079675520941,218333526.73623016,2021-05-27
57,1622160000000,11.232331694895436,198938380.36915264,2021-05-28
58,1622246400000,10.95327723353913,200058814.92546222,2021-05-29
59,1622332800000,11.371941229385452,208481311.83778486,2021-05-30
60,1622419200000,11.630768591711242,214685417.10517293,2021-05-31
61,1622505600000,11.40999042225156,211664708.01678348,2021-06-01
62,1622592000000,11.634315413763074,214172298.80882064,2021-06-02
63,1622678400000,10.939050747168515,205175259.9958234,2021-06-03
64,1622764800000,10.96378004379445,206383000.19873628,2021-06-04
65,1622851200000,10.556489300871661,199165689.64771557,2021-06-05
66,1622937600000,10.933472801994562,206737021.60839966,2021-06-06
67,1623024000000,11.529079660922418,219368434.7002198,2021-06-07
68,1623110400000,11.09393765775153,215023130.50329667,2021-06-08
69,1623196800000,10.796436292440342,207148911.88098872,2021-06-09
70,1623283200000,11.138090469279154,214395195.50758705,2021-06-10
71,1623369600000,10.892771560680954,211030456.7923677,2021-06-11
72,1623456000000,10.015820583336131,195866385.2147021,2021-06-12
73,1623542400000,10.775047315442574,211359921.75439447,2021-06-13
74,1623628800000,10.618632603399917,210572919.802546,2021-06-14
75,1623715200000,10.28468422698075,203535545.43499336,2021-06-15
76,1623801600000,10.673228569850757,213979483.023415,2021-06-16
77,1623888000000,10.228727597910886,201854079.00369692,2021-06-17
78,1623974400000,10.125738677561895,202454939.6591989,2021-06-18
79,1624060800000,10.08317124445759,202418923.87781188,2021-06-19
80,1624147200000,9.907062611033492,199875471.44796073,2021-06-20
81,1624233600000,9.880159532622791,199119538.10529616,2021-06-21
82,1624320000000,9.235718871265377,188383825.61913642,2021-06-22
83,1624406400000,8.73944469857151,178628521.03857526,2021-06-23
84,1624492800000,11.33405928225298,230213355.2886687,2021-06-24
85,1624579200000,11.787752757044153,243049676.11800134,2021-06-25
86,1624665600000,10.60889900935495,219480580.4640177,2021-06-26
87,1624752000000,10.675231187345593,222376778.916356,2021-06-27
88,1624838400000,11.25322008815485,234120765.2939968,2021-06-28
89,1624924800000,9.592075187221935,287991355.7098963,2021-06-29
90,1625011200000,9.609883019063448,289768612.3013534,2021-06-30
91,1625097600000,9.2875874514252,280663028.73022944,2021-07-01
92,1625184000000,8.19220253361759,248241854.26639977,2021-07-02
93,1625270400000,8.125594780880949,246824806.23001432,2021-07-03
94,1625356800000,8.237102468915591,251523675.02068967,2021-07-04
95,1625443200000,8.473235959505116,259089582.63009354,2021-07-05
96,1625529600000,8.79645962329689,269822168.5149887,2021-07-06
97,1625616000000,8.29178293684028,255012964.35129997,2021-07-07
98,1625702400000,8.256039628252719,254510564.66111028,2021-07-08
99,1625788800000,7.509066504339685,232691362.13048765,2021-07-09
100,1625875200000,7.5552210525472026,234262522.0008073,2021-07-10
101,1625961600000,7.871404096153266,244834524.4598119,2021-07-11
102,1626048000000,7.9676233411861945,248287308.42086232,2021-07-12
103,1626134400000,7.1135404111714475,222247488.93769678,2021-07-13
104,1626220800000,6.677768040762929,209432712.53302512,2021-07-14
105,1626307200000,6.14696113009544,194205219.16075546,2021-07-15
106,1626393600000,6.159096967312846,194193136.43229756,2021-07-16
107,1626480000000,5.800622785551092,182863968.44687966,2021-07-17
108,1626566400000,5.9621559705318266,189525795.35476857,2021-07-18
109,1626652800000,6.5678304356315405,208336565.37818784,2021-07-19
110,1626739200000,5.841462891621058,186907794.88797277,2021-07-20
111,1626825600000,5.516248230576775,176224795.19750252,2021-07-21
112,1626912000000,6.353540102580207,202738816.65017718,2021-07-22
113,1626998400000,6.277550531751866,202826440.0498137,2021-07-23
114,1627084800000,6.130329424219626,197665121.23972142,2021-07-24
115,1627171200000,6.128439292500575,198234555.91168568,2021-07-25
116,1627257600000,6.294384676724363,201453838.1630667,2021-07-26
117,1627344000000,6.478925023899132,211303635.19217032,2021-07-27
118,1627430400000,6.309442633828225,204634559.34637716,2021-07-28
119,1627516800000,6.413557012138352,228187614.89232174,2021-07-29
120,1627603200000,6.313610898472451,227041727.40086186,2021-07-30
121,1627689600000,6.362993681658341,229932690.78311053,2021-07-31
122,1627776000000,6.239092039924343,225681305.54544747,2021-08-01
123,1627862400000,6.10142266458765,222000786.26476628,2021-08-02
124,1627948800000,6.0918650909891845,221980970.0968283,2021-08-03
125,1628035200000,5.982195231325124,218362610.06119126,2021-08-04
126,1628121600000,5.969156238506632,218872451.05341423,2021-08-05
127,1628208000000,5.910030333567305,216967926.9644455,2021-08-06
128,1628294400000,6.165970891512723,226466343.83756632,2021-08-07
129,1628380800000,6.390359295015418,234993949.77087277,2021-08-08
130,1628467200000,5.907493704984758,218272090.433671,2021-08-09
131,1628553600000,6.088457092435108,224850495.69027632,2021-08-10
132,1628640000000,6.3661862786125605,236321954.49844328,2021-08-11
133,1628726400000,6.157600091895659,228978802.5886519,2021-08-12
134,1628812800000,6.050611581602423,225417811.9918577,2021-08-13
135,1628899200000,6.3238177454939954,236643824.33769503,2021-08-14
136,1628985600000,6.431959745375842,241140049.93889782,2021-08-15
137,1629072000000,6.638325374373209,249345699.29634792,2021-08-16
138,1629158400000,6.4628789203310575,247367234.30080795,2021-08-17
139,1629244800000,6.497165951786552,247062145.6691121,2021-08-18
140,1629331200000,7.123766785638178,268908804.16572326,2021-08-19
141,1629417600000,7.621492224333967,290770176.18712956,2021-08-20
142,1629504000000,7.610755134807177,288771341.0341907,2021-08-21
143,1629590400000,8.608138174803475,328880387.5294504,2021-08-22
144,1629676800000,8.678685937556118,331636463.8661009,2021-08-23
145,1629763200000,8.849241774935795,338437328.1574512,2021-08-24
146,1629849600000,8.116050863811902,311814024.8630287,2021-08-25
147,1629936000000,8.10971838336544,312133252.4751521,2021-08-26
148,1630022400000,7.569858636094241,292255029.5397648,2021-08-27
149,1630108800000,8.208718141918139,320423144.269412,2021-08-28
150,1630195200000,8.303659451317223,323824640.5817774,2021-08-29
151,1630281600000,8.360089892824055,327536025.79115915,2021-08-30
152,1630368000000,8.504500658921284,333488217.25159943,2021-08-31
153,1630454400000,9.479672006788167,347231275.38616294,2021-09-01
154,1630540800000,9.272686246927515,364677107.8238373,2021-09-02
155,1630627200000,9.168446450097894,362217559.8834033,2021-09-03
156,1630713600000,9.282050488891839,367021041.2896899,2021-09-04
157,1630800000000,9.521157087994327,376704301.075988,2021-09-05
158,1630886400000,10.24159056574678,407025907.70140314,2021-09-06
159,1630972800000,10.168016481427522,401766629.97177315,2021-09-07
160,1631059200000,8.655084833310106,342803312.50625396,2021-09-08
161,1631145600000,8.563057184027844,350385603.72120607,2021-09-09
162,1631232000000,10.316122869818127,413636837.46881527,2021-09-10
163,1631318400000,11.085515532293607,444973026.5566369,2021-09-11
164,1631404800000,9.823439569316173,394205391.11018175,2021-09-12
165,1631491200000,11.514686223879993,463906056.60791904,2021-09-13
166,1631577600000,11.4938522604092,462150829.4234585,2021-09-14
167,1631664000000,11.386828022258168,459897004.11665314,2021-09-15
168,1631750400000,11.078026777243615,448262777.06797284,2021-09-16
169,1631836800000,11.538192610876422,469217028.55446553,2021-09-17
170,1631923200000,10.535258173094856,429840952.9037229,2021-09-18
171,1632009600000,11.799531820285633,481588401.10113645,2021-09-19
172,1632096000000,12.212938000518784,502154429.9075238,2021-09-20
173,1632182400000,10.061598360554534,411175789.4495051,2021-09-21
174,1632268800000,9.044148023410619,370293848.0070958,2021-09-22
175,1632355200000,11.167504206871898,458152107.2602302,2021-09-23
176,1632441600000,11.38080277785567,469672092.8082048,2021-09-24
177,1632528000000,11.307527294206059,473373560.7355494,2021-09-25
178,1632614400000,10.112625742675569,421383890.0680434,2021-09-26
179,1632700800000,9.185741279999856,468994481.81456107,2021-09-27
180,1632787200000,8.429641736151824,433947485.3411854,2021-09-28
181,1632873600000,7.623292791018196,391366557.75002414,2021-09-29
182,1632960000000,7.802237137628145,400597392.70965683,2021-09-30
183,1633046400000,8.56306736438758,440589580.09467256,2021-10-01
184,1633132800000,8.646950339382224,444460907.73298496,2021-10-02
185,1633219200000,9.026013195813356,469304146.3202011,2021-10-03
186,1633305600000,8.657778758994077,448048778.2440217,2021-10-04
187,1633392000000,7.822908306284206,405675143.6485183,2021-10-05
188,1633478400000,8.067368477900212,418688401.1127171,2021-10-06
189,1633564800000,7.64391667377727,398203024.4649776,2021-10-07
190,1633651200000,7.782875323971376,407037330.2926837,2021-10-08
191,1633737600000,7.603123276486954,397682616.1378986,2021-10-09
192,1633824000000,7.506477062420356,391168612.8277383,2021-10-10
193,1633910400000,7.293583829066034,381846633.003255,2021-10-11
194,1633996800000,7.240268286764951,376929705.740747,2021-10-12
195,1634083200000,7.5580379249169765,397128480.46622276,2021-10-13
196,1634169600000,7.483996959189902,393197304.4684179,2021-10-14
197,1634256000000,7.189885276189044,379102078.1385617,2021-10-15
198,1634342400000,7.234136943662671,382347019.63183445,2021-10-16
199,1634428800000,7.415577541954461,392295404.63421845,2021-10-17
200,1634515200000,7.287120541009763,385620030.0041768,2021-10-18
201,1634601600000,7.251258243321544,385244448.0025307,2021-10-19
202,1634688000000,7.862249012681639,417367615.50248545,2021-10-20
203,1634774400000,8.110119320819894,432087676.3388291,2021-10-21
204,1634860800000,7.575966251080537,404404528.0995341,2021-10-22
205,1634947200000,7.765580833761515,415822348.4333674,2021-10-23
206,1635033600000,8.162061274519402,436612221.9537488,2021-10-24
207,1635120000000,7.954076316609009,426666365.50194985,2021-10-25
208,1635206400000,8.093148942946577,435252298.50715536,2021-10-26
209,1635292800000,9.32449924852596,526446953.05420583,2021-10-27
210,1635379200000,8.655134217236807,495365425.28657174,2021-10-28
211,1635465600000,9.684292300525627,552465433.8835527,2021-10-29
212,1635552000000,9.698951169583363,554197061.0551834,2021-10-30
213,1635638400000,9.286914074921029,532599646.52148235,2021-10-31
214,1635724800000,8.970805297489632,516144705.20466167,2021-11-01
215,1635811200000,8.972856301845882,517114322.5337166,2021-11-02
216,1635897600000,8.747832042540967,502387244.96394217,2021-11-03
217,1635984000000,8.8015303718456,509772205.0548283,2021-11-04
218,1636070400000,8.939797602731959,509783954.45683587,2021-11-05
219,1636156800000,8.940078872161424,518394550.778684,2021-11-06
220,1636243200000,8.86814749347266,514735368.3878215,2021-11-07
221,1636329600000,9.219243896591243,535737584.8578217,2021-11-08
222,1636416000000,9.037008016296182,527211128.644947,2021-11-09
223,1636502400000,8.40052793940362,491650133.96995217,2021-11-10
224,1636588800000,7.81138618608673,449004884.74829,2021-11-11
225,1636675200000,8.147872667921774,477680916.2116221,2021-11-12
226,1636761600000,8.015732205982909,469421018.4815433,2021-11-13
227,1636848000000,8.117800982087257,477599320.69780356,2021-11-14
228,1636934400000,7.880264346055842,462219412.95806557,2021-11-15
229,1637020800000,7.615495173198927,448319783.24591994,2021-11-16
230,1637107200000,7.244511061362665,428408790.88804364,2021-11-17
231,1637193600000,7.454607059372377,439807663.1229583,2021-11-18
232,1637280000000,6.915692951253737,409026915.7294999,2021-11-19
233,1637366400000,7.177058884085266,424341425.8380545,2021-11-20
234,1637452800000,7.635578351222603,453305651.7394079,2021-11-21
235,1637539200000,8.259515781045065,489348672.2945841,2021-11-22
236,1637625600000,8.283095794800744,494363040.5909386,2021-11-23
237,1637712000000,8.339914838959896,498039831.4341035,2021-11-24
238,1637798400000,7.790043140011677,464790179.85502416,2021-11-25
239,1637884800000,8.037880972401739,483176602.37640184,2021-11-26
240,1637971200000,7.481139827811351,448426725.4925443,2021-11-27
241,1638057600000,7.483610842510287,450059871.65762085,2021-11-28
242,1638144000000,7.500590897327657,454575230.4621943,2021-11-29
243,1638230400000,7.756026998520915,468673901.6790262,2021-11-30
244,1638316800000,7.633243389765981,464006534.5151556,2021-12-01
245,1638403200000,7.45167016457048,451483171.8207586,2021-12-02
246,1638489600000,7.480180733254981,454526533.3126598,2021-12-03
247,1638576000000,7.739907407915314,469843953.7043075,2021-12-04
248,1638662400000,7.052431781188401,429743314.9345473,2021-12-05
249,1638748800000,6.38659122180137,389750632.3917779,2021-12-06
250,1638835200000,6.496035143745631,396145013.69668514,2021-12-07
251,1638921600000,6.238074877972692,381306127.0710822,2021-12-08
252,1639008000000,6.5800680406427166,401689327.6979232,2021-12-09
253,1639094400000,6.103465707303337,375483695.4104337,2021-12-10
254,1639180800000,6.036314750779116,371059927.20105,2021-12-11
255,1639267200000,6.198517718612681,380566188.208033,2021-12-12
256,1639353600000,6.432542351906917,395608259.5248163,2021-12-13
257,1639440000000,5.647577694183302,349311241.4496051,2021-12-14
258,1639526400000,5.69513190031783,351785468.0637752,2021-12-15
259,1639612800000,5.722466725208324,353880012.4092655,2021-12-16
260,1639699200000,5.724712190260625,355082482.6502367,2021-12-17
261,1639785600000,5.3956062356540455,335246178.02706987,2021-12-18
262,1639872000000,5.651968844540347,349920572.456786,2021-12-19
263,1639958400000,5.608402985173972,349946047.7684682,2021-12-20
264,1640044800000,5.457992252141792,342271337.83578885,2021-12-21
265,1640131200000,5.690699026296839,355016876.0358695,2021-12-22
266,1640217600000,5.944094282392076,372064760.25327605,2021-12-23
267,1640304000000,6.233201023989329,390034908.18361694,2021-12-24
268,1640390400000,5.942216547881732,372576260.3709807,2021-12-25
269,1640476800000,6.039851347984535,432177790.4786423,2021-12-26
270,1640563200000,6.323251564682387,454284260.05377555,2021-12-27
271,1640649600000,6.105369931130668,441928012.5129979,2021-12-28
272,1640736000000,5.522908051009933,398268613.7040038,2021-12-29
273,1640822400000,5.626171171139342,397782753.8767878,2021-12-30
274,1640908800000,5.7039364266206105,411504758.85222703,2021-12-31
275,1640995200000,5.6831802676925385,413039933.2176915,2022-01-01
276,1641081600000,6.164444144424118,446281229.1552788,2022-01-02
277,1641168000000,5.850302700833221,422765823.5770256,2022-01-03
278,1641254400000,5.957936052054526,433672489.567616,2022-01-04
279,1641340800000,6.098354172325835,440883121.53617454,2022-01-05
280,1641427200000,5.6293061400613436,407299954.63882077,2022-01-06
281,1641513600000,5.458369525440781,399879927.93582386,2022-01-07
282,1641600000000,4.8704006708979355,357858685.8085618,2022-01-08
283,1641686400000,4.603054458004589,337609219.09923965,2022-01-09
284,1641772800000,4.496971904898927,329270598.55328137,2022-01-10
285,1641859200000,4.734276606694657,346529048.86574334,2022-01-11
286,1641945600000,4.8341774129994795,355681634.6187796,2022-01-12
287,1642032000000,4.978605557435582,365941187.8043893,2022-01-13
288,1642118400000,4.581637598778805,337880019.51196235,2022-01-14
289,1642204800000,4.8744631073945826,359095838.2806099,2022-01-15
290,1642291200000,4.785069029706496,353670968.35500985,2022-01-16
291,1642377600000,4.985397600488538,367045581.19351035,2022-01-17
292,1642464000000,4.436950677118328,328821560.22056687,2022-01-18
293,1642550400000,4.428729402453278,328170104.2066808,2022-01-19
294,1642636800000,4.22929911654695,314105524.7471228,2022-01-20
295,1642723200000,4.34606335727515,322813615.2695861,2022-01-21
296,1642809600000,3.9141930001802803,290851674.22248316,2022-01-22
297,1642896000000,3.551537215007368,263188571.71167356,2022-01-23
298,1642982400000,3.8281426408848325,284560104.33422035,2022-01-24
299,1643068800000,3.8108758845934814,297142146.3951089,2022-01-25
300,1643155200000,3.830184775577925,298169638.43293965,2022-01-26
301,1643241600000,3.5279489931049213,275019603.6811214,2022-01-27
302,1643328000000,3.3549904516782405,260946472.05085233,2022-01-28
303,1643414400000,3.2252358770009075,252048438.28285724,2022-01-29
304,1643500800000,3.1707954151801165,247838216.15111965,2022-01-30
305,1643587200000,3.1793449876792312,249195534.82601914,2022-01-31
306,1643673600000,3.348505641766479,262849750.6339925,2022-02-01
307,1643760000000,3.388895988577621,266625635.81545144,2022-02-02
308,1643846400000,3.1143187170230906,244965680.81229755,2022-02-03
309,1643932800000,3.3536229658137953,264111510.38077587,2022-02-04
310,1644019200000,3.486558191388817,275554300.4337088,2022-02-05
311,1644105600000,3.354425720940756,264945804.49322736,2022-02-06
312,1644192000000,3.3896525054304463,267978497.23031726,2022-02-07
313,1644278400000,3.406169475988698,269929198.24386793,2022-02-08
314,1644364800000,3.170123451876515,251347885.81702173,2022-02-09
315,1644451200000,3.2150200047228714,254523869.33015415,2022-02-10
316,1644537600000,3.1155446664884185,247294217.1470714,2022-02-11
317,1644624000000,2.993491735665227,237738594.37134707,2022-02-12
318,1644710400000,2.971505682122485,236609788.0910929,2022-02-13
319,1644796800000,2.9539400646806735,234854266.47939095,2022-02-14
320,1644883200000,2.9703530520817134,236471163.13267598,2022-02-15
321,1644969600000,3.214596074596762,256936619.40925092,2022-02-16
322,1645056000000,3.2292465325259916,258738714.01157355,2022-02-17
323,1645142400000,3.1776186341505217,254552513.40489927,2022-02-18
324,1645228800000,3.1321755070463158,251351453.89215323,2022-02-19
325,1645315200000,3.0668337233320546,245172627.4788315,2022-02-20
326,1645401600000,3.2244577437126436,259757965.3053892,2022-02-21
327,1645488000000,2.980567658906409,241557564.5693725,2022-02-22
328,1645574400000,3.1063351696706563,249346023.49261084,2022-02-23
329,1645660800000,3.1739253023117313,257401041.64949435,2022-02-24
330,1645747200000,3.124436422426115,252778164.37577045,2022-02-25
331,1645833600000,3.280426485915024,265847465.66661462,2022-02-26
332,1645920000000,3.3452242187622914,270306811.40040284,2022-02-27
333,1646006400000,3.1135843130608776,252741296.4289342,2022-02-28
334,1646092800000,3.3436972352473235,271518645.7596867,2022-03-01
335,1646179200000,3.250760884609122,263740954.33440244,2022-03-02
336,1646265600000,3.485407998379207,283870862.3277829,2022-03-03
337,1646352000000,3.3515435554265802,273798625.91972405,2022-03-04
338,1646438400000,3.5326808709884583,288442259.4464295,2022-03-05
339,1646524800000,3.5774644161513764,291469454.0221858,2022-03-06
340,1646611200000,3.2329197447427083,264479478.6873772,2022-03-07
341,1646697600000,3.2478819670872694,265699678.76551938,2022-03-08
342,1646784000000,3.1835261986908487,260932643.52532297,2022-03-09
343,1646870400000,3.3681363641323467,276568177.9488599,2022-03-10
344,1646956800000,3.2695248658384264,268882268.11517644,2022-03-11
345,1647043200000,3.2683046719260322,269056121.0111624,2022-03-12
346,1647129600000,3.2160457672311753,264729827.73340002,2022-03-13
347,1647216000000,3.278549035966204,270509050.7937881,2022-03-14
348,1647302400000,3.2867294478249556,270372371.1258599,2022-03-15
349,1647388800000,3.178575778995591,262650162.13349184,2022-03-16
350,1647475200000,3.33235591304728,274493170.3831817,2022-03-17
351,1647561600000,3.610974790411869,299066184.949674,2022-03-18
352,1647648000000,3.7549976051495406,311470058.4570279,2022-03-19
353,1647734400000,3.70739513922636,307832283.82987726,2022-03-20
354,1647820800000,3.6092834123034536,300246981.11159277,2022-03-21
355,1647907200000,3.3860506724308728,281786086.257787,2022-03-22
356,1647993600000,3.7124448197526267,309553594.19527674,2022-03-23
357,1648080000000,3.475343992096241,289751194.4052861,2022-03-24
358,1648166400000,3.3721071897144355,281782282.595969,2022-03-25
359,1648252800000,3.192163584804823,291345410.42843974,2022-03-26
360,1648339200000,3.3910987168313356,311837873.5186421,2022-03-27
361,1648425600000,3.6595470693345478,334945496.0060245,2022-03-28
362,1648512000000,3.409400559079683,312858959.7483608,2022-03-29
363,1648598400000,3.573004380968558,327685354.4799876,2022-03-30
364,1648684800000,3.5138244513847177,336714696.17013615,2022-03-31
365,1648771200000,3.3804293543287853,324942883.6590916,2022-04-01
366,1648857600000,3.4551662418149607,331180168.2260457,2022-04-02
367,1648944000000,3.5681730520333548,343427936.1106618,2022-04-03
368,1649030400000,3.579091579187903,344131055.9424514,2022-04-04
369,1649116800000,3.8192085625457826,367437710.9528357,2022-04-05
370,1649203200000,3.6073796335317705,346705184.1460413,2022-04-06
371,1649289600000,3.442420470823391,333281987.8006065,2022-04-07
372,1649376000000,3.2338808173406566,312067182.2363128,2022-04-08
373,1649462400000,2.987409596888917,288333207.54959625,2022-04-09
374,1649548800000,3.0429599266189817,294170051.8869924,2022-04-10
375,1649635200000,3.238463989085399,314630263.1794251,2022-04-11
376,1649721600000,2.9241736586910854,283962673.4352418,2022-04-12
377,1649808000000,2.8180078730993667,273352435.1564227,2022-04-13
378,1649894400000,2.7765267734837926,269121629.96566606,2022-04-14
379,1649980800000,2.7804655681812567,270175443.13044715,2022-04-15
380,1650067200000,2.811486951947548,273349766.992575,2022-04-16
381,1650153600000,2.8398084918453996,275965819.2238297,2022-04-17
382,1650240000000,2.9968196679646493,292260677.2300738,2022-04-18
383,1650326400000,2.9981753270945695,292367275.6471655,2022-04-19
384,1650412800000,2.9296264536631798,286010189.97866404,2022-04-20
385,1650499200000,2.917093628672417,285865719.6343572,2022-04-21
386,1650585600000,2.8508708685713122,278790490.4566434,2022-04-22
387,1650672000000,2.8346733221701417,277831518.5868768,2022-04-23
388,1650758400000,2.773048833322428,272069856.7285274,2022-04-24
389,1650844800000,2.6824714186533347,264027837.14350626,2022-04-25
390,1650931200000,2.712574255211228,267257895.06819338,2022-04-26
391,1651017600000,2.5714389231560677,254007285.21198118,2022-04-27
392,1651104000000,2.4894355679458515,245711390.64603823,2022-04-28
393,1651190400000,2.6231648550120785,259238498.09354347,2022-04-29
394,1651276800000,2.44708446775196,242199630.32426617,2022-04-30
395,1651363200000,2.376407729065671,235248067.58091217,2022-05-01
396,1651449600000,2.338614158190713,231636301.14776993,2022-05-02
397,1651536000000,2.3830771706343805,236376665.9057394,2022-05-03
398,1651622400000,2.318160346660522,230295053.09951988,2022-05-04
399,1651708800000,2.3617304630030365,234702893.33796817,2022-05-05
400,1651795200000,2.274994146052096,226511886.92523906,2022-05-06
401,1651881600000,2.195345291037734,218208606.6435465,2022-05-07
402,1651968000000,2.126797140783417,213112359.16219264,2022-05-08
403,1652054400000,2.012213253576015,200236230.3349439,2022-05-09
404,1652140800000,1.6296030035569875,164596698.08143258,2022-05-10
405,1652227200000,1.8862119510534998,188157395.13839585,2022-05-11
406,1652313600000,1.9143765869301534,179089023.5508818,2022-05-12
407,1652400000000,1.3551960398082257,134142529.84324893,2022-05-13
408,1652486400000,1.3260014060672065,132699496.77903213,2022-05-14
409,1652572800000,1.4154429512303455,141748512.7160266,2022-05-15
410,1652659200000,1.628590302296791,162808016.7691592,2022-05-16
411,1652745600000,1.5674454801480284,158148794.28488675,2022-05-17
412,1652832000000,1.532606128248064,154193152.36131266,2022-05-18
413,1652918400000,1.3493147007632802,135926120.2469926,2022-05-19
414,1653004800000,1.5322707315003352,154117870.97798935,2022-05-20
415,1653091200000,1.678596135779115,169037986.29634783,2022-05-21
416,1653177600000,1.6911247379135061,170733540.08825716,2022-05-22
417,1653264000000,1.5971830797061428,162000899.9818459,2022-05-23
418,1653350400000,1.5766765877864792,159396982.4697103,2022-05-24
419,1653436800000,1.4808549591479176,150254563.1867809,2022-05-25
420,1653523200000,1.4852778775226592,150837222.35586962,2022-05-26
421,1653609600000,1.3786764321420086,140266635.7259564,2022-05-27
422,1653696000000,1.391594988973061,141347083.1294444,2022-05-28
423,1653782400000,1.4702946100187675,149663616.557255,2022-05-29
424,1653868800000,1.5235421085130723,155059324.33065146,2022-05-30
425,1653955200000,1.6465903573689267,168217972.56877455,2022-05-31
426,1654041600000,1.60070466854369,163772454.5496174,2022-06-01
427,1654128000000,1.6310654935167497,166809667.9413807,2022-06-02
428,1654214400000,1.5479783290286215,158485985.25809467,2022-06-03
429,1654300800000,1.4868611761383168,152321753.21683434,2022-06-04
430,1654387200000,1.4607377285656569,148649529.440568,2022-06-05
431,1654473600000,1.4480078529707998,148482601.1668901,2022-06-06
432,1654560000000,1.4117124667281888,145085153.37698755,2022-06-07
433,1654646400000,1.3847645765237446,142162875.1313571,2022-06-08
434,1654732800000,1.4340375301897959,147608324.92629167,2022-06-09
435,1654819200000,1.3899066056127167,143249127.84465688,2022-06-10
436,1654905600000,1.3826952729922342,142569379.45814875,2022-06-11
437,1654992000000,1.2932203935489648,133495898.88540612,2022-06-12
438,1655078400000,1.17915328799814,122598319.62077287,2022-06-13
439,1655164800000,1.0218540750665035,105887688.67580533,2022-06-14
440,1655251200000,0.8559005513297642,89229452.23508756,2022-06-15
441,1655337600000,0.932934722826479,96625049.81979662,2022-06-16
442,1655424000000,0.9175097507336091,94955388.6779401,2022-06-17
443,1655510400000,0.9128197393623871,94861265.15170416,2022-06-18
444,1655596800000,0.9075559373038143,94198202.69605449,2022-06-19
445,1655683200000,0.8912922266672876,92986044.56659353,2022-06-20
446,1655769600000,0.8991105174479392,93505017.50569785,2022-06-21
447,1655856000000,1.0752691795655327,112035801.04445833,2022-06-22
448,1655942400000,1.035031878521533,108131159.71952665,2022-06-23
449,1656028800000,1.0573141603179175,112588548.70886087,2022-06-24
450,1656115200000,1.0274656435377774,108630912.7238448,2022-06-25
451,1656201600000,0.915169833712468,97209803.57416084,2022-06-26
452,1656288000000,0.938408455027664,99817332.6295768,2022-06-27
453,1656374400000,0.9115040895674994,97312689.24606761,2022-06-28
454,1656460800000,0.9068712545884161,100423375.142186,2022-06-29
455,1656547200000,1.0500834593820232,117396058.26313616,2022-06-30
456,1656633600000,0.9090856660675294,101408047.06844074,2022-07-01
457,1656720000000,0.9225367685716049,103415832.85691006,2022-07-02
458,1656806400000,0.913617835667204,101521162.49451451,2022-07-03
459,1656892800000,0.8764852537758442,97575335.10146686,2022-07-04
460,1656979200000,0.9008952114493628,100180571.75542457,2022-07-05
461,1657065600000,0.9055841671622328,101207976.24922353,2022-07-06
462,1657152000000,0.861630213760761,95986179.7181524,2022-07-07
463,1657238400000,0.867136223497412,96945319.90833113,2022-07-08
464,1657324800000,0.8483102070504581,94532235.1754092,2022-07-09
465,1657411200000,0.8227612101284462,92023856.3849326,2022-07-10
466,1657497600000,0.7858757993399238,88071687.09473652,2022-07-11
467,1657584000000,0.7545627576656587,84320283.18413167,2022-07-12
468,1657670400000,0.7402081455497144,82611702.83154973,2022-07-13
469,1657756800000,0.7755305168188851,87027757.59927012,2022-07-14
470,1657843200000,0.7965572952453244,89971294.13660254,2022-07-15
471,1657929600000,0.8406193372146122,94205971.31084916,2022-07-16
472,1658016000000,0.8573900352580586,96442778.7581978,2022-07-17
473,1658102400000,0.8270285227218619,92986761.4341991,2022-07-18
474,1658188800000,0.8127814088995524,91311771.68658714,2022-07-19
475,1658275200000,0.972325505885947,109552475.92094515,2022-07-20
476,1658361600000,0.8710334484139021,97617423.18189092,2022-07-21
477,1658448000000,0.8790317442499784,99459984.94429606,2022-07-22
478,1658534400000,0.8646169367540322,97879613.30318603,2022-07-23
479,1658620800000,0.8538927511600366,98320989.29060034,2022-07-24
480,1658707200000,0.8352346245966761,96474608.75276524,2022-07-25
481,1658793600000,0.8120301897115375,93772164.65555231,2022-07-26
482,1658880000000,0.8036396019247638,92685570.26532944,2022-07-27
483,1658966400000,0.8447198513860109,97777586.14387804,2022-07-28
484,1659052800000,0.8645764788150291,99851787.49854307,2022-07-29
485,1659139200000,0.8625496992092743,100201973.69417581,2022-07-30
486,1659225600000,0.8351326319741198,96623676.96296835,2022-07-31
487,1659312000000,0.821257937511186,94831760.29816897,2022-08-01
488,1659398400000,0.8204718776800625,95009945.81094183,2022-08-02
489,1659484800000,0.800067091543292,92762992.18182895,2022-08-03
490,1659571200000,0.7999692411861984,93002162.0512301,2022-08-04
491,1659657600000,0.7884331366915641,91246766.69383386,2022-08-05
492,1659744000000,0.7794468652180297,90474359.4070293,2022-08-06
493,1659830400000,0.7622773644022057,88610226.572874,2022-08-07
494,1659916800000,0.7631745101965804,88862222.05708212,2022-08-08
495,1660003200000,0.7560448956847169,88186987.8638843,2022-08-09
496,1660089600000,0.7432967185872876,86905931.57699126,2022-08-10
497,1660176000000,0.7314032001378892,85437204.97950092,2022-08-11
498,1660262400000,0.7121583943913534,83282698.49102667,2022-08-12
499,1660348800000,0.75137007471164,87919071.02207933,2022-08-13
500,1660435200000,0.7615175628942624,89154350.00075331,2022-08-14
501,1660521600000,0.7454665000688063,87196316.1053916,2022-08-15
502,1660608000000,0.7779979955986428,91213289.98391797,2022-08-16
503,1660694400000,0.7729153662124496,90727240.32137027,2022-08-17
504,1660780800000,0.748093880935541,87592023.08663128,2022-08-18
505,1660867200000,0.7288001128352329,85633394.07427649,2022-08-19
506,1660953600000,0.7089041237320556,83482901.95313098,2022-08-20
507,1661040000000,0.7138755495887233,84020624.26971307,2022-08-21
508,1661126400000,0.7354101846404615,86597236.10769609,2022-08-22
509,1661212800000,0.6955233617757142,82134903.348348,2022-08-23
510,1661299200000,0.6822755769631684,80664769.65795794,2022-08-24
511,1661385600000,0.6803642813573865,80484009.1492276,2022-08-25
512,1661472000000,0.6786378631920496,80399980.60053815,2022-08-26
513,1661558400000,0.6567297049916944,77755257.32235253,2022-08-27
514,1661644800000,0.6656584947093318,78907358.55793107,2022-08-28
515,1661731200000,0.6557012189580458,78136487.3967934,2022-08-29
516,1661817600000,0.6959581497879123,82666492.10743792,2022-08-30
517,1661904000000,0.6902590818951369,82207541.61037801,2022-08-31
518,1661990400000,0.6679276635506967,79661104.50525738,2022-09-01
519,1662076800000,0.6838943086746766,81491908.44821233,2022-09-02
520,1662163200000,0.6742888594792693,80355801.30193496,2022-09-03
521,1662249600000,0.6576737784107093,78513505.41735168,2022-09-04
522,1662336000000,0.6530009243938018,77962393.19942158,2022-09-05
523,1662422400000,0.6457608001869128,77088678.86657988,2022-09-06
524,1662508800000,0.6280788866369645,75175811.73334515,2022-09-07
525,1662595200000,0.6488451368423204,77663219.82089761,2022-09-08
526,1662681600000,0.6454161172978959,77104446.1638489,2022-09-09
527,1662768000000,0.6537810630662882,78283645.70126982,2022-09-10
528,1662854400000,0.6645391018017307,79511739.62830982,2022-09-11
529,1662940800000,0.6606022491022628,79150558.60015711,2022-09-12
530,1663027200000,0.6483599618951797,77804162.12508856,2022-09-13
531,1663113600000,0.6319310786727909,76098478.47644947,2022-09-14
532,1663200000000,0.6300471308855741,75524857.43793535,2022-09-15
533,1663286400000,0.6202452573175317,75394089.16752888,2022-09-16
534,1663372800000,0.6286476262436814,75746172.22036374,2022-09-17
535,1663459200000,0.612806076490358,73976441.4728229,2022-09-18
536,1663545600000,0.600974091757133,72645256.29895228,2022-09-19
537,1663632000000,0.6004890910963443,72544508.84168954,2022-09-20
538,1663718400000,0.5861463870890485,70969451.36270942,2022-09-21
539,1663804800000,0.5868698182121991,72257025.59874997,2022-09-22
540,1663891200000,0.6113543025946013,75207059.65164079,2022-09-23
541,1663977600000,0.6467719030029264,79576611.95084193,2022-09-24
542,1664064000000,0.6377443987670708,78661810.77861418,2022-09-25
543,1664150400000,0.6524947030630608,80523949.46971835,2022-09-26
544,1664236800000,0.6074243099227759,77479257.43056616,2022-09-27
545,1664323200000,0.6092562682934991,77727116.19357832,2022-09-28
546,1664409600000,0.6067062478672813,77517912.20234399,2022-09-29
547,1664496000000,0.5948161867628118,76168256.86817774,2022-09-30
548,1664582400000,0.6291799432350499,80423947.79459898,2022-10-01
549,1664668800000,0.6151768380322291,78757613.2451867,2022-10-02
550,1664755200000,0.6066060365783716,77734507.27994992,2022-10-03
551,1664841600000,0.6312322948558942,80913896.1386447,2022-10-04
552,1664928000000,0.6492040411667281,83337648.62233841,2022-10-05
553,1665014400000,0.6523452191266563,83848391.59733656,2022-10-06
554,1665100800000,0.6451682192967728,83016385.15261525,2022-10-07
555,1665187200000,0.6494455764925662,83509025.44538833,2022-10-08
556,1665273600000,0.6460448848574117,83172981.54083976,2022-10-09
557,1665360000000,0.6350331650045881,81541143.84739806,2022-10-10
558,1665446400000,0.6466392670046841,83476648.25056233,2022-10-11
559,1665532800000,0.638370970009855,82248518.01853779,2022-10-12
560,1665619200000,0.6258563432553393,80862766.46862376,2022-10-13
561,1665705600000,0.639831233472621,82685150.38945344,2022-10-14
562,1665792000000,0.6277567290867239,81085475.18420461,2022-10-15
563,1665878400000,0.6227716876548045,80550338.34082629,2022-10-16
564,1665964800000,0.6282436258424943,81389043.74021389,2022-10-17
565,1666051200000,0.627347296646991,81387367.41934207,2022-10-18
566,1666137600000,0.6146275386938479,79790278.74566458,2022-10-19
567,1666224000000,0.6013768817673293,78040543.05309217,2022-10-20
568,1666310400000,0.6046842266036134,78526076.2625144,2022-10-21
569,1666396800000,0.609600402334819,79436512.00600135,2022-10-22
570,1666483200000,0.6085896584853038,79338969.1567454,2022-10-23
571,1666569600000,0.6119906163355662,79855810.85358618,2022-10-24
572,1666656000000,0.5950158060126001,77642082.98017074,2022-10-25
573,1666742400000,0.5957277232555158,77856007.02430391,2022-10-26
574,1666828800000,0.6021794102599646,78625446.09676202,2022-10-27
575,1666915200000,0.5840211888538273,76430655.5467301,2022-10-28
576,1667001600000,0.6215792361859647,81323544.83942834,2022-10-29
577,1667088000000,0.622316483172238,81473594.51258451,2022-10-30
578,1667174400000,0.6273752769494673,82225158.99773073,2022-10-31
579,1667260800000,0.649506583566036,85229390.83792499,2022-11-01
580,1667347200000,0.6536176250837441,85834592.26730533,2022-11-02
581,1667433600000,0.6508865416752999,85475689.85823993,2022-11-03
582,1667520000000,0.7070542578849929,93047442.59775469,2022-11-04
583,1667606400000,0.7949716462489769,104729489.32191664,2022-11-05
584,1667692800000,0.8714905509755475,114563630.9633789,2022-11-06
585,1667779200000,0.8434526906425868,111020189.98051372,2022-11-07
586,1667865600000,0.8143442091804025,107363932.10053155,2022-11-08
587,1667952000000,0.7474524375318025,98712440.37016992,2022-11-09
588,1668038400000,0.6042547666427455,80087533.92800696,2022-11-10
589,1668124800000,0.7059804798071924,93106132.86883833,2022-11-11
590,1668211200000,0.6101494816864296,80536542.26277287,2022-11-12
591,1668297600000,0.6098456937954453,80577706.24808839,2022-11-13
592,1668384000000,0.5725807733853165,75614974.64664178,2022-11-14
593,1668470400000,0.5843453559321996,77402719.47542025,2022-11-15
594,1668556800000,0.5808037584138077,76911864.37198754,2022-11-16
595,1668643200000,0.6146791515129011,81430675.29077664,2022-11-17
596,1668729600000,0.5778714642093166,76721892.79118785,2022-11-18
597,1668816000000,0.5787964888912235,76905725.81277879,2022-11-19
598,1668902400000,0.5876270423548092,78023634.69570905,2022-11-20
