,Time,open,mktcap,Date
0,1544918400000,0.6816718745469,0.0,2018-12-16
1,1545004800000,0.6712282872413788,0.0,2018-12-17
2,1545091200000,0.2145162876857214,0.0,2018-12-18
3,1545177600000,0.38247849610625273,0.0,2018-12-19
4,1545264000000,0.7426623839874544,779795.5031868272,2018-12-20
5,1545350400000,0.5514252260868402,578996.4873911822,2018-12-21
6,1545436800000,0.23797737583095513,249876.24462250285,2018-12-22
7,1545523200000,0.15534125344470134,163108.31611693636,2018-12-23
8,1545609600000,0.24067191541421692,252705.51118492775,2018-12-24
9,1545696000000,0.28092055557944123,294966.58335841325,2018-12-25
10,1547683200000,0.10971608678350285,0.0,2019-01-17
11,1547769600000,0.09667828873972366,0.0,2019-01-18
12,1547856000000,0.08699426577097336,0.0,2019-01-19
13,1547942400000,0.06143663076243116,0.0,2019-01-20
14,1548028800000,0.06107917276846787,0.0,2019-01-21
15,1548115200000,0.052827269877291735,0.0,2019-01-22
16,1548201600000,0.07989403238699566,0.0,2019-01-23
17,1548288000000,0.11024250296017664,0.0,2019-01-24
18,1548374400000,0.0929751172762632,0.0,2019-01-25
19,1548460800000,0.11143403203329598,0.0,2019-01-26
20,1548547200000,0.07158099676625952,0.0,2019-01-27
21,1548633600000,0.07187951813956149,0.0,2019-01-28
22,1548720000000,0.09161176839987616,0.0,2019-01-29
23,1548806400000,0.0995443971090409,0.0,2019-01-30
24,1548892800000,0.14104638753159224,0.0,2019-01-31
25,1548979200000,0.12756123220158222,0.0,2019-02-01
26,1549065600000,0.10697607075123917,0.0,2019-02-02
27,1549152000000,0.11190329903138467,0.0,2019-02-03
28,1549238400000,0.10945410762269679,0.0,2019-02-04
29,1549324800000,0.10854085001093002,0.0,2019-02-05
30,1549411200000,0.1076945933991737,0.0,2019-02-06
31,1549497600000,0.1397906062931324,0.0,2019-02-07
32,1549584000000,0.12338738931382494,0.0,2019-02-08
33,1549670400000,0.1651117940159404,0.0,2019-02-09
34,1549756800000,0.15292587510985134,0.0,2019-02-10
35,1549843200000,0.14312875257633223,0.0,2019-02-11
36,1549929600000,0.15526432277990748,268251.6771518344,2019-02-12
37,1550016000000,0.15943713782188734,275211.97297913884,2019-02-13
38,1550102400000,0.15258498388268013,263622.55733879,2019-02-14
39,1550188800000,0.15625140692132225,269957.0720016213,2019-02-15
40,1550275200000,0.14632330066543775,252804.18648098636,2019-02-16
41,1550361600000,0.15254829449475643,263559.1687272404,2019-02-17
42,1550448000000,0.18354670804922696,317288.9636166429,2019-02-18
43,1550534400000,0.1672592057943329,312085.3631778677,2019-02-19
44,1550620800000,0.1553717412911088,267754.90437996096,2019-02-20
45,1550707200000,0.18793350670316195,325877.35929426976,2019-02-21
46,1550793600000,0.12870993526950475,222194.82635431402,2019-02-22
47,1550880000000,0.13151615021969337,227317.03522515655,2019-02-23
48,1550966400000,0.12798419847720235,221119.5416677246,2019-02-24
49,1551052800000,0.11727915753806854,203842.28156088997,2019-02-25
50,1551139200000,0.18391119352337362,317628.84570242756,2019-02-26
51,1551225600000,0.18996201875102,328111.73015759635,2019-02-27
52,1551312000000,0.21889302607984726,392445.7601277512,2019-02-28
53,1551398400000,0.24228429817814112,434427.30929361895,2019-03-01
54,1551484800000,0.20706547650824364,461281.7713807983,2019-03-02
55,1551571200000,0.2028411954572763,451871.2994911351,2019-03-03
56,1551657600000,0.19963107909530256,444812.86675343604,2019-03-04
57,1551744000000,0.1772982423500849,394969.0149854279,2019-03-05
58,1551830400000,0.18263231751109352,406851.78598347213,2019-03-06
59,1551916800000,0.18104563972928062,403501.4833771989,2019-03-07
60,1552003200000,0.1256561341400393,369837.68386162224,2019-03-08
61,1552089600000,0.1752108056105971,390318.8119043848,2019-03-09
62,1552176000000,0.18607593819676388,414523.1732018352,2019-03-10
63,1552262400000,0.18695759906341602,435183.01757645473,2019-03-11
64,1552348800000,0.18248325498938978,443016.36895524804,2019-03-12
65,1552435200000,0.17364268740461847,422207.1415490962,2019-03-13
66,1552521600000,0.16985299242991636,412435.2874119129,2019-03-14
67,1552608000000,0.16981204532364558,412335.8600700576,2019-03-15
68,1552694400000,0.17246825598379803,419647.9847266137,2019-03-16
69,1552780800000,0.16746857685080907,407482.81693692144,2019-03-17
70,1552867200000,0.17274229936989924,420314.7842721244,2019-03-18
71,1552953600000,0.17475596788171896,425214.42176235333,2019-03-19
72,1553040000000,0.17815219166403679,433402.5281843161,2019-03-20
73,1553126400000,0.1868327459640726,455440.26120666735,2019-03-21
74,1553212800000,0.1874013854367506,456493.1554998109,2019-03-22
75,1553299200000,0.18626272696416746,454050.7317595143,2019-03-23
76,1553385600000,0.18848645817985094,461202.26438556274,2019-03-24
77,1553472000000,0.1976992885823406,481929.52026529645,2019-03-25
78,1553558400000,0.19272342348634672,469799.90515229915,2019-03-26
79,1553644800000,0.14930962062724795,363970.52491118846,2019-03-27
80,1553731200000,0.19767266016804547,481051.30995366705,2019-03-28
81,1553817600000,0.19599062489839625,477121.8045687673,2019-03-29
82,1553904000000,0.19944255383939685,485965.49153814523,2019-03-30
83,1553990400000,0.18777188536303585,457729.59165014094,2019-03-31
84,1554076800000,0.1942067686596924,473353.9702170871,2019-04-01
85,1554163200000,0.19349789903420608,471454.4533001039,2019-04-02
86,1554249600000,0.18920061988454978,461213.49968977756,2019-04-03
87,1554336000000,0.19151930003022413,470401.2547423051,2019-04-04
88,1554422400000,0.1898882423839676,462889.7139623071,2019-04-05
89,1554508800000,0.19370389672421282,472191.1173770783,2019-04-06
90,1554595200000,0.19640633991818432,481325.841181004,2019-04-07
91,1554681600000,0.20032415908621967,488627.5245378206,2019-04-08
92,1554768000000,0.20205992872609738,492560.5789859284,2019-04-09
93,1554854400000,0.19826292328602801,482888.3287503302,2019-04-10
94,1554940800000,0.20100476414088123,489988.4090247875,2019-04-11
95,1555027200000,0.1926983460323308,469454.8717569154,2019-04-12
96,1555113600000,0.19416835101089766,492740.15060277557,2019-04-13
97,1555200000000,0.2134150835732199,541582.497215884,2019-04-14
98,1555286400000,0.2078008923009941,527335.3892882174,2019-04-15
99,1555372800000,0.21570607792037458,548724.2888882654,2019-04-16
100,1555459200000,0.2136986472429384,542302.0954644922,2019-04-17
101,1555545600000,0.48933924647789423,1244946.967564766,2019-04-18
102,1555632000000,0.509828815455032,1292727.1163797008,2019-04-19
103,1555718400000,0.41224154064149493,1048991.7095482454,2019-04-20
104,1555804800000,0.416857168665307,1057856.5610646906,2019-04-21
105,1555891200000,0.40472812190673907,1027076.7336861832,2019-04-22
106,1555977600000,0.3883216207138599,985442.0294382691,2019-04-23
107,1556064000000,0.38399030411987706,979159.846831471,2019-04-24
108,1556150400000,0.37455532750300746,1002244.9674675547,2019-04-25
109,1556236800000,0.3487085915302865,977847.0631805675,2019-04-26
110,1556323200000,0.35204231557406857,987195.4771423831,2019-04-27
111,1556409600000,0.34787273110141986,993152.017258688,2019-04-28
112,1556496000000,0.34049073234595917,972613.2680034144,2019-04-29
113,1556582400000,0.3347365928480288,953386.8077287701,2019-04-30
114,1556668800000,0.29174127965542573,832853.4764107856,2019-05-01
115,1556755200000,0.24109545942289404,687600.5562812395,2019-05-02
116,1556841600000,0.24988174664391413,713252.4044550025,2019-05-03
117,1556928000000,0.2679393868033985,765226.0730107693,2019-05-04
118,1557014400000,0.26458629222694924,755181.0046358433,2019-05-05
119,1557100800000,0.26503373164656635,757671.6554048915,2019-05-06
120,1557187200000,0.27138287858487486,775162.1497703342,2019-05-07
121,1557273600000,0.266021840520447,763959.5247165335,2019-05-08
122,1557360000000,0.25721193405043025,734016.6395753273,2019-05-09
123,1557446400000,0.2609328053474244,745560.6821537592,2019-05-10
124,1557532800000,0.2694803706383917,769355.1528117467,2019-05-11
125,1557619200000,0.289428405981961,823053.1353711358,2019-05-12
126,1557705600000,0.280082239307797,799409.4670622373,2019-05-13
127,1557792000000,0.3016007264339839,861351.4007530398,2019-05-14
128,1557878400000,0.3105933985392815,897394.6922703342,2019-05-15
129,1557964800000,0.2911989216176044,918498.3281711005,2019-05-16
130,1558051200000,0.26890093586099023,865106.8807977663,2019-05-17
131,1558137600000,0.23289039560759636,749253.9327419789,2019-05-18
132,1558224000000,0.23022820594301893,741689.9458749228,2019-05-19
133,1558310400000,0.25291188633209505,813666.9826041275,2019-05-20
134,1558396800000,0.24760998269006507,1292201.1024197207,2019-05-21
135,1558483200000,0.24423528539468697,1274589.5848304688,2019-05-22
136,1558569600000,0.23382365731621743,1218020.1304045077,2019-05-23
137,1558656000000,0.20828655825607073,1084024.8026617607,2019-05-24
138,1558742400000,0.28189903952036743,1475734.2995682026,2019-05-25
139,1558828800000,0.2299573057164652,1200077.1565346413,2019-05-26
140,1558915200000,0.27209458426437544,1422867.6689647702,2019-05-27
141,1559001600000,0.26349793740907107,1375115.500216001,2019-05-28
142,1559088000000,0.26288347768235015,1371908.8220052314,2019-05-29
143,1559174400000,0.25144359491857426,1312207.5573053865,2019-05-30
144,1559260800000,0.234762610410536,1225976.2476541542,2019-05-31
145,1559347200000,0.26360821144413665,1374317.9658163604,2019-06-01
146,1559433600000,0.25660097993540837,1343252.8538405334,2019-06-02
147,1559520000000,0.25962413637535836,1355808.5351052794,2019-06-03
148,1559606400000,0.21953940922553397,1146478.170233023,2019-06-04
149,1559692800000,0.1910229399703167,995645.4775010578,2019-06-05
150,1559779200000,0.19071409182842547,996061.0961100425,2019-06-06
151,1559865600000,0.19303390695600764,1008177.0209302749,2019-06-07
152,1559952000000,0.1593581412426121,833633.8145210334,2019-06-08
153,1560038400000,0.16246827180252818,927967.580842186,2019-06-09
154,1560124800000,0.18395835551773146,961122.4415156426,2019-06-10
155,1560211200000,0.18270188770124784,898681.3029855851,2019-06-11
156,1560297600000,0.17084206987820183,892273.5480799266,2019-06-12
157,1560384000000,0.16169468132721374,840232.9705570568,2019-06-13
158,1560470400000,0.22510033259654794,1215532.4957115836,2019-06-14
159,1560556800000,0.23965183401827636,1252431.7316792952,2019-06-15
160,1560643200000,0.23797517466497886,1249113.8691354538,2019-06-16
161,1560729600000,0.19773965964425155,1032754.214653809,2019-06-17
162,1560816000000,0.21820270521548424,1126443.1995086593,2019-06-18
163,1560902400000,0.21734381669039957,1133358.772705754,2019-06-19
164,1560988800000,0.23547928905366566,1213808.2802838127,2019-06-20
165,1561075200000,0.20610356848768496,1075938.1698302636,2019-06-21
166,1561161600000,0.21925852902597312,1145142.913453735,2019-06-22
167,1561248000000,0.22535748013436668,1171070.8426404803,2019-06-23
168,1561334400000,0.2207716796350544,1154811.9662208706,2019-06-24
169,1561420800000,0.24504032932008477,1282067.3135680417,2019-06-25
170,1561507200000,0.2207819237016416,1154045.1493603196,2019-06-26
171,1561593600000,0.23836163517561104,1243124.5100025705,2019-06-27
172,1561680000000,0.21598054394060384,1173378.5751301146,2019-06-28
173,1561766400000,0.2511109647186007,1361995.802736219,2019-06-29
174,1561852800000,0.2310630111119383,1255318.566186967,2019-06-30
175,1561939200000,0.20206147728261417,1097759.1035596363,2019-07-01
176,1562025600000,0.20233118032067904,1099224.3455705084,2019-07-02
177,1562112000000,0.20448724912748908,1123610.102108117,2019-07-03
178,1562198400000,0.22253665420871702,1208996.595088941,2019-07-04
179,1562284800000,0.19485398943503643,1058212.876251696,2019-07-05
180,1562371200000,0.19797512926191294,1082270.6296932157,2019-07-06
181,1562457600000,0.20503685247781264,1115004.8288865283,2019-07-07
182,1562544000000,0.21514211424386928,1170559.1292395354,2019-07-08
183,1562630400000,0.2059100565157606,1115998.3759838475,2019-07-09
184,1562716800000,0.19991085310999537,1086075.1977722624,2019-07-10
185,1562803200000,0.2012440137923748,1102584.0978850226,2019-07-11
186,1562889600000,0.19698441916173443,1070176.4745179713,2019-07-12
187,1562976000000,0.18438628727521586,1008828.2360065466,2019-07-13
188,1563062400000,0.16626123516585234,901270.6683906728,2019-07-14
189,1563148800000,0.15033887033002183,800067.609488568,2019-07-15
190,1563235200000,0.17227611734173207,943346.3720107799,2019-07-16
191,1563321600000,0.130545885652707,709229.3708566534,2019-07-17
192,1563408000000,0.12864768578108873,715699.4691414951,2019-07-18
193,1563494400000,0.13371324916849228,727632.9763628027,2019-07-19
194,1563580800000,0.13062229624015156,664613.9185047224,2019-07-20
195,1563667200000,0.11207310508154297,608870.4933864466,2019-07-21
196,1563753600000,0.11578243952576862,630466.7634629501,2019-07-22
197,1563840000000,0.10773893573211692,585324.7398806651,2019-07-23
198,1563926400000,0.09011646161196556,489553.71752514737,2019-07-24
199,1564012800000,0.08850312040776918,482092.90167424205,2019-07-25
200,1564099200000,0.08890383903735274,482996.5610325261,2019-07-26
201,1564185600000,0.05429289033650275,294962.2829001709,2019-07-27
202,1564272000000,0.07711033564140565,425482.9382738574,2019-07-28
203,1564358400000,0.07631607242216279,414609.7731047027,2019-07-29
204,1564444800000,0.0755937212425512,409737.32887489686,2019-07-30
205,1564531200000,0.06986307831077472,379908.8879683465,2019-07-31
206,1564617600000,0.07378021555996662,400832.9760960057,2019-08-01
207,1564704000000,0.07745518190334255,383347.6815018808,2019-08-02
208,1564790400000,0.08161714041037034,443409.40241011564,2019-08-03
209,1564876800000,0.13657800422645333,741070.422440121,2019-08-04
210,1564963200000,0.09096722365426735,494084.2301008881,2019-08-05
211,1565049600000,0.10905816613762422,592490.9404064679,2019-08-06
212,1565136000000,0.07027294176544417,380648.4365693997,2019-08-07
213,1565222400000,0.0732315952405635,393571.9896309391,2019-08-08
214,1565308800000,0.07145946115484104,388224.7871942217,2019-08-09
215,1565395200000,0.07168495274277087,315228.34747643967,2019-08-10
216,1565481600000,0.060765997317582664,330129.362802577,2019-08-11
217,1565568000000,0.05885381379354755,319740.8567923475,2019-08-12
218,1565654400000,0.06090590543781085,330854.15257470316,2019-08-13
219,1565740800000,0.05090333990073362,263933.4277237256,2019-08-14
220,1565827200000,0.04149281158990014,225422.0461398993,2019-08-15
221,1565913600000,0.04360946200781499,232715.1637062715,2019-08-16
222,1566000000000,0.06802074295365756,369542.92729350633,2019-08-17
223,1566086400000,0.06771480200952469,367880.8120744646,2019-08-18
224,1566172800000,0.05422162037851318,294575.0876453132,2019-08-19
225,1566259200000,0.058315908126603554,317693.2628118861,2019-08-20
226,1566345600000,0.043556425246523464,237802.88448419084,2019-08-21
227,1566432000000,0.05158355228801846,280681.0232732566,2019-08-22
228,1566518400000,0.04993749995160282,272049.3910829732,2019-08-23
229,1566604800000,0.06952720656205687,378863.7952246198,2019-08-24
230,1566691200000,0.06110546596308997,332890.2092257506,2019-08-25
231,1566777600000,0.046488918891458925,253262.2195501238,2019-08-26
232,1566864000000,0.05805220201600589,316256.6453023496,2019-08-27
233,1566950400000,0.046557796953822894,258293.23298654743,2019-08-28
234,1567036800000,0.046262823041229965,256656.77742990066,2019-08-29
235,1567123200000,0.04052165635589349,224805.9468216354,2019-08-30
236,1567209600000,0.035710848715954466,198116.55986828214,2019-08-31
237,1567296000000,0.040459852776346346,224701.8671984098,2019-09-01
238,1567382400000,0.04515247815721082,250841.85189317248,2019-09-02
239,1567468800000,0.04289611946192126,237978.98748057135,2019-09-03
240,1567555200000,0.03972611014505208,220392.4174832041,2019-09-04
241,1567641600000,0.04417139281690633,245053.94590541683,2019-09-05
242,1567728000000,0.044285683027728354,246415.60968344484,2019-09-06
243,1567814400000,0.047146755604906436,261560.65636215618,2019-09-07
244,1567900800000,0.049294515969989135,273475.9961048805,2019-09-08
245,1567987200000,0.04776834871239172,288337.78273732297,2019-09-09
246,1568073600000,0.05762105961574086,319669.9747417544,2019-09-10
247,1568160000000,0.06572217741829592,364613.3364326475,2019-09-11
248,1568246400000,0.07518330165170788,417101.73850113683,2019-09-12
249,1568332800000,0.06574708079781583,364751.49534112995,2019-09-13
250,1568419200000,0.08317394096688988,461432.1879078135,2019-09-14
251,1568505600000,0.08492725598034585,471159.224685747,2019-09-15
252,1568592000000,0.09209211826166314,510908.43026736664,2019-09-16
253,1568678400000,0.09017275441634269,500260.1881828665,2019-09-17
254,1568764800000,0.09124122152483624,537697.170001014,2019-09-18
255,1568851200000,0.10769102411545493,597930.3421531117,2019-09-19
256,1568937600000,0.10245524281415797,585652.3335417452,2019-09-20
257,1569024000000,0.07372931569799182,407224.31794336566,2019-09-21
258,1569110400000,0.08712270518486083,485275.36710674677,2019-09-22
259,1569196800000,0.08868825141115909,466331.1425136747,2019-09-23
260,1569283200000,0.13282062378499943,736861.9343983043,2019-09-24
261,1569369600000,0.11313680545299928,659340.3678420394,2019-09-25
262,1569456000000,0.15297287064150034,846713.992175694,2019-09-26
263,1569542400000,0.13070279562479778,725112.6524692008,2019-09-27
264,1569628800000,0.12635084496016857,700968.9111302384,2019-09-28
265,1569715200000,0.13314921123533294,738684.8710580785,2019-09-29
266,1569801600000,0.12261907576430758,680905.8720464688,2019-09-30
267,1569888000000,0.16019698898098517,888740.4668147947,2019-10-01
268,1569974400000,0.09211504838867315,511956.79245424876,2019-10-02
269,1570060800000,0.09211504838867315,511956.79245424876,2019-10-03
270,1570147200000,0.09430174904471299,524110.0320552325,2019-10-04
271,1570233600000,0.09869100010784768,548504.6009651605,2019-10-05
272,1570320000000,0.09694514598165725,538801.497138236,2019-10-06
273,1570406400000,0.10090108533559775,560787.8072820618,2019-10-07
274,1570492800000,0.0829135875036292,474543.9366881412,2019-10-08
275,1570579200000,0.06332846354037523,366684.22834786377,2019-10-09
276,1570665600000,0.08450985452923082,469688.664473201,2019-10-10
277,1570752000000,0.10101928419279396,561444.7326038252,2019-10-11
278,1570838400000,0.08926969658838632,496142.9031217226,2019-10-12
279,1570924800000,0.08357754573684484,464507.08092875255,2019-10-13
280,1571011200000,0.08772868781000687,488065.08851682156,2019-10-14
281,1571097600000,0.09458434921513464,525680.6665967857,2019-10-15
282,1571184000000,0.08422022275815721,468078.9497186037,2019-10-16
283,1571270400000,0.08088580513029099,449546.93151607946,2019-10-17
284,1571356800000,0.08248532664718587,457305.9322233497,2019-10-18
285,1571443200000,0.09433499957829737,524294.8317901186,2019-10-19
286,1571529600000,0.08916015944765168,495534.1178666957,2019-10-20
287,1571616000000,0.08997325962076534,500053.16403616447,2019-10-21
288,1571702400000,0.0882225771517311,490323.2252570967,2019-10-22
289,1571788800000,0.08653426237481504,496986.92608483916,2019-10-23
290,1571875200000,0.07331591904544052,407475.03699899814,2019-10-24
291,1571961600000,0.10588317812240865,586955.5287761883,2019-10-25
292,1572048000000,0.11895594189256298,661133.045251476,2019-10-26
293,1572134400000,0.13170083850669653,731966.6007331135,2019-10-27
294,1572220800000,0.12133550188548815,674358.1580071052,2019-10-28
295,1572307200000,0.1264558704656334,702816.1300793099,2019-10-29
296,1572393600000,0.21932922698471485,1218987.4456210108,2019-10-30
297,1572480000000,0.16176624382212593,899064.0374535272,2019-10-31
298,1572566400000,0.21397092327201758,1189207.0782463625,2019-11-01
299,1572652800000,0.2229789027034452,1239271.604476092,2019-11-02
300,1572739200000,0.22131429940708802,1230309.1015844995,2019-11-03
301,1572825600000,0.19842039893330962,1102780.4118038183,2019-11-04
302,1572912000000,0.2515905461721635,1403300.2676460615,2019-11-05
303,1572998400000,0.24995326435266166,1371773.2945003835,2019-11-06
304,1573084800000,0.24807725762660462,1378763.1805769084,2019-11-07
305,1573171200000,0.24952770027658946,1386824.4472180754,2019-11-08
306,1573257600000,0.21287924144058895,1183139.7316121778,2019-11-09
307,1573344000000,0.21840700333461616,1213861.9132558992,2019-11-10
308,1573430400000,0.2021836093103863,1123695.5733076103,2019-11-11
309,1573516800000,0.2591132247170553,1431698.6421332515,2019-11-12
310,1573603200000,0.23303344402381868,1293678.0905337348,2019-11-13
311,1573689600000,0.2539168068218741,1411655.3761010189,2019-11-14
312,1573776000000,0.263897997629392,1466691.6509817028,2019-11-15
313,1573862400000,0.24995493382618242,1392153.6840192205,2019-11-16
314,1573948800000,0.26428161681798873,1472265.9570818774,2019-11-17
315,1574035200000,0.3123199067529609,1734972.406197928,2019-11-18
316,1574121600000,0.33788801374985294,1879139.6721643887,2019-11-19
317,1574208000000,0.3351105658849668,1865147.774152043,2019-11-20
318,1574294400000,0.25564720204306307,1420835.3992892592,2019-11-21
319,1574380800000,0.3013465476482716,1645473.4767103172,2019-11-22
320,1574467200000,0.2660122647144543,1478442.3194576388,2019-11-23
321,1574553600000,0.2715297872206311,1509107.5926564068,2019-11-24
322,1574640000000,0.2553167096327199,1418998.5893728614,2019-11-25
323,1574726400000,0.2615079205539623,1453408.0864104456,2019-11-26
324,1574812800000,0.2922911569044607,1628764.0138239902,2019-11-27
325,1574899200000,0.30569513594950076,1698991.6849331663,2019-11-28
326,1574985600000,0.2698627248990311,1499842.397729878,2019-11-29
327,1575072000000,0.2760913264055951,1532623.6366970062,2019-11-30
328,1575158400000,0.26111350720338183,1450069.3285683515,2019-12-01
329,1575244800000,0.24079971246369256,1338316.0577265283,2019-12-02
330,1575331200000,0.24125492710599877,1340958.9942508019,2019-12-03
331,1575417600000,0.2174302622024318,1208336.8374113801,2019-12-04
332,1575504000000,0.18816091459536044,1063010.343297038,2019-12-05
333,1575590400000,0.28444500170105047,1583881.1602764346,2019-12-06
334,1575676800000,0.2934193885019355,1630605.9738308531,2019-12-07
335,1575763200000,0.2860910087900009,1559778.374031846,2019-12-08
336,1575849600000,0.27396235537306307,1522627.3140323397,2019-12-09
337,1575936000000,0.2700944260266337,1503077.2098269057,2019-12-10
338,1576022400000,0.29088211771828143,1620383.0535038027,2019-12-11
339,1576108800000,0.2839399086957305,1590551.9471922426,2019-12-12
340,1576195200000,0.2684508578135178,1488274.7389858405,2019-12-13
341,1576281600000,0.2876398375798748,1568538.2887083942,2019-12-14
342,1576368000000,0.2748306022262599,1501008.9660174004,2019-12-15
343,1576454400000,0.26315035577132073,1462536.408876768,2019-12-16
344,1576540800000,0.25266689083479205,1382491.5288073455,2019-12-17
345,1576627200000,0.2304822373536574,1279567.4992569906,2019-12-18
346,1576713600000,0.25998567684988744,1444494.848515071,2019-12-19
347,1576800000000,0.24854106590074768,1413610.983306863,2019-12-20
348,1576886400000,0.23915134437558394,1329154.7615655437,2019-12-21
349,1576972800000,0.23832706799322853,1344648.050246969,2019-12-22
350,1577059200000,0.2483380049672038,1380212.3615138915,2019-12-23
351,1577145600000,0.2489471540130178,1406781.8504179092,2019-12-24
352,1577232000000,0.253643757876202,1407284.039542875,2019-12-25
353,1577318400000,0.23617153886041134,1312593.6057026235,2019-12-26
354,1577404800000,0.22082772443791648,1227315.7911309102,2019-12-27
355,1577491200000,0.13173377292954455,727009.5727224583,2019-12-28
356,1577577600000,0.12775503447079856,710843.0495647978,2019-12-29
357,1577664000000,0.28186985226146766,1473577.9877335934,2019-12-30
358,1577750400000,0.18450733854937473,981685.3702680666,2019-12-31
359,1577836800000,0.1845619201693339,1024143.0592542309,2020-01-01
360,1577923200000,0.1777611681360102,987372.4370555781,2020-01-02
361,1578009600000,0.1637626427986334,910159.618841697,2020-01-03
362,1578096000000,0.1649547225109494,916784.9565747023,2020-01-04
363,1578182400000,0.17022986339353582,935894.1775284313,2020-01-05
364,1578268800000,0.15471469066806376,859872.9324416539,2020-01-06
365,1578355200000,0.16465247892598733,912745.4953392226,2020-01-07
366,1578441600000,0.17483063602528182,971973.6194330149,2020-01-08
367,1578528000000,0.1630219169907394,909309.0068338896,2020-01-09
368,1578614400000,0.17797917592166373,987476.0166338801,2020-01-10
369,1578700800000,0.1486589386866943,819521.1037119153,2020-01-11
370,1578787200000,0.13138281210179997,710315.7174523182,2020-01-12
371,1578873600000,0.11730712477100497,651969.2534534762,2020-01-13
372,1578960000000,0.13789040984603493,766752.7997237606,2020-01-14
373,1579046400000,0.14223230687882063,785151.6121887275,2020-01-15
374,1579132800000,0.17348215137369408,964178.6800196696,2020-01-16
375,1579219200000,0.15230622126103988,846487.1470144842,2020-01-17
376,1579305600000,0.15234111992954855,849535.9128773726,2020-01-18
377,1579392000000,0.14026625097604714,779678.021740132,2020-01-19
378,1579478400000,0.14140211608705766,785884.3377329755,2020-01-20
379,1579564800000,0.12967580055468889,720711.8497163903,2020-01-21
380,1579651200000,0.1367246039248107,759228.1116703764,2020-01-22
381,1579737600000,0.12876799050693954,715666.4252354465,2020-01-23
382,1579824000000,0.11812412918754231,656534.5534726764,2020-01-24
383,1579910400000,0.1179333780232802,654589.8757100445,2020-01-25
384,1579996800000,0.1174300936866604,653704.9850970372,2020-01-26
385,1580083200000,0.12010649317461601,666754.3247689074,2020-01-27
386,1580169600000,0.11605807558822581,645027.2909357442,2020-01-28
387,1580256000000,0.12279363593305194,682462.1718790757,2020-01-29
388,1580342400000,0.11472945965861679,639318.8110094094,2020-01-30
389,1580428800000,0.12595316631875034,701025.0642168921,2020-01-31
390,1580515200000,0.08695949289346963,487470.5126069484,2020-02-01
391,1580601600000,0.10493968991373694,582114.4518207088,2020-02-02
392,1580688000000,0.11159384582802269,620216.0056051553,2020-02-03
393,1580774400000,0.16203089561855602,897177.4148010637,2020-02-04
394,1580860800000,0.1997878115304137,1108560.7389156234,2020-02-05
395,1580947200000,0.20419117417523236,1260426.5923763467,2020-02-06
396,1581033600000,0.17511263031783342,972249.2828383377,2020-02-07
397,1581120000000,0.21406514659776305,1188914.9699380002,2020-02-08
398,1581206400000,0.21598573844142782,1200121.0010324288,2020-02-09
399,1581292800000,0.23171957337834703,1274354.2610150084,2020-02-10
400,1581379200000,0.2229205179366523,1245023.081945666,2020-02-11
401,1581465600000,0.23293435940521723,1296339.7895204518,2020-02-12
402,1581552000000,0.22659932292016313,1256643.153892658,2020-02-13
403,1581638400000,0.22556773318136353,1253015.8316600032,2020-02-14
404,1581724800000,0.22872358419011696,1253053.662868518,2020-02-15
405,1581811200000,0.2147363975756105,1194880.3201251645,2020-02-16
406,1581897600000,0.24187836352219555,1332053.6046976123,2020-02-17
407,1581984000000,0.28468704442961,1578444.313772942,2020-02-18
408,1582070400000,0.3136385664449768,1743139.663669366,2020-02-19
409,1582156800000,0.29271475087460275,1625551.286765565,2020-02-20
410,1582243200000,0.2979828091035488,1654077.9189813547,2020-02-21
411,1582329600000,0.3023173996104322,1683850.7767467445,2020-02-22
412,1582416000000,0.27550842413252646,1531201.718015261,2020-02-23
413,1582502400000,0.2972382773149411,1651712.234280578,2020-02-24
414,1582588800000,0.2915720695019633,1617698.8914365233,2020-02-25
415,1582675200000,0.2854906953152083,1590241.9695083844,2020-02-26
416,1582761600000,0.26045167047897794,1447489.7087714493,2020-02-27
417,1582848000000,0.269413268696164,1497164.2755694324,2020-02-28
418,1582934400000,0.27274400698557133,1517863.0234514354,2020-02-29
419,1583020800000,0.2347233076398441,1286900.412138387,2020-03-01
420,1583107200000,0.272754784859173,1513987.8835583464,2020-03-02
421,1583193600000,0.29632774591883476,1638336.4160335094,2020-03-03
422,1583280000000,0.2774846633554707,1549768.8300348397,2020-03-04
423,1583366400000,0.3502058858743543,1945616.809195998,2020-03-05
424,1583452800000,0.3115336514825774,1735362.8181167305,2020-03-06
425,1583539200000,0.2949073312695827,1638147.0519576191,2020-03-07
426,1583625600000,0.3326285577788199,1848049.0709455395,2020-03-08
427,1583712000000,0.2917570881764663,1643099.635931785,2020-03-09
428,1583798400000,0.28441957146341207,1580746.4042490295,2020-03-10
429,1583884800000,0.24130102396258377,1347301.7868835772,2020-03-11
430,1583971200000,0.27398913541406217,1522865.3074658893,2020-03-12
431,1584057600000,0.1735147184124595,863792.4362439752,2020-03-13
432,1584144000000,0.27974828742550945,1536174.138481745,2020-03-14
433,1584230400000,0.22478390099864873,1268877.5069772762,2020-03-15
434,1584316800000,0.20880801814146477,1160908.9021903295,2020-03-16
435,1584403200000,0.19227812033907002,1068407.667934095,2020-03-17
436,1584489600000,0.19087437293984116,1097726.2497334522,2020-03-18
437,1584576000000,0.17400064905583987,965079.1426964165,2020-03-19
438,1584662400000,0.17706859528137275,985466.0102045577,2020-03-20
439,1584748800000,0.18927404361930103,1050995.0998639339,2020-03-21
440,1584835200000,0.21851835343397222,1215967.0085918389,2020-03-22
441,1584921600000,0.17268329299097485,962805.6923655536,2020-03-23
442,1585008000000,0.1896352992814682,1046587.4385819301,2020-03-24
443,1585094400000,0.19340264106066776,1075240.9312806614,2020-03-25
444,1585180800000,0.1837134301979715,1018927.6136872276,2020-03-26
445,1585267200000,0.1857008972808159,1033243.8020243028,2020-03-27
446,1585353600000,0.16917284813872802,931311.6768458419,2020-03-28
447,1585440000000,0.1742457886691631,965439.1745703965,2020-03-29
448,1585526400000,0.16015814951382204,892369.8340320112,2020-03-30
449,1585612800000,0.1755258378635938,976266.8847837904,2020-03-31
450,1585699200000,0.17553727760595753,974921.7483174187,2020-04-01
451,1585785600000,0.17778740636704587,980818.0543299348,2020-04-02
452,1585872000000,0.1707224944748469,943885.6046986396,2020-04-03
453,1585958400000,0.1632986368690937,908035.0241110066,2020-04-04
454,1586044800000,0.16768456645372343,930464.5643704366,2020-04-05
455,1586131200000,0.16457913173759822,913762.1293800958,2020-04-06
456,1586217600000,0.20086007610864823,1091478.9059629075,2020-04-07
457,1586304000000,0.18118755386867835,1004534.1879022032,2020-04-08
458,1586390400000,0.18973744341897814,1056085.024666419,2020-04-09
459,1586476800000,0.1891764730893328,1050925.3236920414,2020-04-10
460,1586563200000,0.17661552619586998,981019.3608817115,2020-04-11
461,1586649600000,0.17114528418584782,951318.4467196446,2020-04-12
462,1586736000000,0.17623533107791484,988891.2287855552,2020-04-13
463,1586822400000,0.1743258069266101,969410.4526201859,2020-04-14
464,1586908800000,0.17675008593246125,980307.0403735308,2020-04-15
465,1586995200000,0.17749771155975808,985409.4050432809,2020-04-16
466,1587081600000,0.19025570165176764,1057402.6770608362,2020-04-17
467,1587168000000,0.18552249336128748,1037591.1854780784,2020-04-18
468,1587254400000,0.19264057290625014,1070633.8343329492,2020-04-19
469,1587340800000,0.1886478806096618,1049304.4865727467,2020-04-20
470,1587427200000,0.18074338676353566,1004589.4004922365,2020-04-21
471,1587513600000,0.19338839205062122,1077338.7739930747,2020-04-22
472,1587600000000,0.1894613097424948,1053366.9137222255,2020-04-23
473,1587686400000,0.18161687229847176,1010074.7496583879,2020-04-24
474,1587772800000,0.18702386067890867,1039743.1657118017,2020-04-25
475,1587859200000,0.1812692900157704,1006271.3910820654,2020-04-26
476,1587945600000,0.18176515803208773,1009333.2034454404,2020-04-27
477,1588032000000,0.2770498371221787,1538848.3956306933,2020-04-28
478,1588118400000,0.21521585886202027,1270571.2751068035,2020-04-29
479,1588204800000,0.31376228327739947,1736501.3031202725,2020-04-30
480,1588291200000,0.2790520753161433,1557069.355463736,2020-05-01
481,1588377600000,0.29697517175026206,1650527.8890621425,2020-05-02
482,1588464000000,0.2991919083599622,1661213.8163325107,2020-05-03
483,1588550400000,0.27557650607885426,1530216.3269608754,2020-05-04
484,1588636800000,0.301260259340388,1669161.78735525,2020-05-05
485,1588723200000,0.2844031594213339,1575916.4670603888,2020-05-06
486,1588809600000,0.21946584787009496,1232052.562893048,2020-05-07
487,1588896000000,0.29439577355004,1633980.2264605314,2020-05-08
488,1588982400000,0.27527776893817535,1525936.868941606,2020-05-09
489,1589068800000,0.2570997490410492,1443161.9731698295,2020-05-10
490,1589155200000,0.25333258172189205,1406781.4210472326,2020-05-11
491,1589241600000,0.2511598051933493,1397030.6795154691,2020-05-12
492,1589328000000,0.23812816725567387,1312072.3536090367,2020-05-13
493,1589414400000,0.260472895789663,1443599.9724826103,2020-05-14
494,1589500800000,0.25464173458338796,1428613.9184602927,2020-05-15
495,1589587200000,0.27876409232120863,1552979.0946729006,2020-05-16
496,1589673600000,0.25648570939939824,1423526.540603854,2020-05-17
497,1589760000000,0.27103248497647736,1501159.963436561,2020-05-18
498,1589846400000,0.2634045458343839,1474127.9041952381,2020-05-19
499,1589932800000,0.3003112575933636,1669940.7175030438,2020-05-20
500,1590019200000,0.29652474919333344,1642555.0930470265,2020-05-21
501,1590105600000,0.26969289554846304,1506260.0838599976,2020-05-22
502,1590192000000,0.26499206157289473,1473946.9558263198,2020-05-23
503,1590278400000,0.26244904512714007,1459433.9286774958,2020-05-24
504,1590364800000,0.25296147049997614,1412755.0528497328,2020-05-25
505,1590451200000,0.25750061033054755,1430809.4347917347,2020-05-26
506,1590537600000,0.2708910441210834,1496800.5058919715,2020-05-27
507,1590624000000,0.278781374596687,1557157.2653629032,2020-05-28
508,1590710400000,0.27978216126866967,1554916.0935934433,2020-05-29
509,1590796800000,0.2787734163832738,1556813.1072266996,2020-05-30
510,1590883200000,0.28747601602993655,1615147.368597472,2020-05-31
511,1590969600000,0.270413676919556,1496042.443356881,2020-06-01
512,1591056000000,0.29972546733757827,1666196.431055277,2020-06-02
513,1591142400000,0.2748147176082003,1524658.8546362878,2020-06-03
514,1591228800000,0.2776722302185156,1545269.109850154,2020-06-04
515,1591315200000,0.28142720876993305,1564427.1043004417,2020-06-05
516,1591401600000,0.2760054326672888,1533982.3240614776,2020-06-06
517,1591488000000,0.2767008158768166,1540359.1011885651,2020-06-07
518,1591574400000,0.2765933559354152,1537309.92619975,2020-06-08
519,1591660800000,0.2752755567985771,1530417.882100457,2020-06-09
520,1591747200000,0.24055687633214975,1338210.7317218955,2020-06-10
521,1591833600000,0.2632100020997465,1461580.550394835,2020-06-11
522,1591920000000,0.21594343584522718,1199740.1120551222,2020-06-12
523,1592006400000,0.22614498954670936,1258038.9423866556,2020-06-13
524,1592092800000,0.23052397855578344,1280111.0619741767,2020-06-14
525,1592179200000,0.22390624816500507,1244939.7548319264,2020-06-15
526,1592265600000,0.21485322796660786,1196036.6006481794,2020-06-16
527,1592352000000,0.20688977215247495,1149897.6982886703,2020-06-17
528,1592438400000,0.21351947148114434,1194936.6060505356,2020-06-18
529,1592524800000,0.22937315382545073,1275563.6367204962,2020-06-19
530,1592611200000,0.22493498002784684,1250099.1088864375,2020-06-20
531,1592697600000,0.23280015452872108,1292564.8263347598,2020-06-21
532,1592784000000,0.23445641834793562,1303654.1308919012,2020-06-22
533,1592870400000,0.24336482475695984,1352191.4048609377,2020-06-23
534,1592956800000,0.23244539829011365,1290759.5063834153,2020-06-24
535,1593043200000,0.2979092707265445,1657206.6179500206,2020-06-25
536,1593129600000,0.3476169557141907,1933605.3894363428,2020-06-26
537,1593216000000,0.4648587629390986,2585517.5414399374,2020-06-27
538,1593302400000,0.4416625987419871,2459365.1775200036,2020-06-28
539,1593388800000,0.3776437073480023,2098581.737317514,2020-06-29
540,1593475200000,0.458019267879476,2545578.375820006,2020-06-30
541,1593561600000,0.4746657873980474,2635731.137640949,2020-07-01
542,1593648000000,0.48732306873358466,2701925.825154931,2020-07-02
543,1593734400000,0.468200690013261,2602022.886042084,2020-07-03
544,1593820800000,0.4690134469703716,2607488.6937195812,2020-07-04
545,1593907200000,0.47834920126653596,2655462.7339239954,2020-07-05
546,1593993600000,0.4730580730009046,2634800.2475341945,2020-07-06
547,1594080000000,0.4723154552910318,2623338.155361547,2020-07-07
548,1594166400000,0.4730548102547382,2629142.8767555086,2020-07-08
549,1594252800000,0.49252237090630346,2737138.974187377,2020-07-09
550,1594339200000,0.4884959857300159,2713734.9438586277,2020-07-10
551,1594425600000,0.47947243250878635,2664816.9011061504,2020-07-11
552,1594512000000,0.469551128075369,2609788.0361101828,2020-07-12
553,1594598400000,0.32332521439452566,1783131.2021882685,2020-07-13
554,1594684800000,0.47395305263303533,2633636.2373418384,2020-07-14
555,1594771200000,0.4635329945414428,2576222.552485033,2020-07-15
556,1594857600000,0.4810808112405758,2673749.765562716,2020-07-16
557,1594944000000,0.4538808614511337,2526020.064239141,2020-07-17
558,1595030400000,0.44398653844670044,2467788.8344692816,2020-07-18
559,1595116800000,0.454195407082262,2526058.748427693,2020-07-19
560,1595203200000,0.4641844355747942,2580932.40445852,2020-07-20
561,1595289600000,0.45424981193152053,2524778.2285145153,2020-07-21
562,1595376000000,0.471550787866265,2620067.243771681,2020-07-22
563,1595462400000,0.4270064646929822,2372341.54886105,2020-07-23
564,1595548800000,0.2921744844259407,1623858.32400343,2020-07-24
565,1595635200000,0.38981677333169795,2172321.3431019597,2020-07-25
566,1595721600000,0.408304676778185,2269475.373903135,2020-07-26
567,1595808000000,0.3958440154559007,2199911.6596805765,2020-07-27
568,1595894400000,0.39509007565691684,2205238.759188549,2020-07-28
569,1595980800000,0.42069224527291416,2339880.2095699734,2020-07-29
570,1596067200000,0.3822730547401996,2132689.2977521275,2020-07-30
571,1596153600000,0.41741509868888726,2320930.993947521,2020-07-31
572,1596240000000,0.4252143363200158,2304484.8182179523,2020-08-01
573,1596326400000,0.45353234727803604,2520240.064428751,2020-08-02
574,1596412800000,0.40295344578619935,2240366.884266285,2020-08-03
575,1596499200000,0.39575292318627875,2199211.2621214287,2020-08-04
576,1596585600000,0.3723288588235173,2068760.7515515531,2020-08-05
577,1596672000000,0.3930284589527641,2183559.7979198867,2020-08-06
578,1596758400000,0.37219282190545555,2065154.0303762874,2020-08-07
579,1596844800000,0.29991644487849983,1666289.2623831334,2020-08-08
580,1596931200000,0.3516736853346137,1955817.4806856995,2020-08-09
581,1597017600000,0.3279885579317032,1822894.0115397796,2020-08-10
582,1597104000000,0.33419035251498413,1856540.2412825515,2020-08-11
583,1597190400000,0.32419338187870034,1803671.4867899523,2020-08-12
584,1597276800000,0.33875524445902117,1884372.3466829848,2020-08-13
585,1597363200000,0.33560270405685527,1862368.3663351685,2020-08-14
586,1597449600000,0.32826512035437505,1823556.5048544963,2020-08-15
587,1597536000000,0.3215156462097855,1785581.6224898659,2020-08-16
588,1597622400000,0.2952209630733049,1635757.3794717886,2020-08-17
589,1597708800000,0.29913213101301983,1666016.5308494018,2020-08-18
590,1597795200000,0.26312632882429504,1464935.6619504686,2020-08-19
591,1597881600000,0.2512681548139107,1396791.234561076,2020-08-20
592,1597968000000,0.21140776940785927,1174910.4411168993,2020-08-21
593,1598054400000,0.26086531847821215,1449986.5082847367,2020-08-22
594,1598140800000,0.2587095775956391,1437922.7458070104,2020-08-23
595,1598227200000,0.25507593760164193,1418935.0610261222,2020-08-24
596,1598313600000,0.24368532552955946,1355629.4684671105,2020-08-25
597,1598400000000,0.2388877505109298,1327049.085420767,2020-08-26
598,1598486400000,0.26228683685696264,1458140.0631321934,2020-08-27
599,1598572800000,0.2850252558704423,1583628.3765114376,2020-08-28
600,1598659200000,0.2624585203360519,1458385.6797679048,2020-08-29
601,1598745600000,0.2615684411890598,1454624.0568437756,2020-08-30
602,1598832000000,0.26730643377858,1484711.3514027828,2020-08-31
603,1598918400000,0.26848859959748944,1489858.1020221729,2020-09-01
604,1599004800000,0.27604429354694926,1543733.02792327,2020-09-02
605,1599091200000,0.2677050358740014,1489946.3925084262,2020-09-03
606,1599177600000,0.25538607579787825,1405195.2739476098,2020-09-04
607,1599264000000,0.25523339706661924,1418373.7544307266,2020-09-05
608,1599350400000,0.30067144886659686,1673520.733471799,2020-09-06
609,1599436800000,0.3195513555143185,1777756.0692806488,2020-09-07
610,1599523200000,0.3328953034271211,1851786.1122267048,2020-09-08
611,1599609600000,0.31914620504520314,1769838.6022021128,2020-09-09
612,1599696000000,0.31488284489324286,1748317.0162624717,2020-09-10
613,1599782400000,0.35244080651390924,1956400.5704384465,2020-09-11
614,1599868800000,0.45152779697052703,2515009.250335452,2020-09-12
615,1599955200000,0.4346434559842465,2412428.7724193432,2020-09-13
616,1600041600000,0.43469272152567584,2414783.866694487,2020-09-14
617,1600128000000,0.38059947445130565,2115695.6803551023,2020-09-15
618,1600214400000,0.3523184007941123,1939535.1631382299,2020-09-16
619,1600300800000,0.3760948003600966,2091085.3538911059,2020-09-17
620,1600387200000,0.349870223437,1945364.597332596,2020-09-18
621,1600473600000,0.35974367150714776,1998440.1003474805,2020-09-19
622,1600560000000,0.394949301697386,2197468.518264521,2020-09-20
623,1600646400000,0.3677439136374909,2047930.3357153325,2020-09-21
624,1600732800000,0.3925144446439708,2181688.6674064095,2020-09-22
625,1600819200000,0.37581323353888474,13384459.880315157,2020-09-23
626,1600905600000,0.34432948924398393,12293836.461128939,2020-09-24
627,1600992000000,0.3567852668820012,12734767.806087242,2020-09-25
628,1601078400000,0.38214840504723574,13619377.480096405,2020-09-26
629,1601164800000,0.3217494852410789,11483816.195166767,2020-09-27
630,1601251200000,0.36438225107510414,12985762.188336225,2020-09-28
631,1601337600000,0.34569314908466764,12285714.130725378,2020-09-29
632,1601424000000,0.3276700731837578,11692563.31500193,2020-09-30
633,1601510400000,0.32558562442491984,11617618.599111592,2020-10-01
634,1601596800000,0.3106689935626851,11193806.716841936,2020-10-02
635,1601683200000,0.29415514137900733,10496109.118899705,2020-10-03
636,1601769600000,0.2944981546985061,10510801.760764142,2020-10-04
637,1601856000000,0.2982538870065328,10656612.164754685,2020-10-05
638,1601942400000,0.3103858064936834,11058607.15889701,2020-10-06
639,1602028800000,0.304445898246497,10842758.571380885,2020-10-07
640,1602115200000,0.29538475170259126,10536575.984080996,2020-10-08
641,1602201600000,0.3002107172261802,10702002.444460245,2020-10-09
642,1602288000000,0.30609761733490565,11000547.04614224,2020-10-10
643,1602374400000,0.2846238257734937,10345573.45468531,2020-10-11
644,1602460800000,0.278204211724938,9891242.70590649,2020-10-12
645,1602547200000,0.28319245946358185,10134872.39096682,2020-10-13
646,1602633600000,0.28469842585932936,10156764.24463533,2020-10-14
647,1602720000000,0.2821895138240172,10159559.225881042,2020-10-15
648,1602806400000,0.2732342536774998,9758624.263904337,2020-10-16
649,1602892800000,0.34187799249721657,12176567.246641072,2020-10-17
650,1602979200000,0.3031492429723485,10761177.293586088,2020-10-18
651,1603065600000,0.28230325616417123,10073207.51705651,2020-10-19
652,1603152000000,0.33459176382036165,11938977.666273985,2020-10-20
653,1603238400000,0.3415721538541809,12081071.880176304,2020-10-21
654,1603324800000,0.31482242186373827,11233563.613632273,2020-10-22
655,1603411200000,0.3359157446040448,11986220.242799135,2020-10-23
656,1603497600000,0.3381848692748748,12064064.281466661,2020-10-24
657,1603584000000,0.3329210085921639,11879361.40696291,2020-10-25
658,1603670400000,0.335592363691217,11974681.293209141,2020-10-26
659,1603756800000,0.3303629369313729,11787902.945420139,2020-10-27
660,1603843200000,0.3143303426655989,11216005.134339344,2020-10-28
661,1603929600000,0.3249889104334711,11582429.35574424,2020-10-29
662,1604016000000,0.3024644273911565,10910058.891212022,2020-10-30
663,1604102400000,0.3189405116582927,11367767.859682191,2020-10-31
664,1604188800000,0.29542424295217684,10776907.245792337,2020-11-01
665,1604275200000,0.3112271090190767,10972626.318728322,2020-11-02
666,1604361600000,0.30570058951344453,10877148.632505175,2020-11-03
667,1604448000000,0.3212187926204319,11363557.798678353,2020-11-04
668,1604534400000,0.32148746965295494,11471387.329887368,2020-11-05
669,1604620800000,0.31295705240231014,11215283.27132907,2020-11-06
670,1604707200000,0.28959219083954485,10345667.415513882,2020-11-07
671,1604793600000,0.34844368972356565,12454880.635422047,2020-11-08
672,1604880000000,0.3510664427740191,12632110.214770326,2020-11-09
673,1604966400000,0.3358604769505497,11990621.590895817,2020-11-10
674,1605052800000,0.3292311861639593,11784175.807203105,2020-11-11
675,1605139200000,0.30094870031752957,10651393.534574749,2020-11-12
676,1605225600000,0.3731697233360578,13605231.90977933,2020-11-13
677,1605312000000,0.288932461893189,10250637.437140696,2020-11-14
678,1605398400000,0.3829473872428904,12491423.355018353,2020-11-15
679,1605484800000,0.3675746906069524,13173748.496841513,2020-11-16
680,1605571200000,0.3882798099642939,13760948.152538696,2020-11-17
681,1605657600000,0.37922919589782766,13531740.436545908,2020-11-18
682,1605744000000,0.3559920211528776,12653951.310080152,2020-11-19
683,1605830400000,0.3807941242561297,13680616.532687405,2020-11-20
684,1605916800000,0.31634248063390435,11267306.700259518,2020-11-21
685,1606003200000,0.26646733791023663,7578237.249033238,2020-11-22
686,1606089600000,0.3565113491885715,12609823.35627937,2020-11-23
687,1606176000000,0.3571221917609619,12808208.08664253,2020-11-24
688,1606262400000,0.4047076170956175,14882374.222493548,2020-11-25
689,1606348800000,0.41995251344274215,15195070.490290476,2020-11-26
690,1606435200000,0.4408692366314786,15690203.050339468,2020-11-27
691,1606521600000,0.38009799975281294,13562741.288756395,2020-11-28
692,1606608000000,0.4408493733899151,15580750.372187309,2020-11-29
693,1606694400000,0.41532975990522863,14819888.783364315,2020-11-30
694,1606780800000,0.46399856459411143,16227381.231056495,2020-12-01
695,1606867200000,0.3913008309412388,13313115.22309829,2020-12-02
696,1606953600000,0.4309225537624094,15323663.760214375,2020-12-03
697,1607040000000,0.4365848372353056,15511208.773241924,2020-12-04
698,1607126400000,0.4111357547512545,14678580.861331752,2020-12-05
699,1607212800000,0.4325436755832601,15449450.562441299,2020-12-06
700,1607299200000,0.4251368091060572,14727183.437465748,2020-12-07
701,1607385600000,0.3368772095710983,11968168.114554055,2020-12-08
702,1607472000000,0.321396246859128,11783221.394215325,2020-12-09
703,1607558400000,0.4788595986860318,17350507.537011486,2020-12-10
704,1607644800000,0.42464765607548643,15155619.207494438,2020-12-11
705,1607731200000,0.37918999547926024,12918693.796084879,2020-12-12
706,1607817600000,0.4227142242783286,15083382.882027099,2020-12-13
707,1607904000000,0.45514522464894197,16403837.611422809,2020-12-14
708,1607990400000,0.4740940305844805,16221525.875180947,2020-12-15
709,1608076800000,0.45647276203043474,15832598.590012858,2020-12-16
710,1608163200000,0.5131785245641792,18267780.366547443,2020-12-17
711,1608249600000,0.44643769844741293,16877868.828882962,2020-12-18
712,1608336000000,0.4688530959144585,17192222.525826745,2020-12-19
713,1608422400000,0.41870887811900703,14902414.172373116,2020-12-20
714,1608508800000,0.44979492680123734,16240309.604368243,2020-12-21
715,1608595200000,0.4381850188644264,15691040.122819444,2020-12-22
716,1608681600000,0.43533929129703586,15532017.241143197,2020-12-23
717,1608768000000,0.42294107572687634,15153890.662421908,2020-12-24
718,1608854400000,0.4876439505627045,17400383.113926023,2020-12-25
719,1608940800000,0.47086830090706205,16801627.344610933,2020-12-26
720,1609027200000,0.49158434122927874,17532809.16056137,2020-12-27
721,1609113600000,0.4576260708762668,16458487.788053311,2020-12-28
722,1609200000000,0.43737374632305304,15602016.920522934,2020-12-29
723,1609286400000,0.457943819403106,16352765.317096563,2020-12-30
724,1609372800000,0.4798677918430157,16705296.795230739,2020-12-31
725,1609459200000,0.4567683846090649,16263279.761078186,2021-01-01
726,1609545600000,0.43732695959368184,15582497.10291908,2021-01-02
727,1609632000000,0.427697860267558,16013396.686248126,2021-01-03
728,1609718400000,0.37837385518102307,13501219.979023626,2021-01-04
729,1609804800000,0.45488700963217765,15386953.560718663,2021-01-05
730,1609891200000,0.43386395947355105,15452097.947757602,2021-01-06
731,1609977600000,0.508627842969546,18015649.127620313,2021-01-07
732,1610064000000,0.5368006925964101,18983701.672567934,2021-01-08
733,1610150400000,0.4087021868162982,14584245.705133546,2021-01-09
734,1610236800000,0.4215977957291156,15093265.06501448,2021-01-10
735,1610323200000,0.384934930111767,13838466.307625959,2021-01-11
736,1610409600000,0.46532405464498106,16455815.938147986,2021-01-12
737,1610496000000,0.43854373536621216,15620838.223260615,2021-01-13
738,1610582400000,0.4895774327301689,17405299.70473906,2021-01-14
739,1610668800000,0.549295010600207,19600066.62708089,2021-01-15
740,1610755200000,0.34775579399447726,12398055.204957629,2021-01-16
741,1610841600000,0.5529609599448919,19559102.88998548,2021-01-17
742,1610928000000,0.436501522426216,20327415.538614146,2021-01-18
743,1611014400000,0.4014204566717274,14323573.934600255,2021-01-19
744,1611100800000,0.550479261663723,19732981.245243568,2021-01-20
745,1611187200000,0.4590783479401272,16319008.732683467,2021-01-21
746,1611273600000,0.45443581808425265,15736982.538447632,2021-01-22
747,1611360000000,0.4652525797820137,17280759.44138463,2021-01-23
748,1611446400000,0.46339454944002695,16534947.284021871,2021-01-24
749,1611532800000,0.5507369403863076,19352963.216948427,2021-01-25
750,1611619200000,0.4514759239392207,16124681.223620852,2021-01-26
751,1611705600000,0.4712119792485762,16842458.288617272,2021-01-27
752,1611792000000,0.42852554299385837,15212451.70688781,2021-01-28
753,1611878400000,0.4553172497026743,16246731.27993688,2021-01-29
754,1611964800000,0.4587876874013261,16304391.299049048,2021-01-30
755,1612051200000,0.4557487936911143,16286797.40657019,2021-01-31
756,1612137600000,0.45890099316712296,16322469.442651512,2021-02-01
757,1612224000000,0.45245875162099825,16114928.918154962,2021-02-02
758,1612310400000,0.4471523072690418,15981067.450801643,2021-02-03
759,1612396800000,0.49820985929825773,17777234.906693265,2021-02-04
760,1612483200000,0.48742773724160116,17444128.225408055,2021-02-05
761,1612569600000,0.5241111805839072,18582311.90877743,2021-02-06
762,1612656000000,0.5399115158962885,19231151.177578334,2021-02-07
763,1612742400000,0.5285784271954764,18878874.996551197,2021-02-08
764,1612828800000,0.5548323850592128,19200009.844269022,2021-02-09
765,1612915200000,0.464411958685474,24432937.49123978,2021-02-10
766,1613001600000,0.49099860552818836,24752168.550841827,2021-02-11
767,1613088000000,0.5267745256385962,26788428.36293475,2021-02-12
768,1613174400000,0.4796465687731244,24405520.63275946,2021-02-13
769,1613260800000,0.5182130606373964,26496319.239758804,2021-02-14
770,1613347200000,0.542006671100164,27597498.502009634,2021-02-15
771,1613433600000,0.521158758518305,26620283.862229843,2021-02-16
772,1613520000000,0.5288437077767636,26761628.345913906,2021-02-17
773,1613606400000,0.5240827733291067,26670761.82675431,2021-02-18
774,1613692800000,0.5295933567238899,26953236.46272393,2021-02-19
775,1613779200000,0.5682877407063741,28921785.04731268,2021-02-20
776,1613865600000,0.5609231939775366,28998950.47859007,2021-02-21
777,1613952000000,0.5928177417783537,30223228.85187262,2021-02-22
778,1614038400000,0.5625609639892887,28556590.092700385,2021-02-23
779,1614124800000,0.5385340581518857,27274009.030940257,2021-02-24
780,1614211200000,0.5655576360537887,29282086.771091513,2021-02-25
781,1614297600000,0.5857299622817959,31675121.363918483,2021-02-26
782,1614384000000,0.4871343581989143,26527489.468977902,2021-02-27
783,1614470400000,0.53430463736205,27715285.475582007,2021-02-28
784,1614556800000,0.5078231509181219,25724418.42563439,2021-03-01
785,1614643200000,0.4675521716980703,23840294.108941562,2021-03-02
786,1614729600000,0.4737034931412325,23956695.482269958,2021-03-03
787,1614816000000,0.493526432281391,25243565.981558774,2021-03-04
788,1614902400000,0.4821747605888526,26501490.50855174,2021-03-05
789,1614988800000,0.519438624297225,28524894.920858353,2021-03-06
790,1615075200000,0.508132053739638,25811472.754203726,2021-03-07
791,1615161600000,0.5499241039373667,28527572.97184911,2021-03-08
792,1615248000000,0.5464804185456738,27045712.365436725,2021-03-09
793,1615334400000,0.46797714188668416,19785862.209962036,2021-03-10
794,1615420800000,0.4829835363067268,28837109.503337707,2021-03-11
795,1615507200000,0.4605124259398999,27505908.842298307,2021-03-12
796,1615593600000,0.4611040812653302,27501273.04181138,2021-03-13
797,1615680000000,0.47695397995511396,28629587.70987856,2021-03-14
798,1615766400000,0.4730601886366296,28293680.185595147,2021-03-15
799,1615852800000,0.4701261113156595,27771286.833587207,2021-03-16
800,1615939200000,0.46872931415888497,27991058.88081387,2021-03-17
801,1616025600000,0.4764028044860996,28334040.780078884,2021-03-18
802,1616112000000,0.4731831030138919,28863970.336834796,2021-03-19
803,1616198400000,0.48376851662620335,28889153.344008666,2021-03-20
804,1616284800000,0.47781549461196926,28738711.668648314,2021-03-21
805,1616371200000,0.4645860626707277,27755562.100497678,2021-03-22
806,1616457600000,0.4528653659138407,27115119.25002271,2021-03-23
807,1616544000000,0.4514946682653819,27367726.418008454,2021-03-24
808,1616630400000,0.46481247451199803,27460079.753564183,2021-03-25
809,1616716800000,0.4620068845119797,27622304.235053238,2021-03-26
810,1616803200000,0.524998503808123,31328833.929576017,2021-03-27
811,1616889600000,0.5298226278856766,31720001.319046956,2021-03-28
812,1616976000000,0.5266379863644108,31267355.36398698,2021-03-29
813,1617062400000,0.4508942545130355,26926004.510178585,2021-03-30
814,1617148800000,0.42619510934481125,25451048.27034933,2021-03-31
815,1617235200000,0.46538760509257393,27818710.692495953,2021-04-01
816,1617321600000,0.4616207515319851,27600139.8671341,2021-04-02
817,1617408000000,0.4707536041994791,28014319.2772709,2021-04-03
818,1617494400000,0.4672431788753072,27893842.02752009,2021-04-04
819,1617580800000,0.4701852232328486,27962970.98978064,2021-04-05
820,1617667200000,0.47003371454888637,28085844.829932995,2021-04-06
821,1617753600000,0.46384251206269844,27749210.099384267,2021-04-07
822,1617840000000,0.45560163276121246,27270539.80414749,2021-04-08
823,1617926400000,0.5375675042400606,32004820.165529884,2021-04-09
824,1618012800000,0.5569985781914717,33920135.6473967,2021-04-10
825,1618099200000,0.5642441460934018,33910887.06842243,2021-04-11
826,1618185600000,0.5502760186508993,32860774.80858402,2021-04-12
827,1618272000000,0.6198092094751136,37013081.01120336,2021-04-13
828,1618358400000,0.6522023599626974,38918131.61278002,2021-04-14
829,1618444800000,0.7334087599299611,43796893.35142703,2021-04-15
830,1618531200000,0.6402963541479342,38236509.66290977,2021-04-16
831,1618617600000,0.6834390019443848,40812905.01058079,2021-04-17
832,1618704000000,0.6793847671856645,40570748.29029335,2021-04-18
833,1618790400000,0.6824437871460866,40665527.24629664,2021-04-19
834,1618876800000,0.6811631926115496,40468605.36813401,2021-04-20
835,1618963200000,0.6697087833822862,39961460.23776937,2021-04-21
836,1619049600000,0.6693429557788786,40640425.45631517,2021-04-22
837,1619136000000,0.6635222311682913,40194634.7942801,2021-04-23
838,1619222400000,0.6832850126638466,41884240.69310294,2021-04-24
839,1619308800000,0.6945071076885403,42084365.90908921,2021-04-25
840,1619395200000,0.7056423534212312,43630069.81416215,2021-04-26
841,1619481600000,0.7310635977269049,44727805.6799219,2021-04-27
842,1619568000000,0.7509778181521798,45562893.47992513,2021-04-28
843,1619654400000,0.7638288902240592,46290087.25885956,2021-04-29
844,1619740800000,0.7815980135485028,48320227.429237,2021-04-30
845,1619827200000,0.8356795994866935,50713647.55095025,2021-05-01
846,1619913600000,0.8463806561297458,51401230.59115873,2021-05-02
847,1620000000000,0.7670470898714798,46602911.39355073,2021-05-03
848,1620086400000,0.5184339243886876,34206574.302169316,2021-05-04
849,1620172800000,0.5042282649328774,30615174.23474822,2021-05-05
850,1620259200000,0.5499495523277591,33164372.033070832,2021-05-06
851,1620345600000,0.5109300545058689,32846677.948669385,2021-05-07
852,1620432000000,0.4900260787673363,29719567.42654334,2021-05-08
853,1620518400000,0.47019904235053606,28549025.52614678,2021-05-09
854,1620604800000,0.47184139430207295,28648744.035893098,2021-05-10
855,1620691200000,0.4645986900350047,28407290.70673184,2021-05-11
856,1620777600000,0.46022302489726014,27937381.357896276,2021-05-12
857,1620864000000,0.45980627451613243,28922457.064732194,2021-05-13
858,1620950400000,0.466204956132866,28185429.86270838,2021-05-14
859,1621036800000,0.5268644825344616,32022136.423861958,2021-05-15
860,1621123200000,0.5430041159357436,28472210.466868453,2021-05-16
861,1621209600000,0.496847820958181,30057935.648221295,2021-05-17
862,1621296000000,0.46673776567501385,28338867.556303713,2021-05-18
863,1621382400000,0.494297595240647,29979250.24135022,2021-05-19
864,1621468800000,0.46581097833589946,28277845.439303312,2021-05-20
865,1621555200000,0.47143306500260057,28240086.512152538,2021-05-21
866,1621641600000,0.44977524772955413,27110746.898332834,2021-05-22
867,1621728000000,0.45257448108716225,27421349.60733356,2021-05-23
868,1621814400000,0.4318272646957331,26460287.27678289,2021-05-24
869,1621900800000,0.4170591376330832,25597759.672805745,2021-05-25
870,1621987200000,0.4866085856419724,28226477.648601722,2021-05-26
871,1622073600000,0.4718459049514894,28700777.00703672,2021-05-27
872,1622160000000,0.4795910107356346,29119276.67729023,2021-05-28
873,1622246400000,0.470976098252322,28537410.5690131,2021-05-29
874,1622332800000,0.4887992662562423,29363163.268906415,2021-05-30
875,1622419200000,0.41287397548159666,25569806.15199863,2021-05-31
876,1622505600000,0.4983328422119174,30257222.476899598,2021-06-01
877,1622592000000,0.43866751870963483,26634529.34001612,2021-06-02
878,1622678400000,0.4211801731969292,25603211.620116744,2021-06-03
879,1622764800000,0.3318431563872374,20148485.830631673,2021-06-04
880,1622851200000,0.4701671961050411,29032107.268656284,2021-06-05
881,1622937600000,0.38285887080170866,23691901.354354274,2021-06-06
882,1623024000000,0.46618414755787524,28192000.455412712,2021-06-07
883,1623110400000,0.46878187655949555,29649596.481394082,2021-06-08
884,1623196800000,0.549995803115667,33394037.010217816,2021-06-09
885,1623283200000,0.5397192115085214,40727132.34855523,2021-06-10
886,1623369600000,0.4693212476807243,35662263.854522735,2021-06-11
887,1623456000000,0.4899190964854144,37366392.91108603,2021-06-12
888,1623542400000,0.4618402220228889,35430232.27709043,2021-06-13
889,1623628800000,0.5515857089002318,40520046.45531544,2021-06-14
890,1623715200000,0.49617933883719717,44725283.43850204,2021-06-15
891,1623801600000,0.48041779374635707,44650324.82637761,2021-06-16
892,1623888000000,0.4892525165099314,45729528.39800391,2021-06-17
893,1623974400000,0.4843876653271437,43662389.64452151,2021-06-18
894,1624060800000,0.4346550364236099,39186042.59160195,2021-06-19
895,1624147200000,0.45022282794006024,41087794.818399005,2021-06-20
896,1624233600000,0.449466654088945,40953999.27076613,2021-06-21
897,1624320000000,0.46914644520928134,44157569.14285319,2021-06-22
898,1624406400000,0.4740091412348891,38467904.08752211,2021-06-23
899,1624492800000,0.47631667273045536,37465037.52774684,2021-06-24
900,1624579200000,0.4745235663907898,39743041.69764167,2021-06-25
901,1624665600000,0.49172151171285927,39862175.72512939,2021-06-26
902,1624752000000,0.4867393662442618,39918746.594291806,2021-06-27
903,1624838400000,0.49152254520040245,39826469.93801793,2021-06-28
904,1624924800000,0.4867270753946985,39834388.366739094,2021-06-29
905,1625011200000,0.4888489005028975,39839138.537271075,2021-06-30
906,1625097600000,0.5027530209474804,40123703.65729919,2021-07-01
907,1625184000000,0.5032807423485499,40764436.380890846,2021-07-02
908,1625270400000,0.5040007000651197,40907563.58191932,2021-07-03
909,1625356800000,0.5028459046753109,40797624.22341383,2021-07-04
910,1625443200000,0.5028339791790337,40760469.95392629,2021-07-05
911,1625529600000,0.5034608645793928,41051608.54097409,2021-07-06
912,1625616000000,0.5000732248928518,40581893.179889,2021-07-07
913,1625702400000,0.4995739846180258,40603089.760760345,2021-07-08
914,1625788800000,0.5003015355453687,40694825.08853808,2021-07-09
915,1625875200000,0.5060256917877684,40638817.38310398,2021-07-10
916,1625961600000,0.504027179848107,40521442.38029079,2021-07-11
917,1626048000000,0.5051041720358496,40688767.64411165,2021-07-12
918,1626134400000,0.49856080209036335,40719297.05589472,2021-07-13
919,1626220800000,0.4999741623458816,40535625.970134005,2021-07-14
920,1626307200000,0.48522601311094016,39083831.21360392,2021-07-15
921,1626393600000,0.504208618047723,40698232.85492214,2021-07-16
922,1626480000000,0.4991053537335746,40831630.95611714,2021-07-17
923,1626566400000,0.5005011720561109,40847889.385989,2021-07-18
924,1626652800000,0.5008088730845283,40599231.097967304,2021-07-19
925,1626739200000,0.47022778111060426,38035945.852210835,2021-07-20
926,1626825600000,0.48538602263313624,39533946.10767399,2021-07-21
927,1626912000000,0.4798116867012724,38954864.126195155,2021-07-22
928,1626998400000,0.4918780957450078,39570760.01016685,2021-07-23
929,1627084800000,0.48108667594277665,39071029.21175075,2021-07-24
930,1627171200000,0.4813160606812136,39622677.910635404,2021-07-25
931,1627257600000,0.48124980846186516,39027959.41525007,2021-07-26
932,1627344000000,0.4787180693358921,39944383.76136152,2021-07-27
933,1627430400000,0.4741118086344246,38476293.331543654,2021-07-28
934,1627516800000,0.47913010279021473,38883550.34232828,2021-07-29
935,1627603200000,0.4747590091341075,40635347.65529599,2021-07-30
936,1627689600000,0.49679507631365066,40097007.94454313,2021-07-31
937,1627776000000,0.43965853426994134,35707084.85075545,2021-08-01
938,1627862400000,0.4896482287901321,39737143.30057289,2021-08-02
939,1627948800000,0.49060696021511996,40104232.81699697,2021-08-03
940,1628035200000,0.4754376283335026,40684010.55207409,2021-08-04
941,1628121600000,0.5042296558969898,41006054.91190097,2021-08-05
942,1628208000000,0.49322193615010906,40119400.47721089,2021-08-06
943,1628294400000,0.5495214342720314,44616922.06673512,2021-08-07
944,1628380800000,0.5198674499379516,42043529.120970935,2021-08-08
945,1628467200000,0.5262997422928076,42762995.42567398,2021-08-09
946,1628553600000,0.5352553774029152,46790570.32313883,2021-08-10
947,1628640000000,0.5465495236765909,47708106.78024192,2021-08-11
948,1628726400000,0.5434378353902141,47199107.48669919,2021-08-12
949,1628812800000,0.5430717064677459,47167308.15798084,2021-08-13
950,1628899200000,0.552349016911755,48576447.44174596,2021-08-14
951,1628985600000,0.5446615087997921,47483730.25784442,2021-08-15
952,1629072000000,0.5531758550626702,48009665.04452114,2021-08-16
953,1629158400000,0.5400531877368347,47546024.554384105,2021-08-17
954,1629244800000,0.5386334000564458,46672721.571055084,2021-08-18
955,1629331200000,0.5445893650629402,47299121.0839455,2021-08-19
956,1629417600000,0.5506463882617497,47294463.6185401,2021-08-20
957,1629504000000,0.540011455451992,46910987.85019996,2021-08-21
958,1629590400000,0.5422893306330598,47384408.66082741,2021-08-22
959,1629676800000,0.5485460659926593,47169767.55941775,2021-08-23
960,1629763200000,0.5335455162343119,46339931.690084115,2021-08-24
961,1629849600000,0.5344169112474325,46803704.49123329,2021-08-25
962,1629936000000,0.5007301691283893,46452776.69688086,2021-08-26
963,1630022400000,0.5360175762664183,46554637.07047998,2021-08-27
964,1630108800000,0.5195346121834415,45808696.51813859,2021-08-28
965,1630195200000,0.5187444805580269,45616071.0685065,2021-08-29
966,1630281600000,0.5223002347341806,45333036.54352141,2021-08-30
967,1630368000000,0.5232930714814564,45850364.67743171,2021-08-31
968,1630454400000,0.493445948244753,41519837.7379486,2021-09-01
969,1630540800000,0.5442631043826495,47105432.010951355,2021-09-02
970,1630627200000,0.5422636506623096,47649825.76531043,2021-09-03
971,1630713600000,0.5383444561722684,46810567.59339002,2021-09-04
972,1630800000000,0.5504212816430426,47869887.001511544,2021-09-05
973,1630886400000,0.5582250133351081,47942158.19089366,2021-09-06
974,1630972800000,0.550994894540724,48680201.69217653,2021-09-07
975,1631059200000,0.5439358905797508,48056541.21914713,2021-09-08
976,1631145600000,0.5046085139996818,44257015.53677257,2021-09-09
977,1631232000000,0.5382714902402295,47556093.476844594,2021-09-10
978,1631318400000,0.5152919237627569,45350521.53618346,2021-09-11
979,1631404800000,0.5225766118166068,45981238.14242316,2021-09-12
980,1631491200000,0.5312940255226646,46897336.878753,2021-09-13
981,1631577600000,0.5399901550084906,47707936.89388737,2021-09-14
982,1631664000000,0.529245149670364,46927098.4817097,2021-09-15
983,1631750400000,0.5223250103802153,47486252.48376378,2021-09-16
984,1631836800000,0.5215851121363051,46081857.944611505,2021-09-17
985,1631923200000,0.5297803525957809,46705037.74208107,2021-09-18
986,1632009600000,0.5267485109045849,46301725.886772156,2021-09-19
987,1632096000000,0.5012356605770147,44343105.96375805,2021-09-20
988,1632182400000,0.5168606660205725,45295906.92635922,2021-09-21
989,1632268800000,0.5259663723547778,46145738.55060021,2021-09-22
990,1632355200000,0.5471454318069885,48340103.03764913,2021-09-23
991,1632441600000,0.5517819157599659,49728438.31109291,2021-09-24
992,1632528000000,0.5593186201633749,48641593.62421208,2021-09-25
993,1632614400000,0.5522832219632837,48562465.820099235,2021-09-26
994,1632700800000,0.5514015440430658,48624661.49317535,2021-09-27
995,1632787200000,0.5550453457778595,49092265.12946506,2021-09-28
996,1632873600000,0.5571156914873214,49220971.911337234,2021-09-29
997,1632960000000,0.5515175243684965,48726375.85037362,2021-09-30
998,1633046400000,0.5587287722550242,48555715.81485239,2021-10-01
999,1633132800000,0.5508469674742812,48667698.11208851,2021-10-02
1000,1633219200000,0.5500532190717852,48518659.438528895,2021-10-03
1001,1633305600000,0.5436884460961492,48676110.24287077,2021-10-04
1002,1633392000000,0.5468643589569184,48315270.35196152,2021-10-05
1003,1633478400000,0.5509104890910184,48665942.466310516,2021-10-06
1004,1633564800000,0.5488254006137944,48488527.680349395,2021-10-07
1005,1633651200000,0.5464048074232194,48333586.26012313,2021-10-08
1006,1633737600000,0.549889310793518,48758564.29369214,2021-10-09
1007,1633824000000,0.5247745144024621,46384583.29493846,2021-10-10
1008,1633910400000,0.53683244502849,47888475.18208085,2021-10-11
1009,1633996800000,0.5316557862020689,47030104.39581741,2021-10-12
1010,1634083200000,0.5185420742123245,45870069.538865894,2021-10-13
1011,1634169600000,0.523273900266384,46288645.39016056,2021-10-14
1012,1634256000000,0.5307772929726414,46884797.713106856,2021-10-15
1013,1634342400000,0.46604011457101324,41093042.63114354,2021-10-16
1014,1634428800000,0.4447390444737551,39341476.63455898,2021-10-17
1015,1634515200000,0.4595689048442866,41035497.34321629,2021-10-18
1016,1634601600000,0.46206227188507376,40770382.50577385,2021-10-19
1017,1634688000000,0.45747901415653336,41236972.62211493,2021-10-20
1018,1634774400000,0.5335245545809797,47720401.032413006,2021-10-21
1019,1634860800000,0.5237742956008257,46959722.759452745,2021-10-22
1020,1634947200000,0.5027784883624135,45056664.64984723,2021-10-23
1021,1635033600000,0.48379746993458067,43315897.86948958,2021-10-24
1022,1635120000000,0.4882006779608003,43485265.33928319,2021-10-25
1023,1635206400000,0.5155273333394534,45976392.17280515,2021-10-26
1024,1635292800000,0.524370187260306,46722803.88006111,2021-10-27
1025,1635379200000,0.5368542737267821,47818963.78974667,2021-10-28
1026,1635465600000,0.5388794581901213,48275743.773321494,2021-10-29
1027,1635552000000,0.545362808632704,48461545.09552322,2021-10-30
1028,1635638400000,0.5465557917248531,48762250.24984539,2021-10-31
1029,1635724800000,0.5396719108975577,48370472.75305206,2021-11-01
1030,1635811200000,0.5387100049390477,47732282.37869732,2021-11-02
1031,1635897600000,0.5366348301079853,47807515.53554399,2021-11-03
1032,1635984000000,0.5464856168390813,48601146.18375013,2021-11-04
1033,1636070400000,0.42924841580906853,38776078.38651287,2021-11-05
1034,1636156800000,0.3812617953321373,34469454.079695076,2021-11-06
1035,1636243200000,0.38962040574519075,35227412.23142841,2021-11-07
1036,1636329600000,0.3890222692622314,35206927.9237496,2021-11-08
1037,1636416000000,0.4354580511485995,39621969.67082155,2021-11-09
1038,1636502400000,0.38545459531269993,34831378.58261209,2021-11-10
1039,1636588800000,0.38016408243259486,34354393.422153525,2021-11-11
1040,1636675200000,0.3837769188331089,34742093.42286975,2021-11-12
1041,1636761600000,0.37086297846407396,33506713.395240415,2021-11-13
1042,1636848000000,0.3882296880448785,35053065.48042933,2021-11-14
1043,1636934400000,0.40194206190557924,36277437.61036932,2021-11-15
1044,1637020800000,0.3868752617977453,34982403.42810044,2021-11-16
1045,1637107200000,0.3820970231309903,34584671.75186317,2021-11-17
1046,1637193600000,0.3700093892663379,34623712.93983496,2021-11-18
1047,1637280000000,0.41875497077957774,39190927.96827475,2021-11-19
1048,1637366400000,0.3508004346049367,32724565.52291069,2021-11-20
1049,1637452800000,0.3563367366064397,33361164.383571997,2021-11-21
1050,1637539200000,0.37507114909874056,35151630.71942174,2021-11-22
1051,1637625600000,0.38344622736187417,35878422.00430158,2021-11-23
1052,1637712000000,0.3861226156946242,36101412.275670506,2021-11-24
1053,1637798400000,0.35831663563935323,33596967.041063026,2021-11-25
1054,1637884800000,0.36564230103754564,34238870.02771695,2021-11-26
1055,1637971200000,0.3661719232618439,34218516.48539895,2021-11-27
1056,1638057600000,0.3693348980378693,34560833.9086834,2021-11-28
1057,1638144000000,0.3670020577077343,34338553.213648096,2021-11-29
1058,1638230400000,0.3686812618610362,34497618.005335264,2021-11-30
1059,1638316800000,0.37767403901399993,35367460.122506306,2021-12-01
1060,1638403200000,0.38934032747289876,36436424.38941919,2021-12-02
1061,1638489600000,0.3484905507065988,32686014.398969244,2021-12-03
1062,1638576000000,0.38456942235039454,35987635.775391586,2021-12-04
1063,1638662400000,0.38505704639814664,36059625.59333188,2021-12-05
1064,1638748800000,0.3840493263243167,35934917.49161002,2021-12-06
1065,1638835200000,0.3615248646727889,33835836.363785125,2021-12-07
1066,1638921600000,0.3753504196121982,35127654.12165232,2021-12-08
1067,1639008000000,0.3101340690392441,29016218.956857108,2021-12-09
1068,1639094400000,0.34881857460075116,32735184.919605114,2021-12-10
1069,1639180800000,0.34788060161915846,32445343.824045945,2021-12-11
1070,1639267200000,0.3250107812809382,30449972.247951526,2021-12-12
1071,1639353600000,0.3253056065219552,30319049.062794745,2021-12-13
1072,1639440000000,0.3735449192184183,35046813.847793095,2021-12-14
1073,1639526400000,0.4739041892348904,44210365.98980922,2021-12-15
1074,1639612800000,0.48436042232717497,45251952.885366365,2021-12-16
1075,1639699200000,0.7034398671762635,65524295.26271859,2021-12-17
1076,1639785600000,0.7866472064409659,73650571.88825117,2021-12-18
1077,1639872000000,0.7869177812590863,73642402.83013551,2021-12-19
1078,1639958400000,0.7405756550050208,69071143.7280638,2021-12-20
1079,1640044800000,0.7608365700647904,71368740.4465296,2021-12-21
1080,1640131200000,0.7892948863771181,73911537.21857063,2021-12-22
1081,1640217600000,0.7911395300595955,79786614.46632406,2021-12-23
1082,1640304000000,0.28105475874772246,28213128.772967193,2021-12-24
1083,1640390400000,0.28060334943937004,28227485.425035592,2021-12-25
1084,1640476800000,0.29057314400589246,29221687.30366442,2021-12-26
1085,1640563200000,0.31209453707889034,31446968.6526294,2021-12-27
1086,1640649600000,0.2803034255149086,28177492.87792161,2021-12-28
1087,1640736000000,0.4238025183579757,42697977.48838179,2021-12-29
1088,1640822400000,0.4308770500886365,43266366.635425135,2021-12-30
1089,1640908800000,0.34148672146985,34292627.16385749,2021-12-31
1090,1640995200000,0.5228157017731064,52753047.0327653,2022-01-01
1091,1641081600000,0.34968076695958905,35120498.892937325,2022-01-02
1092,1641168000000,0.39578427424783946,40021218.431305155,2022-01-03
1093,1641254400000,0.30932841545856143,31134330.03431536,2022-01-04
1094,1641340800000,0.37109648984195936,37854246.22709531,2022-01-05
1095,1641427200000,0.3350965329722573,33747281.154732674,2022-01-06
1096,1641513600000,0.3917410640299289,39510624.40170688,2022-01-07
1097,1641600000000,0.39287331835518224,39550596.19074477,2022-01-08
1098,1641686400000,0.3291500300131334,33196405.735192012,2022-01-09
1099,1641772800000,0.3286417113986988,33063826.91905258,2022-01-10
1100,1641859200000,0.37587530650436524,37822119.463070765,2022-01-11
1101,1641945600000,0.3669077624403318,36946076.724003226,2022-01-12
1102,1642032000000,0.3807356516023525,38286161.01702682,2022-01-13
1103,1642118400000,0.38578314938587843,38891955.53905719,2022-01-14
1104,1642204800000,0.3892337247012577,39138698.14475647,2022-01-15
1105,1642291200000,0.39273697712067707,39356785.864160605,2022-01-16
1106,1642377600000,0.392858042054029,39476277.68950249,2022-01-17
1107,1642464000000,0.41116523580980696,41356136.27014849,2022-01-18
1108,1642550400000,0.44204548825253365,44512033.13309806,2022-01-19
1109,1642636800000,0.4321386968863304,44546991.575811714,2022-01-20
1110,1642723200000,0.45514153045374395,46963973.82367026,2022-01-21
1111,1642809600000,0.39887588204194435,41103513.09575168,2022-01-22
1112,1642896000000,0.38653008471130185,39818368.7697328,2022-01-23
1113,1642982400000,0.3992660358807387,41094249.79588661,2022-01-24
1114,1643068800000,0.3995320785998543,41196848.66815357,2022-01-25
1115,1643155200000,0.4018416550385503,41408746.537129916,2022-01-26
1116,1643241600000,0.4011524059369147,41620958.59177845,2022-01-27
1117,1643328000000,0.46231573064414333,47565984.866305634,2022-01-28
1118,1643414400000,0.42047992473516765,43458549.663560785,2022-01-29
1119,1643500800000,0.4211781789257371,43372670.25450849,2022-01-30
1120,1643587200000,0.4209389822595438,43404173.23045792,2022-01-31
1121,1643673600000,0.4654973722994074,48402408.52943256,2022-02-01
1122,1643760000000,0.3848461143287392,39902041.32024132,2022-02-02
1123,1643846400000,0.38433221704647014,39920065.26625144,2022-02-03
1124,1643932800000,0.46984630474590133,48799407.41179018,2022-02-04
1125,1644019200000,0.5723505110351654,60178218.511594474,2022-02-05
1126,1644105600000,0.4473988411570495,46600852.97750679,2022-02-06
1127,1644192000000,0.4490896744518896,46761258.63493505,2022-02-07
1128,1644278400000,0.5791024461530889,60154361.40786381,2022-02-08
1129,1644364800000,0.497394408661562,51724752.571534045,2022-02-09
1130,1644451200000,0.504259027398188,52424528.34355687,2022-02-10
1131,1644537600000,0.49913864108328815,51858551.04437134,2022-02-11
1132,1644624000000,0.5103965515353464,52865116.29147815,2022-02-12
1133,1644710400000,0.4407389649968232,45766412.53631392,2022-02-13
1134,1644796800000,0.4404335287764966,45812314.92222488,2022-02-14
1135,1644883200000,0.5200015614798986,53972613.6039292,2022-02-15
1136,1644969600000,0.49951387320914786,51858242.59483387,2022-02-16
1137,1645056000000,0.4995634656886272,51876618.21346863,2022-02-17
1138,1645142400000,0.49227229017493723,51203421.90881293,2022-02-18
1139,1645228800000,0.5464283012868841,58114607.87148889,2022-02-19
1140,1645315200000,0.5699417142030434,60506036.84276245,2022-02-20
1141,1645401600000,0.5661366594085768,60174414.05833085,2022-02-21
1142,1645488000000,0.5689794192912794,60459251.99862829,2022-02-22
1143,1645574400000,0.6298534814300883,66939505.89886624,2022-02-23
1144,1645660800000,0.6412799373127923,68276815.87779246,2022-02-24
1145,1645747200000,0.5117972840355277,54463183.99804635,2022-02-25
1146,1645833600000,0.5117574646963018,54340861.342982545,2022-02-26
1147,1645920000000,0.5513548661815335,58701661.32102837,2022-02-27
1148,1646006400000,0.5426998597825015,57780628.66993874,2022-02-28
1149,1646092800000,0.5166072439847128,54944143.83480235,2022-03-01
1150,1646179200000,0.440471306885917,46864228.29215188,2022-03-02
1151,1646265600000,0.4571909538443454,49191039.955066,2022-03-03
1152,1646352000000,0.4768459295410906,51451941.84364255,2022-03-04
1153,1646438400000,0.4919546668771035,52887399.179728605,2022-03-05
1154,1646524800000,0.5690312996301656,61235951.007446215,2022-03-06
1155,1646611200000,0.568171460629943,61254605.47040691,2022-03-07
1156,1646697600000,0.5690876878496222,60853522.073180035,2022-03-08
1157,1646784000000,0.5688468144805029,61260217.29492482,2022-03-09
1158,1646870400000,0.5688845325235751,61225841.94114825,2022-03-10
1159,1646956800000,0.5690642301131996,61261404.13278142,2022-03-11
1160,1647043200000,0.5685458366202859,61245906.877625264,2022-03-12
1161,1647129600000,0.5697389503856211,61400997.22077451,2022-03-13
1162,1647216000000,0.5690647947960844,61355922.26220406,2022-03-14
1163,1647302400000,0.6298651845584875,67757801.41929951,2022-03-15
1164,1647388800000,0.6287239751762966,68430082.56864542,2022-03-16
1165,1647475200000,0.6409407748567719,69610988.01887007,2022-03-17
1166,1647561600000,0.6045916528609889,65787423.69840968,2022-03-18
1167,1647648000000,0.6149933631360364,66876961.47962438,2022-03-19
1168,1647734400000,0.6409728692724594,69691808.41322106,2022-03-20
1169,1647820800000,0.6636505402597214,72286753.62547897,2022-03-21
1170,1647907200000,0.6471439610354967,70397830.63064593,2022-03-22
1171,1647993600000,0.6797636247004127,74046489.54345106,2022-03-23
1172,1648080000000,0.677767633410918,74004052.13306355,2022-03-24
1173,1648166400000,0.6394469769120086,69582297.51292804,2022-03-25
1174,1648252800000,0.6997771109672672,76171068.15185596,2022-03-26
1175,1648339200000,0.7000659856931597,76139081.93447171,2022-03-27
1176,1648425600000,0.698648995967553,76007270.11324203,2022-03-28
1177,1648512000000,0.7496521294424529,81464128.61067316,2022-03-29
1178,1648598400000,0.7497436270452892,81588295.0672073,2022-03-30
1179,1648684800000,0.7994415063087257,87077781.23448594,2022-03-31
1180,1648771200000,0.7903051388451823,85692757.04645304,2022-04-01
1181,1648857600000,0.6001290769545091,65343643.85301028,2022-04-02
1182,1648944000000,0.6213190726800376,67587578.32446852,2022-04-03
1183,1649030400000,0.5831901593017151,63429579.256943494,2022-04-04
1184,1649116800000,0.6503469112473057,70777367.41822864,2022-04-05
1185,1649203200000,0.59330802723066,64559618.68872431,2022-04-06
1186,1649289600000,0.6904616254479844,74922687.67940086,2022-04-07
1187,1649376000000,0.6907293362710115,75160322.32854933,2022-04-08
1188,1649462400000,0.6905743517850412,75217029.23478156,2022-04-09
1189,1649548800000,0.6904198514722683,75126646.3631489,2022-04-10
1190,1649635200000,0.6148595301681763,66979127.637946345,2022-04-11
1191,1649721600000,0.6419275515448409,69850054.35871127,2022-04-12
1192,1649808000000,0.680692251571218,74163679.43796954,2022-04-13
1193,1649894400000,0.5918780145178048,64378398.55876604,2022-04-14
1194,1649980800000,0.681096014293655,74057604.65970781,2022-04-15
1195,1650067200000,0.6810347505979661,74032403.87603664,2022-04-16
1196,1650153600000,0.6814354331136298,74081793.21378557,2022-04-17
1197,1650240000000,0.6511943150764924,70879217.38375185,2022-04-18
1198,1650326400000,0.6512452105785749,70909319.08731174,2022-04-19
1199,1650412800000,0.6321589159037347,68865083.91254598,2022-04-20
1200,1650499200000,0.6316487307412008,68704946.38310052,2022-04-21
1201,1650585600000,0.6304120856238744,68694881.55951127,2022-04-22
1202,1650672000000,0.6898185409288952,75153707.50044756,2022-04-23
1203,1650758400000,0.6908131598549239,75169443.42310078,2022-04-24
1204,1650844800000,0.690552519860349,75153176.90645172,2022-04-25
1205,1650931200000,0.7154063238533152,77845499.05898407,2022-04-26
1206,1651017600000,0.8004561888690988,87100028.92026946,2022-04-27
1207,1651104000000,0.8822088395358416,96007791.15493345,2022-04-28
1208,1651190400000,0.9194825230349487,100051639.87947282,2022-04-29
1209,1651276800000,0.9022024582483158,98084182.3912424,2022-04-30
1210,1651363200000,0.9022076278402201,98199569.19537224,2022-05-01
1211,1651449600000,0.900954230874738,98231950.39618075,2022-05-02
1212,1651536000000,0.9114498583818379,103884978.83383319,2022-05-03
1213,1651622400000,0.9100866062512818,103885434.09832819,2022-05-04
1214,1651708800000,0.9092763737709001,103747880.90571307,2022-05-05
1215,1651795200000,0.9097759527682838,103942082.38862616,2022-05-06
1216,1651881600000,0.4566027348721141,52080952.1655742,2022-05-07
1217,1651968000000,0.5256421474220159,59997639.4193772,2022-05-08
1218,1652054400000,0.5376635869977983,61181026.85727967,2022-05-09
1219,1652140800000,0.5077259578447669,58001517.72775171,2022-05-10
1220,1652227200000,0.5015360549081384,57129053.599086165,2022-05-11
1221,1652313600000,0.4706253600893826,54027926.502107486,2022-05-12
1222,1652400000000,0.5387024843801859,61531690.33827922,2022-05-13
1223,1652486400000,0.5895050830428106,67416172.80948684,2022-05-14
1224,1652572800000,0.5921566041094942,67331898.35243286,2022-05-15
1225,1652659200000,0.5900897323240593,67334162.91450384,2022-05-16
1226,1652745600000,0.5902326150205249,67436918.39271986,2022-05-17
1227,1652832000000,0.5585887041341273,63689992.82312624,2022-05-18
1228,1652918400000,0.5920179406719982,67386176.15479483,2022-05-19
1229,1653004800000,0.589057937772451,67272116.11622055,2022-05-20
1230,1653091200000,0.6985086004662578,79687724.04775709,2022-05-21
1231,1653177600000,0.5456719727253294,62260840.01843529,2022-05-22
1232,1653264000000,0.7002050145562115,79933701.59166735,2022-05-23
1233,1653350400000,0.820584642341906,93628208.32315548,2022-05-24
1234,1653436800000,0.6765166502546522,77219031.77111016,2022-05-25
1235,1653523200000,0.8460780571542265,96575969.40963736,2022-05-26
1236,1653609600000,0.9012090849079065,102912630.35400233,2022-05-27
1237,1653696000000,1.0307546111552766,117472409.16431387,2022-05-28
1238,1653782400000,1.1022232076655043,125762997.23499253,2022-05-29
1239,1653868800000,1.110718851855063,126742641.80827324,2022-05-30
1240,1653955200000,1.2006315657654931,136901098.9124703,2022-05-31
1241,1654041600000,1.2081222016792117,138087575.08757302,2022-06-01
1242,1654128000000,1.211766398802896,138154983.30306816,2022-06-02
1243,1654214400000,1.0712197008525872,122225515.97487083,2022-06-03
1244,1654300800000,1.1599492364464599,132436913.07141136,2022-06-04
1245,1654387200000,1.2413675537307018,141507254.29204467,2022-06-05
1246,1654473600000,1.3201541817987708,150843161.93935516,2022-06-06
1247,1654560000000,1.319499635878811,150554105.4702237,2022-06-07
1248,1654646400000,1.362957472838165,155305022.094957,2022-06-08
1249,1654732800000,1.311470076420046,149637937.62237945,2022-06-09
1250,1654819200000,1.209726518852683,138055037.95589745,2022-06-10
1251,1654905600000,1.190224937669874,135863993.6740075,2022-06-11
1252,1654992000000,1.1905072076717491,135780868.18373355,2022-06-12
1253,1655078400000,1.12236563054839,128741724.16447563,2022-06-13
1254,1655164800000,1.1227373443016726,128537097.08799192,2022-06-14
1255,1655251200000,1.1209737757456988,128154925.97452249,2022-06-15
1256,1655337600000,1.1319085273656229,129446393.88023487,2022-06-16
1257,1655424000000,1.142023405509425,130684377.02322681,2022-06-17
1258,1655510400000,1.1428448394768995,130154601.26193516,2022-06-18
1259,1655596800000,1.1416884637134683,130269716.1470732,2022-06-19
1260,1655683200000,1.1392724754518226,129990296.1430222,2022-06-20
1261,1655769600000,1.140303434288207,129401092.98744705,2022-06-21
1262,1655856000000,1.1396515831987637,130389354.56279992,2022-06-22
1263,1655942400000,1.1415087454176094,130427271.18332379,2022-06-23
1264,1656028800000,1.1409380837298098,130296311.52823256,2022-06-24
1265,1656115200000,1.1417635295977466,130726896.68681091,2022-06-25
1266,1656201600000,1.144491726105204,130733738.54662696,2022-06-26
1267,1656288000000,1.1478629548152977,130945972.90363288,2022-06-27
1268,1656374400000,1.1463777274281175,130800857.13897821,2022-06-28
1269,1656460800000,1.1448062844442417,130698920.92000605,2022-06-29
1270,1656547200000,0.40043246274204025,45731295.33015966,2022-06-30
1271,1656633600000,1.1142962572136383,128498780.7038724,2022-07-01
1272,1656720000000,1.1212126174519053,127224258.83845724,2022-07-02
1273,1656806400000,1.1149906018944526,127185075.47287586,2022-07-03
1274,1656892800000,1.0008920404998563,114246311.998734,2022-07-04
1275,1656979200000,1.1124374376563957,126778395.66421275,2022-07-05
1276,1657065600000,1.1108685640983578,126844541.36184856,2022-07-06
1277,1657152000000,1.1124320463784347,126898495.96502079,2022-07-07
1278,1657238400000,1.115253370546073,127159148.76409465,2022-07-08
1279,1657324800000,1.0066092625432677,114246182.78932433,2022-07-09
1280,1657411200000,0.9128915393705048,104203831.905593,2022-07-10
1281,1657497600000,0.9699774930368256,110751623.02607131,2022-07-11
1282,1657584000000,0.9704302374397756,110497096.48719665,2022-07-12
1283,1657670400000,0.9146949906362155,104188769.25658521,2022-07-13
1284,1657756800000,0.9126045442069348,104210236.09228839,2022-07-14
1285,1657843200000,0.9117778898617444,104037022.8480115,2022-07-15
1286,1657929600000,0.9125214683953314,104118144.22755331,2022-07-16
1287,1658016000000,0.911398826250278,103990051.44198833,2022-07-17
1288,1658102400000,0.9102268568827887,111510169.2809167,2022-07-18
1289,1658188800000,0.9094641321698685,103841401.39827234,2022-07-19
1290,1658275200000,0.9121582418911419,104228944.06712155,2022-07-20
1291,1658361600000,0.913267374091484,103997073.6730017,2022-07-21
1292,1658448000000,0.8998290557027295,102965263.01727077,2022-07-22
1293,1658534400000,0.9127388036333479,104221709.38156976,2022-07-23
1294,1658620800000,0.9139276535059225,104267007.49054305,2022-07-24
1295,1658707200000,0.9126661283979693,104304184.37929262,2022-07-25
1296,1658793600000,0.9999661703747766,104221200.94322838,2022-07-26
1297,1658880000000,0.9117012972798065,104204889.34607567,2022-07-27
1298,1658966400000,0.9130505590983244,103991835.19610575,2022-07-28
1299,1659052800000,0.9127453771121447,104182058.88431959,2022-07-29
1300,1659139200000,0.9132864145224507,104632835.50822864,2022-07-30
1301,1659225600000,0.9129976595543126,104172477.3490062,2022-07-31
1302,1659312000000,0.9955154331223982,113396325.70032535,2022-08-01
1303,1659398400000,0.9143298622781353,104391455.31551361,2022-08-02
1304,1659484800000,0.9160743890139351,104309937.3771253,2022-08-03
1305,1659571200000,0.9131646657729786,104263368.82131012,2022-08-04
1306,1659657600000,0.902456633533563,102570581.24254876,2022-08-05
1307,1659744000000,0.9160324424064171,104446388.63812675,2022-08-06
1308,1659830400000,0.9126247646623703,104152447.2796188,2022-08-07
1309,1659916800000,1.001196385407918,114017295.99621099,2022-08-08
1310,1660003200000,1.000883675924832,114307289.15777832,2022-08-09
1311,1660089600000,1.000971866023903,114210280.77034676,2022-08-10
1312,1660176000000,1.0002589265078579,114168524.23961677,2022-08-11
1313,1660262400000,1.0000608168340035,114181669.66573086,2022-08-12
1314,1660348800000,1.0007021806112986,114352501.02209114,2022-08-13
1315,1660435200000,1.0002108385536999,114217560.6707372,2022-08-14
1316,1660521600000,0.9900519992217458,113058254.3291445,2022-08-15
1317,1660608000000,0.991230803440003,113073189.24393645,2022-08-16
1318,1660694400000,0.99258859735051,113253754.91636376,2022-08-17
1319,1660780800000,0.9933796518043554,113176788.44029386,2022-08-18
1320,1660867200000,0.9936020656556934,113229866.61485748,2022-08-19
1321,1660953600000,0.9955123062258251,113795098.33073285,2022-08-20
1322,1661040000000,0.99165499363106,113313211.09975207,2022-08-21
1323,1661126400000,0.9942832160243821,113402466.39823113,2022-08-22
1324,1661212800000,0.9916580515124481,113092298.76059988,2022-08-23
1325,1661299200000,0.9931325376804037,113359276.9629999,2022-08-24
1326,1661385600000,0.9927116443300976,113224025.35153267,2022-08-25
1327,1661472000000,0.9924458310066486,113204945.21051432,2022-08-26
1328,1661558400000,0.9939201162057936,113831207.67906867,2022-08-27
1329,1661644800000,0.9923497998018528,113215859.82211156,2022-08-28
1330,1661731200000,0.9956323936302602,113657971.89929242,2022-08-29
1331,1661817600000,0.9937139605752066,113073642.48430137,2022-08-30
1332,1661904000000,0.9979821208981488,114083673.1849646,2022-08-31
1333,1661990400000,0.9898978041322768,113014045.67615922,2022-09-01
1334,1662076800000,0.9922919927198747,113186739.81427847,2022-09-02
1335,1662163200000,0.991918185653983,113166739.196844,2022-09-03
1336,1662249600000,0.9907855396978061,113262799.00939375,2022-09-04
1337,1662336000000,0.8846307105819637,100935825.73401196,2022-09-05
1338,1662422400000,0.9891461502080432,112690785.09366676,2022-09-06
1339,1662508800000,0.9936645797399671,113191861.04290731,2022-09-07
1340,1662595200000,0.9914920984016127,113120012.59027956,2022-09-08
1341,1662681600000,0.9904633651314103,112975951.75857046,2022-09-09
1342,1662768000000,0.9918906234554535,113207021.1896799,2022-09-10
1343,1662854400000,0.9925915556519191,113126776.77044146,2022-09-11
1344,1662940800000,0.9896294400680213,112988233.51705182,2022-09-12
1345,1663027200000,0.9895164595923623,113057997.01716149,2022-09-13
1346,1663113600000,0.9994692353198104,114202959.89301604,2022-09-14
1347,1663200000000,0.9903332645448397,112986267.34822296,2022-09-15
1348,1663286400000,0.9918503973489382,113074839.78427736,2022-09-16
1349,1663372800000,0.9887909713000159,112938061.63284239,2022-09-17
1350,1663459200000,0.9911674900588201,113020743.23091663,2022-09-18
1351,1663545600000,0.9902421014439126,113131798.75324234,2022-09-19
1352,1663632000000,0.9896026511782984,112953950.64049324,2022-09-20
1353,1663718400000,0.9900068648298747,113106123.80818066,2022-09-21
1354,1663804800000,0.8869557239431902,101371524.18784755,2022-09-22
1355,1663891200000,0.9900754022660688,112973677.76854593,2022-09-23
1356,1663977600000,0.9720823966198406,110896382.45996007,2022-09-24
1357,1664064000000,0.9907192346373946,112969502.18060142,2022-09-25
1358,1664150400000,0.9911167569585814,113086893.8789608,2022-09-26
1359,1664236800000,0.9906775103289484,112911929.7134664,2022-09-27
1360,1664323200000,0.9320209604494167,106250902.92404126,2022-09-28
1361,1664409600000,0.992485192349833,113058746.70922737,2022-09-29
1362,1664496000000,0.9503661069255892,108674007.55543013,2022-09-30
1363,1664582400000,0.9562172896838215,109125537.4672872,2022-10-01
1364,1664668800000,0.9554126364018957,108984815.8057683,2022-10-02
1365,1664755200000,0.9564914291033354,109182291.72674541,2022-10-03
1366,1664841600000,0.9540080013602177,109044466.71975918,2022-10-04
1367,1664928000000,0.9302469771172964,106114429.40365537,2022-10-05
1368,1665014400000,0.9548770691368895,108950892.49659862,2022-10-06
1369,1665100800000,0.9546872720407592,108830466.0931874,2022-10-07
1370,1665187200000,0.957634546908207,109160793.6254871,2022-10-08
1371,1665273600000,0.9551360598250157,108947911.06540136,2022-10-09
1372,1665360000000,0.9547400875090358,108728731.56971657,2022-10-10
1373,1665446400000,0.9552678562308835,108870397.2496408,2022-10-11
1374,1665532800000,0.9547995031756854,108892968.2710391,2022-10-12
1375,1665619200000,0.9544560107835426,108990655.9797201,2022-10-13
1376,1665705600000,0.9550807556082754,108988728.86962304,2022-10-14
1377,1665792000000,0.9553359955880406,108846232.64845297,2022-10-15
1378,1665878400000,0.951547485405424,108570989.01906173,2022-10-16
1379,1665964800000,0.957000940915404,109193224.97404166,2022-10-17
1380,1666051200000,0.9555540591706191,108836068.77497226,2022-10-18
1381,1666137600000,0.9542688255645106,108913496.32845627,2022-10-19
1382,1666224000000,0.9556082575660869,109084884.21624936,2022-10-20
1383,1666310400000,0.954462683380138,108887649.60309534,2022-10-21
1384,1666396800000,0.9546227324554949,108973900.83747411,2022-10-22
1385,1666483200000,0.9562500116493458,109120844.64804906,2022-10-23
1386,1666569600000,0.9559552128849687,108952828.85848573,2022-10-24
1387,1666656000000,0.9537662236949346,108950422.40998837,2022-10-25
1388,1666742400000,0.9539343553884595,108875428.53231233,2022-10-26
1389,1666828800000,0.9564754809949473,108861898.78016247,2022-10-27
1390,1666915200000,0.9375376180075421,106959873.33538683,2022-10-28
1391,1667001600000,0.9540189671448627,108872724.38702291,2022-10-29
1392,1667088000000,0.9541822018810872,108793187.80650938,2022-10-30
1393,1667174400000,0.9273597523009068,105803964.3734455,2022-10-31
1394,1667260800000,0.9509043308041139,108539128.14551663,2022-11-01
1395,1667347200000,0.9504725005300926,108389827.09283529,2022-11-02
1396,1667433600000,0.9519991084531717,108513911.67378794,2022-11-03
1397,1667520000000,0.9506649506292054,108470292.33816311,2022-11-04
1398,1667606400000,0.9515465105191421,108554408.3809907,2022-11-05
1399,1667692800000,0.9498210375995502,108374002.37504402,2022-11-06
1400,1667779200000,0.9517613410441312,108520247.56373174,2022-11-07
1401,1667865600000,0.9508626344281338,108525280.07875727,2022-11-08
1402,1667952000000,0.8206492476930505,93748835.93660931,2022-11-09
1403,1668038400000,0.9415318404698552,108054687.5332349,2022-11-10
1404,1668124800000,0.949151432589295,108466233.82325,2022-11-11
1405,1668211200000,0.8455983599107546,96825333.51977947,2022-11-12
1406,1668297600000,0.8486656196860175,96832230.74939631,2022-11-13
1407,1668384000000,0.841173880204526,96074091.23881252,2022-11-14
1408,1668470400000,0.8409176131085009,95989716.5693722,2022-11-15
1409,1668556800000,0.8421766508344914,96150853.04585995,2022-11-16
1410,1668643200000,0.8415288693613019,95927071.65733516,2022-11-17
1411,1668729600000,0.8414003597910408,96149383.33567223,2022-11-18
1412,1668816000000,0.8418194585860764,95970878.89583188,2022-11-19
1413,1668902400000,0.8422440311070476,96068421.60057268,2022-11-20
