,Time,open,mktcap,Date
0,1617062400000,6.998916351368947,0.0,2021-03-30
1,1617148800000,6.998916351368947,0.0,2021-03-31
2,1617235200000,8.010350397764782,0.0,2021-04-01
3,1617321600000,6.295870301180498,0.0,2021-04-02
4,1617408000000,5.63656575490684,0.0,2021-04-03
5,1617494400000,6.043283921353458,0.0,2021-04-04
6,1617580800000,6.003068048860651,0.0,2021-04-05
7,1617667200000,5.068224030077215,0.0,2021-04-06
8,1617753600000,4.630087600398163,0.0,2021-04-07
9,1617840000000,4.130480336053895,1107540940.6681237,2021-04-08
10,1617926400000,5.512334704256674,1446848122.8394184,2021-04-09
11,1618012800000,5.530743259801873,1439860455.283996,2021-04-10
12,1618099200000,4.727778539879214,1216379664.83151,2021-04-11
13,1618185600000,4.441932776479506,1147909592.86849,2021-04-12
14,1618272000000,4.67394215635171,1208390584.3710852,2021-04-13
15,1618358400000,4.549057073362095,1174667133.6126187,2021-04-14
16,1618444800000,4.196836631248953,1085285197.2404099,2021-04-15
17,1618531200000,4.289848963482394,1108714225.6106555,2021-04-16
18,1618617600000,3.817246469880103,987286896.4075514,2021-04-17
19,1618704000000,3.910843092330818,1012346497.5202285,2021-04-18
20,1618790400000,3.4050215324340627,880479607.8498404,2021-04-19
21,1618876800000,3.2072764399600895,829885396.2771254,2021-04-20
22,1618963200000,3.169670030348477,829148304.6584927,2021-04-21
23,1619049600000,3.2703125499329153,847400875.486011,2021-04-22
24,1619136000000,2.7692811257628738,721491997.8104752,2021-04-23
25,1619222400000,2.756370006285057,708667739.7559272,2021-04-24
26,1619308800000,2.4477338961208193,634219006.6032584,2021-04-25
27,1619395200000,2.4912080857278918,640324073.5513159,2021-04-26
28,1619481600000,3.3652051894141994,869247983.6632382,2021-04-27
29,1619568000000,3.5037983311439977,905945381.8310381,2021-04-28
30,1619654400000,3.307168900724861,853254947.178745,2021-04-29
31,1619740800000,3.2329826673405506,835619188.5236403,2021-04-30
32,1619827200000,3.3884409763416476,876992500.6688014,2021-05-01
33,1619913600000,3.3000929022981453,850219359.7058457,2021-05-02
34,1620000000000,3.283763878876289,849428520.6012123,2021-05-03
35,1620086400000,3.3625883896443125,869311704.6789968,2021-05-04
36,1620172800000,2.9165876203224057,765613805.2422493,2021-05-05
37,1620259200000,3.1336663701129326,809994357.8114297,2021-05-06
38,1620345600000,2.9886750879807193,776272100.7450954,2021-05-07
39,1620432000000,3.003665560403665,772139786.589938,2021-05-08
40,1620518400000,3.0293024310934884,782177047.8504593,2021-05-09
41,1620604800000,3.033977295516477,783270933.2217653,2021-05-10
42,1620691200000,2.6364472281035183,681001923.4352378,2021-05-11
43,1620777600000,2.8040491781157777,723016225.3882886,2021-05-12
44,1620864000000,2.4432612030183836,627605910.5038406,2021-05-13
45,1620950400000,2.4064426546573006,615852035.8112166,2021-05-14
46,1621036800000,2.5233278623692157,644177466.9687035,2021-05-15
47,1621123200000,2.3521046908928254,612150630.9458133,2021-05-16
48,1621209600000,2.317182808810098,597319227.8774781,2021-05-17
49,1621296000000,2.1392125379269014,555152629.1236839,2021-05-18
50,1621382400000,2.1853431053086916,560995688.4295639,2021-05-19
51,1621468800000,1.442549186744503,376815920.851062,2021-05-20
52,1621555200000,1.662799496853021,428702875.1910211,2021-05-21
53,1621641600000,1.8008921471183246,462649679.22386456,2021-05-22
54,1621728000000,1.7761547201474053,459282758.2019813,2021-05-23
55,1621814400000,1.476028519602802,369521978.32242984,2021-05-24
56,1621900800000,1.7471677083648645,451216459.4564303,2021-05-25
57,1621987200000,1.6849941547854776,434451078.1120164,2021-05-26
58,1622073600000,1.816613670722061,470051538.9338263,2021-05-27
59,1622160000000,1.7063730983377823,440337789.9930821,2021-05-28
60,1622246400000,1.7186530051737952,444323081.83235663,2021-05-29
61,1622332800000,1.6879909258261376,435168905.05688,2021-05-30
62,1622419200000,1.6510348585602412,426123727.6416462,2021-05-31
63,1622505600000,1.7035121324995672,440026113.6290051,2021-06-01
64,1622592000000,1.6461953437223684,425536927.58139104,2021-06-02
65,1622678400000,1.691299298742483,437342000.6735925,2021-06-03
66,1622764800000,1.7532299796896236,460017038.6398061,2021-06-04
67,1622851200000,1.5968590634799105,412699539.3185396,2021-06-05
68,1622937600000,1.5436169090066651,398196239.12245715,2021-06-06
69,1623024000000,1.6239190734612858,419600176.39211416,2021-06-07
70,1623110400000,1.517982155872064,395607592.6690846,2021-06-08
71,1623196800000,1.4270492859677903,369489838.01359504,2021-06-09
72,1623283200000,1.5171676836063326,404752458.4988814,2021-06-10
73,1623369600000,1.5095024648329627,392470798.582254,2021-06-11
74,1623456000000,1.3624820357252179,350010871.9379599,2021-06-12
75,1623542400000,1.2870220468307527,333755098.5963485,2021-06-13
76,1623628800000,1.3384089752429211,342889571.29773754,2021-06-14
77,1623715200000,1.3326179976509815,343375537.3912627,2021-06-15
78,1623801600000,1.3140300310733461,339886062.75105304,2021-06-16
79,1623888000000,1.2630678880294373,323441115.15706974,2021-06-17
80,1623974400000,1.254348928191437,322634584.96195275,2021-06-18
81,1624060800000,1.1319521799410834,293368961.09271395,2021-06-19
82,1624147200000,1.0908468499889996,282322918.46051395,2021-06-20
83,1624233600000,1.0662071548674241,275208066.0818563,2021-06-21
84,1624320000000,0.807088937143975,208944491.87178215,2021-06-22
85,1624406400000,0.6897663755125606,178238680.75335842,2021-06-23
86,1624492800000,0.7632935207591018,196404582.32809967,2021-06-24
87,1624579200000,0.8144930448345317,210669402.0708526,2021-06-25
88,1624665600000,0.7568382742907276,195069700.94103625,2021-06-26
89,1624752000000,0.7377021262157788,190501407.99863985,2021-06-27
90,1624838400000,0.8473359842810028,219772551.00465766,2021-06-28
91,1624924800000,0.9152940405335918,236209534.8246714,2021-06-29
92,1625011200000,1.009013482063812,263906366.3843551,2021-06-30
93,1625097600000,1.191414392097425,308000362.0435377,2021-07-01
94,1625184000000,1.0943153886346477,282699931.96684974,2021-07-02
95,1625270400000,1.075273777766388,277889007.0666416,2021-07-03
96,1625356800000,1.1096697411489678,285633559.8739814,2021-07-04
97,1625443200000,1.1553609715293083,298651149.12447715,2021-07-05
98,1625529600000,1.1131031689027995,287763103.7877627,2021-07-06
99,1625616000000,1.1829513128369444,305359418.45696104,2021-07-07
100,1625702400000,1.256510653333648,324809336.9169439,2021-07-08
101,1625788800000,1.1248118467911672,291088031.69566065,2021-07-09
102,1625875200000,1.128023863998823,293591131.37110734,2021-07-10
103,1625961600000,1.0761316807766206,278171040.04109097,2021-07-11
104,1626048000000,1.1204626299874616,290396920.56260455,2021-07-12
105,1626134400000,1.3145665483554956,341397613.67634195,2021-07-13
106,1626220800000,1.2211031643714854,315624005.5216255,2021-07-14
107,1626307200000,1.1763611603748005,304025061.6655697,2021-07-15
108,1626393600000,1.0894090442656221,282551762.62040377,2021-07-16
109,1626480000000,0.9687425121271194,250513559.13032126,2021-07-17
110,1626566400000,1.303103682185726,336829242.4349311,2021-07-18
111,1626652800000,1.1343204888136376,293110875.9908107,2021-07-19
112,1626739200000,1.0119188476093497,261696574.25404567,2021-07-20
113,1626825600000,0.9199147757608012,238178756.9287801,2021-07-21
114,1626912000000,0.9862546363283288,254028398.74981654,2021-07-22
115,1626998400000,0.9984333994603081,258112965.940707,2021-07-23
116,1627084800000,1.0254826818383802,264310501.28316674,2021-07-24
117,1627171200000,1.1175118391291627,288895061.080395,2021-07-25
118,1627257600000,1.1072788992797857,286872403.0242564,2021-07-26
119,1627344000000,1.1359824934266747,295308466.8034645,2021-07-27
120,1627430400000,1.1672354342305864,300211559.83602554,2021-07-28
121,1627516800000,1.2147557591432212,314024528.7204343,2021-07-29
122,1627603200000,1.2714141283215474,327310346.44868624,2021-07-30
123,1627689600000,1.432036166576801,370180844.61407477,2021-07-31
124,1627776000000,1.4827918724585711,383278760.2416438,2021-08-01
125,1627862400000,1.4591870234331645,376938050.39985603,2021-08-02
126,1627948800000,1.458338247961541,377326142.32734466,2021-08-03
127,1628035200000,1.5874186137939246,410427123.8448497,2021-08-04
128,1628121600000,1.5845786274206406,412584105.7505757,2021-08-05
129,1628208000000,1.5656427663255315,404727621.2529128,2021-08-06
130,1628294400000,1.6223610952798617,419358426.3371295,2021-08-07
131,1628380800000,1.6643594544079954,429924103.6785242,2021-08-08
132,1628467200000,1.5807387802002197,408567810.8815232,2021-08-09
133,1628553600000,1.604458357589825,415225764.45644635,2021-08-10
134,1628640000000,1.6128155883179516,415934723.7066168,2021-08-11
135,1628726400000,1.6875088554696207,435222290.9734132,2021-08-12
136,1628812800000,1.759800250952402,454875162.800274,2021-08-13
137,1628899200000,1.8430561959018328,475878250.6109412,2021-08-14
138,1628985600000,1.84148841942873,475694338.1431045,2021-08-15
139,1629072000000,1.8310405952283737,472938304.60407484,2021-08-16
140,1629158400000,1.8773189815236342,493728282.2751112,2021-08-17
141,1629244800000,1.7128156158453491,443532903.65565395,2021-08-18
142,1629331200000,1.6829056098957271,437208827.42821926,2021-08-19
143,1629417600000,1.714855294962619,431960039.68228775,2021-08-20
144,1629504000000,1.7826800204952655,460699553.4974724,2021-08-21
145,1629590400000,1.7804083618234863,459603800.5346405,2021-08-22
146,1629676800000,1.8014111686599932,468573922.7495836,2021-08-23
147,1629763200000,1.9054923231125616,494306454.96504116,2021-08-24
148,1629849600000,1.8644060432807585,483989465.81602824,2021-08-25
149,1629936000000,1.9141150722565192,495683376.22096974,2021-08-26
150,1630022400000,1.797122023141926,463918435.75759417,2021-08-27
151,1630108800000,1.8580680229701694,480839273.36269385,2021-08-28
152,1630195200000,1.8051414324524517,465000434.0075238,2021-08-29
153,1630281600000,1.7965081732298023,464110155.63344634,2021-08-30
154,1630368000000,1.7158408619803414,443238332.6125669,2021-08-31
155,1630454400000,1.7746995515599548,457072736.58408767,2021-09-01
156,1630540800000,1.8053864048939343,466566183.9882458,2021-09-02
157,1630627200000,1.8181593728207057,469796328.38640565,2021-09-03
158,1630713600000,1.906753785129855,493002362.5724163,2021-09-04
159,1630800000000,2.060208094251298,532085366.6201197,2021-09-05
160,1630886400000,2.0943600683651264,539471430.1043303,2021-09-06
161,1630972800000,2.1077481736614323,545747513.6460065,2021-09-07
162,1631059200000,1.6655090070437855,441317641.5958511,2021-09-08
163,1631145600000,1.6794048219323892,425642515.2418496,2021-09-09
164,1631232000000,1.7406590894852005,449714791.778993,2021-09-10
165,1631318400000,1.5500135120720255,400575228.0312187,2021-09-11
166,1631404800000,1.5993386033284407,413495586.20518243,2021-09-12
167,1631491200000,1.6286849644184027,421688720.6503328,2021-09-13
168,1631577600000,1.542268030146474,392437559.39257157,2021-09-14
169,1631664000000,1.5629021011282582,404399763.5416241,2021-09-15
170,1631750400000,1.6376427424438509,421611098.21915996,2021-09-16
171,1631836800000,1.6132952908714246,415928858.79379267,2021-09-17
172,1631923200000,1.5627605803665519,404223150.88930523,2021-09-18
173,1632009600000,1.6442616789385425,425324270.0278732,2021-09-19
174,1632096000000,1.6461602687492007,425592093.0722975,2021-09-20
175,1632182400000,1.3530496838775126,349010573.6886588,2021-09-21
176,1632268800000,1.2210958501840325,325813979.74382883,2021-09-22
177,1632355200000,1.3573407023478765,350815527.6056985,2021-09-23
178,1632441600000,1.4129719038833426,363889959.3746516,2021-09-24
179,1632528000000,1.3110698206889253,338490161.621037,2021-09-25
180,1632614400000,1.2710751572207044,329494537.83991027,2021-09-26
181,1632700800000,1.313893004281522,335979731.5854582,2021-09-27
182,1632787200000,1.2334234835297386,318420382.3898231,2021-09-28
183,1632873600000,1.1348152321500065,293352345.4812918,2021-09-29
184,1632960000000,1.17487494013725,303539807.9724487,2021-09-30
185,1633046400000,1.2458059627417866,326075543.5960581,2021-10-01
186,1633132800000,1.4449014389984873,372537088.03611577,2021-10-02
187,1633219200000,1.4458872665073046,373174259.39394337,2021-10-03
188,1633305600000,1.5301323127716475,395666726.82913893,2021-10-04
189,1633392000000,1.4980976606731422,387485569.57575214,2021-10-05
190,1633478400000,1.5691823698359548,406864529.49384886,2021-10-06
191,1633564800000,1.709784068722116,445068829.14108956,2021-10-07
192,1633651200000,1.6880343999044578,435888031.9940189,2021-10-08
193,1633737600000,1.7783971413945234,459135279.8084424,2021-10-09
194,1633824000000,1.747473072753222,458489661.4959242,2021-10-10
195,1633910400000,1.7439962770809234,450868153.6273356,2021-10-11
196,1633996800000,1.669497519484801,431406954.86463153,2021-10-12
197,1634083200000,1.709886471249178,441716642.9287135,2021-10-13
198,1634169600000,1.7236200253612355,445327676.1774005,2021-10-14
199,1634256000000,1.6775139683646698,432911277.4145993,2021-10-15
200,1634342400000,1.5846311080470714,402959978.87014717,2021-10-16
201,1634428800000,1.5296126028588424,395473144.34090835,2021-10-17
202,1634515200000,1.4651358879778091,378722738.92149836,2021-10-18
203,1634601600000,1.477291987534031,382964071.84538615,2021-10-19
204,1634688000000,1.485934303164864,383159861.9295653,2021-10-20
205,1634774400000,1.5344416056380508,398041514.1534744,2021-10-21
206,1634860800000,1.4791481451282018,383247485.697598,2021-10-22
207,1634947200000,1.5000857444215896,387611486.93995404,2021-10-23
208,1635033600000,1.5040882306225243,388923450.2985818,2021-10-24
209,1635120000000,1.5136393095795928,391217392.6465913,2021-10-25
210,1635206400000,1.5388038030608442,397805077.4960808,2021-10-26
211,1635292800000,1.510557493845701,389847317.0699411,2021-10-27
212,1635379200000,1.3327887394383755,344519156.1488886,2021-10-28
213,1635465600000,1.428426868398912,368741482.7994707,2021-10-29
214,1635552000000,1.452246113766234,381593099.8011672,2021-10-30
215,1635638400000,1.507069730962635,389581673.2520577,2021-10-31
216,1635724800000,1.575720688942917,408237921.0056835,2021-11-01
217,1635811200000,1.5523330176108237,398114757.15082663,2021-11-02
218,1635897600000,1.5883027898266808,410925531.7591471,2021-11-03
219,1635984000000,1.5971587165720817,412829616.27973557,2021-11-04
220,1636070400000,1.6065879052402277,410306222.97192466,2021-11-05
221,1636156800000,1.5962636632712928,412566338.8955636,2021-11-06
222,1636243200000,1.577201051756514,408614283.79936934,2021-11-07
223,1636329600000,1.5641519944402977,402813118.20150477,2021-11-08
224,1636416000000,1.627174274982309,422766872.6271766,2021-11-09
225,1636502400000,1.6108545975429247,417532173.93979645,2021-11-10
226,1636588800000,1.5178773671109813,391837060.14719653,2021-11-11
227,1636675200000,1.5381593783043117,397483414.28472126,2021-11-12
228,1636761600000,1.509375005553628,389896669.1025841,2021-11-13
229,1636848000000,1.5023959787379224,388002697.3280002,2021-11-14
230,1636934400000,1.5018952528570764,385860055.8196166,2021-11-15
231,1637020800000,1.5115117359743364,392510753.8924574,2021-11-16
232,1637107200000,1.446980983206326,368225760.8461491,2021-11-17
233,1637193600000,1.558761592051484,401802348.32126683,2021-11-18
234,1637280000000,1.389970627078885,359034513.30417603,2021-11-19
235,1637366400000,1.4459724494769177,373276255.3134899,2021-11-20
236,1637452800000,1.4896565767074792,385000856.6032334,2021-11-21
237,1637539200000,1.4813539967030511,383084347.8180804,2021-11-22
238,1637625600000,1.4093393012525923,364673835.5244605,2021-11-23
239,1637712000000,1.4392197547384478,371864684.5427562,2021-11-24
240,1637798400000,1.4114652211834389,365427293.24423975,2021-11-25
241,1637884800000,1.483363587130513,383850729.79315615,2021-11-26
242,1637971200000,1.366982990989299,353289457.3185169,2021-11-27
243,1638057600000,1.3729985812527112,354439008.26143646,2021-11-28
244,1638144000000,1.3663342729111847,353408613.2842167,2021-11-29
245,1638230400000,1.397746433625883,361687490.771322,2021-11-30
246,1638316800000,1.3792873106327734,356805102.67190975,2021-12-01
247,1638403200000,1.3795565711940974,356397967.18831706,2021-12-02
248,1638489600000,1.4003749953596032,362010412.46467376,2021-12-03
249,1638576000000,1.312003919016412,339141654.77457243,2021-12-04
250,1638662400000,1.1119697470376813,288666253.094267,2021-12-05
251,1638748800000,1.0421437300278658,269442660.40738916,2021-12-06
252,1638835200000,1.1486359711486267,308310312.49238473,2021-12-07
253,1638921600000,1.1597357339831527,300101658.2828597,2021-12-08
254,1639008000000,1.159415306085344,299652897.91795224,2021-12-09
255,1639094400000,1.0804390909064656,275958673.56102675,2021-12-10
256,1639180800000,1.1632630329435456,304998482.28172153,2021-12-11
257,1639267200000,1.125466786712886,290925268.7891772,2021-12-12
258,1639353600000,1.1036099260691772,285215633.2682747,2021-12-13
259,1639440000000,0.9831618602546005,254220595.14666867,2021-12-14
260,1639526400000,1.0123505258088572,261928680.82759064,2021-12-15
261,1639612800000,1.0724858189957016,277871311.3005537,2021-12-16
262,1639699200000,1.0383565770718963,270288022.6329148,2021-12-17
263,1639785600000,1.0279457592667833,266166192.31670323,2021-12-18
264,1639872000000,1.0507977050860737,271675130.6019498,2021-12-19
265,1639958400000,1.098136455922906,284726664.1480326,2021-12-20
266,1640044800000,1.0359028890853244,269475446.2437464,2021-12-21
267,1640131200000,1.121162523757203,293480582.2317904,2021-12-22
268,1640217600000,1.1069249463700757,288194748.6743098,2021-12-23
269,1640304000000,1.142367350575256,295397133.97600335,2021-12-24
270,1640390400000,1.1658701567249128,301795739.7937207,2021-12-25
271,1640476800000,1.1735391303830789,303189836.70279795,2021-12-26
272,1640563200000,1.1556032138196475,299019407.2545203,2021-12-27
273,1640649600000,1.1663674986645138,302808033.3712957,2021-12-28
274,1640736000000,1.0872654794765115,281872656.09936196,2021-12-29
275,1640822400000,1.034830198094522,268083597.1632797,2021-12-30
276,1640908800000,1.0550038273071023,272610987.4445075,2021-12-31
277,1640995200000,1.0371674993198472,268212112.12054002,2022-01-01
278,1641081600000,1.049307481490152,271544319.18374646,2022-01-02
279,1641168000000,1.098754133702289,284099544.7536286,2022-01-03
280,1641254400000,1.0876771076602507,280518065.0942544,2022-01-04
281,1641340800000,1.0818965082576208,281855615.8770713,2022-01-05
282,1641427200000,1.0125348391772522,262709360.09661472,2022-01-06
283,1641513600000,0.9958205769569987,258139611.29385483,2022-01-07
284,1641600000000,0.9329271229940366,240913753.0731897,2022-01-08
285,1641686400000,0.9130648030632293,236527921.82002977,2022-01-09
286,1641772800000,0.9207669675995038,237996805.56139684,2022-01-10
287,1641859200000,0.8812708054507635,227227048.30416343,2022-01-11
288,1641945600000,0.9069971040326302,234217289.8883542,2022-01-12
289,1642032000000,0.9403138504890882,243080855.04404873,2022-01-13
290,1642118400000,0.9421842791807822,244357265.40849572,2022-01-14
291,1642204800000,0.9369436604057657,242099555.47821945,2022-01-15
292,1642291200000,0.9410518744242499,243787508.13410777,2022-01-16
293,1642377600000,0.9496555918036214,245480025.0392734,2022-01-17
294,1642464000000,0.9233474289877343,238299003.39476845,2022-01-18
295,1642550400000,0.9013143529443317,232810444.20481798,2022-01-19
296,1642636800000,0.8740004629581012,225986249.25334617,2022-01-20
297,1642723200000,0.8446063149422985,218478380.91971275,2022-01-21
298,1642809600000,0.7829948448196827,202732388.0467192,2022-01-22
299,1642896000000,0.7613601232885194,195219187.06586218,2022-01-23
300,1642982400000,0.7702765032495108,198895506.73675066,2022-01-24
301,1643068800000,0.7344261672006616,189119058.07402802,2022-01-25
302,1643155200000,0.7209781897643945,185855233.68294528,2022-01-26
303,1643241600000,0.7371957296268756,189248893.32540894,2022-01-27
304,1643328000000,0.7435213587694952,191826065.05350333,2022-01-28
305,1643414400000,0.7603877336094282,196407682.03567594,2022-01-29
306,1643500800000,0.8003268362528514,205691135.41297552,2022-01-30
307,1643587200000,0.7857572927628922,202234358.38932955,2022-01-31
308,1643673600000,0.7929050951008406,204936227.05519012,2022-02-01
309,1643760000000,0.8050433524739815,208285523.3978536,2022-02-02
310,1643846400000,0.7916373719513877,204741045.76328373,2022-02-03
311,1643932800000,0.8172535308030713,211150735.26533785,2022-02-04
312,1644019200000,0.857311744130557,220853595.15893105,2022-02-05
313,1644105600000,0.8748516423200944,226968226.52373278,2022-02-06
314,1644192000000,0.8795135625172485,227290105.939563,2022-02-07
315,1644278400000,0.905077269254703,233920835.65437093,2022-02-08
316,1644364800000,0.8709413501761649,224450739.0111212,2022-02-09
317,1644451200000,0.8752452715894778,226320904.72019762,2022-02-10
318,1644537600000,0.8436346666045521,217200947.92040727,2022-02-11
319,1644624000000,0.9150676975615227,234043888.93058673,2022-02-12
320,1644710400000,0.8641368003052171,222569881.4976721,2022-02-13
321,1644796800000,0.8373069679617157,216374996.2289979,2022-02-14
322,1644883200000,0.8097819385386955,209296615.08817083,2022-02-15
323,1644969600000,0.8422646559112694,218681077.49840835,2022-02-16
324,1645056000000,0.8325444227533327,215907521.73307565,2022-02-17
325,1645142400000,0.7673918941805945,197986372.36115605,2022-02-18
326,1645228800000,0.7804309857690128,202786868.65310097,2022-02-19
327,1645315200000,0.7631771563332723,197267757.79084834,2022-02-20
328,1645401600000,0.7530030295236428,194582650.06742853,2022-02-21
329,1645488000000,0.7161706715460373,184977658.32756233,2022-02-22
330,1645574400000,0.7414962262471089,190750067.95602837,2022-02-23
331,1645660800000,0.7375949190408925,189783727.92451185,2022-02-24
332,1645747200000,0.711146880697834,183661630.47035244,2022-02-25
333,1645833600000,0.7676955001909054,198123745.68248084,2022-02-26
334,1645920000000,0.7824502712915703,202257747.27716872,2022-02-27
335,1646006400000,0.7710955609747936,196818684.7844094,2022-02-28
336,1646092800000,0.8135176400859689,210128463.3724683,2022-03-01
337,1646179200000,0.8128931091885876,210434894.96295187,2022-03-02
338,1646265600000,0.7924376187521115,204339650.2868774,2022-03-03
339,1646352000000,0.7735313186245855,199538162.96588162,2022-03-04
340,1646438400000,0.736803905374087,190810887.37288347,2022-03-05
341,1646524800000,0.7526932249144551,194810662.0010906,2022-03-06
342,1646611200000,0.7351955204194517,190224052.9495407,2022-03-07
343,1646697600000,0.718444841271817,185170510.8291725,2022-03-08
344,1646784000000,0.744907747678775,191944514.7238483,2022-03-09
345,1646870400000,0.7842610639429327,202692271.49832356,2022-03-10
346,1646956800000,0.7484125228930507,193546894.42916635,2022-03-11
347,1647043200000,0.7348339956582935,190041576.77378651,2022-03-12
348,1647129600000,0.7323412640511088,189397395.9744734,2022-03-13
349,1647216000000,0.7185465062170479,185898858.55761954,2022-03-14
350,1647302400000,0.7253326564519582,187345013.74286273,2022-03-15
351,1647388800000,0.7268073902894597,187888059.31554413,2022-03-16
352,1647475200000,0.7458698747453013,191964544.19915706,2022-03-17
353,1647561600000,0.7470982572363025,193036006.18698868,2022-03-18
354,1647648000000,0.758657925001895,196211689.36704746,2022-03-19
355,1647734400000,0.7736452016628759,199678319.7465863,2022-03-20
356,1647820800000,0.7648784967877574,197972939.72844827,2022-03-21
357,1647907200000,0.8185520815458982,211200875.72384188,2022-03-22
358,1647993600000,0.8215031870734554,212476589.50853562,2022-03-23
359,1648080000000,0.8178904442700415,211397848.81336072,2022-03-24
360,1648166400000,0.8203914367518322,211508463.36111253,2022-03-25
361,1648252800000,0.8219535976544607,212439258.7258223,2022-03-26
362,1648339200000,0.8459837559895195,218120646.52230477,2022-03-27
363,1648425600000,0.887851038423367,228543780.76224682,2022-03-28
364,1648512000000,0.9120174936547021,235921278.95154437,2022-03-29
365,1648598400000,0.9248276901111855,238772628.09159207,2022-03-30
366,1648684800000,0.943186341103477,245807859.77741718,2022-03-31
367,1648771200000,0.9727310793258168,250492751.78513527,2022-04-01
368,1648857600000,0.9995123454575487,258251296.37633175,2022-04-02
369,1648944000000,1.054227303092297,274209240.2260888,2022-04-03
370,1649030400000,1.0582057789367627,273432497.4501546,2022-04-04
371,1649116800000,0.9966716540809781,257672193.88490662,2022-04-05
372,1649203200000,1.0026032678134629,257816908.14924774,2022-04-06
373,1649289600000,0.8936937019124197,233741703.29296896,2022-04-07
374,1649376000000,0.9335336806718245,240561178.49026796,2022-04-08
375,1649462400000,0.9055931697270978,233348027.166502,2022-04-09
376,1649548800000,0.8948889139249897,231134716.99176282,2022-04-10
377,1649635200000,0.8738357018310957,226504689.0577076,2022-04-11
378,1649721600000,0.7881495504103673,204174407.37326968,2022-04-12
379,1649808000000,0.8203395558773812,211905606.54942438,2022-04-13
380,1649894400000,0.9746697816509434,251781568.85126975,2022-04-14
381,1649980800000,0.8823631155810778,228086638.31851384,2022-04-15
382,1650067200000,0.8826449734720924,228821206.52263704,2022-04-16
383,1650153600000,0.8617171063951585,223743277.32278025,2022-04-17
384,1650240000000,0.9153289072811017,232425836.38489705,2022-04-18
385,1650326400000,0.8997418531381323,231206499.9509059,2022-04-19
386,1650412800000,0.9104257933061366,234585417.75085822,2022-04-20
387,1650499200000,0.8996182817687093,232578817.74427998,2022-04-21
388,1650585600000,0.8810970336939514,226165525.80300924,2022-04-22
389,1650672000000,0.8752506767384366,226966905.84981763,2022-04-23
390,1650758400000,0.8621225904785611,222811384.5867409,2022-04-24
391,1650844800000,0.8829612456428381,227623312.77520248,2022-04-25
392,1650931200000,0.8997475354407716,233455108.9229952,2022-04-26
393,1651017600000,0.8384436991324896,216758819.72286975,2022-04-27
394,1651104000000,0.851821546166035,219306667.74771807,2022-04-28
395,1651190400000,0.8593796778242508,221406807.1576963,2022-04-29
396,1651276800000,0.8436546221791199,218895995.6137821,2022-04-30
397,1651363200000,0.8155604362354675,210564396.09286508,2022-05-01
398,1651449600000,0.806761558068065,207597889.03902587,2022-05-02
399,1651536000000,0.7874715753533738,204235988.70951697,2022-05-03
400,1651622400000,0.7776865796993969,201380152.93483904,2022-05-04
401,1651708800000,0.8332912833764439,215171429.1567702,2022-05-05
402,1651795200000,0.7674285187634627,197432181.30810457,2022-05-06
403,1651881600000,0.748427734950576,193358668.0853726,2022-05-07
404,1651968000000,0.7138739741165337,184640476.67764303,2022-05-08
405,1652054400000,0.6785007232026006,175808834.15199456,2022-05-09
406,1652140800000,0.5843428001306709,151233241.17437696,2022-05-10
407,1652227200000,0.5828624352928209,150237128.40842986,2022-05-11
408,1652313600000,0.45105364202063686,114051490.34965774,2022-05-12
409,1652400000000,0.39452816265434615,101733483.17701231,2022-05-13
410,1652486400000,0.4399323034180815,114523257.40951817,2022-05-14
411,1652572800000,0.5059692827025143,130060938.02745865,2022-05-15
412,1652659200000,0.5214279331758542,134798419.3047474,2022-05-16
413,1652745600000,0.5325666561788277,137176693.47294337,2022-05-17
414,1652832000000,0.5437226129697211,140573620.2074094,2022-05-18
415,1652918400000,0.4774055785818108,123440639.58031021,2022-05-19
416,1653004800000,0.49613059999242154,128246725.5052117,2022-05-20
417,1653091200000,0.4913734940392084,127152149.70467913,2022-05-21
418,1653177600000,0.49825331729457345,128429780.18193832,2022-05-22
419,1653264000000,0.5322940167520637,137644349.3255883,2022-05-23
420,1653350400000,0.5132502869246407,131503653.22020586,2022-05-24
421,1653436800000,0.5153573007609672,132892439.95391726,2022-05-25
422,1653523200000,0.5049653087212448,130530927.20447582,2022-05-26
423,1653609600000,0.4803273751455793,124199137.62015104,2022-05-27
424,1653696000000,0.4651271633649019,120322806.97233783,2022-05-28
425,1653782400000,0.48077242021639816,124252940.2989865,2022-05-29
426,1653868800000,0.49442448891177543,127698681.94217025,2022-05-30
427,1653955200000,0.5267929745207885,136455100.8766902,2022-05-31
428,1654041600000,0.5240275153623928,135531989.07813618,2022-06-01
429,1654128000000,0.5226610043758121,136285605.16018268,2022-06-02
430,1654214400000,0.5291721611525235,137360031.3063647,2022-06-03
431,1654300800000,0.5180369507156212,133590904.52701741,2022-06-04
432,1654387200000,0.517529974068819,133601308.75746675,2022-06-05
433,1654473600000,0.541065402470627,139718255.76785055,2022-06-06
434,1654560000000,0.5587361353465279,145099725.2527092,2022-06-07
435,1654646400000,0.5359001992817215,138806252.0921429,2022-06-08
436,1654732800000,0.5281027815175785,136547779.44210008,2022-06-09
437,1654819200000,0.5183306104196331,134028374.14610428,2022-06-10
438,1654905600000,0.482793375265259,124937470.48840289,2022-06-11
439,1654992000000,0.4589721652442203,118553951.59961519,2022-06-12
440,1655078400000,0.416466292745931,108222135.77442098,2022-06-13
441,1655164800000,0.3419138710836347,88374537.78391865,2022-06-14
442,1655251200000,0.34496843096421725,88941000.29003227,2022-06-15
443,1655337600000,0.3632822197561723,93858722.51956695,2022-06-16
444,1655424000000,0.3385793899754449,87699688.78892067,2022-06-17
445,1655510400000,0.3561773475434273,92062982.75502482,2022-06-18
446,1655596800000,0.33102451319275444,85247900.35366677,2022-06-19
447,1655683200000,0.3508310359705703,90625316.26855938,2022-06-20
448,1655769600000,0.3571155603093932,92333582.45205602,2022-06-21
449,1655856000000,0.36776968455015724,94820357.04341732,2022-06-22
450,1655942400000,0.43256814502981233,112294622.82556048,2022-06-23
451,1656028800000,0.4587109486186201,118946757.38485017,2022-06-24
452,1656115200000,0.46787235758658025,120744609.8809953,2022-06-25
453,1656201600000,0.4542764989459076,117094486.84821741,2022-06-26
454,1656288000000,0.4353604243490372,112745587.45851156,2022-06-27
455,1656374400000,0.4499963392104328,116881223.67071174,2022-06-28
456,1656460800000,0.4337623582713206,112111870.92920908,2022-06-29
457,1656547200000,0.4286913753723248,110253951.7787124,2022-06-30
458,1656633600000,0.40446377958273977,104041019.49519816,2022-07-01
459,1656720000000,0.3984365133844547,103681894.85577361,2022-07-02
460,1656806400000,0.3981236014079435,102934335.07605897,2022-07-03
461,1656892800000,0.3996906257851369,103783926.03810719,2022-07-04
462,1656979200000,0.40436448386696117,104736645.37312755,2022-07-05
463,1657065600000,0.3946156220618167,101784324.4151025,2022-07-06
464,1657152000000,0.4015178724009515,103792417.96248999,2022-07-07
465,1657238400000,0.4108051352758618,106026275.43831678,2022-07-08
466,1657324800000,0.4176677834003538,107960143.33711225,2022-07-09
467,1657411200000,0.419582117019241,108131362.14217195,2022-07-10
468,1657497600000,0.40959768033718397,105774743.36028408,2022-07-11
469,1657584000000,0.38060115240436837,98381646.19299509,2022-07-12
470,1657670400000,0.37494222222556844,96956504.8514797,2022-07-13
471,1657756800000,0.38684227383354547,99962676.83306731,2022-07-14
472,1657843200000,0.3872016373749836,99903058.7996715,2022-07-15
473,1657929600000,0.39260099760271894,101401553.1092667,2022-07-16
474,1658016000000,0.402622660590056,104187891.17110692,2022-07-17
475,1658102400000,0.39653277444550494,102683995.87539175,2022-07-18
476,1658188800000,0.4211706634854014,108595472.00951359,2022-07-19
477,1658275200000,0.43351429597212693,111989841.98066798,2022-07-20
478,1658361600000,0.411558178875357,107205705.89093266,2022-07-21
479,1658448000000,0.4158558894662243,107559916.93953429,2022-07-22
480,1658534400000,0.4120954637546111,106567114.7798649,2022-07-23
481,1658620800000,0.413238436331059,106628367.67761864,2022-07-24
482,1658707200000,0.41692631958243886,107841014.37762426,2022-07-25
483,1658793600000,0.3912309536406768,101107343.29312827,2022-07-26
484,1658880000000,0.3903113896972946,100815984.32468368,2022-07-27
485,1658966400000,0.40885574108780837,105550834.91825356,2022-07-28
486,1659052800000,0.4201045531232487,108338730.14598174,2022-07-29
487,1659139200000,0.42160356431535456,109739394.451158,2022-07-30
488,1659225600000,0.43165095834156764,111537951.98150587,2022-07-31
489,1659312000000,0.9519091000876628,234985125.07888106,2022-08-01
490,1659398400000,0.7630860543615091,196995214.80228102,2022-08-02
491,1659484800000,0.6648155381295219,172144132.63210917,2022-08-03
492,1659571200000,0.6998942560626964,178511918.99511406,2022-08-04
493,1659657600000,0.6687429260808821,172401390.98775738,2022-08-05
494,1659744000000,0.6605493351556555,170678986.78941652,2022-08-06
495,1659830400000,0.6410667270468693,165820559.44476745,2022-08-07
496,1659916800000,0.6470139745614016,167063938.18375692,2022-08-08
497,1660003200000,0.6442972090305663,166525841.31578064,2022-08-09
498,1660089600000,0.629044477843737,162501994.90116394,2022-08-10
499,1660176000000,0.6442700929780578,165844532.007099,2022-08-11
500,1660262400000,0.6434580989223271,166261058.7635454,2022-08-12
501,1660348800000,0.6478611488176355,167475656.13567027,2022-08-13
502,1660435200000,0.6415375605371618,165628317.3352842,2022-08-14
503,1660521600000,0.6442010302856271,166462722.72549114,2022-08-15
504,1660608000000,0.6606513106898622,169279988.0144624,2022-08-16
505,1660694400000,0.6349039776615931,163776555.46625075,2022-08-17
506,1660780800000,0.6023070313801292,155258313.8324849,2022-08-18
507,1660867200000,0.5916586940115259,152747578.87126708,2022-08-19
508,1660953600000,0.5226689586061142,134997856.92497203,2022-08-20
509,1661040000000,0.5282762809441575,136378454.34357014,2022-08-21
510,1661126400000,0.5720859337956973,147821884.97666317,2022-08-22
511,1661212800000,0.5929279775477326,154051182.1052222,2022-08-23
512,1661299200000,0.5846651531161695,151420589.579123,2022-08-24
513,1661385600000,0.5701370606531446,147237577.1527186,2022-08-25
514,1661472000000,0.5844787813732352,151159236.7459122,2022-08-26
515,1661558400000,0.5312760435953233,137256247.45663527,2022-08-27
516,1661644800000,0.5326307373287443,137434481.02978548,2022-08-28
517,1661731200000,0.5131287850877884,132891637.3841193,2022-08-29
518,1661817600000,0.5260387307926782,135930364.3794881,2022-08-30
519,1661904000000,0.5200564704297516,134487831.40951768,2022-08-31
520,1661990400000,0.5243296522983976,135224831.86252457,2022-09-01
521,1662076800000,0.5173757708000517,133613364.89320686,2022-09-02
522,1662163200000,0.5135578713058802,132677025.31528759,2022-09-03
523,1662249600000,0.5101797841856174,131791935.02907486,2022-09-04
524,1662336000000,0.5160103174961876,133310708.34053102,2022-09-05
525,1662422400000,0.5115823889490134,132127347.85610218,2022-09-06
526,1662508800000,0.4836111628156566,124857234.00849526,2022-09-07
527,1662595200000,0.4970742326799461,128414064.12449756,2022-09-08
528,1662681600000,0.5111391334786186,131976507.87636796,2022-09-09
529,1662768000000,0.5302698417091736,136872637.93534943,2022-09-10
530,1662854400000,0.5380962295562284,139044912.51719508,2022-09-11
531,1662940800000,0.5454227109430524,141318675.4866255,2022-09-12
532,1663027200000,0.5507461396078068,142368317.66464183,2022-09-13
533,1663113600000,0.6816187390261463,175682754.05452225,2022-09-14
534,1663200000000,0.6007774927760222,155180469.6340322,2022-09-15
535,1663286400000,0.5622430306756399,145499787.96336323,2022-09-16
536,1663372800000,0.534467355485279,137884370.46966392,2022-09-17
537,1663459200000,0.5375239516970106,139006102.73766664,2022-09-18
538,1663545600000,0.49096300012604743,126869371.13126263,2022-09-19
539,1663632000000,0.5598495282125333,145667629.42927927,2022-09-20
540,1663718400000,0.5316881963753554,136741535.4450513,2022-09-21
541,1663804800000,0.5015691782599097,129360672.74398497,2022-09-22
542,1663891200000,0.5125453949285315,132664636.40014578,2022-09-23
543,1663977600000,0.5079515905300801,131645071.50338416,2022-09-24
544,1664064000000,0.49999913822755393,129276424.9664596,2022-09-25
545,1664150400000,0.49159039510068625,127012330.64350162,2022-09-26
546,1664236800000,0.4905219913110271,126857583.90092894,2022-09-27
547,1664323200000,0.48502787939106506,125390917.26553279,2022-09-28
548,1664409600000,0.4847217391433192,125282674.3714451,2022-09-29
549,1664496000000,0.48233481392248423,124547123.25504711,2022-09-30
550,1664582400000,0.47680523803187064,123101115.19710375,2022-10-01
551,1664668800000,0.4828646398236398,124690222.67924991,2022-10-02
552,1664755200000,0.47170833314305577,122169513.4646287,2022-10-03
553,1664841600000,0.47772908391320884,123658125.34485684,2022-10-04
554,1664928000000,0.48423528410721217,125248451.46952759,2022-10-05
555,1665014400000,0.50796278846635,131285692.85588032,2022-10-06
556,1665100800000,0.49580421448859624,128261175.70875026,2022-10-07
557,1665187200000,0.4959430658007793,128189005.26652162,2022-10-08
558,1665273600000,0.5071154191978112,131047793.12513618,2022-10-09
559,1665360000000,0.5003824616935766,129362956.3447551,2022-10-10
560,1665446400000,0.4824666501936354,124831214.5873606,2022-10-11
561,1665532800000,0.48027878736219853,124133604.4145689,2022-10-12
562,1665619200000,0.4767352887993691,123383582.74520461,2022-10-13
563,1665705600000,0.4562682675244955,118198875.63254102,2022-10-14
564,1665792000000,0.46433131153723967,119978808.81148803,2022-10-15
565,1665878400000,0.45957356954492684,118864416.98085138,2022-10-16
566,1665964800000,0.47039384376265253,121429548.34063742,2022-10-17
567,1666051200000,0.47972595023791526,124021250.57484956,2022-10-18
568,1666137600000,0.4939141962105732,127674872.19649406,2022-10-19
569,1666224000000,0.4685486254762576,121338723.76758195,2022-10-20
570,1666310400000,0.4686015054841885,120947278.28693976,2022-10-21
571,1666396800000,0.4669916789329849,120903422.37111475,2022-10-22
572,1666483200000,0.46991072571351566,121464419.13635662,2022-10-23
573,1666569600000,0.4719590710843975,121844577.7589053,2022-10-24
574,1666656000000,0.47114123759432214,121657639.4156554,2022-10-25
575,1666742400000,0.4842358310856001,125195854.47957915,2022-10-26
576,1666828800000,0.51038232872238,131870733.73499288,2022-10-27
577,1666915200000,0.48994699411924514,126586293.30748524,2022-10-28
578,1667001600000,0.4953275003117015,127954149.90254346,2022-10-29
579,1667088000000,0.4880318547131223,126203988.03898798,2022-10-30
580,1667174400000,0.48049278494220643,124184748.28444284,2022-10-31
581,1667260800000,0.498360395625157,128804028.11699367,2022-11-01
582,1667347200000,0.5124618818855233,132321037.07504849,2022-11-02
583,1667433600000,0.4873803014367299,126065448.0439106,2022-11-03
584,1667520000000,0.49230929244976807,127126125.95349544,2022-11-04
585,1667606400000,0.5132868505801291,132709839.21732728,2022-11-05
586,1667692800000,0.5142264818710239,132790013.62198518,2022-11-06
587,1667779200000,0.49988409562907754,129193074.87401403,2022-11-07
588,1667865600000,0.4969589935523426,128572603.26536098,2022-11-08
589,1667952000000,0.4358002876251469,112590937.19458221,2022-11-09
590,1668038400000,0.3132383952544088,80653817.86401539,2022-11-10
591,1668124800000,0.39119073458838577,101065188.83560756,2022-11-11
592,1668211200000,0.3895910553052741,101097045.03406852,2022-11-12
593,1668297600000,0.3970706164772837,102201754.44342417,2022-11-13
594,1668384000000,0.36784190415533685,95044078.18646985,2022-11-14
595,1668470400000,0.3744648670912521,97176570.7735283,2022-11-15
596,1668556800000,0.3829301295095566,99286475.11451481,2022-11-16
597,1668643200000,0.37645261336528824,97392700.77149926,2022-11-17
598,1668729600000,0.36906627903405714,95480543.68687022,2022-11-18
599,1668816000000,0.3810215302444912,98369720.53315815,2022-11-19
600,1668902400000,0.39239272018813875,101463356.11491463,2022-11-20
