,Time,open,mktcap,Date
0,1614211200000,11.646011033465797,0.0,2021-02-25
1,1614297600000,11.646011033465797,0.0,2021-02-26
2,1614384000000,11.724063744999066,0.0,2021-02-27
3,1614470400000,15.625533166075432,0.0,2021-02-28
4,1614556800000,13.411670582012325,0.0,2021-03-01
5,1614643200000,14.601958940462447,0.0,2021-03-02
6,1614729600000,12.250086760025365,0.0,2021-03-03
7,1614816000000,11.853173317931434,0.0,2021-03-04
8,1614902400000,11.791619940629428,0.0,2021-03-05
9,1614988800000,11.560483884690893,0.0,2021-03-06
10,1615075200000,10.625367203320426,0.0,2021-03-07
11,1615161600000,10.269595400168733,50287593.48547048,2021-03-08
12,1615248000000,9.924544369311581,48541026.06602585,2021-03-09
13,1615334400000,9.917807816076717,48030568.2504207,2021-03-10
14,1615420800000,11.304686110678638,55467799.48752322,2021-03-11
15,1615507200000,11.938864397336317,59263362.98143178,2021-03-12
16,1615593600000,15.899213310320118,77545537.42526221,2021-03-13
17,1615680000000,16.72568933059386,82178955.59519793,2021-03-14
18,1615766400000,18.219269744441636,88955113.2011198,2021-03-15
19,1615852800000,16.17263500976935,79971295.35622166,2021-03-16
20,1615939200000,16.004679072808226,79296715.75244083,2021-03-17
21,1616025600000,17.08352040182287,85389497.15177087,2021-03-18
22,1616112000000,17.405121167933327,86415394.33653589,2021-03-19
23,1616198400000,16.462868645629264,81866363.23190372,2021-03-20
24,1616284800000,16.421127951248344,81111556.53220147,2021-03-21
25,1616371200000,14.01391591158605,70674695.66189364,2021-03-22
26,1616457600000,13.32254185223525,66304589.99687828,2021-03-23
27,1616544000000,12.361636828850722,61308217.20848885,2021-03-24
28,1616630400000,11.943644243183796,59506134.23793731,2021-03-25
29,1616716800000,12.391846324981548,61251254.91206098,2021-03-26
30,1616803200000,13.97597186017488,69080684.24616411,2021-03-27
31,1616889600000,14.113653424647378,70085308.37137996,2021-03-28
32,1616976000000,13.757598433495943,67803996.01506968,2021-03-29
33,1617062400000,13.400105131040725,65047506.11680975,2021-03-30
34,1617148800000,14.88813546010029,73681291.1367144,2021-03-31
35,1617235200000,14.543173639628732,71373421.66861723,2021-04-01
36,1617321600000,13.805102104497374,68528708.99544248,2021-04-02
37,1617408000000,13.50235838437201,66885176.56688127,2021-04-03
38,1617494400000,12.10220546976156,60129756.60832249,2021-04-04
39,1617580800000,12.699891000104104,63118536.7793785,2021-04-05
40,1617667200000,12.991759716007286,64230644.49055118,2021-04-06
41,1617753600000,14.227393964979468,70631900.98568593,2021-04-07
42,1617840000000,17.99619087527089,84543417.26494776,2021-04-08
43,1617926400000,17.503971356417956,73339795.85782635,2021-04-09
44,1618012800000,17.795008116090436,74575022.28793299,2021-04-10
45,1618099200000,16.994187583467728,72163406.1226388,2021-04-11
46,1618185600000,17.5844711126456,73624580.21557729,2021-04-12
47,1618272000000,19.380096107875083,81247194.73416118,2021-04-13
48,1618358400000,18.422487369371314,77064240.22499764,2021-04-14
49,1618444800000,22.70385656399575,105353436.15076984,2021-04-15
50,1618531200000,27.60272270562309,127949785.56584872,2021-04-16
51,1618617600000,25.963335650533523,120532113.01320806,2021-04-17
52,1618704000000,23.565533207753674,109463207.71734801,2021-04-18
53,1618790400000,22.74245674794416,106466409.01362151,2021-04-19
54,1618876800000,21.979162113394985,101882060.4812346,2021-04-20
55,1618963200000,20.297497995899633,94804442.0054377,2021-04-21
56,1619049600000,19.890076923126085,92575165.71682915,2021-04-22
57,1619136000000,18.16360242707102,84183058.84959236,2021-04-23
58,1619222400000,16.59412177730303,76642373.21618415,2021-04-24
59,1619308800000,16.152551233303512,75153233.97830606,2021-04-25
60,1619395200000,16.429518834151605,75952604.24078944,2021-04-26
61,1619481600000,17.138687289662712,79633074.45110501,2021-04-27
62,1619568000000,17.48557346397613,81219869.00683506,2021-04-28
63,1619654400000,16.571899076412826,80252075.19470765,2021-04-29
64,1619740800000,17.940104869781894,76807828.03570594,2021-04-30
65,1619827200000,16.621919351749018,76525538.59849799,2021-05-01
66,1619913600000,16.108180912807626,77033159.49395904,2021-05-02
67,1620000000000,15.704751535083725,72587794.6213124,2021-05-03
68,1620086400000,17.121344202629814,79516315.88515712,2021-05-04
69,1620172800000,15.367224626835847,71693814.39287366,2021-05-05
70,1620259200000,15.7509174007709,73009572.15252648,2021-05-06
71,1620345600000,15.431620809732694,70720671.15823217,2021-05-07
72,1620432000000,15.2105468997336,70506983.7892876,2021-05-08
73,1620518400000,14.957176537754945,69301533.54920465,2021-05-09
74,1620604800000,14.8581772931354,69627659.90150192,2021-05-10
75,1620691200000,13.892057350800764,64260080.468076214,2021-05-11
76,1620777600000,13.735827886707776,63703249.28086785,2021-05-12
77,1620864000000,13.022851412637273,62075960.214671314,2021-05-13
78,1620950400000,12.972974395357518,60150488.471424825,2021-05-14
79,1621036800000,14.053118146257864,65136297.12883146,2021-05-15
80,1621123200000,14.171328874419226,64046971.20138334,2021-05-16
81,1621209600000,13.55769899322933,62787390.67570495,2021-05-17
82,1621296000000,11.884413843752114,55331336.89575258,2021-05-18
83,1621382400000,12.098333678643336,55169253.04855465,2021-05-19
84,1621468800000,9.897829011847222,46261132.34656157,2021-05-20
85,1621555200000,9.116946854192282,41847135.851745285,2021-05-21
86,1621641600000,7.970521242705988,36469647.842729665,2021-05-22
87,1621728000000,7.633389079497907,35594741.20855472,2021-05-23
88,1621814400000,6.193071021395134,28629369.663556352,2021-05-24
89,1621900800000,6.85644572064549,32177032.22599696,2021-05-25
90,1621987200000,6.003932057925936,27806055.4757136,2021-05-26
91,1622073600000,6.779902683132502,39000727.394398674,2021-05-27
92,1622160000000,6.520145615701088,37482774.14375621,2021-05-28
93,1622246400000,6.6340456657830424,38085193.62565424,2021-05-29
94,1622332800000,6.091469474803979,35747346.68637204,2021-05-30
95,1622419200000,6.0789046715845,34891528.66498339,2021-05-31
96,1622505600000,6.127674872028218,35228373.4293307,2021-06-01
97,1622592000000,6.3535658771996815,36545702.92198486,2021-06-02
98,1622678400000,6.255048287060645,35886506.11976018,2021-06-03
99,1622764800000,6.617316274124852,38032299.38101735,2021-06-04
100,1622851200000,6.271390617843034,36126890.92942157,2021-06-05
101,1622937600000,6.311100812054934,36308123.02166074,2021-06-06
102,1623024000000,6.5684317673426555,37779818.29098649,2021-06-07
103,1623110400000,6.251418011195899,36231178.950835854,2021-06-08
104,1623196800000,5.9789264092489285,34474536.23259218,2021-06-09
105,1623283200000,6.209160209915935,35926002.21355425,2021-06-10
106,1623369600000,5.893049387354297,34018568.026778795,2021-06-11
107,1623456000000,6.15714069496704,35449558.18640317,2021-06-12
108,1623542400000,6.060112112008879,35020802.176725484,2021-06-13
109,1623628800000,6.418227636571581,36836259.30872455,2021-06-14
110,1623715200000,6.188193566175118,35577367.01331263,2021-06-15
111,1623801600000,6.322780179214559,36331192.563889936,2021-06-16
112,1623888000000,6.136043808135874,35271567.408623144,2021-06-17
113,1623974400000,6.323318935167437,36355293.67984302,2021-06-18
114,1624060800000,5.307640601731381,30509391.655217312,2021-06-19
115,1624147200000,5.019915050429062,28861502.60288588,2021-06-20
116,1624233600000,4.765394139500859,28070388.344802584,2021-06-21
117,1624320000000,4.531110123347664,26138921.053336486,2021-06-22
118,1624406400000,4.447313534801534,25419045.1403743,2021-06-23
119,1624492800000,4.424216231915183,25449313.38503818,2021-06-24
120,1624579200000,4.383800543829778,25311823.7670412,2021-06-25
121,1624665600000,4.305017206253136,24727486.684620995,2021-06-26
122,1624752000000,4.09689393234058,23765966.775490064,2021-06-27
123,1624838400000,4.217231798582255,24265014.39059753,2021-06-28
124,1624924800000,4.212232100756081,24214685.166120254,2021-06-29
125,1625011200000,4.544546085521344,63805780.75258463,2021-06-30
126,1625097600000,4.4790540354800825,62810011.91187191,2021-07-01
127,1625184000000,4.36189946409922,61167147.1538955,2021-07-02
128,1625270400000,4.249420248182473,59519626.107003346,2021-07-03
129,1625356800000,4.293236181147678,60204909.23450871,2021-07-04
130,1625443200000,4.252616826053034,59624519.56986791,2021-07-05
131,1625529600000,4.04917964200455,56290374.63297906,2021-07-06
132,1625616000000,3.9725792481539135,55794726.06658301,2021-07-07
133,1625702400000,3.867916332818073,53924131.50395789,2021-07-08
134,1625788800000,3.9131130388554416,54835802.415167466,2021-07-09
135,1625875200000,4.122922846548704,56360673.11436633,2021-07-10
136,1625961600000,3.9580888676267407,54326666.04816873,2021-07-11
137,1626048000000,3.9858880733758935,55918741.8613136,2021-07-12
138,1626134400000,4.089411463009563,57300782.119930655,2021-07-13
139,1626220800000,4.096753112579152,57495817.63572889,2021-07-14
140,1626307200000,3.9773983609377144,55689216.34139038,2021-07-15
141,1626393600000,3.900480755373979,56028173.72118581,2021-07-16
142,1626480000000,3.956555561762321,55482988.14788422,2021-07-17
143,1626566400000,3.9348267102793297,55178283.312964395,2021-07-18
144,1626652800000,4.022247489568741,56343289.92934156,2021-07-19
145,1626739200000,4.008611131196495,55769498.44509124,2021-07-20
146,1626825600000,3.948810301822272,55299342.6771954,2021-07-21
147,1626912000000,4.080183720921763,56885565.9255894,2021-07-22
148,1626998400000,4.251922172324968,59624929.76788984,2021-07-23
149,1627084800000,4.317946643974232,60526903.41887392,2021-07-24
150,1627171200000,4.280207719663315,60711396.54448247,2021-07-25
151,1627257600000,4.39448214052593,61624055.7507267,2021-07-26
152,1627344000000,4.298959778396549,60571405.23541927,2021-07-27
153,1627430400000,4.3364521704297365,60288738.510823645,2021-07-28
154,1627516800000,4.255481413583626,59619243.02573489,2021-07-29
155,1627603200000,4.240623337245362,59454373.67563034,2021-07-30
156,1627689600000,7.111152854667251,99707709.26523735,2021-07-31
157,1627776000000,6.930871581233009,97191979.18322046,2021-08-01
158,1627862400000,7.849212633352597,110734009.22834045,2021-08-02
159,1627948800000,7.538578763062107,105826625.70010065,2021-08-03
160,1628035200000,6.253985353894257,87715297.30985427,2021-08-04
161,1628121600000,6.545891010608296,91819569.08544245,2021-08-05
162,1628208000000,7.3791157218119965,146899988.0056144,2021-08-06
163,1628294400000,7.548496149421116,150201925.68516526,2021-08-07
164,1628380800000,7.692643661602686,153042003.6394675,2021-08-08
165,1628467200000,7.527783206807843,151085586.41058806,2021-08-09
166,1628553600000,7.343240724548405,144759968.073941,2021-08-10
167,1628640000000,6.826041320159244,135837951.6568784,2021-08-11
168,1628726400000,7.159235964731804,142608591.62648618,2021-08-12
169,1628812800000,7.658860304873586,152466389.1097081,2021-08-13
170,1628899200000,9.14786113424883,182062727.04399168,2021-08-14
171,1628985600000,8.551744317793668,170089093.9350534,2021-08-15
172,1629072000000,8.056447983028246,160385905.88860705,2021-08-16
173,1629158400000,7.461315289141141,148658265.54342595,2021-08-17
174,1629244800000,7.385115283764718,147131870.94780913,2021-08-18
175,1629331200000,8.027774620508557,159993249.11401805,2021-08-19
176,1629417600000,8.89733128075795,176759556.0423391,2021-08-20
177,1629504000000,8.572812697885063,171095243.66785508,2021-08-21
178,1629590400000,9.011293090872345,180047468.05427405,2021-08-22
179,1629676800000,8.569810192729475,171256685.614326,2021-08-23
180,1629763200000,9.885339135928898,196641591.69424713,2021-08-24
181,1629849600000,10.254470233564275,205003230.4133705,2021-08-25
182,1629936000000,15.855744468580454,316806681.19881,2021-08-26
183,1630022400000,13.74779691857799,278382615.82057947,2021-08-27
184,1630108800000,13.778955244894293,272221443.7220186,2021-08-28
185,1630195200000,14.544631338123404,290710886.8614051,2021-08-29
186,1630281600000,15.40568772509502,302723616.9737663,2021-08-30
187,1630368000000,15.380436101922546,306329813.970422,2021-08-31
188,1630454400000,17.978699787255916,358836041.75881404,2021-09-01
189,1630540800000,14.474294572372536,285336410.5484886,2021-09-02
190,1630627200000,13.339329978972383,268011987.17100856,2021-09-03
191,1630713600000,12.518204963907586,251299893.2136374,2021-09-04
192,1630800000000,12.613346488977108,254178480.27667913,2021-09-05
193,1630886400000,12.282349102942645,246717385.5149626,2021-09-06
194,1630972800000,12.465775847969145,250668321.67499053,2021-09-07
195,1631059200000,10.44013398583587,208953491.4207211,2021-09-08
196,1631145600000,10.182097810550257,204712679.40885085,2021-09-09
197,1631232000000,10.263923181128346,206453246.33959454,2021-09-10
198,1631318400000,9.91574302927728,199149231.15271184,2021-09-11
199,1631404800000,10.110866301684737,203236862.25981233,2021-09-12
200,1631491200000,10.134768585718225,204463538.292229,2021-09-13
201,1631577600000,10.004510031384523,200964195.5767944,2021-09-14
202,1631664000000,10.249066041006866,206687930.88291174,2021-09-15
203,1631750400000,10.389720757785618,208878321.84531415,2021-09-16
204,1631836800000,9.829537371045177,197403551.13854805,2021-09-17
205,1631923200000,9.568247111372203,197176034.37935886,2021-09-18
206,1632009600000,9.590582740714598,197663658.62713903,2021-09-19
207,1632096000000,9.473901117071867,195682724.46879107,2021-09-20
208,1632182400000,8.7513812404628,180117883.63718385,2021-09-21
209,1632268800000,8.41269690298505,173927686.02318543,2021-09-22
210,1632355200000,8.6925456492716,178986653.4071816,2021-09-23
211,1632441600000,9.309773872833796,191846159.18556288,2021-09-24
212,1632528000000,8.52571833591,175396442.11473817,2021-09-25
213,1632614400000,8.23791066360933,169857897.64301977,2021-09-26
214,1632700800000,7.986923334885197,164647689.4985383,2021-09-27
215,1632787200000,8.012573988767247,165552238.051173,2021-09-28
216,1632873600000,8.501912831216876,175245263.146974,2021-09-29
217,1632960000000,8.209543429014023,169272870.20870376,2021-09-30
218,1633046400000,8.22078550100159,169512075.8403781,2021-10-01
219,1633132800000,8.614660312158984,177616295.7856954,2021-10-02
220,1633219200000,8.631176553995283,177836164.15928975,2021-10-03
221,1633305600000,8.917780260163207,183984774.01342344,2021-10-04
222,1633392000000,8.536214668593969,176031268.36474594,2021-10-05
223,1633478400000,8.974490510773519,187970324.5293557,2021-10-06
224,1633564800000,9.790083029700348,205735049.63536102,2021-10-07
225,1633651200000,18.547509752738655,389030820.34196794,2021-10-08
226,1633737600000,15.707403464707724,330715521.10065603,2021-10-09
227,1633824000000,14.720024687260109,310166151.08344996,2021-10-10
228,1633910400000,17.189105313054416,365779047.2742911,2021-10-11
229,1633996800000,15.360487262944332,323134837.68213654,2021-10-12
230,1634083200000,14.438893739665168,304606836.185319,2021-10-13
231,1634169600000,13.75338494474663,289410625.7613805,2021-10-14
232,1634256000000,13.887518569850469,292196449.9568112,2021-10-15
233,1634342400000,12.931978951171029,273198417.5312701,2021-10-16
234,1634428800000,12.942918546525265,273774273.5521397,2021-10-17
235,1634515200000,13.283863915061023,280291434.1503556,2021-10-18
236,1634601600000,13.006091881704222,274607402.8535184,2021-10-19
237,1634688000000,13.050529766508907,276846553.8854901,2021-10-20
238,1634774400000,13.320387778296286,282614596.49121994,2021-10-21
239,1634860800000,12.639373916800992,267684779.16218442,2021-10-22
240,1634947200000,12.464043387529106,263429202.72946677,2021-10-23
241,1635033600000,12.213360426511263,258245549.57639492,2021-10-24
242,1635120000000,11.483842866879588,242727277.94892582,2021-10-25
243,1635206400000,11.750162795405416,248216190.0337546,2021-10-26
244,1635292800000,11.337010633827964,241123997.67970768,2021-10-27
245,1635379200000,9.928743665463594,209824450.89431077,2021-10-28
246,1635465600000,10.476913261430818,221427823.98330864,2021-10-29
247,1635552000000,10.646530068537421,225285640.72306085,2021-10-30
248,1635638400000,10.32870653176391,218434786.80764088,2021-10-31
249,1635724800000,10.43554614441752,220888129.4677826,2021-11-01
250,1635811200000,11.893162735570925,241434695.1793129,2021-11-02
251,1635897600000,11.310872858381714,236064192.25110993,2021-11-03
252,1635984000000,11.613901474021388,245212113.95618325,2021-11-04
253,1636070400000,11.091999269436787,232984285.82427135,2021-11-05
254,1636156800000,10.736631091264057,227144863.25479546,2021-11-06
255,1636243200000,11.08757606094119,234373075.7899825,2021-11-07
256,1636329600000,11.314756983578254,239244694.32689264,2021-11-08
257,1636416000000,11.20595171951158,237366229.92407712,2021-11-09
258,1636502400000,13.994404013702907,298221026.59799635,2021-11-10
259,1636588800000,12.189902958744915,254879583.51651672,2021-11-11
260,1636675200000,13.948682421688147,298003767.84632576,2021-11-12
261,1636761600000,12.923077225200293,273771647.7979802,2021-11-13
262,1636848000000,13.106149518026807,276791541.50202507,2021-11-14
263,1636934400000,12.927552069901845,273312503.77698714,2021-11-15
264,1637020800000,14.165042518177534,300016775.0906485,2021-11-16
265,1637107200000,13.535272520401312,289787766.5318394,2021-11-17
266,1637193600000,14.827174594635014,313798941.924071,2021-11-18
267,1637280000000,12.837067722468777,271860211.87426126,2021-11-19
268,1637366400000,13.12147163932089,277311653.2851417,2021-11-20
269,1637452800000,13.093094348834848,276838408.01817065,2021-11-21
270,1637539200000,13.429397881837525,283926849.1229507,2021-11-22
271,1637625600000,12.470070675873636,264568183.15976644,2021-11-23
272,1637712000000,12.334478493629536,260820892.66706327,2021-11-24
273,1637798400000,11.642338823362307,246755621.35727763,2021-11-25
274,1637884800000,11.829595723438194,250807679.87542713,2021-11-26
275,1637971200000,11.431245374178319,241185246.33076647,2021-11-27
276,1638057600000,16.892074640452336,358189642.7075115,2021-11-28
277,1638144000000,14.740129401775759,313163933.00323194,2021-11-29
278,1638230400000,14.432910004026825,368035049.7074168,2021-11-30
279,1638316800000,13.95983563304011,355868387.11026716,2021-12-01
280,1638403200000,13.921874661767225,355028296.77046853,2021-12-02
281,1638489600000,12.821390570308475,327395601.8229418,2021-12-03
282,1638576000000,11.898977553825286,304058024.5679361,2021-12-04
283,1638662400000,10.96784890481412,279965246.32883877,2021-12-05
284,1638748800000,10.70098363335565,272469089.49876404,2021-12-06
285,1638835200000,11.376763905913023,290032998.4662475,2021-12-07
286,1638921600000,11.454073336861763,292974032.22401243,2021-12-08
287,1639008000000,11.700488524132954,298877065.84439784,2021-12-09
288,1639094400000,10.614278160769203,272278090.6114703,2021-12-10
289,1639180800000,10.222674470971546,262302395.33704823,2021-12-11
290,1639267200000,10.761274315751681,274806203.27816755,2021-12-12
291,1639353600000,10.804990463547961,275520847.2396673,2021-12-13
292,1639440000000,9.447236416330451,242257452.37176478,2021-12-14
293,1639526400000,9.349261887700449,239292620.31885606,2021-12-15
294,1639612800000,9.542416361059251,244243742.22387657,2021-12-16
295,1639699200000,9.655067256361939,246575460.50692683,2021-12-17
296,1639785600000,9.446409877596931,241527947.36681223,2021-12-18
297,1639872000000,9.852496117690844,251931122.58167365,2021-12-19
298,1639958400000,9.895605970073046,253160028.6860034,2021-12-20
299,1640044800000,9.58979425365172,247336482.97783437,2021-12-21
300,1640131200000,9.78729496723875,252615939.6200527,2021-12-22
301,1640217600000,10.033985546350499,259052668.31584334,2021-12-23
302,1640304000000,10.592328343708848,272289295.85958576,2021-12-24
303,1640390400000,10.8302930614087,277731075.2379325,2021-12-25
304,1640476800000,11.027955045856622,284477909.1589936,2021-12-26
305,1640563200000,10.592779633285142,273052489.5722056,2021-12-27
306,1640649600000,11.099032702781425,285336375.92193204,2021-12-28
307,1640736000000,11.600279628876333,296644065.2440314,2021-12-29
308,1640822400000,10.95328572158179,299821734.4011898,2021-12-30
309,1640908800000,10.851265160155439,297659338.0771891,2021-12-31
310,1640995200000,10.842879058154214,297833520.36465853,2022-01-01
311,1641081600000,10.999156610556847,301960106.7894767,2022-01-02
312,1641168000000,11.173619071714958,306797351.30125254,2022-01-03
313,1641254400000,11.291179614576041,309574042.7892606,2022-01-04
314,1641340800000,11.274629736400277,309101582.7196839,2022-01-05
315,1641427200000,10.086321447529011,277167390.23738974,2022-01-06
316,1641513600000,9.601499141947022,263558759.46925446,2022-01-07
317,1641600000000,8.952614119116676,246007133.75763118,2022-01-08
318,1641686400000,8.409048308643655,231401450.93537605,2022-01-09
319,1641772800000,8.497928979205234,232941613.0705804,2022-01-10
320,1641859200000,7.869669773982525,215661761.79131192,2022-01-11
321,1641945600000,8.039428208162247,220873359.78577814,2022-01-12
322,1642032000000,8.131131695852801,222994888.03586864,2022-01-13
323,1642118400000,8.051505339887491,221442284.06771904,2022-01-14
324,1642204800000,7.958385285028058,218066130.28409737,2022-01-15
325,1642291200000,8.399542938611194,229763948.5528947,2022-01-16
326,1642377600000,8.207718488746467,225180083.60892516,2022-01-17
327,1642464000000,7.906701921533438,217273499.5553347,2022-01-18
328,1642550400000,7.433007823965748,203898713.05901068,2022-01-19
329,1642636800000,7.006431373421563,192371258.42541716,2022-01-20
330,1642723200000,6.872477631998026,188710811.12569925,2022-01-21
331,1642809600000,5.6652782159928154,180653730.07788685,2022-01-22
332,1642896000000,5.062502189568882,161354257.49071965,2022-01-23
333,1642982400000,5.212400510144444,165907892.19642836,2022-01-24
334,1643068800000,5.076325978222682,161781445.27366504,2022-01-25
335,1643155200000,4.964070128895416,158639888.83749378,2022-01-26
336,1643241600000,5.047664113162711,161505874.31958374,2022-01-27
337,1643328000000,5.0838269323243725,161726886.84580898,2022-01-28
338,1643414400000,5.099737752231648,162391933.73947424,2022-01-29
339,1643500800000,5.347447818424404,170571682.63474357,2022-01-30
340,1643587200000,5.1041439920396146,162773127.5359873,2022-01-31
341,1643673600000,5.738195004044377,180571528.07679477,2022-02-01
342,1643760000000,5.601101162731307,178743657.94329137,2022-02-02
343,1643846400000,5.243166433136153,167082279.5937714,2022-02-03
344,1643932800000,5.092310284520764,162374551.69609082,2022-02-04
345,1644019200000,5.446141374122304,171320493.37862432,2022-02-05
346,1644105600000,5.50204733489552,202738799.90027583,2022-02-06
347,1644192000000,5.792128468970603,213095251.70856115,2022-02-07
348,1644278400000,5.895527333475124,217310914.63691065,2022-02-08
349,1644364800000,6.117550526805326,225284450.42175642,2022-02-09
350,1644451200000,6.0678573675844945,223552379.03020054,2022-02-10
351,1644537600000,5.701208217339672,209886622.73205414,2022-02-11
352,1644624000000,5.427645399192835,200279085.1377438,2022-02-12
353,1644710400000,5.350139799480116,197110066.16434395,2022-02-13
354,1644796800000,5.490071526292873,203059238.28521207,2022-02-14
355,1644883200000,5.386333180469348,198379278.7141171,2022-02-15
356,1644969600000,5.668929353123138,208768897.21066308,2022-02-16
357,1645056000000,6.069436527572956,223658114.55352655,2022-02-17
358,1645142400000,5.557696802419292,204795706.62872472,2022-02-18
359,1645228800000,5.312699296920014,195973116.1994589,2022-02-19
360,1645315200000,5.341757255787441,196747643.5242694,2022-02-20
361,1645401600000,6.946893931232827,256642968.11981055,2022-02-21
362,1645488000000,5.044229781367125,185753654.657822,2022-02-22
363,1645574400000,5.0746726726181794,187243674.78472194,2022-02-23
364,1645660800000,4.897360167141637,180427170.18961403,2022-02-24
365,1645747200000,4.420648708991038,181741301.65004003,2022-02-25
366,1645833600000,4.526309160315087,188038066.05874407,2022-02-26
367,1645920000000,4.487437649175769,184918531.67521402,2022-02-27
368,1646006400000,4.301591110596186,177559679.93217468,2022-02-28
369,1646092800000,4.8388753907007285,199092684.81297636,2022-03-01
370,1646179200000,5.140109594675934,215068979.65466955,2022-03-02
371,1646265600000,5.633840736113319,232976240.27569383,2022-03-03
372,1646352000000,5.586573195756828,231285843.36690852,2022-03-04
373,1646438400000,5.080235366057648,209516627.1020761,2022-03-05
374,1646524800000,5.023653566068132,207140430.20648465,2022-03-06
375,1646611200000,4.900968372563737,202340856.5288422,2022-03-07
376,1646697600000,4.397785534965434,181395997.59631163,2022-03-08
377,1646784000000,4.3363597431256755,178858657.2115529,2022-03-09
378,1646870400000,4.628455318751271,190324867.05947205,2022-03-10
379,1646956800000,4.459394857307531,183793731.01131776,2022-03-11
380,1647043200000,4.437932647560785,183454976.85109738,2022-03-12
381,1647129600000,4.332491746162593,178721514.95914507,2022-03-13
382,1647216000000,4.447184106835936,183367699.5820657,2022-03-14
383,1647302400000,4.3836385090698,180417839.14712065,2022-03-15
384,1647388800000,4.342633170460323,179155965.2836636,2022-03-16
385,1647475200000,4.469829014785657,183219099.30838397,2022-03-17
386,1647561600000,4.340623806126465,178572024.49387044,2022-03-18
387,1647648000000,4.326950138688046,178461886.2257178,2022-03-19
388,1647734400000,4.666952211334861,190330377.1680531,2022-03-20
389,1647820800000,4.841819874909177,199663349.77743533,2022-03-21
390,1647907200000,4.745870451692611,195936710.77182457,2022-03-22
391,1647993600000,4.976281062424615,204846589.95751554,2022-03-23
392,1648080000000,4.91752510706618,202617477.3532762,2022-03-24
393,1648166400000,4.990626505680715,205804326.34505892,2022-03-25
394,1648252800000,5.021158200649355,206753763.49063697,2022-03-26
395,1648339200000,5.177933243518528,213468930.25123346,2022-03-27
396,1648425600000,5.30797665692877,218827167.35130915,2022-03-28
397,1648512000000,5.037336934932272,209131984.23500732,2022-03-29
398,1648598400000,5.145524510582728,211814948.8993829,2022-03-30
399,1648684800000,5.447957656596974,223424900.19103268,2022-03-31
400,1648771200000,5.4233233985634675,222917863.26842454,2022-04-01
401,1648857600000,6.337309189017192,261150804.84282255,2022-04-02
402,1648944000000,6.273901745947119,258044804.12306005,2022-04-03
403,1649030400000,6.034487119396291,248665355.34826022,2022-04-04
404,1649116800000,5.712984740155107,235813008.8960093,2022-04-05
405,1649203200000,5.611836949544867,231894938.06364715,2022-04-06
406,1649289600000,4.919430405570726,203925864.11621037,2022-04-07
407,1649376000000,5.093950419604986,210449481.87322828,2022-04-08
408,1649462400000,5.396619107230042,221195364.8163857,2022-04-09
409,1649548800000,5.146199401133269,211856289.4799042,2022-04-10
410,1649635200000,5.041550006304794,208857482.72133088,2022-04-11
411,1649721600000,4.5533940044272025,188338015.5134938,2022-04-12
412,1649808000000,4.682481425130783,193098714.3010363,2022-04-13
413,1649894400000,4.727442640989436,194692364.100536,2022-04-14
414,1649980800000,4.591595122817771,189261692.16627547,2022-04-15
415,1650067200000,4.845530092134998,199859589.6201233,2022-04-16
416,1650153600000,4.809635469925827,198370854.71037894,2022-04-17
417,1650240000000,4.587566497132578,189051452.73337886,2022-04-18
418,1650326400000,4.5976963829470066,189758990.4749604,2022-04-19
419,1650412800000,4.791342335987092,197403306.35800946,2022-04-20
420,1650499200000,4.622844277966231,190528111.01335973,2022-04-21
421,1650585600000,4.4878461377903465,184898505.849582,2022-04-22
422,1650672000000,4.417736812493531,182199144.65349972,2022-04-23
423,1650758400000,4.428414487565818,182722036.01122457,2022-04-24
424,1650844800000,4.36776272147452,181087862.5193374,2022-04-25
425,1650931200000,4.426746976717114,182504931.09366176,2022-04-26
426,1651017600000,4.132921783649618,170420708.52443713,2022-04-27
427,1651104000000,4.177276713451068,172420391.5331846,2022-04-28
428,1651190400000,4.2863370459504955,176919603.42042094,2022-04-29
429,1651276800000,4.048983706541559,167799761.0829364,2022-04-30
430,1651363200000,3.8289236354140574,157802062.73499003,2022-05-01
431,1651449600000,3.796578748598711,155932794.9207911,2022-05-02
432,1651536000000,3.918494082655588,161772152.57978782,2022-05-03
433,1651622400000,3.814069852145693,157305246.48256537,2022-05-04
434,1651708800000,3.9972972252366485,165045701.81192508,2022-05-05
435,1651795200000,3.7497242507165427,154389133.52382782,2022-05-06
436,1651881600000,3.585665003991762,147926967.6414685,2022-05-07
437,1651968000000,3.4505364015880384,142476431.26510993,2022-05-08
438,1652054400000,3.330527191638592,137155399.72489482,2022-05-09
439,1652140800000,2.9724316714581636,123986965.65414156,2022-05-10
440,1652227200000,2.738943818648997,112974528.03835411,2022-05-11
441,1652313600000,1.86262318018404,77026381.04089685,2022-05-12
442,1652400000000,1.6688635546437929,68716345.5397602,2022-05-13
443,1652486400000,1.7869877220287824,73899333.77856019,2022-05-14
444,1652572800000,1.8991337203066918,80058062.63572472,2022-05-15
445,1652659200000,2.009329399537747,82899275.66920736,2022-05-16
446,1652745600000,1.927114182845519,79834508.2818284,2022-05-17
447,1652832000000,2.040074630465886,84197910.13326079,2022-05-18
448,1652918400000,1.9096773266496765,78727189.96054384,2022-05-19
449,1653004800000,2.0631313278835464,85089619.31550935,2022-05-20
450,1653091200000,1.9469021640486817,80245659.6696913,2022-05-21
451,1653177600000,2.07810536379358,85985283.31333756,2022-05-22
452,1653264000000,2.060693277606373,85012722.3924121,2022-05-23
453,1653350400000,1.939791570624766,79750508.12972389,2022-05-24
454,1653436800000,2.098001751969393,86747217.31324333,2022-05-25
455,1653523200000,3.27754125971573,132915359.88698031,2022-05-26
456,1653609600000,2.3700846473287336,97898596.60570623,2022-05-27
457,1653696000000,2.1186962814483246,87465563.31332254,2022-05-28
458,1653782400000,2.1184304852009608,87557238.80515462,2022-05-29
459,1653868800000,2.1654979195768758,89466625.23329748,2022-05-30
460,1653955200000,2.3111801051513527,95262299.34649889,2022-05-31
461,1654041600000,2.290437428214588,94768154.83914359,2022-06-01
462,1654128000000,2.031294625890555,83946989.29189432,2022-06-02
463,1654214400000,2.090663698627145,86156837.58995624,2022-06-03
464,1654300800000,2.0761892554153905,85653896.41976103,2022-06-04
465,1654387200000,2.0477405690166015,84372087.81688552,2022-06-05
466,1654473600000,2.1051421838271933,86766619.93664978,2022-06-06
467,1654560000000,2.2160910819323214,91633864.55874304,2022-06-07
468,1654646400000,2.318957553697265,95807456.61399041,2022-06-08
469,1654732800000,2.263594826685082,93600326.95627235,2022-06-09
470,1654819200000,2.175724402758968,89629056.00481442,2022-06-10
471,1654905600000,2.0501509115111216,84453678.25512174,2022-06-11
472,1654992000000,1.8914469386388257,77926309.24338262,2022-06-12
473,1655078400000,1.7426983789480535,72224239.30725144,2022-06-13
474,1655164800000,1.532066298027579,63058701.11881294,2022-06-14
475,1655251200000,1.6193802339582442,66983779.836935095,2022-06-15
476,1655337600000,1.6463166662472666,67888040.60995732,2022-06-16
477,1655424000000,1.5238055672461117,63073937.876365334,2022-06-17
478,1655510400000,1.5405675194482589,63600146.4621326,2022-06-18
479,1655596800000,1.4563200602014241,60112638.45702228,2022-06-19
480,1655683200000,1.5256357178816944,62707004.92884044,2022-06-20
481,1655769600000,1.5203700251503671,62749866.89567972,2022-06-21
482,1655856000000,1.5364096280158168,63603084.54294569,2022-06-22
483,1655942400000,1.4904930865125572,61680274.50702301,2022-06-23
484,1656028800000,1.632271201186922,67399888.18185942,2022-06-24
485,1656115200000,1.65316092072647,68320264.6395859,2022-06-25
486,1656201600000,1.6964097294188947,69761237.78089562,2022-06-26
487,1656288000000,1.6474301780075677,67955732.96347485,2022-06-27
488,1656374400000,1.651121487892647,68088282.78966208,2022-06-28
489,1656460800000,1.7704517404934643,73692188.38829866,2022-06-29
490,1656547200000,1.8000764032836911,74176122.3658272,2022-06-30
491,1656633600000,1.655024717747778,68154437.55150183,2022-07-01
492,1656720000000,1.6180616519671076,67240654.02900818,2022-07-02
493,1656806400000,1.5984502404332908,66022432.897886015,2022-07-03
494,1656892800000,1.564139396689843,64366464.80008064,2022-07-04
495,1656979200000,1.6519146627212302,68185892.04847266,2022-07-05
496,1657065600000,1.599120423447251,65833411.86924334,2022-07-06
497,1657152000000,1.6544363533606101,68195464.36871603,2022-07-07
498,1657238400000,1.716492149309769,70897231.6365815,2022-07-08
499,1657324800000,1.7038160940864744,70297317.55749676,2022-07-09
500,1657411200000,1.743879086402462,71960191.55476913,2022-07-10
501,1657497600000,1.7187441851747243,70932516.20297314,2022-07-11
502,1657584000000,1.70138047497371,70357902.96224615,2022-07-12
503,1657670400000,1.5988886640117204,65804354.77615225,2022-07-13
504,1657756800000,1.622116659587673,66912770.69040408,2022-07-14
505,1657843200000,1.656512599535442,68248672.24022743,2022-07-15
506,1657929600000,1.7002048696053418,70009690.07712738,2022-07-16
507,1658016000000,1.7888528827268897,73885685.97980116,2022-07-17
508,1658102400000,1.7113143951133574,70787244.11989695,2022-07-18
509,1658188800000,1.8104031660606466,74612212.44923109,2022-07-19
510,1658275200000,1.8609460931286228,76947141.00329271,2022-07-20
511,1658361600000,1.9116715855971365,79605954.59468761,2022-07-21
512,1658448000000,1.864078088336555,76816227.48693992,2022-07-22
513,1658534400000,1.8056367082047742,74478120.9272861,2022-07-23
514,1658620800000,1.8990556542534214,78595252.51065642,2022-07-24
515,1658707200000,1.8860881247063694,78223961.5924203,2022-07-25
516,1658793600000,1.8748947267944476,77510802.71564427,2022-07-26
517,1658880000000,2.7190340915667,113677707.74117604,2022-07-27
518,1658966400000,3.0143943985546313,123897751.1683946,2022-07-28
519,1659052800000,2.7790384939074695,114853663.58767773,2022-07-29
520,1659139200000,2.626597803325469,108703863.4279617,2022-07-30
521,1659225600000,2.410035564302297,99123866.37200932,2022-07-31
522,1659312000000,2.5834070345457154,105695733.7843079,2022-08-01
523,1659398400000,2.3881677510428383,98482233.86326747,2022-08-02
524,1659484800000,2.4751493782107494,101915997.32586184,2022-08-03
525,1659571200000,2.474721835044001,102065388.02415034,2022-08-04
526,1659657600000,2.4907903721874427,102427551.38035917,2022-08-05
527,1659744000000,2.497918871604697,102899951.39630331,2022-08-06
528,1659830400000,2.5136722799518267,103764774.12335856,2022-08-07
529,1659916800000,2.4861429126357493,102617077.20521091,2022-08-08
530,1660003200000,2.742258943795815,111051777.55602011,2022-08-09
531,1660089600000,2.638901464792235,109031417.10647394,2022-08-10
532,1660176000000,2.602468560786196,107142840.31218389,2022-08-11
533,1660262400000,2.5672053570407147,105936494.51466416,2022-08-12
534,1660348800000,2.588956068495672,106750636.54882737,2022-08-13
535,1660435200000,2.6477969800808308,109220586.30419797,2022-08-14
536,1660521600000,2.5386061909858526,104784035.2857743,2022-08-15
537,1660608000000,2.4640500930448326,101542278.28044756,2022-08-16
538,1660694400000,2.3648751944287554,97713732.59647845,2022-08-17
539,1660780800000,2.374929635043023,98006353.26219459,2022-08-18
540,1660867200000,2.409364356885987,99382085.87971309,2022-08-19
541,1660953600000,2.3078508048080164,95648526.51963258,2022-08-20
542,1661040000000,2.4032371513372857,99756301.56557557,2022-08-21
543,1661126400000,2.388928694342814,98743676.49628562,2022-08-22
544,1661212800000,2.31291945755186,95380904.66206823,2022-08-23
545,1661299200000,2.289573634839548,94760470.42325462,2022-08-24
546,1661385600000,2.353287558250168,97209369.13470927,2022-08-25
547,1661472000000,2.3376660785939842,96227625.65548605,2022-08-26
548,1661558400000,2.249080572022968,92825492.5333928,2022-08-27
549,1661644800000,2.1562133022459973,88957029.57556018,2022-08-28
550,1661731200000,2.0965455826756654,86477068.44794528,2022-08-29
551,1661817600000,2.134229387119068,88087951.06984265,2022-08-30
552,1661904000000,2.0740356435125875,85872434.36896588,2022-08-31
553,1661990400000,2.127948519823831,87745419.6421618,2022-09-01
554,1662076800000,2.244735568784918,92439078.66114709,2022-09-02
555,1662163200000,2.245464423528906,92766445.60019577,2022-09-03
556,1662249600000,2.2676851955126383,93621226.47123018,2022-09-04
557,1662336000000,2.304996345567228,95332644.69897656,2022-09-05
558,1662422400000,2.3063777880212637,99493214.91298795,2022-09-06
559,1662508800000,2.2507713537501335,97363833.22666703,2022-09-07
560,1662595200000,2.4737971906559295,106234059.72342457,2022-09-08
561,1662681600000,2.6009445169809498,112285161.09914465,2022-09-09
562,1662768000000,2.5755987740655253,111105390.2975213,2022-09-10
563,1662854400000,2.6058123352992673,112577899.81997368,2022-09-11
564,1662940800000,2.620393199770441,113238243.556876,2022-09-12
565,1663027200000,2.44727268512852,105724833.52487345,2022-09-13
566,1663113600000,2.309823612262815,99731921.35408275,2022-09-14
567,1663200000000,2.3384892800677815,100907211.60330242,2022-09-15
568,1663286400000,2.241300980243197,96823971.97798264,2022-09-16
569,1663372800000,2.1237381398386224,91452051.80720682,2022-09-17
570,1663459200000,2.1896061627888437,94402853.35289073,2022-09-18
571,1663545600000,2.101001214950084,90767430.64931096,2022-09-19
572,1663632000000,2.06623243875757,89112867.50227652,2022-09-20
573,1663718400000,1.9363640983876618,83645731.44403988,2022-09-21
574,1663804800000,1.9280861947527645,84485329.8462065,2022-09-22
575,1663891200000,1.9832583856519295,86916911.7979403,2022-09-23
576,1663977600000,1.9792639073079363,86793964.08357805,2022-09-24
577,1664064000000,2.1240881964342306,93468118.23589106,2022-09-25
578,1664150400000,2.0229338882172594,88575195.46345675,2022-09-26
579,1664236800000,1.9917190920988512,87198275.33957182,2022-09-27
580,1664323200000,1.9857976924709988,86986499.26266746,2022-09-28
581,1664409600000,2.025905139675513,88789994.37634425,2022-09-29
582,1664496000000,2.0360312950067105,89247436.03101878,2022-09-30
583,1664582400000,2.0044930752417134,87878543.00685975,2022-10-01
584,1664668800000,1.9998836474444766,87659966.71294536,2022-10-02
585,1664755200000,1.9984779073618588,87701706.25526948,2022-10-03
586,1664841600000,2.0180615934141937,88455804.3320204,2022-10-04
587,1664928000000,2.026210040231952,88789906.63521774,2022-10-05
588,1665014400000,2.134021055739514,93610642.64732862,2022-10-06
589,1665100800000,2.076993237070312,91097283.78840312,2022-10-07
590,1665187200000,2.0100006967702444,88029827.16776437,2022-10-08
591,1665273600000,2.0147737934988443,88338407.5419476,2022-10-09
592,1665360000000,2.028179432802857,88727956.1653066,2022-10-10
593,1665446400000,1.9850046809254362,88020861.83235233,2022-10-11
594,1665532800000,1.954728449751009,85340274.89673407,2022-10-12
595,1665619200000,1.922600870250603,84300021.32716212,2022-10-13
596,1665705600000,1.849124979235106,80983495.04544294,2022-10-14
597,1665792000000,1.9243337066246364,84230584.44772494,2022-10-15
598,1665878400000,1.941756135579732,85228123.9492019,2022-10-16
599,1665964800000,2.0781572606357446,91055163.68601388,2022-10-17
600,1666051200000,2.02230726809562,88612629.63868108,2022-10-18
601,1666137600000,1.999549734303159,87670799.07297194,2022-10-19
602,1666224000000,1.8883136435543848,82801388.22433002,2022-10-20
603,1666310400000,1.9706354918743645,86320057.51192991,2022-10-21
604,1666396800000,1.920718245010224,84157118.43142104,2022-10-22
605,1666483200000,2.039636779696489,89341020.99847224,2022-10-23
606,1666569600000,1.997996258924753,87552307.6585007,2022-10-24
607,1666656000000,1.9744449611421697,86536087.26384187,2022-10-25
608,1666742400000,2.0049783346737216,87854080.42159352,2022-10-26
609,1666828800000,2.020437243543654,88401997.84279576,2022-10-27
610,1666915200000,2.0483393428003756,89775428.01093712,2022-10-28
611,1667001600000,2.079138028081738,91166096.50460817,2022-10-29
612,1667088000000,2.0662496445401057,90502905.06811602,2022-10-30
613,1667174400000,2.0394697351305213,89338158.61131218,2022-10-31
614,1667260800000,2.038822950961179,89320365.53575243,2022-11-01
615,1667347200000,2.026278530710436,88811615.1539245,2022-11-02
616,1667433600000,2.002884260061414,87808867.84835446,2022-11-03
617,1667520000000,2.202040452858811,96499742.01434927,2022-11-04
618,1667606400000,2.2319334871765197,97788067.87317036,2022-11-05
619,1667692800000,2.1998048335208207,96460834.87942618,2022-11-06
620,1667779200000,2.1350656765892593,94431796.2792592,2022-11-07
621,1667865600000,2.1832205038906127,95244346.02615586,2022-11-08
622,1667952000000,1.8696351092252412,81971716.97166301,2022-11-09
623,1668038400000,1.431531711652013,62771458.32429951,2022-11-10
624,1668124800000,1.660348235859793,73089567.79318097,2022-11-11
625,1668211200000,1.6462163131362222,72021731.22538827,2022-11-12
626,1668297600000,1.6082117570678431,70458991.52937324,2022-11-13
627,1668384000000,1.5402535606537782,67296964.71360213,2022-11-14
628,1668470400000,1.5881759903725543,69677431.25283955,2022-11-15
629,1668556800000,1.6138661202280085,70742911.17688867,2022-11-16
630,1668643200000,1.5728473886848366,68849393.07572637,2022-11-17
631,1668729600000,1.5538225044273524,68376744.34171431,2022-11-18
632,1668816000000,1.5309378341094841,67096618.20578728,2022-11-19
633,1668902400000,1.544632517512183,67687112.34098871,2022-11-20
