,Time,open,mktcap,Date
0,1613865600000,7.099923515989659,0.0,2021-02-21
1,1613952000000,7.099923515989659,0.0,2021-02-22
2,1614038400000,12.161350705625187,132460778.44369699,2021-02-23
3,1614124800000,9.871704282072868,107038213.49456841,2021-02-24
4,1614211200000,9.670986712582662,105546004.01888447,2021-02-25
5,1614297600000,8.600184060154014,94542600.30839658,2021-02-26
6,1614384000000,7.561495219187052,83564742.34475948,2021-02-27
7,1614470400000,6.572669793353906,72921057.43098043,2021-02-28
8,1614556800000,5.74222262421757,70676537.69122948,2021-03-01
9,1614643200000,7.7891832388740045,89761046.95612645,2021-03-02
10,1614729600000,7.116372729464181,92152049.9157452,2021-03-03
11,1614816000000,7.049241959205005,94253902.72314991,2021-03-04
12,1614902400000,6.798028479005128,90392223.9842928,2021-03-05
13,1614988800000,6.543701810589234,87973574.90185525,2021-03-06
14,1615075200000,7.410524950116345,100981634.47291808,2021-03-07
15,1615161600000,7.740090686466342,104737313.34479046,2021-03-08
16,1615248000000,9.274041886024706,156034791.54690257,2021-03-09
17,1615334400000,10.039869671105276,177792205.40078425,2021-03-10
18,1615420800000,9.376078442784442,171774250.0000631,2021-03-11
19,1615507200000,10.33313738930997,197661258.78169706,2021-03-12
20,1615593600000,9.899864969888224,193247259.4594573,2021-03-13
21,1615680000000,11.160743193494339,217935549.02423,2021-03-14
22,1615766400000,10.983171744305071,216664109.4833077,2021-03-15
23,1615852800000,10.676824793693044,210605893.76237875,2021-03-16
24,1615939200000,9.907582738365223,198248253.9989638,2021-03-17
25,1616025600000,9.418195222866965,196399267.22382873,2021-03-18
26,1616112000000,9.216166223684468,197618298.13139105,2021-03-19
27,1616198400000,8.71423573046636,188245088.6471873,2021-03-20
28,1616284800000,8.94415928955955,195883651.0003687,2021-03-21
29,1616371200000,8.632403168433227,191318373.5348288,2021-03-22
30,1616457600000,8.7619378759489,197103321.38355383,2021-03-23
31,1616544000000,8.157613905465237,186413419.6749169,2021-03-24
32,1616630400000,7.729623746486444,175258314.71580562,2021-03-25
33,1616716800000,7.293547485480856,168459140.63492665,2021-03-26
34,1616803200000,7.9925024457225415,184332298.74133953,2021-03-27
35,1616889600000,7.918254923444745,192891874.76229605,2021-03-28
36,1616976000000,8.604289507107922,208356133.78447694,2021-03-29
37,1617062400000,9.368195750023753,227301588.16554946,2021-03-30
38,1617148800000,9.2836720668981,226273153.98713574,2021-03-31
39,1617235200000,9.154482848803026,223411947.90342614,2021-04-01
40,1617321600000,8.98910665192146,223660643.9985247,2021-04-02
41,1617408000000,9.281951615701386,232493157.02912337,2021-04-03
42,1617494400000,9.395355081972195,237218428.38680944,2021-04-04
43,1617580800000,10.389071751203568,262011344.64903948,2021-04-05
44,1617667200000,9.82077246274375,247447083.22699416,2021-04-06
45,1617753600000,9.413676216729076,239065685.3209847,2021-04-07
46,1617840000000,8.97723744142367,237399913.62258777,2021-04-08
47,1617926400000,9.252657044220248,246977824.81578153,2021-04-09
48,1618012800000,11.066162904181722,296087661.4728174,2021-04-10
49,1618099200000,11.964858768429387,322858527.71755636,2021-04-11
50,1618185600000,11.988659703727981,323662363.69720197,2021-04-12
51,1618272000000,11.355306835290264,314294212.6785341,2021-04-13
52,1618358400000,12.13797362601746,332318188.80083656,2021-04-14
53,1618444800000,10.799952085916729,308571725.58754784,2021-04-15
54,1618531200000,11.323437712930833,325693036.8726241,2021-04-16
55,1618617600000,10.40776973661149,300259909.8122125,2021-04-17
56,1618704000000,9.914630831840398,292840301.91928715,2021-04-18
57,1618790400000,8.616155976779725,266066635.9976731,2021-04-19
58,1618876800000,7.9716231164095435,250774149.40371147,2021-04-20
59,1618963200000,8.1910561283401,263286080.51557064,2021-04-21
60,1619049600000,9.509621043537795,323393697.014005,2021-04-22
61,1619136000000,9.942013021400301,356849245.71807605,2021-04-23
62,1619222400000,8.90424122411899,319135379.29184735,2021-04-24
63,1619308800000,9.096828373531984,332284682.2271384,2021-04-25
64,1619395200000,10.051331435649596,358507916.0553602,2021-04-26
65,1619481600000,12.16116764046295,440320499.025962,2021-04-27
66,1619568000000,13.867786368777393,509734828.9939561,2021-04-28
67,1619654400000,13.802002246822266,508462995.66321445,2021-04-29
68,1619740800000,13.127074706944518,487556614.384274,2021-04-30
69,1619827200000,13.12172638750815,488665057.408829,2021-05-01
70,1619913600000,14.670962705649691,549609593.7778386,2021-05-02
71,1620000000000,15.060021450587252,561031120.0219041,2021-05-03
72,1620086400000,15.213079465876564,584282563.1324433,2021-05-04
73,1620172800000,13.264263600928118,514749874.1467215,2021-05-05
74,1620259200000,14.801593337299883,576396320.6592957,2021-05-06
75,1620345600000,13.477095097558035,536239933.5041382,2021-05-07
76,1620432000000,12.88346498527166,514305589.8673906,2021-05-08
77,1620518400000,14.410504142426028,577881804.9557097,2021-05-09
78,1620604800000,14.290351189098393,588426126.9436888,2021-05-10
79,1620691200000,12.874342696182905,548255230.0796915,2021-05-11
80,1620777600000,13.489251605057785,586264529.0673289,2021-05-12
81,1620864000000,11.037544976761472,532753070.86762494,2021-05-13
82,1620950400000,9.487421868213946,459932541.0844383,2021-05-14
83,1621036800000,9.886817549003625,484536430.39361006,2021-05-15
84,1621123200000,8.687428497740651,431966709.9203562,2021-05-16
85,1621209600000,9.622548062120014,478753527.99254876,2021-05-17
86,1621296000000,9.190007273132437,459575849.30786437,2021-05-18
87,1621382400000,9.680872477624282,485105400.07327783,2021-05-19
88,1621468800000,5.818879207885199,293942170.6580372,2021-05-20
89,1621555200000,6.470580442321563,317759391.97418034,2021-05-21
90,1621641600000,5.228892015916576,256032014.9126754,2021-05-22
91,1621728000000,4.698852142096789,230809837.94723803,2021-05-23
92,1621814400000,3.5456388020753145,174688598.4777926,2021-05-24
93,1621900800000,4.383420983787584,215593955.3122771,2021-05-25
94,1621987200000,4.292713657525253,213195654.70899808,2021-05-26
95,1622073600000,5.308153777424756,261608595.90129676,2021-05-27
96,1622160000000,5.101761952988873,252542133.38882202,2021-05-28
97,1622246400000,4.473400516649867,224349189.73005092,2021-05-29
98,1622332800000,4.30796043635559,216338626.9544045,2021-05-30
99,1622419200000,4.596247192554166,228863098.9580046,2021-05-31
100,1622505600000,5.162416187765206,255351491.7268136,2021-06-01
101,1622592000000,4.964062840052179,245759636.16526568,2021-06-02
102,1622678400000,5.120469518124545,253901451.16308674,2021-06-03
103,1622764800000,5.5332478838157835,273713544.3384318,2021-06-04
104,1622851200000,5.198726054269154,261394987.5111072,2021-06-05
105,1622937600000,5.049367693509581,252458768.91440642,2021-06-06
106,1623024000000,5.190164953598911,260921569.2006086,2021-06-07
107,1623110400000,4.77759813593486,244220092.3582144,2021-06-08
108,1623196800000,4.667324713966445,235900884.64269704,2021-06-09
109,1623283200000,4.7553022588875224,240197273.73085624,2021-06-10
110,1623369600000,4.463294225487246,227275069.46350187,2021-06-11
111,1623456000000,4.061262307589235,208591457.3602882,2021-06-12
112,1623542400000,4.040113594390283,206452871.06925902,2021-06-13
113,1623628800000,4.186114554672947,212242278.65452245,2021-06-14
114,1623715200000,4.2690377779466875,216762461.6419535,2021-06-15
115,1623801600000,4.229914792028891,215775780.40074658,2021-06-16
116,1623888000000,4.02253949481881,204732795.44277298,2021-06-17
117,1623974400000,3.984343561629156,202335921.85043383,2021-06-18
118,1624060800000,3.8091369685511385,198444559.9092774,2021-06-19
119,1624147200000,3.7876731777049306,195920778.245993,2021-06-20
120,1624233600000,3.908978802479234,201956671.2259652,2021-06-21
121,1624320000000,3.254235493457516,169482599.38901424,2021-06-22
122,1624406400000,3.2242673216570856,167827936.97796366,2021-06-23
123,1624492800000,3.423625107091618,178078615.0766606,2021-06-24
124,1624579200000,3.476534881970629,181563262.94143707,2021-06-25
125,1624665600000,3.2575066798106525,172277802.34957376,2021-06-26
126,1624752000000,3.1328100452568264,165462338.1713762,2021-06-27
127,1624838400000,3.332943993328273,176484812.5804051,2021-06-28
128,1624924800000,3.439527306071979,182345671.8197397,2021-06-29
129,1625011200000,3.5175215134314683,186560657.74945956,2021-06-30
130,1625097600000,3.6118885899419664,191686787.9368754,2021-07-01
131,1625184000000,3.5572739352700715,191902738.37055084,2021-07-02
132,1625270400000,3.500972963772588,191685396.82405415,2021-07-03
133,1625356800000,3.512476887853432,192667844.76253042,2021-07-04
134,1625443200000,3.553866432153761,194890446.1257726,2021-07-05
135,1625529600000,3.4639152333659693,189411028.75834236,2021-07-06
136,1625616000000,3.6328109826372934,197354765.82077783,2021-07-07
137,1625702400000,3.5939220018824627,195547815.5498083,2021-07-08
138,1625788800000,3.332694878930165,182012739.54868808,2021-07-09
139,1625875200000,3.303422455787026,182139460.06406376,2021-07-10
140,1625961600000,3.2592819877973067,180180289.00425285,2021-07-11
141,1626048000000,3.30582988439283,182928802.45815605,2021-07-12
142,1626134400000,3.250165731678117,179466997.84788948,2021-07-13
143,1626220800000,3.106363873549594,172062863.3936333,2021-07-14
144,1626307200000,3.103240598447372,172242649.29247665,2021-07-15
145,1626393600000,2.922689908500354,162344992.49355447,2021-07-16
146,1626480000000,2.7829213128291745,154192807.04573584,2021-07-17
147,1626566400000,2.7919273241559477,156600866.87605497,2021-07-18
148,1626652800000,2.838646335482836,158581819.02678463,2021-07-19
149,1626739200000,2.6349035274669093,147715627.03528106,2021-07-20
150,1626825600000,2.52462167946964,141678321.33413422,2021-07-21
151,1626912000000,2.6557675305377515,148918296.97452894,2021-07-22
152,1626998400000,2.7647949216716743,155019106.12540162,2021-07-23
153,1627084800000,2.8361107159022163,159273064.6289697,2021-07-24
154,1627171200000,2.9074429122700285,164178331.32453537,2021-07-25
155,1627257600000,2.922492039427021,164856205.96313056,2021-07-26
156,1627344000000,2.972717218802488,168564234.68527454,2021-07-27
157,1627430400000,2.921435304865365,165522730.67963666,2021-07-28
158,1627516800000,2.9124816332496235,165280354.22066513,2021-07-29
159,1627603200000,3.1008762085773895,177659359.61390895,2021-07-30
160,1627689600000,3.3296592049035234,190160725.97765344,2021-07-31
161,1627776000000,3.5019682631908085,200207295.42203778,2021-08-01
162,1627862400000,3.264960578354521,186462785.92796195,2021-08-02
163,1627948800000,3.329562186699327,190368395.8207775,2021-08-03
164,1628035200000,3.279786466872605,187314303.8131841,2021-08-04
165,1628121600000,3.450002594067637,200389723.35938725,2021-08-05
166,1628208000000,3.566505520027267,205430622.2412235,2021-08-06
167,1628294400000,3.6864883973690956,211389223.21782485,2021-08-07
168,1628380800000,3.8063997136028527,218154212.3107571,2021-08-08
169,1628467200000,3.608802062338044,208377060.46084347,2021-08-09
170,1628553600000,3.8596916753026433,219267813.32632178,2021-08-10
171,1628640000000,4.226321078676619,248301197.8476902,2021-08-11
172,1628726400000,4.243418095829748,249401472.6485839,2021-08-12
173,1628812800000,4.494194683082176,263876443.60638127,2021-08-13
174,1628899200000,5.104632595589842,300267369.9344063,2021-08-14
175,1628985600000,4.992990153239193,292756320.2889484,2021-08-15
176,1629072000000,5.765423920921334,337644119.25385743,2021-08-16
177,1629158400000,6.346969044701118,377954184.406636,2021-08-17
178,1629244800000,6.940704301307829,403763860.0598283,2021-08-18
179,1629331200000,7.72657415667104,455198844.48830056,2021-08-19
180,1629417600000,7.485639422652973,431139410.1666206,2021-08-20
181,1629504000000,8.044648037750811,472575956.05405533,2021-08-21
182,1629590400000,7.426846443215957,436162750.78011936,2021-08-22
183,1629676800000,7.213300852018018,426311690.7253367,2021-08-23
184,1629763200000,7.239034035013047,427622400.31946665,2021-08-24
185,1629849600000,7.088805596220423,421167274.9727159,2021-08-25
186,1629936000000,7.192708162675534,437386381.11767364,2021-08-26
187,1630022400000,6.938666776812514,423530652.37817055,2021-08-27
188,1630108800000,8.460015603165319,508820124.6586129,2021-08-28
189,1630195200000,11.231579857807295,666995477.6547195,2021-08-29
190,1630281600000,11.42802663180766,688790706.4094878,2021-08-30
191,1630368000000,11.472368506359672,752014816.8959051,2021-08-31
192,1630454400000,12.047151575463685,792062540.4409697,2021-09-01
193,1630540800000,11.591452734134426,757326708.849683,2021-09-02
194,1630627200000,11.867528057286588,773666790.3966331,2021-09-03
195,1630713600000,12.765505406261656,832274216.0451612,2021-09-04
196,1630800000000,12.591126395412475,823257505.5729092,2021-09-05
197,1630886400000,12.432834368896966,827762753.7997166,2021-09-06
198,1630972800000,12.870213004422007,861896143.0441585,2021-09-07
199,1631059200000,11.818476623872218,793378284.6136407,2021-09-08
200,1631145600000,12.654944815615659,855952531.3488213,2021-09-09
201,1631232000000,14.847174280138121,995225895.0482731,2021-09-10
202,1631318400000,14.310674770529797,958633074.7152874,2021-09-11
203,1631404800000,14.869056428061201,994811101.2148713,2021-09-12
204,1631491200000,16.637454226364884,1115822043.7623868,2021-09-13
205,1631577600000,14.504502937136694,1012042225.0088431,2021-09-14
206,1631664000000,13.615903588560457,949420163.1343354,2021-09-15
207,1631750400000,13.60583951433165,952073135.4426907,2021-09-16
208,1631836800000,12.939211063583464,904489423.7528723,2021-09-17
209,1631923200000,12.20258700265015,854768507.9179796,2021-09-18
210,1632009600000,13.160570901804522,914991608.6800659,2021-09-19
211,1632096000000,12.232179641105573,856510109.1837876,2021-09-20
212,1632182400000,10.135420494565082,703117610.6376793,2021-09-21
213,1632268800000,9.180132072307721,634902914.7684705,2021-09-22
214,1632355200000,10.58604046497717,737508142.7571893,2021-09-23
215,1632441600000,11.667013949888736,814969419.1442617,2021-09-24
216,1632528000000,10.034355629990403,705894647.2814136,2021-09-25
217,1632614400000,9.915836601951264,693333468.3234504,2021-09-26
218,1632700800000,9.67407787511943,676321810.5920794,2021-09-27
219,1632787200000,9.684753758244986,678527194.9576724,2021-09-28
220,1632873600000,9.104814181761544,639782327.0487325,2021-09-29
221,1632960000000,9.162281362766675,652611959.8914657,2021-09-30
222,1633046400000,9.623827463214333,685154952.3299481,2021-10-01
223,1633132800000,10.980628348873699,778197309.486209,2021-10-02
224,1633219200000,11.206057325658303,793572015.3090056,2021-10-03
225,1633305600000,11.540420172289117,820912996.770104,2021-10-04
226,1633392000000,11.157540751689726,796854863.7643803,2021-10-05
227,1633478400000,11.05258505670917,791971205.9703197,2021-10-06
228,1633564800000,10.768968942051076,767387537.0471631,2021-10-07
229,1633651200000,10.326866297134652,736331279.9868379,2021-10-08
230,1633737600000,10.296730698989691,734709338.039764,2021-10-09
231,1633824000000,10.296336874978424,735644256.0971663,2021-10-10
232,1633910400000,9.608851673401501,685814862.231402,2021-10-11
233,1633996800000,9.403911102841292,669925865.8214085,2021-10-12
234,1634083200000,9.579307885177949,681788074.4147091,2021-10-13
235,1634169600000,10.030145261689336,723379640.5423961,2021-10-14
236,1634256000000,9.883730716073572,713200715.0845754,2021-10-15
237,1634342400000,10.222711379703519,738125293.1586137,2021-10-16
238,1634428800000,9.877793161385574,713539712.0865599,2021-10-17
239,1634515200000,9.569572439656316,692507882.8947983,2021-10-18
240,1634601600000,9.321872433655917,673218689.8714014,2021-10-19
241,1634688000000,9.474946949271663,684562594.820129,2021-10-20
242,1634774400000,10.303929174225546,745650842.4967979,2021-10-21
243,1634860800000,10.152528668068403,730696094.7704822,2021-10-22
244,1634947200000,10.623239358478443,769471377.753311,2021-10-23
245,1635033600000,10.48122238341696,776801919.1246115,2021-10-24
246,1635120000000,10.276542729100905,763258875.0015737,2021-10-25
247,1635206400000,10.661031285330624,790732614.3322064,2021-10-26
248,1635292800000,10.325751656462332,769776376.6960338,2021-10-27
249,1635379200000,9.334652900668676,695699116.5946562,2021-10-28
250,1635465600000,9.978156902613437,732682930.8747901,2021-10-29
251,1635552000000,10.408176394593982,769048915.144684,2021-10-30
252,1635638400000,10.854411291078838,801848741.6805116,2021-10-31
253,1635724800000,10.58645301349139,782055143.392535,2021-11-01
254,1635811200000,10.84710200696583,798829925.5537972,2021-11-02
255,1635897600000,11.256083519107921,825283836.7730074,2021-11-03
256,1635984000000,12.745958454982947,958287181.966504,2021-11-04
257,1636070400000,12.291281688666306,916378155.6357857,2021-11-05
258,1636156800000,11.721903455598607,879461923.4790914,2021-11-06
259,1636243200000,12.510942770814605,936138860.2905989,2021-11-07
260,1636329600000,12.660901777103891,943967722.787164,2021-11-08
261,1636416000000,12.4490820420855,935760276.8392909,2021-11-09
262,1636502400000,12.028352735599867,909297308.3540382,2021-11-10
263,1636588800000,11.243521418549673,843571514.3174837,2021-11-11
264,1636675200000,11.325571656368819,848806014.8443218,2021-11-12
265,1636761600000,11.086215259934809,834191089.6623875,2021-11-13
266,1636848000000,11.436289848563229,863160744.9372214,2021-11-14
267,1636934400000,11.295337200966246,848868740.339096,2021-11-15
268,1637020800000,11.152322426644828,854663418.6305083,2021-11-16
269,1637107200000,10.34736131734489,791665787.7911208,2021-11-17
270,1637193600000,10.413150657848028,793931681.2319821,2021-11-18
271,1637280000000,9.418248306925065,721562428.6796678,2021-11-19
272,1637366400000,10.125153270323057,775197431.15709,2021-11-20
273,1637452800000,10.341019338165022,793126564.1096501,2021-11-21
274,1637539200000,10.471311885923116,803389034.4868183,2021-11-22
275,1637625600000,9.872117782629124,753541195.6937478,2021-11-23
276,1637712000000,10.11855739207035,772216077.0571804,2021-11-24
277,1637798400000,9.988066440056903,761724671.2973696,2021-11-25
278,1637884800000,10.308855441742,787213825.6932784,2021-11-26
279,1637971200000,9.464501713511236,714794654.2459259,2021-11-27
280,1638057600000,9.678749883926258,732502841.303485,2021-11-28
281,1638144000000,9.969089003328937,766334923.7689711,2021-11-29
282,1638230400000,10.678509943810027,827392417.7580289,2021-11-30
283,1638316800000,10.849386473464355,838849104.5735698,2021-12-01
284,1638403200000,11.133118387840025,861429887.4935114,2021-12-02
285,1638489600000,11.24700439230004,874317325.4676296,2021-12-03
286,1638576000000,10.511202639194963,815185426.1006165,2021-12-04
287,1638662400000,9.34062244242436,721465301.7348472,2021-12-05
288,1638748800000,8.987048775319659,696558977.2847178,2021-12-06
289,1638835200000,8.868362795662579,688578522.8418658,2021-12-07
290,1638921600000,8.732646895093549,676139096.79177,2021-12-08
291,1639008000000,8.87579727176344,689613840.008718,2021-12-09
292,1639094400000,8.248925408920137,640610747.714911,2021-12-10
293,1639180800000,7.748401578610796,601228590.1874375,2021-12-11
294,1639267200000,7.934593829576965,611143530.8879648,2021-12-12
295,1639353600000,8.009090228625604,624797066.4674355,2021-12-13
296,1639440000000,7.19789435115569,563055783.1495212,2021-12-14
297,1639526400000,7.426083811563897,578021497.503702,2021-12-15
298,1639612800000,7.803042949740695,608326289.7051985,2021-12-16
299,1639699200000,7.624807252753776,594618569.5767508,2021-12-17
300,1639785600000,7.219437231792081,568160645.9828632,2021-12-18
301,1639872000000,7.348377343511288,579412300.8970865,2021-12-19
302,1639958400000,7.200886986860297,569331831.3534789,2021-12-20
303,1640044800000,7.068547435479675,556529265.2739408,2021-12-21
304,1640131200000,7.237712327490627,569634873.3657513,2021-12-22
305,1640217600000,7.348095709800342,576843990.257366,2021-12-23
306,1640304000000,7.788075446212059,611703669.0153308,2021-12-24
307,1640390400000,7.519748677429992,601452664.4218504,2021-12-25
308,1640476800000,7.732009459871593,616291862.026129,2021-12-26
309,1640563200000,7.6111804912135606,608181540.9509917,2021-12-27
310,1640649600000,7.547580921878508,604222731.7793493,2021-12-28
311,1640736000000,7.020753637628822,561749785.5349312,2021-12-29
312,1640822400000,6.548243558382629,521988001.2197732,2021-12-30
313,1640908800000,6.534597610912821,518241898.2698453,2021-12-31
314,1640995200000,6.364684700523142,505337516.48652846,2022-01-01
315,1641081600000,6.569286243374082,522514878.4703822,2022-01-02
316,1641168000000,6.900749209790406,551770025.9056283,2022-01-03
317,1641254400000,6.587336876127963,525849824.75100565,2022-01-04
318,1641340800000,6.527536511176636,524735509.3141168,2022-01-05
319,1641427200000,6.105902761137335,487130033.565247,2022-01-06
320,1641513600000,5.860648841459044,468027468.52151644,2022-01-07
321,1641600000000,5.346903125369219,432719693.06494886,2022-01-08
322,1641686400000,5.273318405599609,427267464.7632428,2022-01-09
323,1641772800000,5.369090947399249,433868795.4555302,2022-01-10
324,1641859200000,5.07417592494767,411362905.6089883,2022-01-11
325,1641945600000,5.337980690674734,432374171.2576932,2022-01-12
326,1642032000000,5.544129557356955,448211220.3024379,2022-01-13
327,1642118400000,5.336865873034515,431795313.04464906,2022-01-14
328,1642204800000,5.37735511735964,434410957.7618402,2022-01-15
329,1642291200000,5.487625711341485,443357629.8041973,2022-01-16
330,1642377600000,5.401542445073168,435951038.1467074,2022-01-17
331,1642464000000,5.169780751436518,419340604.6767307,2022-01-18
332,1642550400000,5.177414716461681,419511903.66633844,2022-01-19
333,1642636800000,4.983124543741342,403521695.21904784,2022-01-20
334,1642723200000,4.773202666116043,394838878.330243,2022-01-21
335,1642809600000,4.2013630630582215,343761231.1461489,2022-01-22
336,1642896000000,3.6867242512450553,300665377.55437875,2022-01-23
337,1642982400000,3.7419228503236295,305796322.96935487,2022-01-24
338,1643068800000,3.393745769748962,275626102.0370838,2022-01-25
339,1643155200000,3.593148870121673,292206122.78459305,2022-01-26
340,1643241600000,3.55962756765558,291048050.64493454,2022-01-27
341,1643328000000,3.5069993256362584,285755895.88807374,2022-01-28
342,1643414400000,3.6719442659764123,298862045.2862285,2022-01-29
343,1643500800000,3.9259227814520257,319379299.03387445,2022-01-30
344,1643587200000,3.7579080995228034,306362523.57764584,2022-01-31
345,1643673600000,3.827235396818807,307324963.3289546,2022-02-01
346,1643760000000,3.8594064979783607,311574754.2029605,2022-02-02
347,1643846400000,3.6501520859671226,294636075.6829449,2022-02-03
348,1643932800000,3.6131113177134293,291676995.8455453,2022-02-04
349,1644019200000,3.834478646882601,314123784.7640854,2022-02-05
350,1644105600000,3.961909592050621,326453777.45130414,2022-02-06
351,1644192000000,3.9142074907539715,322620527.1993739,2022-02-07
352,1644278400000,4.183893383553916,344967706.2899732,2022-02-08
353,1644364800000,3.9953393052735504,330668657.5919494,2022-02-09
354,1644451200000,4.084256854262621,338535914.2623417,2022-02-10
355,1644537600000,4.061243432953639,335911183.5373879,2022-02-11
356,1644624000000,3.655079252159347,304173725.874843,2022-02-12
357,1644710400000,3.614858300098217,300482445.0387694,2022-02-13
358,1644796800000,3.5091194150441685,292258993.9871297,2022-02-14
359,1644883200000,3.5652531520260085,297849154.8679553,2022-02-15
360,1644969600000,3.835747705695159,320199464.7204019,2022-02-16
361,1645056000000,3.7545665365014234,314304119.4940747,2022-02-17
362,1645142400000,3.395065417434627,286425891.8640624,2022-02-18
363,1645228800000,3.2254599121403764,272785047.19193715,2022-02-19
364,1645315200000,3.051997452470453,255315453.14739433,2022-02-20
365,1645401600000,2.8730667093727256,238099115.4688876,2022-02-21
366,1645488000000,2.667849971714113,224622857.37009114,2022-02-22
367,1645574400000,2.756836529080115,230568937.29495868,2022-02-23
368,1645660800000,2.629091864087513,221317508.1450437,2022-02-24
369,1645747200000,2.5453338214748547,216190051.5809349,2022-02-25
370,1645833600000,2.635950871294464,226305160.20752072,2022-02-26
371,1645920000000,2.577078441143316,221004714.5909994,2022-02-27
372,1646006400000,2.4410574502859506,210327463.4564696,2022-02-28
373,1646092800000,2.7613284938906717,237413636.97172135,2022-03-01
374,1646179200000,2.7294107774280656,238738842.34461322,2022-03-02
375,1646265600000,2.804208115077014,246404016.69368485,2022-03-03
376,1646352000000,2.670372864547356,235753588.475329,2022-03-04
377,1646438400000,2.522819428382894,223134820.0921568,2022-03-05
378,1646524800000,2.5505783639672934,225387490.60185423,2022-03-06
379,1646611200000,2.502431808352821,222218425.34478474,2022-03-07
380,1646697600000,2.3853706698452504,212205390.80799645,2022-03-08
381,1646784000000,2.42811100541169,216472146.76638174,2022-03-09
382,1646870400000,2.5472025132670635,227555899.37102088,2022-03-10
383,1646956800000,2.424408831222509,216186365.02879393,2022-03-11
384,1647043200000,2.383681814054968,213335892.8803749,2022-03-12
385,1647129600000,2.388968206470564,213864116.47432223,2022-03-13
386,1647216000000,2.294022937123134,205763367.76438147,2022-03-14
387,1647302400000,2.328889457338503,211015924.86221215,2022-03-15
388,1647388800000,2.397220426540043,217402372.3763368,2022-03-16
389,1647475200000,2.542142397304913,228962241.3118643,2022-03-17
390,1647561600000,2.4940261469473652,226846089.04665837,2022-03-18
391,1647648000000,2.672066048066208,243686851.2657516,2022-03-19
392,1647734400000,2.8450251029669493,259905474.1855084,2022-03-20
393,1647820800000,2.697660425329454,247879138.20843711,2022-03-21
394,1647907200000,2.7183989102194506,249994575.5896461,2022-03-22
395,1647993600000,2.808094184121183,256297416.9677941,2022-03-23
396,1648080000000,3.0390419615049153,278031255.5617657,2022-03-24
397,1648166400000,3.1766317804309017,293359941.5856803,2022-03-25
398,1648252800000,3.080185539338172,284612359.6947878,2022-03-26
399,1648339200000,3.06776983492862,285017786.7518803,2022-03-27
400,1648425600000,3.1682687047536247,297954522.6946401,2022-03-28
401,1648512000000,3.270681493484926,310712832.4588364,2022-03-29
402,1648598400000,3.3346342206701425,313169403.2916505,2022-03-30
403,1648684800000,3.4848895435234,328554722.37729275,2022-03-31
404,1648771200000,3.3795875838325045,318788421.2532451,2022-04-01
405,1648857600000,3.6568772098775963,344827910.56067204,2022-04-02
406,1648944000000,3.550999963374488,338207466.1607917,2022-04-03
407,1649030400000,3.654977720709056,346420985.0230347,2022-04-04
408,1649116800000,3.458407287091383,329804455.27963644,2022-04-05
409,1649203200000,3.316733948326564,317151941.93206316,2022-04-06
410,1649289600000,2.972509365679706,286537111.0658118,2022-04-07
411,1649376000000,3.127771611487654,300617026.2943529,2022-04-08
412,1649462400000,2.8981963053228905,281402789.60477173,2022-04-09
413,1649548800000,2.960697499038769,287900101.01519704,2022-04-10
414,1649635200000,2.9006917233702145,284017229.8200241,2022-04-11
415,1649721600000,2.7209114224589586,266225523.50282243,2022-04-12
416,1649808000000,2.744888493285337,268801912.7532061,2022-04-13
417,1649894400000,2.8320890035419803,277105514.2213859,2022-04-14
418,1649980800000,2.701908686269612,265160257.70626584,2022-04-15
419,1650067200000,2.7543118171377317,271506132.7216802,2022-04-16
420,1650153600000,2.7170725041834043,269483440.84551686,2022-04-17
421,1650240000000,2.6567363695069295,263084862.71268886,2022-04-18
422,1650326400000,2.6665201065085697,264281042.24502277,2022-04-19
423,1650412800000,2.7555763753205875,273271312.7536273,2022-04-20
424,1650499200000,2.6803147026043432,266162515.94296414,2022-04-21
425,1650585600000,2.607336801015952,259690350.5018947,2022-04-22
426,1650672000000,2.62862433087326,264584494.27898777,2022-04-23
427,1650758400000,2.5761283562830384,261006704.64824727,2022-04-24
428,1650844800000,2.6787857110795263,270228592.5693625,2022-04-25
429,1650931200000,2.618415686821925,263032558.02395144,2022-04-26
430,1651017600000,2.4170043284697673,244871666.07285976,2022-04-27
431,1651104000000,2.4570519454801865,249668458.54770613,2022-04-28
432,1651190400000,2.442788838260771,248287530.42011607,2022-04-29
433,1651276800000,2.324387633000221,237561949.29597926,2022-04-30
434,1651363200000,2.099406846941446,214261292.13238263,2022-05-01
435,1651449600000,2.223033751183293,228277554.17094776,2022-05-02
436,1651536000000,2.172415734268836,223142514.43810448,2022-05-03
437,1651622400000,2.1258004021503405,220288111.14554197,2022-05-04
438,1651708800000,2.256523068993888,233450233.22729248,2022-05-05
439,1651795200000,2.059589451577469,215373483.58475024,2022-05-06
440,1651881600000,2.019505200687216,211768923.423735,2022-05-07
441,1651968000000,1.9400589232006922,204325777.4316758,2022-05-08
442,1652054400000,1.862598359111147,196438947.79442886,2022-05-09
443,1652140800000,1.5982347269634016,169648396.825242,2022-05-10
444,1652227200000,1.578763716819445,165301734.91747975,2022-05-11
445,1652313600000,1.342780241981019,141384110.21134618,2022-05-12
446,1652400000000,1.2480700592795615,130618998.58628699,2022-05-13
447,1652486400000,1.2541865587337775,131833012.88575648,2022-05-14
448,1652572800000,1.2938078655482526,137160556.39313912,2022-05-15
449,1652659200000,1.3457000231473362,142890049.8241901,2022-05-16
450,1652745600000,1.2276793519044673,130950555.4603111,2022-05-17
451,1652832000000,1.300849466766461,138475974.50566694,2022-05-18
452,1652918400000,1.168617390653572,125056815.6794729,2022-05-19
453,1653004800000,1.1664557974041856,125427520.74853206,2022-05-20
454,1653091200000,1.069446222153035,117159177.25343154,2022-05-21
455,1653177600000,1.069350746816502,117282216.04310307,2022-05-22
456,1653264000000,1.0945727216711147,120176408.70214821,2022-05-23
457,1653350400000,1.0126399290066495,111486027.4093357,2022-05-24
458,1653436800000,0.9912989620760169,109177227.9923404,2022-05-25
459,1653523200000,0.9832463790562921,108927933.4552051,2022-05-26
460,1653609600000,0.8967338983564813,100058896.38250288,2022-05-27
461,1653696000000,0.8885868138233544,98777999.89082009,2022-05-28
462,1653782400000,0.9215194200603584,102687373.01723832,2022-05-29
463,1653868800000,0.9488684309915851,105177950.97995296,2022-05-30
464,1653955200000,1.0155614572774359,112350050.23026432,2022-05-31
465,1654041600000,1.0210745129555312,113678903.9952684,2022-06-01
466,1654128000000,0.9169191349805951,101963228.9076263,2022-06-02
467,1654214400000,0.9365351712652659,104431080.80215596,2022-06-03
468,1654300800000,0.8827805286345322,99229390.67372835,2022-06-04
469,1654387200000,0.8790054148735413,98343964.65348917,2022-06-05
470,1654473600000,0.880248516849137,99471462.37257937,2022-06-06
471,1654560000000,0.9244583204527358,104093293.3365453,2022-06-07
472,1654646400000,0.8933023335543646,101418022.3875101,2022-06-08
473,1654732800000,0.8807566786086174,99490391.25809482,2022-06-09
474,1654819200000,0.8818145618945953,99626672.27575849,2022-06-10
475,1654905600000,0.8044593436339086,91199255.94033611,2022-06-11
476,1654992000000,0.7547212110241436,86717895.90228757,2022-06-12
477,1655078400000,0.7404173649327316,85167697.20049842,2022-06-13
478,1655164800000,0.6789995704546901,77869549.62955903,2022-06-14
479,1655251200000,0.7173133740288619,82063503.96555121,2022-06-15
480,1655337600000,0.7368099418003619,83510629.83967823,2022-06-16
481,1655424000000,0.6595227596586876,75434607.68535905,2022-06-17
482,1655510400000,0.6683187425471175,76998148.55676286,2022-06-18
483,1655596800000,0.6334274389150711,72808559.52244008,2022-06-19
484,1655683200000,0.6986805305739663,80122020.22426768,2022-06-20
485,1655769600000,0.7154106524271638,82228373.05358577,2022-06-21
486,1655856000000,0.7140452662795344,81866277.04992433,2022-06-22
487,1655942400000,0.6757425098582925,78036095.04768364,2022-06-23
488,1656028800000,0.73954767593854,192834061.1282925,2022-06-24
489,1656115200000,0.7670282236915125,89169791.09708288,2022-06-25
490,1656201600000,0.7562118183621851,87824125.33531252,2022-06-26
491,1656288000000,0.7225071746923446,83904484.56706636,2022-06-27
492,1656374400000,0.7076327708584824,82216093.88253629,2022-06-28
493,1656460800000,0.6724513994170704,191136167.28860536,2022-06-29
494,1656547200000,0.6623904824469695,84803365.39902304,2022-06-30
495,1656633600000,0.6486098253422107,76011257.1960814,2022-07-01
496,1656720000000,0.6578171114357386,77896518.76421659,2022-07-02
497,1656806400000,0.6734733506280177,79150766.36850232,2022-07-03
498,1656892800000,0.6778002797509385,79723031.96871856,2022-07-04
499,1656979200000,0.7087756633626741,82996534.68274277,2022-07-05
500,1657065600000,0.6949186840142441,82221887.37176558,2022-07-06
501,1657152000000,0.7244325129330944,85605756.92939346,2022-07-07
502,1657238400000,0.7492640638721687,88606194.86422475,2022-07-08
503,1657324800000,0.7398855199574818,88690912.74812903,2022-07-09
504,1657411200000,0.8047741358383633,95543460.54951741,2022-07-10
505,1657497600000,0.7690510165863933,91715842.09160623,2022-07-11
506,1657584000000,0.7202825170949645,87845461.42156966,2022-07-12
507,1657670400000,0.6946422961521682,83740394.17028655,2022-07-13
508,1657756800000,0.7316114673672016,87738382.80446409,2022-07-14
509,1657843200000,0.8643825829806874,105515640.78343375,2022-07-15
510,1657929600000,0.8562863614536724,104321766.13429758,2022-07-16
511,1658016000000,0.9825340179774665,118718900.79039174,2022-07-17
512,1658102400000,0.9017779045576233,109776333.90941334,2022-07-18
513,1658188800000,0.9224553239753467,111255818.69050874,2022-07-19
514,1658275200000,0.9175157621461354,111475436.38140842,2022-07-20
515,1658361600000,0.860043276444747,104978526.47125208,2022-07-21
516,1658448000000,0.8804768544018287,107323737.35915041,2022-07-22
517,1658534400000,0.8396952523912743,222828600.84452677,2022-07-23
518,1658620800000,0.8472188889014266,103578538.03823407,2022-07-24
519,1658707200000,0.8430147068759647,103689571.22481674,2022-07-25
520,1658793600000,0.7801998015874972,97442508.69996376,2022-07-26
521,1658880000000,0.7758912477417816,95643609.5585689,2022-07-27
522,1658966400000,0.8434739350224241,104108161.31903856,2022-07-28
523,1659052800000,0.8725303702534797,107211574.21464182,2022-07-29
524,1659139200000,0.8675827351121357,108131992.19577965,2022-07-30
525,1659225600000,0.8598560083973618,106044790.1010696,2022-07-31
526,1659312000000,0.8596392282087619,106815045.4851964,2022-08-01
527,1659398400000,0.8540141766794366,105637054.31772937,2022-08-02
528,1659484800000,0.8061516468719514,101459051.07887796,2022-08-03
529,1659571200000,0.8118242129579514,98719604.41570304,2022-08-04
530,1659657600000,0.8087745819061443,99119585.89959851,2022-08-05
531,1659744000000,0.8349863936386894,105781320.002427,2022-08-06
532,1659830400000,0.8416409498495502,106848053.23137955,2022-08-07
533,1659916800000,0.8508680436986945,108053513.59948297,2022-08-08
534,1660003200000,0.8748426683255508,111400508.35222238,2022-08-09
535,1660089600000,0.8349010982585868,106512043.75444272,2022-08-10
536,1660176000000,0.8591334821580016,109488194.3064468,2022-08-11
537,1660262400000,0.8901367084024437,113700957.41140918,2022-08-12
538,1660348800000,0.9227907852862157,117977381.05162692,2022-08-13
539,1660435200000,0.9097644279323661,116591429.04480655,2022-08-14
540,1660521600000,0.8560546460317813,109940446.90422018,2022-08-15
541,1660608000000,0.8395530731676338,107703916.29658814,2022-08-16
542,1660694400000,0.8477571760371091,108961993.54756506,2022-08-17
543,1660780800000,0.7866878681021398,101501706.93586698,2022-08-18
544,1660867200000,0.7355786103389516,95277522.00539203,2022-08-19
545,1660953600000,0.6799957051536673,87645116.91026725,2022-08-20
546,1661040000000,0.6912787282627082,89251054.39197363,2022-08-21
547,1661126400000,0.7165164148462186,92928505.7350714,2022-08-22
548,1661212800000,0.6972465329177385,90225652.86118546,2022-08-23
549,1661299200000,0.7140913432823129,92685745.24619147,2022-08-24
550,1661385600000,0.7215783510637015,93838779.69809876,2022-08-25
551,1661472000000,0.727358640138581,94567871.18230854,2022-08-26
552,1661558400000,0.6448785014740389,83937039.1781237,2022-08-27
553,1661644800000,0.6424577197776288,84384799.49417952,2022-08-28
554,1661731200000,0.6330031753019941,83417922.49768904,2022-08-29
555,1661817600000,0.6862348444335777,90247030.77479951,2022-08-30
556,1661904000000,0.7006406464912601,92632485.31256151,2022-08-31
557,1661990400000,0.6628134789393935,87363370.94503771,2022-09-01
558,1662076800000,0.6536446811414345,86002233.97450699,2022-09-02
559,1662163200000,0.6377380242676622,84424324.76292941,2022-09-03
560,1662249600000,0.6399313602122604,84835207.44137582,2022-09-04
561,1662336000000,0.6764947148396392,89704072.76827145,2022-09-05
562,1662422400000,0.6604485309880903,87627482.52842173,2022-09-06
563,1662508800000,0.5973673317341662,79723077.71545342,2022-09-07
564,1662595200000,0.6189277035023426,82647198.06716609,2022-09-08
565,1662681600000,0.6181741879905007,82423928.59076494,2022-09-09
566,1662768000000,0.6737851706605978,90096733.96449862,2022-09-10
567,1662854400000,0.6899617163494212,92378534.13346179,2022-09-11
568,1662940800000,0.6748486324975231,90446539.3167015,2022-09-12
569,1663027200000,0.6699046167514099,89850406.55548659,2022-09-13
570,1663113600000,0.6093365628084322,81957710.83930771,2022-09-14
571,1663200000000,0.618937186224605,83065601.69035102,2022-09-15
572,1663286400000,0.5898662456884736,79619136.68297695,2022-09-16
573,1663372800000,0.5842081989384971,78708418.19214424,2022-09-17
574,1663459200000,0.6186174736031508,83588456.29703577,2022-09-18
575,1663545600000,0.5536473460530936,74894451.53181252,2022-09-19
576,1663632000000,0.5782117598469848,78447052.87059829,2022-09-20
577,1663718400000,0.5491008903881492,74555227.90755351,2022-09-21
578,1663804800000,0.5384884252787209,73016119.68638729,2022-09-22
579,1663891200000,0.5719680852327406,77717205.22928485,2022-09-23
580,1663977600000,0.5818756574194152,79297069.9835388,2022-09-24
581,1664064000000,0.5739591476086737,78143605.03297186,2022-09-25
582,1664150400000,0.5560342905926358,75800612.85167001,2022-09-26
583,1664236800000,0.562743206231415,76717034.14014213,2022-09-27
584,1664323200000,0.5656585450138992,77334134.29853337,2022-09-28
585,1664409600000,0.5756847411057551,78643374.34396192,2022-09-29
586,1664496000000,0.5800539688305764,79505008.85184692,2022-09-30
587,1664582400000,0.5725378109786686,78520259.17672747,2022-10-01
588,1664668800000,0.5614463596848047,77033152.13773452,2022-10-02
589,1664755200000,0.5544665503674802,76158481.12838377,2022-10-03
590,1664841600000,0.5730310429273487,78950849.29965417,2022-10-04
591,1664928000000,0.5906849671074066,81431085.25452942,2022-10-05
592,1665014400000,0.5754534472971012,79495367.44158974,2022-10-06
593,1665100800000,0.5649536655763981,78305019.8775309,2022-10-07
594,1665187200000,0.5672778793803959,78581739.6314599,2022-10-08
595,1665273600000,0.5564822409237172,77298671.2857101,2022-10-09
596,1665360000000,0.5484332435722982,76582331.85957545,2022-10-10
597,1665446400000,0.5308422421756204,74257989.90143146,2022-10-11
598,1665532800000,0.5124690880857716,71464989.10649611,2022-10-12
599,1665619200000,0.5122609529685586,71434648.31638515,2022-10-13
600,1665705600000,0.49550794987742275,69197091.3837021,2022-10-14
601,1665792000000,0.481020755951592,67173675.47843699,2022-10-15
602,1665878400000,0.4758372190977857,66657381.86138195,2022-10-16
603,1665964800000,0.4917278599985074,68974769.21543075,2022-10-17
604,1666051200000,0.4974436017225248,69874633.9605111,2022-10-18
605,1666137600000,0.4993029922164761,70292721.36506334,2022-10-19
606,1666224000000,0.4802915541499572,67195265.32006209,2022-10-20
607,1666310400000,0.487556900688134,69077381.75400977,2022-10-21
608,1666396800000,0.48445680179280803,68722199.85256138,2022-10-22
609,1666483200000,0.49053343591757376,69713200.43726511,2022-10-23
610,1666569600000,0.4985736471269744,70972408.62858726,2022-10-24
611,1666656000000,0.48512072006363527,69062172.37040488,2022-10-25
612,1666742400000,0.5084744121873368,72491734.1124902,2022-10-26
613,1666828800000,0.5158836800163779,73602391.09419592,2022-10-27
614,1666915200000,0.5069617719476678,72571089.52829534,2022-10-28
615,1667001600000,0.5242878831461568,75365230.99901137,2022-10-29
616,1667088000000,0.5294520968153735,75992452.75732444,2022-10-30
617,1667174400000,0.5248477356923958,75542573.63844049,2022-10-31
618,1667260800000,0.520501862478769,75054686.63508184,2022-11-01
619,1667347200000,0.5093911409274677,73495312.57883221,2022-11-02
620,1667433600000,0.4879108295215531,70253174.26963575,2022-11-03
621,1667520000000,0.49101434581318276,70759828.02489854,2022-11-04
622,1667606400000,0.539309130731411,77869978.76324216,2022-11-05
623,1667692800000,0.5691155394209949,82318850.69144437,2022-11-06
624,1667779200000,0.5084010847066303,73737629.71055803,2022-11-07
625,1667865600000,0.479403878071048,69392828.82895432,2022-11-08
626,1667952000000,0.3685451773697408,53448812.53283364,2022-11-09
627,1668038400000,0.21729753942390048,31489811.722257826,2022-11-10
628,1668124800000,0.2801596536085791,40655273.57431634,2022-11-11
629,1668211200000,0.2691006742395824,39070034.2108577,2022-11-12
630,1668297600000,0.24708624057953898,35967048.67613862,2022-11-13
631,1668384000000,0.18733829665943266,27364155.965121098,2022-11-14
632,1668470400000,0.24051476519566534,34300132.06928233,2022-11-15
633,1668556800000,0.22432166157627947,35024070.672946416,2022-11-16
634,1668643200000,0.20966951730651573,32630629.653102897,2022-11-17
635,1668729600000,0.19103740653106382,29686068.2101086,2022-11-18
636,1668816000000,0.18417637326939532,28702891.56640706,2022-11-19
637,1668902400000,0.17626044608086502,27397160.844640687,2022-11-20
