,Time,open,mktcap,Date
0,1609200000000,0.023733663585965417,0.0,2020-12-29
1,1609286400000,0.023733663585965417,0.0,2020-12-30
2,1609372800000,0.01170525925383263,0.0,2020-12-31
3,1609459200000,0.01363980273517392,0.0,2021-01-01
4,1609545600000,0.012317773458376579,0.0,2021-01-02
5,1609632000000,0.011299147019011267,0.0,2021-01-03
6,1609718400000,0.009939107479312818,0.0,2021-01-04
7,1609804800000,0.00990103327233735,0.0,2021-01-05
8,1609891200000,0.011111138273458325,0.0,2021-01-06
9,1609977600000,0.010511261119045292,0.0,2021-01-07
10,1610064000000,0.010065703975840739,0.0,2021-01-08
11,1610150400000,0.009522666076679707,0.0,2021-01-09
12,1610236800000,0.009874586334239117,0.0,2021-01-10
13,1610323200000,0.009919962372224547,0.0,2021-01-11
14,1610409600000,0.008157332237477714,0.0,2021-01-12
15,1610496000000,0.00712280516717028,0.0,2021-01-13
16,1610582400000,0.008028484418192646,0.0,2021-01-14
17,1610668800000,0.009427889960306092,0.0,2021-01-15
18,1610755200000,0.012915128234041062,0.0,2021-01-16
19,1610841600000,0.015866951966998118,0.0,2021-01-17
20,1610928000000,0.01731445558413697,0.0,2021-01-18
21,1611014400000,0.01640234280440289,0.0,2021-01-19
22,1611100800000,0.01675874056926532,0.0,2021-01-20
23,1611187200000,0.02151122874222946,0.0,2021-01-21
24,1611273600000,0.02119952437760562,0.0,2021-01-22
25,1611360000000,0.021482851931346213,0.0,2021-01-23
26,1611446400000,0.02133852160748857,0.0,2021-01-24
27,1611532800000,0.02105167737067178,0.0,2021-01-25
28,1611619200000,0.02022059779615128,0.0,2021-01-26
29,1611705600000,0.021239520388956865,0.0,2021-01-27
30,1611792000000,0.018289948777751003,0.0,2021-01-28
31,1611878400000,0.01974308073912597,0.0,2021-01-29
32,1611964800000,0.018349107310878087,0.0,2021-01-30
33,1612051200000,0.020274746742995318,0.0,2021-01-31
34,1612137600000,0.019900597938402164,0.0,2021-02-01
35,1612224000000,0.021677144533091646,0.0,2021-02-02
36,1612310400000,0.02573010917376725,0.0,2021-02-03
37,1612396800000,0.02989003784103696,0.0,2021-02-04
38,1612483200000,0.027824587548533144,0.0,2021-02-05
39,1612569600000,0.03004893616815385,0.0,2021-02-06
40,1612656000000,0.02810826894273587,0.0,2021-02-07
41,1612742400000,0.026068657409422758,0.0,2021-02-08
42,1612828800000,0.030530630468368687,0.0,2021-02-09
43,1612915200000,0.03453844575155442,0.0,2021-02-10
44,1613001600000,0.03754971042231615,0.0,2021-02-11
45,1613088000000,0.043074851251148225,0.0,2021-02-12
46,1613174400000,0.046097027681161,0.0,2021-02-13
47,1613260800000,0.04968398000229351,0.0,2021-02-14
48,1613347200000,0.04613761245507071,0.0,2021-02-15
49,1613433600000,0.0396360675343333,0.0,2021-02-16
50,1613520000000,0.03748570632597572,0.0,2021-02-17
51,1613606400000,0.04014673704689116,0.0,2021-02-18
52,1613692800000,0.04201135735706176,0.0,2021-02-19
53,1613779200000,0.03684737909736268,0.0,2021-02-20
54,1613865600000,0.035494705036695134,0.0,2021-02-21
55,1613952000000,0.03857622178843038,0.0,2021-02-22
56,1614038400000,0.03831481653282304,0.0,2021-02-23
57,1614124800000,0.030298628359158,0.0,2021-02-24
58,1614211200000,0.033145817994794755,0.0,2021-02-25
59,1614297600000,0.03198178963267584,0.0,2021-02-26
60,1614384000000,0.03050296735764515,0.0,2021-02-27
61,1614470400000,0.03175022088312488,0.0,2021-02-28
62,1614556800000,0.02817795396480006,0.0,2021-03-01
63,1614643200000,0.03219742173759153,0.0,2021-03-02
64,1614729600000,0.03277926756134254,0.0,2021-03-03
65,1614816000000,0.03789927383233195,164624490.01633918,2021-03-04
66,1614902400000,0.04141319253705258,177321516.06433994,2021-03-05
67,1614988800000,0.03938429099609853,440733320.7544596,2021-03-06
68,1615075200000,0.039015557351789056,439841222.3802143,2021-03-07
69,1615161600000,0.03838480618147374,432022722.96296597,2021-03-08
70,1615248000000,0.037085448405462546,417614942.6880279,2021-03-09
71,1615334400000,0.03911470692227124,440284353.6576858,2021-03-10
72,1615420800000,0.03568297679416791,403235072.1308816,2021-03-11
73,1615507200000,0.03668345706341152,414203326.8655668,2021-03-12
74,1615593600000,0.046183644919976626,521014113.39098036,2021-03-13
75,1615680000000,0.04898760401155998,558146595.0903562,2021-03-14
76,1615766400000,0.050592254092357083,572780581.1208104,2021-03-15
77,1615852800000,0.04108395146331183,463151156.1217475,2021-03-16
78,1615939200000,0.03900003008450555,436295452.6715634,2021-03-17
79,1616025600000,0.03978463265584695,449116560.2667555,2021-03-18
80,1616112000000,0.039225106988934166,442393133.7558018,2021-03-19
81,1616198400000,0.04055113055229214,456946887.7457088,2021-03-20
82,1616284800000,0.04113258384840562,464131544.1221879,2021-03-21
83,1616371200000,0.03951491087504491,445820250.9608656,2021-03-22
84,1616457600000,0.03625004760915071,409732956.4540164,2021-03-23
85,1616544000000,0.03746000143069134,420330569.53338194,2021-03-24
86,1616630400000,0.034035891863437084,385141747.8643581,2021-03-25
87,1616716800000,0.03304922908042267,372444505.52415055,2021-03-26
88,1616803200000,0.03628180837284553,408596942.57614374,2021-03-27
89,1616889600000,0.0365368914901986,413248286.04492253,2021-03-28
90,1616976000000,0.039487639367023215,444409277.1935697,2021-03-29
91,1617062400000,0.044222532684423936,499592179.162894,2021-03-30
92,1617148800000,0.04306782979022522,485086233.3480447,2021-03-31
93,1617235200000,0.03961886598743724,447477928.367694,2021-04-01
94,1617321600000,0.03865215137420198,435945618.7331054,2021-04-02
95,1617408000000,0.037913662331064954,430308369.91434747,2021-04-03
96,1617494400000,0.036110216268110874,408831474.9088629,2021-04-04
97,1617580800000,0.03893367652282798,437598515.1527533,2021-04-05
98,1617667200000,0.03916419618756236,440576643.2474745,2021-04-06
99,1617753600000,0.03855623514239855,434416720.7041771,2021-04-07
100,1617840000000,0.035684415700653976,405770794.6530858,2021-04-08
101,1617926400000,0.03740211219746779,420422014.6911209,2021-04-09
102,1618012800000,0.038050412853501234,428684479.27518237,2021-04-10
103,1618099200000,0.039710757937610884,446329430.94659483,2021-04-11
104,1618185600000,0.03957164630739217,446322673.72692364,2021-04-12
105,1618272000000,0.038021724894746464,483388886.43553054,2021-04-13
106,1618358400000,0.03927357664803588,493489261.93906593,2021-04-14
107,1618444800000,0.04159120239949591,528694003.5412241,2021-04-15
108,1618531200000,0.0427976314060767,541914447.23932,2021-04-16
109,1618617600000,0.04000969268560615,507240073.00841916,2021-04-17
110,1618704000000,0.0464290329394675,588839957.3473351,2021-04-18
111,1618790400000,0.037772466879216454,478451272.4946578,2021-04-19
112,1618876800000,0.03468126733806236,439410881.4192844,2021-04-20
113,1618963200000,0.03409600313943905,433456362.9378707,2021-04-21
114,1619049600000,0.03265882016800818,415270246.66413873,2021-04-22
115,1619136000000,0.03552299310365387,450155466.27371514,2021-04-23
116,1619222400000,0.03305354926416245,418504470.29324335,2021-04-24
117,1619308800000,0.0312545576918447,397337387.4935767,2021-04-25
118,1619395200000,0.03116508175067051,393164834.03576195,2021-04-26
119,1619481600000,0.03499821448976488,444867474.9869061,2021-04-27
120,1619568000000,0.03669157946451541,464395299.21590614,2021-04-28
121,1619654400000,0.034886591275417336,441667382.9363032,2021-04-29
122,1619740800000,0.03581899230729066,453677374.27854973,2021-04-30
123,1619827200000,0.04020619995163697,508103882.10376906,2021-05-01
124,1619913600000,0.041322150977596055,525860766.6287655,2021-05-02
125,1620000000000,0.039929845519597586,505597617.7887546,2021-05-03
126,1620086400000,0.04121295977073443,521484219.51348364,2021-05-04
127,1620172800000,0.036999903230372035,469364319.2774685,2021-05-05
128,1620259200000,0.04044867313363514,511800343.6122738,2021-05-06
129,1620345600000,0.03895506194515893,495014202.0168235,2021-05-07
130,1620432000000,0.04103834305466564,518530631.656613,2021-05-08
131,1620518400000,0.042105305166403977,531755271.38930494,2021-05-09
132,1620604800000,0.042542075188874075,537848406.4296523,2021-05-10
133,1620691200000,0.037976499980078175,484553191.63932204,2021-05-11
134,1620777600000,0.050949553597271664,644174867.3019699,2021-05-12
135,1620864000000,0.04003399155463833,523497238.9945218,2021-05-13
136,1620950400000,0.03959713399261134,496388987.7881698,2021-05-14
137,1621036800000,0.04304965627367175,543086559.2923201,2021-05-15
138,1621123200000,0.038817659623655805,491468873.6922788,2021-05-16
139,1621209600000,0.039605782592712996,494747854.79723525,2021-05-17
140,1621296000000,0.03633902020643239,464488113.9763622,2021-05-18
141,1621382400000,0.03739285850999236,470897522.4722408,2021-05-19
142,1621468800000,0.024965542114466433,320098489.366992,2021-05-20
143,1621555200000,0.02997830472898853,381604799.2270407,2021-05-21
144,1621641600000,0.027090330788605652,342278643.5621406,2021-05-22
145,1621728000000,0.02508178434636839,317912373.3074567,2021-05-23
146,1621814400000,0.020838369889871936,263245890.60309651,2021-05-24
147,1621900800000,0.025651679619980657,321748821.48826057,2021-05-25
148,1621987200000,0.03001608597626039,380932598.70349574,2021-05-26
149,1622073600000,0.032493579415148986,414288135.7429444,2021-05-27
150,1622160000000,0.03493035707637668,442076773.1013162,2021-05-28
151,1622246400000,0.027653827897611487,350266068.2743276,2021-05-29
152,1622332800000,0.024914811022047584,318832285.978516,2021-05-30
153,1622419200000,0.025642653697912965,323297096.5012317,2021-05-31
154,1622505600000,0.026556922871604872,336576416.5996672,2021-06-01
155,1622592000000,0.02509883900366184,318408276.79522896,2021-06-02
156,1622678400000,0.025750597139241726,326649786.67237103,2021-06-03
157,1622764800000,0.027741518524307802,351280414.9365272,2021-06-04
158,1622851200000,0.024865881924277997,314837005.0759976,2021-06-05
159,1622937600000,0.02383682932038818,301415465.4304227,2021-06-06
160,1623024000000,0.024961315338008036,316195832.6453086,2021-06-07
161,1623110400000,0.021982200697685125,280947869.68603766,2021-06-08
162,1623196800000,0.021879229719773876,276985557.8932735,2021-06-09
163,1623283200000,0.023011810807798426,291943754.07637715,2021-06-10
164,1623369600000,0.021488615684563183,273611729.8082979,2021-06-11
165,1623456000000,0.020928791728310404,264156476.0613286,2021-06-12
166,1623542400000,0.02015453277139395,256715819.01386875,2021-06-13
167,1623628800000,0.02181518909564271,275411342.2921959,2021-06-14
168,1623715200000,0.022076483479134143,278511701.87285393,2021-06-15
169,1623801600000,0.022623027989940744,286722414.8598233,2021-06-16
170,1623888000000,0.021085448577817675,266583876.07137048,2021-06-17
171,1623974400000,0.020739267438802552,261916281.54397413,2021-06-18
172,1624060800000,0.01975538549223306,250332974.0106491,2021-06-19
173,1624147200000,0.01907996890678629,243567259.45225662,2021-06-20
174,1624233600000,0.019432109606446223,246341833.91231626,2021-06-21
175,1624320000000,0.015183979086684238,192882696.22577864,2021-06-22
176,1624406400000,0.013865930269709765,175538414.65977806,2021-06-23
177,1624492800000,0.015248840775916091,193622870.94435626,2021-06-24
178,1624579200000,0.01567510724358417,198715424.61388904,2021-06-25
179,1624665600000,0.01389694892224636,176173768.57473865,2021-06-26
180,1624752000000,0.013861564876838935,175430047.67181155,2021-06-27
181,1624838400000,0.016059508319748256,203421736.73713782,2021-06-28
182,1624924800000,0.015906618639675837,201440192.51950777,2021-06-29
183,1625011200000,0.016239177393837224,208266052.35905716,2021-06-30
184,1625097600000,0.01574078421835191,199424822.58381763,2021-07-01
185,1625184000000,0.015050775505753773,191003594.59072027,2021-07-02
186,1625270400000,0.015048354918621212,190519587.49251688,2021-07-03
187,1625356800000,0.015131515301945519,191084745.49070838,2021-07-04
188,1625443200000,0.015746983607731753,199526727.89474005,2021-07-05
189,1625529600000,0.014980879556255315,189779869.35071617,2021-07-06
190,1625616000000,0.016334922503750484,206982464.51577917,2021-07-07
191,1625702400000,0.015800289471039706,200137010.573764,2021-07-08
192,1625788800000,0.015040967364203123,189818494.39989367,2021-07-09
193,1625875200000,0.015184470233660105,191764281.3481384,2021-07-10
194,1625961600000,0.014914044501981099,188911240.37072247,2021-07-11
195,1626048000000,0.015052992248728357,190709177.21198955,2021-07-12
196,1626134400000,0.014716373962587747,186572565.52730423,2021-07-13
197,1626220800000,0.014263964712503473,180760875.60454017,2021-07-14
198,1626307200000,0.014241373510796934,180355668.23332727,2021-07-15
199,1626393600000,0.013910345733033744,177123530.99328396,2021-07-16
200,1626480000000,0.013221493436734413,167555425.97443357,2021-07-17
201,1626566400000,0.013154074846725783,166743037.6424985,2021-07-18
202,1626652800000,0.013427588503551914,169754730.23562947,2021-07-19
203,1626739200000,0.01269312305042254,160842740.96703267,2021-07-20
204,1626825600000,0.011560569508744577,146231026.8093852,2021-07-21
205,1626912000000,0.01248023663757785,157517985.34944996,2021-07-22
206,1626998400000,0.013345035626459967,169033627.24783036,2021-07-23
207,1627084800000,0.014054084918103586,177994513.4850483,2021-07-24
208,1627171200000,0.013986844166979557,177126299.56104836,2021-07-25
209,1627257600000,0.014089630361568644,178710326.89746222,2021-07-26
210,1627344000000,0.014253288085067005,181086434.09666798,2021-07-27
211,1627430400000,0.014580748400107358,184457419.58425483,2021-07-28
212,1627516800000,0.015058918311779978,190730631.02331263,2021-07-29
213,1627603200000,0.014989462320795706,190100340.8899222,2021-07-30
214,1627689600000,0.015183648417551336,192241046.5447418,2021-07-31
215,1627776000000,0.01523640882322673,193068900.5968283,2021-08-01
216,1627862400000,0.015037143177734835,190415976.61093798,2021-08-02
217,1627948800000,0.01529692501687347,194662559.67217115,2021-08-03
218,1628035200000,0.015169639998216987,192215900.81629792,2021-08-04
219,1628121600000,0.015578594381170124,197539272.4345094,2021-08-05
220,1628208000000,0.016188290533258317,205478526.71143493,2021-08-06
221,1628294400000,0.01719753682909944,217156923.18015468,2021-08-07
222,1628380800000,0.0177638135335142,224832437.90380782,2021-08-08
223,1628467200000,0.018013088121615006,229675158.75594795,2021-08-09
224,1628553600000,0.020612943288408056,258900130.19760495,2021-08-10
225,1628640000000,0.020572283958267018,260767892.44012207,2021-08-11
226,1628726400000,0.022217883432829013,281145864.6751102,2021-08-12
227,1628812800000,0.021070591230229318,265893442.32197744,2021-08-13
228,1628899200000,0.022419320126944066,283708731.5873807,2021-08-14
229,1628985600000,0.022071217975275798,279807760.615687,2021-08-15
230,1629072000000,0.021992764677607076,278337975.13292825,2021-08-16
231,1629158400000,0.02176106458257569,278254061.06717443,2021-08-17
232,1629244800000,0.01984965559745784,253485180.46372998,2021-08-18
233,1629331200000,0.02007888226843196,254591237.76425478,2021-08-19
234,1629417600000,0.020820005876134924,261222459.4320101,2021-08-20
235,1629504000000,0.022219567215336227,281275122.3710713,2021-08-21
236,1629590400000,0.022285831611977655,282326932.5440913,2021-08-22
237,1629676800000,0.026189974913438052,331689913.289393,2021-08-23
238,1629763200000,0.024891203733417498,315744965.92363626,2021-08-24
239,1629849600000,0.022807165026259672,289378158.67073005,2021-08-25
240,1629936000000,0.024572357453392247,311209157.7912709,2021-08-26
241,1630022400000,0.022843450663295985,289431348.74705565,2021-08-27
242,1630108800000,0.0238911547253936,302360491.62659717,2021-08-28
243,1630195200000,0.024202653064290165,306063932.16096824,2021-08-29
244,1630281600000,0.02479076631539159,313906028.74712634,2021-08-30
245,1630368000000,0.02320117739974652,294031084.884344,2021-08-31
246,1630454400000,0.023743480370490146,301131049.0343132,2021-09-01
247,1630540800000,0.025119898638677925,318138330.07378244,2021-09-02
248,1630627200000,0.025301524408567963,320473674.3480638,2021-09-03
249,1630713600000,0.02573587670366625,325318021.6273225,2021-09-04
250,1630800000000,0.02827293750940474,359850056.3240051,2021-09-05
251,1630886400000,0.028713523875823672,363228317.1379457,2021-09-06
252,1630972800000,0.028543281465944766,361667332.0452048,2021-09-07
253,1631059200000,0.02156250971776558,272948831.76324993,2021-09-08
254,1631145600000,0.022221535069690827,282337580.88347864,2021-09-09
255,1631232000000,0.02253593193386731,286072616.4681859,2021-09-10
256,1631318400000,0.02377065565237716,298162574.77517784,2021-09-11
257,1631404800000,0.024809655598673347,314885253.2144088,2021-09-12
258,1631491200000,0.024829526667120176,315202085.9202418,2021-09-13
259,1631577600000,0.023143022798233565,293139314.11855227,2021-09-14
260,1631664000000,0.023854332529217745,327404774.1039776,2021-09-15
261,1631750400000,0.024065164827770852,330301334.67729855,2021-09-16
262,1631836800000,0.023774751386581312,325052570.6621196,2021-09-17
263,1631923200000,0.02280833278372017,312993794.4086554,2021-09-18
264,1632009600000,0.022878686066113367,313887651.4141294,2021-09-19
265,1632096000000,0.02192455444914468,303356061.68411106,2021-09-20
266,1632182400000,0.01892386600832667,260053475.26428813,2021-09-21
267,1632268800000,0.017355873322366638,239562519.36934376,2021-09-22
268,1632355200000,0.01977138045247272,273166426.7250878,2021-09-23
269,1632441600000,0.02041794650870681,282124852.4167338,2021-09-24
270,1632528000000,0.018568918922029876,255668653.9346607,2021-09-25
271,1632614400000,0.018494609358401675,255565511.57684675,2021-09-26
272,1632700800000,0.018356285460738638,253637863.35329798,2021-09-27
273,1632787200000,0.017764831140398323,245325496.1914243,2021-09-28
274,1632873600000,0.01737779613061081,240412513.42708787,2021-09-29
275,1632960000000,0.01790098540287647,247158713.8504107,2021-09-30
276,1633046400000,0.018640328583297807,257135864.5455233,2021-10-01
277,1633132800000,0.020100252561705896,277422376.79476595,2021-10-02
278,1633219200000,0.020027455884209216,276720329.6606768,2021-10-03
279,1633305600000,0.020640290909066442,285039414.84879607,2021-10-04
280,1633392000000,0.02122986706104579,293368609.8540327,2021-10-05
281,1633478400000,0.021872701629305828,302128217.16104656,2021-10-06
282,1633564800000,0.02145129642236079,295945738.82948524,2021-10-07
283,1633651200000,0.021210346225975483,292920471.82122755,2021-10-08
284,1633737600000,0.021150861322045824,291794271.93541944,2021-10-09
285,1633824000000,0.0215041640102042,296991974.50625473,2021-10-10
286,1633910400000,0.020055007124363408,277135182.3634797,2021-10-11
287,1633996800000,0.019936857850257502,274639931.6124545,2021-10-12
288,1634083200000,0.022277170097334514,307926426.53117007,2021-10-13
289,1634169600000,0.022153203226441293,306334508.4408372,2021-10-14
290,1634256000000,0.02395585166393443,331045355.1182049,2021-10-15
291,1634342400000,0.0268883530891269,370855594.5640547,2021-10-16
292,1634428800000,0.031114649577261767,430090279.03305054,2021-10-17
293,1634515200000,0.028662192115932184,394549909.8967401,2021-10-18
294,1634601600000,0.03063240745173156,424107645.3023932,2021-10-19
295,1634688000000,0.031214020435128623,431396681.3353646,2021-10-20
296,1634774400000,0.03151840816279914,435842176.0974864,2021-10-21
297,1634860800000,0.03020356024607443,417556623.5236411,2021-10-22
298,1634947200000,0.030084473114477064,415464874.21211994,2021-10-23
299,1635033600000,0.03032365457435007,419021512.42809415,2021-10-24
300,1635120000000,0.02896640481663697,400217563.76757264,2021-10-25
301,1635206400000,0.03072176922395281,424808312.805338,2021-10-26
302,1635292800000,0.030864115156186565,425998211.5435088,2021-10-27
303,1635379200000,0.02794224194749215,385863595.4748587,2021-10-28
304,1635465600000,0.029069518836910224,400742465.046919,2021-10-29
305,1635552000000,0.033004464318530526,457746693.4724659,2021-10-30
306,1635638400000,0.031041088938695213,428424241.3605516,2021-10-31
307,1635724800000,0.030516329812250453,421831894.8097345,2021-11-01
308,1635811200000,0.035041688666825895,486073727.64057183,2021-11-02
309,1635897600000,0.03696610945070045,505942134.4894689,2021-11-03
310,1635984000000,0.036044090708297345,532530802.17020726,2021-11-04
311,1636070400000,0.03451383849582865,512300179.530146,2021-11-05
312,1636156800000,0.03405215058504852,502216178.9281237,2021-11-06
313,1636243200000,0.0337905488052803,499130495.9162658,2021-11-07
314,1636329600000,0.03448753878554597,510391524.6289626,2021-11-08
315,1636416000000,0.034212868586985766,511529654.24418473,2021-11-09
316,1636502400000,0.03366628452113123,535968244.68637824,2021-11-10
317,1636588800000,0.03074731969987745,483524467.6381488,2021-11-11
318,1636675200000,0.031891989813005346,512517423.34471595,2021-11-12
319,1636761600000,0.031102405250216035,497452790.46494216,2021-11-13
320,1636848000000,0.03196935549224624,510291851.3812529,2021-11-14
321,1636934400000,0.031417100602976825,500968086.35789156,2021-11-15
322,1637020800000,0.031805800923909805,509250882.5722353,2021-11-16
323,1637107200000,0.029594665890768895,473518130.57193106,2021-11-17
324,1637193600000,0.029239920845368438,463629356.64040667,2021-11-18
325,1637280000000,0.02631280457721446,419817834.9387253,2021-11-19
326,1637366400000,0.02800892185214585,445829585.28783983,2021-11-20
327,1637452800000,0.02866042369612346,457566770.9668627,2021-11-21
328,1637539200000,0.028976702627019377,464400005.09813106,2021-11-22
329,1637625600000,0.02716313634328365,433557410.8724644,2021-11-23
330,1637712000000,0.026739369321761384,427463566.44086045,2021-11-24
331,1637798400000,0.025916088305702134,414378533.09981436,2021-11-25
332,1637884800000,0.02678669395459164,428665011.8732071,2021-11-26
333,1637971200000,0.023851811161845607,379069815.4734339,2021-11-27
334,1638057600000,0.024287147721123344,387461336.1121068,2021-11-28
335,1638144000000,0.024539271894871418,396255961.8025865,2021-11-29
336,1638230400000,0.025380034018171623,411621566.06221455,2021-11-30
337,1638316800000,0.02548943824664546,412163589.2447205,2021-12-01
338,1638403200000,0.02495491067946421,401787106.4414271,2021-12-02
339,1638489600000,0.024300542473797867,391834726.381723,2021-12-03
340,1638576000000,0.023251703294552967,374398265.47448045,2021-12-04
341,1638662400000,0.02007414356092816,323828040.3783754,2021-12-05
342,1638748800000,0.019451873945082594,314095649.5875751,2021-12-06
343,1638835200000,0.020297810846828263,325978613.473837,2021-12-07
344,1638921600000,0.020020006775410097,322499135.8633704,2021-12-08
345,1639008000000,0.020123397656428416,324286136.76206076,2021-12-09
346,1639094400000,0.018480420417330123,299046525.2618948,2021-12-10
347,1639180800000,0.017790812867040148,288999670.1038858,2021-12-11
348,1639267200000,0.01892874557383056,305242922.60432965,2021-12-12
349,1639353600000,0.019309346163143584,310796848.31295633,2021-12-13
350,1639440000000,0.017164654713834725,276706121.1672186,2021-12-14
351,1639526400000,0.017804359155709583,286413248.7220898,2021-12-15
352,1639612800000,0.018245424710122388,296388060.6222367,2021-12-16
353,1639699200000,0.017340749580641614,282229973.1131735,2021-12-17
354,1639785600000,0.01683305236553654,274254110.0680917,2021-12-18
355,1639872000000,0.017081126106653945,278929600.5519547,2021-12-19
356,1639958400000,0.01930728090783672,314706929.6173815,2021-12-20
357,1640044800000,0.018889681347124106,310761102.10289925,2021-12-21
358,1640131200000,0.01957623398282882,319612278.4874148,2021-12-22
359,1640217600000,0.019896604860189758,325759236.10607743,2021-12-23
360,1640304000000,0.020703160964660204,337033072.471555,2021-12-24
361,1640390400000,0.020729393554761912,338103811.94249773,2021-12-25
362,1640476800000,0.020824313270914975,340661706.3676037,2021-12-26
363,1640563200000,0.020847228585720308,339854071.2275017,2021-12-27
364,1640649600000,0.020612205660379388,336641427.7322547,2021-12-28
365,1640736000000,0.018759031022281502,307051067.7423631,2021-12-29
366,1640822400000,0.018145804541697643,294044899.8409747,2021-12-30
367,1640908800000,0.01840599723635568,299648114.1642898,2021-12-31
368,1640995200000,0.01828092013764274,299490672.18610615,2022-01-01
369,1641081600000,0.018605538841629087,303679075.8894227,2022-01-02
370,1641168000000,0.018449298246093333,300594779.3461119,2022-01-03
371,1641254400000,0.017972518013412226,314149326.2770336,2022-01-04
372,1641340800000,0.017767646700266915,313771094.328072,2022-01-05
373,1641427200000,0.016440674517299407,289593534.86572665,2022-01-06
374,1641513600000,0.016248057272870656,285924946.86026525,2022-01-07
375,1641600000000,0.014876786760600298,261353893.93273756,2022-01-08
376,1641686400000,0.014016426580047507,245699663.6709206,2022-01-09
377,1641772800000,0.014039859430391183,245454852.57389358,2022-01-10
378,1641859200000,0.013256531474900133,233461971.17196354,2022-01-11
379,1641945600000,0.013919013412629126,244221368.98994008,2022-01-12
380,1642032000000,0.014792136231880604,259419297.57019654,2022-01-13
381,1642118400000,0.013835056168986446,244412673.21633774,2022-01-14
382,1642204800000,0.014111367169909161,247293738.9657204,2022-01-15
383,1642291200000,0.014458074502070489,253941817.25579163,2022-01-16
384,1642377600000,0.014233587860842663,249660901.86853352,2022-01-17
385,1642464000000,0.013625230951662947,238890350.0997754,2022-01-18
386,1642550400000,0.013316453596555294,233927444.35672382,2022-01-19
387,1642636800000,0.012975619852714431,227960784.95543548,2022-01-20
388,1642723200000,0.012437622215250396,218874320.1638068,2022-01-21
389,1642809600000,0.010514845748451919,184328696.55718195,2022-01-22
390,1642896000000,0.009697731248828041,169579463.68393126,2022-01-23
391,1642982400000,0.00995718640226528,174278508.87815693,2022-01-24
392,1643068800000,0.009592500521149464,168226760.48717582,2022-01-25
393,1643155200000,0.00977814988968373,171582796.01064366,2022-01-26
394,1643241600000,0.009763247871058929,172643293.66770855,2022-01-27
395,1643328000000,0.009679426255682461,169307221.67591286,2022-01-28
396,1643414400000,0.009958595951515211,174426413.69606602,2022-01-29
397,1643500800000,0.010108104156848399,176623711.61802298,2022-01-30
398,1643587200000,0.010059585799458438,176277058.55631998,2022-01-31
399,1643673600000,0.010283789095407671,180060287.17181465,2022-02-01
400,1643760000000,0.010282377976620148,180364449.8178125,2022-02-02
401,1643846400000,0.009747744633462879,170815898.7462531,2022-02-03
402,1643932800000,0.009740446520119236,170992959.189745,2022-02-04
403,1644019200000,0.011824485020473275,208299254.380686,2022-02-05
404,1644105600000,0.011565383979449237,203250849.64023244,2022-02-06
405,1644192000000,0.011793183531330301,206653517.54069793,2022-02-07
406,1644278400000,0.01244985713664923,221259240.06079382,2022-02-08
407,1644364800000,0.012215119468797437,220473486.21103707,2022-02-09
408,1644451200000,0.012476513989085053,224960479.5962462,2022-02-10
409,1644537600000,0.012734170011799136,232805786.00182173,2022-02-11
410,1644624000000,0.011452026228087627,209264329.80314386,2022-02-12
411,1644710400000,0.011158627951261114,204120589.4528655,2022-02-13
412,1644796800000,0.011079590162026427,202119023.86543116,2022-02-14
413,1644883200000,0.011645295247448315,212579181.08166432,2022-02-15
414,1644969600000,0.012196342764256424,223702150.31648389,2022-02-16
415,1645056000000,0.012199304399558608,223380444.67926598,2022-02-17
416,1645142400000,0.011004486419939554,201179094.79372185,2022-02-18
417,1645228800000,0.010808002182086473,198169477.20057136,2022-02-19
418,1645315200000,0.010856135329956919,198051423.83142033,2022-02-20
419,1645401600000,0.010132740947584304,186033178.16529223,2022-02-21
420,1645488000000,0.00945868873439092,173348370.67363718,2022-02-22
421,1645574400000,0.009897046311704846,180384119.446794,2022-02-23
422,1645660800000,0.009562103045305895,174930947.86298788,2022-02-24
423,1645747200000,0.009331988060626557,170626606.78017244,2022-02-25
424,1645833600000,0.009744197737906732,178141545.41055754,2022-02-26
425,1645920000000,0.009588765576556923,174570753.8340406,2022-02-27
426,1646006400000,0.008962751841330215,163812119.6520211,2022-02-28
427,1646092800000,0.010040345558593195,182712415.81234962,2022-03-01
428,1646179200000,0.010235464533577737,186983727.35349855,2022-03-02
429,1646265600000,0.00975178503989362,178117104.2146201,2022-03-03
430,1646352000000,0.009233593218204023,168886797.40395054,2022-03-04
431,1646438400000,0.008622911853859189,157651092.14060396,2022-03-05
432,1646524800000,0.008842876893447501,162134897.06022823,2022-03-06
433,1646611200000,0.008317570004051136,152049986.3023546,2022-03-07
434,1646697600000,0.008313619864416793,151857601.37758517,2022-03-08
435,1646784000000,0.008176909263801919,149487854.53658998,2022-03-09
436,1646870400000,0.008674226983684079,158525030.35321504,2022-03-10
437,1646956800000,0.00832500210694525,152206701.09358105,2022-03-11
438,1647043200000,0.008169847834850622,149510252.37893647,2022-03-12
439,1647129600000,0.008171466453128214,149390334.82074296,2022-03-13
440,1647216000000,0.007807734933379964,142729594.4747627,2022-03-14
441,1647302400000,0.008347355248202678,152344225.36683822,2022-03-15
442,1647388800000,0.008164366781079098,149496033.1032269,2022-03-16
443,1647475200000,0.008563491755688078,155826505.5694563,2022-03-17
444,1647561600000,0.008427190371525154,153941741.01150912,2022-03-18
445,1647648000000,0.008617796275524461,157595475.92445013,2022-03-19
446,1647734400000,0.009074510706679495,165986151.72294632,2022-03-20
447,1647820800000,0.008811427175046172,160937439.73187336,2022-03-21
448,1647907200000,0.009021538384763193,165002323.9600021,2022-03-22
449,1647993600000,0.009260484934690843,169026253.50376773,2022-03-23
450,1648080000000,0.00966817757531273,176942502.81039438,2022-03-24
451,1648166400000,0.009950269443435899,182143564.57305092,2022-03-25
452,1648252800000,0.009746060830747543,178142877.61093366,2022-03-26
453,1648339200000,0.010511924647808053,192433750.0962007,2022-03-27
454,1648425600000,0.0113548336129353,207367867.0053444,2022-03-28
455,1648512000000,0.010922713544317484,201562215.4168315,2022-03-29
456,1648598400000,0.01116311413451446,202988178.28402793,2022-03-30
457,1648684800000,0.011623598860675181,212821045.9232947,2022-03-31
458,1648771200000,0.0114506496345507,209532025.7046397,2022-04-01
459,1648857600000,0.011912243273330066,217536945.90061572,2022-04-02
460,1648944000000,0.01186718391680893,217523116.27347454,2022-04-03
461,1649030400000,0.012204111111634103,223161888.21336764,2022-04-04
462,1649116800000,0.011808270774678808,215786151.47391018,2022-04-05
463,1649203200000,0.01158618915673793,211993044.44476068,2022-04-06
464,1649289600000,0.010164479000180946,186771168.4607195,2022-04-07
465,1649376000000,0.010654705519125875,194885489.84816,2022-04-08
466,1649462400000,0.009571326321078466,174152022.79688996,2022-04-09
467,1649548800000,0.009722253157869494,177718347.64949793,2022-04-10
468,1649635200000,0.009516908164948509,174664326.4725031,2022-04-11
469,1649721600000,0.00864679389138257,158368338.66372558,2022-04-12
470,1649808000000,0.008960931014809582,163069736.26005974,2022-04-13
471,1649894400000,0.009163341695247004,167772223.01274705,2022-04-14
472,1649980800000,0.008964638298115137,164310820.53986928,2022-04-15
473,1650067200000,0.009142656586893639,166814134.58297956,2022-04-16
474,1650153600000,0.009099107030835352,166787105.83194882,2022-04-17
475,1650240000000,0.008719484553047477,159211314.53914818,2022-04-18
476,1650326400000,0.008966893205446304,163566338.90862477,2022-04-19
477,1650412800000,0.009603905427864495,175384884.60041037,2022-04-20
478,1650499200000,0.009659006723981574,180107738.0745636,2022-04-21
479,1650585600000,0.009154585612343207,171366892.35473436,2022-04-22
480,1650672000000,0.00930918606061579,173883256.17472556,2022-04-23
481,1650758400000,0.009076494002581937,170485770.43924382,2022-04-24
482,1650844800000,0.00880483051811134,165087832.46196714,2022-04-25
483,1650931200000,0.00882567853004472,164984388.23326966,2022-04-26
484,1651017600000,0.008082680769510558,151149203.44029173,2022-04-27
485,1651104000000,0.008223871068933436,154252107.87198716,2022-04-28
486,1651190400000,0.008297833283063244,155213206.77513218,2022-04-29
487,1651276800000,0.007804034405429097,146657213.64495286,2022-04-30
488,1651363200000,0.007083976380712506,132958764.25646748,2022-05-01
489,1651449600000,0.007544084854423555,141915659.30295745,2022-05-02
490,1651536000000,0.0072769435327363925,136490472.75090036,2022-05-03
491,1651622400000,0.0070746798192033835,132413707.54025252,2022-05-04
492,1651708800000,0.007663891400637579,143948184.51509574,2022-05-05
493,1651795200000,0.006883112847060511,129215162.50177294,2022-05-06
494,1651881600000,0.006835700627932944,128586142.84352158,2022-05-07
495,1651968000000,0.00653075371237936,123002404.80808532,2022-05-08
496,1652054400000,0.006322455735471869,118971137.53276706,2022-05-09
497,1652140800000,0.005478054310959881,103368312.37612562,2022-05-10
498,1652227200000,0.005492526706373864,103471919.91417514,2022-05-11
499,1652313600000,0.003705244759544384,69398394.66064465,2022-05-12
500,1652400000000,0.004210882426808939,78011097.48455422,2022-05-13
501,1652486400000,0.0043658440387104565,83849723.21688588,2022-05-14
502,1652572800000,0.004469914081165152,85911256.40406464,2022-05-15
503,1652659200000,0.0048088518148654705,92415077.32927085,2022-05-16
504,1652745600000,0.00444865661105693,86056684.57906781,2022-05-17
505,1652832000000,0.00483127639654659,93672823.31154443,2022-05-18
506,1652918400000,0.004233883655022914,82110977.80836646,2022-05-19
507,1653004800000,0.004661986735083245,90332432.62695314,2022-05-20
508,1653091200000,0.004396750179974389,85432151.7282357,2022-05-21
509,1653177600000,0.004497461847445349,87407178.37492354,2022-05-22
510,1653264000000,0.004580260013653992,88894465.60691209,2022-05-23
511,1653350400000,0.004359297747546208,84410350.94746672,2022-05-24
512,1653436800000,0.0043711862688330565,84771816.3275212,2022-05-25
513,1653523200000,0.004286329184108756,83395208.40701258,2022-05-26
514,1653609600000,0.003916309281077652,76139446.5698899,2022-05-27
515,1653696000000,0.0037416317393968936,72836591.6105616,2022-05-28
516,1653782400000,0.0038662902385188363,75380536.2452964,2022-05-29
517,1653868800000,0.004046165919547342,78816638.65558238,2022-05-30
518,1653955200000,0.00441630048872487,86085412.5034105,2022-05-31
519,1654041600000,0.0043987719217798305,86455146.46759483,2022-06-01
520,1654128000000,0.0042424514428972245,82560001.4933443,2022-06-02
521,1654214400000,0.004435548868898228,86639179.19134761,2022-06-03
522,1654300800000,0.004371225402003482,84838689.95465285,2022-06-04
523,1654387200000,0.004361471498171306,84887798.07072465,2022-06-05
524,1654473600000,0.0043927858460393945,85887534.91755043,2022-06-06
525,1654560000000,0.004445661851232927,87184141.65845235,2022-06-07
526,1654646400000,0.004376939263540594,85556205.86024348,2022-06-08
527,1654732800000,0.004281360642624306,83574052.30492923,2022-06-09
528,1654819200000,0.004118116272369554,80258044.82758953,2022-06-10
529,1654905600000,0.0039937691878620014,78234694.07391594,2022-06-11
530,1654992000000,0.0036919072953515,72004625.24002932,2022-06-12
531,1655078400000,0.003486625579777747,68454693.9926276,2022-06-13
532,1655164800000,0.0030981943706854557,60372739.09250424,2022-06-14
533,1655251200000,0.003341011245503178,65474693.00536633,2022-06-15
534,1655337600000,0.003906490485648182,76401967.98215894,2022-06-16
535,1655424000000,0.0032696343413946825,64172298.741690464,2022-06-17
536,1655510400000,0.003382113023246377,66441378.5880274,2022-06-18
537,1655596800000,0.0031298995278032085,61393927.28288699,2022-06-19
538,1655683200000,0.0033241344529616047,65150134.14071206,2022-06-20
539,1655769600000,0.0033877094107644047,66441666.59448633,2022-06-21
540,1655856000000,0.0035331052274456777,69389187.95499177,2022-06-22
541,1655942400000,0.0034061110587531307,67093846.974489726,2022-06-23
542,1656028800000,0.0035633393847072296,70135016.45131181,2022-06-24
543,1656115200000,0.003784655683113294,74535962.67914328,2022-06-25
544,1656201600000,0.0038438913513709847,75585032.46680772,2022-06-26
545,1656288000000,0.003668197196301661,72134321.78394371,2022-06-27
546,1656374400000,0.0037174864617773523,72847621.7520853,2022-06-28
547,1656460800000,0.0035299919211759954,69343326.34923215,2022-06-29
548,1656547200000,0.003424387112273815,67418122.82328792,2022-06-30
549,1656633600000,0.0033179338969177097,64806911.25164795,2022-07-01
550,1656720000000,0.003306231824356608,65596435.77576658,2022-07-02
551,1656806400000,0.0033287712039279764,65397710.36218039,2022-07-03
552,1656892800000,0.0033801387189904735,66499676.495702736,2022-07-04
553,1656979200000,0.003501054354903553,68718777.81219007,2022-07-05
554,1657065600000,0.0033966082281782477,66967137.09083351,2022-07-06
555,1657152000000,0.0034638672972521745,68340564.29095675,2022-07-07
556,1657238400000,0.0036922934295387172,72772753.6154779,2022-07-08
557,1657324800000,0.0035664687869256034,70199515.49251342,2022-07-09
558,1657411200000,0.0036235819964666725,71397240.12287086,2022-07-10
559,1657497600000,0.0034685618187194848,68351556.58661786,2022-07-11
560,1657584000000,0.0032215757495540676,63355163.170908086,2022-07-12
561,1657670400000,0.003167926091072787,62773835.63083216,2022-07-13
562,1657756800000,0.003326114033313527,65481241.19820132,2022-07-14
563,1657843200000,0.0034636161881659495,68617296.07639067,2022-07-15
564,1657929600000,0.0035734281334653777,70596518.4171703,2022-07-16
565,1658016000000,0.0036405351426792086,72002178.74659102,2022-07-17
566,1658102400000,0.0035553404376036982,70399181.73060936,2022-07-18
567,1658188800000,0.0038287353937991307,75161673.12824994,2022-07-19
568,1658275200000,0.004012323165481233,79262668.74429329,2022-07-20
569,1658361600000,0.004144915592063702,82167171.89533468,2022-07-21
570,1658448000000,0.004313005972171913,85270175.865463,2022-07-22
571,1658534400000,0.004079018914557524,80435401.3733825,2022-07-23
572,1658620800000,0.0040496825312311985,79976569.52142535,2022-07-24
573,1658707200000,0.004008184888436433,79113564.50172871,2022-07-25
574,1658793600000,0.0036844934931278715,73688592.78403525,2022-07-26
575,1658880000000,0.003712690794173804,73396576.11283927,2022-07-27
576,1658966400000,0.003908700969090243,76917620.47898608,2022-07-28
577,1659052800000,0.00413921886071534,81995386.91715454,2022-07-29
578,1659139200000,0.004255154679867704,84913141.99653645,2022-07-30
579,1659225600000,0.004254203429698892,84133263.72166936,2022-07-31
580,1659312000000,0.004233404623031883,83964021.6927953,2022-08-01
581,1659398400000,0.004291131758847428,84679343.41087177,2022-08-02
582,1659484800000,0.004105907494447073,81767460.18990326,2022-08-03
583,1659571200000,0.004111468999642032,81059817.27450816,2022-08-04
584,1659657600000,0.004203488136872548,83016574.38211966,2022-08-05
585,1659744000000,0.004439221421788789,87877789.4093092,2022-08-06
586,1659830400000,0.004350881858157191,86365561.39831486,2022-08-07
587,1659916800000,0.004356748368967283,86499713.05363657,2022-08-08
588,1660003200000,0.004623832894515756,91785768.50039153,2022-08-09
589,1660089600000,0.004388411256695715,87132848.81734887,2022-08-10
590,1660176000000,0.004528485935690846,89756797.2833268,2022-08-11
591,1660262400000,0.004566763171898952,90769551.48205802,2022-08-12
592,1660348800000,0.004684573345064465,92891794.52823886,2022-08-13
593,1660435200000,0.004652639890128863,92379390.04680867,2022-08-14
594,1660521600000,0.004527622286740835,90076333.2181803,2022-08-15
595,1660608000000,0.0044612123302157185,88785522.98538898,2022-08-16
596,1660694400000,0.004426527715193237,87950683.80094273,2022-08-17
597,1660780800000,0.004185644169040977,83508302.0313698,2022-08-18
598,1660867200000,0.004014621621103286,79903158.62826365,2022-08-19
599,1660953600000,0.0037379904561752543,74179612.50423789,2022-08-20
600,1661040000000,0.003732078762432513,74365154.50213328,2022-08-21
601,1661126400000,0.004002247336383582,79742355.2453469,2022-08-22
602,1661212800000,0.003802109301334604,75430426.92893626,2022-08-23
603,1661299200000,0.00389627231801803,77854939.15874413,2022-08-24
604,1661385600000,0.0038862695100533354,77383780.79946709,2022-08-25
605,1661472000000,0.003942151903571714,78527431.08280258,2022-08-26
606,1661558400000,0.003635592141703345,73170883.29628181,2022-08-27
607,1661644800000,0.0036649780714681245,73023923.33012469,2022-08-28
608,1661731200000,0.0035245721549462426,70497990.60724778,2022-08-29
609,1661817600000,0.0037616080403090465,74970841.60799798,2022-08-30
610,1661904000000,0.0037290875822748493,74687253.88627999,2022-08-31
611,1661990400000,0.003704738345182795,74169153.0706579,2022-09-01
612,1662076800000,0.0037492634467027872,74760495.43352938,2022-09-02
613,1662163200000,0.003767589696525525,75098081.75469714,2022-09-03
614,1662249600000,0.0037907211152391654,75719033.56715049,2022-09-04
615,1662336000000,0.00381598157510231,76194265.19791543,2022-09-05
616,1662422400000,0.0037344385400312013,74619620.83807632,2022-09-06
617,1662508800000,0.0034735059718650043,69524339.30957466,2022-09-07
618,1662595200000,0.003598162295257375,72177165.09766416,2022-09-08
619,1662681600000,0.0036211592485871644,72336622.57738778,2022-09-09
620,1662768000000,0.0038843366763885692,77649525.17533652,2022-09-10
621,1662854400000,0.0038749924105657965,77453772.60741857,2022-09-11
622,1662940800000,0.0038464308857569496,76772567.56484655,2022-09-12
623,1663027200000,0.00527959561232265,105072233.24192615,2022-09-13
624,1663113600000,0.005709485451021413,114647399.2756724,2022-09-14
625,1663200000000,0.005223620158977486,104919657.25764868,2022-09-15
626,1663286400000,0.0047398260047299395,95062365.49255723,2022-09-16
627,1663372800000,0.005105179188947977,102293314.03759484,2022-09-17
628,1663459200000,0.0055946815440445635,112067469.79601948,2022-09-18
629,1663545600000,0.0050403246334969,101138690.92676447,2022-09-19
630,1663632000000,0.0048281562846285465,97362435.57526635,2022-09-20
631,1663718400000,0.0045410701199761795,91219161.3575996,2022-09-21
632,1663804800000,0.004874410964897321,98140130.04102382,2022-09-22
633,1663891200000,0.005006764058749887,100436560.15136322,2022-09-23
634,1663977600000,0.004855794337656917,97937416.38132821,2022-09-24
635,1664064000000,0.005528828549447706,111696884.48056147,2022-09-25
636,1664150400000,0.0050859049261826475,102224356.25733688,2022-09-26
637,1664236800000,0.0050585892248644695,101728420.36573517,2022-09-27
638,1664323200000,0.00503062636148631,101324875.7048645,2022-09-28
639,1664409600000,0.005583681958156154,112526962.00902319,2022-09-29
640,1664496000000,0.005209042850949994,105066751.69636717,2022-09-30
641,1664582400000,0.005174845517463189,104341836.7168536,2022-10-01
642,1664668800000,0.00517034458862277,104397582.80665277,2022-10-02
643,1664755200000,0.0047957942669910325,97246166.12781905,2022-10-03
644,1664841600000,0.004868952139619622,98245720.81004643,2022-10-04
645,1664928000000,0.004861408801956785,98298363.35402445,2022-10-05
646,1665014400000,0.004788979629534023,96721755.40901794,2022-10-06
647,1665100800000,0.0052898579239373305,106676043.07560857,2022-10-07
648,1665187200000,0.005392112892706003,108577187.09927432,2022-10-08
649,1665273600000,0.005387143550895932,108855757.53591955,2022-10-09
650,1665360000000,0.005513940100456963,111269146.21167922,2022-10-10
651,1665446400000,0.005521199077922024,111769939.2032635,2022-10-11
652,1665532800000,0.0057664702246504876,116814261.8509224,2022-10-12
653,1665619200000,0.005613377193846205,113646942.39855728,2022-10-13
654,1665705600000,0.0059382644172673105,120397052.27517647,2022-10-14
655,1665792000000,0.006236164092938081,125965618.64449494,2022-10-15
656,1665878400000,0.0062694301737841775,127149856.68961804,2022-10-16
657,1665964800000,0.007146326249517337,145417585.64409396,2022-10-17
658,1666051200000,0.006904683634291141,140450831.92658505,2022-10-18
659,1666137600000,0.0076025347665002125,154670619.2549601,2022-10-19
660,1666224000000,0.007157739904945922,145099549.1368852,2022-10-20
661,1666310400000,0.006693137662088482,136017654.1577734,2022-10-21
662,1666396800000,0.006424765641082368,130419052.29698882,2022-10-22
663,1666483200000,0.006042157117090695,122714535.89878973,2022-10-23
664,1666569600000,0.005910301599271162,120333008.83194508,2022-10-24
665,1666656000000,0.005568999754308484,113300009.6099266,2022-10-25
666,1666742400000,0.005552328468531935,113097728.60389127,2022-10-26
667,1666828800000,0.005680240251072965,115606478.0745366,2022-10-27
668,1666915200000,0.005444888301821403,111029349.65126546,2022-10-28
669,1667001600000,0.0054412835793070866,110822684.31017017,2022-10-29
670,1667088000000,0.005198064521062483,105960323.13302667,2022-10-30
671,1667174400000,0.005208383869538453,106354756.02309625,2022-10-31
672,1667260800000,0.005294830700142692,107992387.91634932,2022-11-01
673,1667347200000,0.005230064289065563,106820160.46516673,2022-11-02
674,1667433600000,0.00513059228987687,104764151.31373721,2022-11-03
675,1667520000000,0.005155900170651613,105290700.48205413,2022-11-04
676,1667606400000,0.005340137793301302,109161421.35613604,2022-11-05
677,1667692800000,0.005272931306281121,108015918.19339538,2022-11-06
678,1667779200000,0.005047386085723996,103284056.80749077,2022-11-07
679,1667865600000,0.006260226420574947,116810817.05374204,2022-11-08
680,1667952000000,0.004509124524024276,92296075.35317735,2022-11-09
681,1668038400000,0.0032983213166240927,67996560.0792578,2022-11-10
682,1668124800000,0.003952030373637284,80981396.78915173,2022-11-11
683,1668211200000,0.0035709418593694673,73085459.7519971,2022-11-12
684,1668297600000,0.003338664561514638,68444203.63296941,2022-11-13
685,1668384000000,0.003404056609776604,70003836.44754308,2022-11-14
686,1668470400000,0.0033193579617574608,68098446.69455974,2022-11-15
687,1668556800000,0.0032955650725709634,67732143.65919955,2022-11-16
688,1668643200000,0.0031745066282729893,65238809.27097457,2022-11-17
689,1668729600000,0.0031133301749024975,64036992.36769174,2022-11-18
690,1668816000000,0.0031248393264910325,64415460.74269079,2022-11-19
691,1668902400000,0.003131806752486888,64550057.46424117,2022-11-20
