,Time,open,mktcap,Date
0,1592179200000,0.05118805501524312,0.0,2020-06-15
1,1592265600000,0.05118805501524312,0.0,2020-06-16
2,1592352000000,0.06108038461684783,0.0,2020-06-17
3,1592438400000,0.09554858553854906,0.0,2020-06-18
4,1592524800000,0.07527105237214486,0.0,2020-06-19
5,1592611200000,0.08010435591795484,0.0,2020-06-20
6,1592697600000,0.0854945349361787,0.0,2020-06-21
7,1592784000000,0.08595274816431901,0.0,2020-06-22
8,1592870400000,0.08283096818749061,0.0,2020-06-23
9,1592956800000,0.08610400735987002,0.0,2020-06-24
10,1593043200000,0.08251472419546285,0.0,2020-06-25
11,1593129600000,0.08961103173611623,0.0,2020-06-26
12,1593216000000,0.0875181298993333,0.0,2020-06-27
13,1593302400000,0.0861999006700408,0.0,2020-06-28
14,1593388800000,0.07680087668309987,0.0,2020-06-29
15,1593475200000,0.08362620550647408,0.0,2020-06-30
16,1593561600000,0.07685602064129958,0.0,2020-07-01
17,1593648000000,0.08523581295069378,0.0,2020-07-02
18,1593734400000,0.09604016491814707,0.0,2020-07-03
19,1593820800000,0.08893940948685113,0.0,2020-07-04
20,1593907200000,0.09026484267110128,0.0,2020-07-05
21,1593993600000,0.08760469421015686,0.0,2020-07-06
22,1594080000000,0.08986996579731182,0.0,2020-07-07
23,1594166400000,0.08962169636350176,0.0,2020-07-08
24,1594252800000,0.07669598995263285,0.0,2020-07-09
25,1594339200000,0.07985963051935815,0.0,2020-07-10
26,1594425600000,0.08758531069115044,0.0,2020-07-11
27,1594512000000,0.08233794570927286,0.0,2020-07-12
28,1594598400000,0.07575125420903922,0.0,2020-07-13
29,1594684800000,0.07576579110955262,0.0,2020-07-14
30,1594771200000,0.07186780643352128,0.0,2020-07-15
31,1594857600000,0.06723910572360821,0.0,2020-07-16
32,1594944000000,0.06788648168894602,0.0,2020-07-17
33,1595030400000,0.06038325811091485,0.0,2020-07-18
34,1595116800000,0.06287584166477235,0.0,2020-07-19
35,1595203200000,0.07680363209484306,0.0,2020-07-20
36,1595289600000,0.08231722892116142,0.0,2020-07-21
37,1595376000000,0.07779471148694893,0.0,2020-07-22
38,1595462400000,0.08088534130603381,0.0,2020-07-23
39,1595548800000,0.09567184736824365,0.0,2020-07-24
40,1595635200000,0.08416436018145868,0.0,2020-07-25
41,1595721600000,0.09500040682184607,0.0,2020-07-26
42,1595808000000,0.09257173469007846,0.0,2020-07-27
43,1595894400000,0.08065720927541191,0.0,2020-07-28
44,1595980800000,0.08402219005258724,0.0,2020-07-29
45,1596067200000,0.08364909104442067,0.0,2020-07-30
46,1596153600000,0.08552258972888245,0.0,2020-07-31
47,1596240000000,0.08346891023851359,0.0,2020-08-01
48,1596326400000,0.08227510224789106,0.0,2020-08-02
49,1596412800000,0.07841855595229955,0.0,2020-08-03
50,1596499200000,0.08244107643633615,0.0,2020-08-04
51,1596585600000,0.08180661032773096,0.0,2020-08-05
52,1596672000000,0.08788063089157441,0.0,2020-08-06
53,1596758400000,0.08909160825661509,0.0,2020-08-07
54,1596844800000,0.08693750632736912,0.0,2020-08-08
55,1596931200000,0.08666855513538427,0.0,2020-08-09
56,1597017600000,0.0937341530800489,0.0,2020-08-10
57,1597104000000,0.10520372552529637,0.0,2020-08-11
58,1597190400000,0.10458655496642195,0.0,2020-08-12
59,1597276800000,0.12483362812415316,0.0,2020-08-13
60,1597363200000,0.13074986253959933,0.0,2020-08-14
61,1597449600000,0.1383855565279679,0.0,2020-08-15
62,1597536000000,0.14516756209218437,0.0,2020-08-16
63,1597622400000,0.14192445387254127,0.0,2020-08-17
64,1597708800000,0.12868239364744785,0.0,2020-08-18
65,1597795200000,0.1156949388079523,0.0,2020-08-19
66,1597881600000,0.1116617958114294,0.0,2020-08-20
67,1597968000000,0.13250504394995535,0.0,2020-08-21
68,1598054400000,0.12273861725338485,0.0,2020-08-22
69,1598140800000,0.14321454347715268,0.0,2020-08-23
70,1598227200000,0.16193119119063512,0.0,2020-08-24
71,1598313600000,0.17169860397615944,0.0,2020-08-25
72,1598400000000,0.16635757430693252,0.0,2020-08-26
73,1598486400000,0.1836682770498974,0.0,2020-08-27
74,1598572800000,0.27041762219734405,0.0,2020-08-28
75,1598659200000,0.26830676509251256,0.0,2020-08-29
76,1598745600000,0.2461365780268448,0.0,2020-08-30
77,1598832000000,0.23298740074375499,0.0,2020-08-31
78,1598918400000,0.22469356372498522,0.0,2020-09-01
79,1599004800000,0.2197806432606005,0.0,2020-09-02
80,1599091200000,0.20009770188466897,0.0,2020-09-03
81,1599177600000,0.21762309182221284,0.0,2020-09-04
82,1599264000000,0.18460981949719413,0.0,2020-09-05
83,1599350400000,0.15437942449158798,0.0,2020-09-06
84,1599436800000,0.1573923342511486,0.0,2020-09-07
85,1599523200000,0.14971318902361275,0.0,2020-09-08
86,1599609600000,0.1494464526803918,0.0,2020-09-09
87,1599696000000,0.18009589984942903,0.0,2020-09-10
88,1599782400000,0.17307255276963107,0.0,2020-09-11
89,1599868800000,0.17881753234580358,0.0,2020-09-12
90,1599955200000,0.16744724048814658,0.0,2020-09-13
91,1600041600000,0.16042546630532992,0.0,2020-09-14
92,1600128000000,0.15792015498305584,0.0,2020-09-15
93,1600214400000,0.1481888598609115,0.0,2020-09-16
94,1600300800000,0.13631685328771395,0.0,2020-09-17
95,1600387200000,0.14176656371886825,0.0,2020-09-18
96,1600473600000,0.13006116352496422,0.0,2020-09-19
97,1600560000000,0.12951826276578512,0.0,2020-09-20
98,1600646400000,0.11421187476477915,0.0,2020-09-21
99,1600732800000,0.12000876971014968,0.0,2020-09-22
100,1600819200000,0.11240166908593704,0.0,2020-09-23
101,1600905600000,0.11187587336442294,0.0,2020-09-24
102,1600992000000,0.10690607906439459,0.0,2020-09-25
103,1601078400000,0.11334038693220515,0.0,2020-09-26
104,1601164800000,0.11008860173525127,0.0,2020-09-27
105,1601251200000,0.12246078504466062,0.0,2020-09-28
106,1601337600000,0.1143774015169162,0.0,2020-09-29
107,1601424000000,0.13054207433595588,0.0,2020-09-30
108,1601510400000,0.147189274144277,0.0,2020-10-01
109,1601596800000,0.1446025339936411,0.0,2020-10-02
110,1601683200000,0.1483266763452527,0.0,2020-10-03
111,1601769600000,0.17031116504410054,0.0,2020-10-04
112,1601856000000,0.1741389669240207,0.0,2020-10-05
113,1601942400000,0.17625343559436613,0.0,2020-10-06
114,1602028800000,0.16649686410028972,0.0,2020-10-07
115,1602115200000,0.15498982169491132,0.0,2020-10-08
116,1602201600000,0.1704266872843835,0.0,2020-10-09
117,1602288000000,0.18741864431584365,0.0,2020-10-10
118,1602374400000,0.18359397122897805,0.0,2020-10-11
119,1602460800000,0.17108775517770894,0.0,2020-10-12
120,1602547200000,0.18492179676389137,0.0,2020-10-13
121,1602633600000,0.17566922708721192,0.0,2020-10-14
122,1602720000000,0.16324686284948992,0.0,2020-10-15
123,1602806400000,0.16326022156079337,0.0,2020-10-16
124,1602892800000,0.15502196344838282,0.0,2020-10-17
125,1602979200000,0.13942987725932032,0.0,2020-10-18
126,1603065600000,0.12015442147845022,0.0,2020-10-19
127,1603152000000,0.1548445220452172,0.0,2020-10-20
128,1603238400000,0.1372087160910799,0.0,2020-10-21
129,1603324800000,0.1298209708547373,0.0,2020-10-22
130,1603411200000,0.12842181598667707,0.0,2020-10-23
131,1603497600000,0.12780586892804546,0.0,2020-10-24
132,1603584000000,0.1293134515078038,0.0,2020-10-25
133,1603670400000,0.1186656777980702,0.0,2020-10-26
134,1603756800000,0.11812968845757635,0.0,2020-10-27
135,1603843200000,0.10695010980363963,0.0,2020-10-28
136,1603929600000,0.1094920935283132,0.0,2020-10-29
137,1604016000000,0.1034852275064774,0.0,2020-10-30
138,1604102400000,0.1063356849520651,0.0,2020-10-31
139,1604188800000,0.10663317928392083,0.0,2020-11-01
140,1604275200000,0.10233477432681135,0.0,2020-11-02
141,1604361600000,0.13289247183105335,0.0,2020-11-03
142,1604448000000,0.09030769544404711,0.0,2020-11-04
143,1604534400000,0.0960199739854027,0.0,2020-11-05
144,1604620800000,0.08449517768491373,0.0,2020-11-06
145,1604707200000,0.10409209473956699,0.0,2020-11-07
146,1604793600000,0.104254923236074,0.0,2020-11-08
147,1604880000000,0.10400132293524002,0.0,2020-11-09
148,1604966400000,0.10932644192771343,0.0,2020-11-10
149,1605052800000,0.11011282687070373,0.0,2020-11-11
150,1605139200000,0.11916402302695274,16556802.821566593,2020-11-12
151,1605225600000,0.1133870380129907,15885879.266075356,2020-11-13
152,1605312000000,0.13147640131346358,17048471.827181555,2020-11-14
153,1605398400000,0.12163143612617426,17059567.671164084,2020-11-15
154,1605484800000,0.11854101556539787,16579215.99566955,2020-11-16
155,1605571200000,0.11694035437200245,16351512.5816131,2020-11-17
156,1605657600000,0.1225631646691812,17133961.80893447,2020-11-18
157,1605744000000,0.11665337378713814,16306350.733546488,2020-11-19
158,1605830400000,0.11319091248381254,15831637.492787201,2020-11-20
159,1605916800000,0.11032333379273539,15453988.490437834,2020-11-21
160,1606003200000,0.10528080295724217,14748762.205122849,2020-11-22
161,1606089600000,0.10356587363049877,14608288.653479049,2020-11-23
162,1606176000000,0.09621292895997485,13436386.755674925,2020-11-24
163,1606262400000,0.1030939123073078,14420588.745415982,2020-11-25
164,1606348800000,0.12521519217556043,17614037.850427404,2020-11-26
165,1606435200000,0.11105578154202327,16144166.04762687,2020-11-27
166,1606521600000,0.1080675134474006,15110020.868792962,2020-11-28
167,1606608000000,0.12923339165560305,18063217.39622141,2020-11-29
168,1606694400000,0.12094468047522042,16904902.780648626,2020-11-30
169,1606780800000,0.12265349765438784,17115322.20804904,2020-12-01
170,1606867200000,0.13043505948904482,18638870.591020573,2020-12-02
171,1606953600000,0.1584843083495679,22169040.010319475,2020-12-03
172,1607040000000,0.15891215174861395,21695733.201907,2020-12-04
173,1607126400000,0.17263409116824832,23207389.84071156,2020-12-05
174,1607212800000,0.1857732663447448,26125300.730413154,2020-12-06
175,1607299200000,0.1592731137230455,22281851.1233273,2020-12-07
176,1607385600000,0.15669248940395603,21919243.77992848,2020-12-08
177,1607472000000,0.14142617552541484,20768767.594538447,2020-12-09
178,1607558400000,0.13993966963257795,19569399.685291436,2020-12-10
179,1607644800000,0.1514681899927557,21209314.776878636,2020-12-11
180,1607731200000,0.14627022179981475,20500228.617677007,2020-12-12
181,1607817600000,0.15347260217260464,21472349.763362635,2020-12-13
182,1607904000000,0.16015021018866488,22359146.152010754,2020-12-14
183,1607990400000,0.1537672975019838,21528852.174804688,2020-12-15
184,1608076800000,0.1384409577580085,19219080.080201764,2020-12-16
185,1608163200000,0.1443299478088223,20140800.79719301,2020-12-17
186,1608249600000,0.13772321882196356,19186452.428886857,2020-12-18
187,1608336000000,0.1342299700080248,18640949.481473017,2020-12-19
188,1608422400000,0.12348389363756482,17737757.316095755,2020-12-20
189,1608508800000,0.1264943945619082,16931849.476359483,2020-12-21
190,1608595200000,0.114976286156952,16163299.86659443,2020-12-22
191,1608681600000,0.12730598778782773,17640037.155620757,2020-12-23
192,1608768000000,0.11068104634196374,15636170.368345587,2020-12-24
193,1608854400000,0.11053704661128734,17428247.196608372,2020-12-25
194,1608940800000,0.11541554877930539,16189679.63338096,2020-12-26
195,1609027200000,0.11031015245053301,15436724.545598308,2020-12-27
196,1609113600000,0.11289575051210646,15929909.453741167,2020-12-28
197,1609200000000,0.11759574554802649,16464997.020957213,2020-12-29
198,1609286400000,0.10399089106278595,14503184.990876483,2020-12-30
199,1609372800000,0.10391700338245285,14589888.646950385,2020-12-31
200,1609459200000,0.11685307580064298,16349686.206536617,2021-01-01
201,1609545600000,0.1107236916037663,15502976.515684532,2021-01-02
202,1609632000000,0.1153659503157905,16097815.910819069,2021-01-03
203,1609718400000,0.09172429714965441,12985239.025778256,2021-01-04
204,1609804800000,0.09494266094523297,13307270.285849325,2021-01-05
205,1609891200000,0.10522453063076981,13987566.65681744,2021-01-06
206,1609977600000,0.09991189286007134,14021947.629286561,2021-01-07
207,1610064000000,0.10452922747581825,14512811.547020728,2021-01-08
208,1610150400000,0.09893079751644422,13875161.875727478,2021-01-09
209,1610236800000,0.10585680162632709,14898153.345255464,2021-01-10
210,1610323200000,0.09792852910166748,13713646.68717163,2021-01-11
211,1610409600000,0.09593529108740168,13146846.902623897,2021-01-12
212,1610496000000,0.0980095043296051,13709144.731592184,2021-01-13
213,1610582400000,0.09785639713042678,13624969.88527739,2021-01-14
214,1610668800000,0.09885051754264046,13952476.566947443,2021-01-15
215,1610755200000,0.0972493402356786,13605205.950040266,2021-01-16
216,1610841600000,0.09884263570623196,13863836.510334099,2021-01-17
217,1610928000000,0.09354277894496928,13291438.710484453,2021-01-18
218,1611014400000,0.10775361973620254,15113757.93193407,2021-01-19
219,1611100800000,0.09579692469278256,14389368.00980877,2021-01-20
220,1611187200000,0.09577153676988039,13775870.118541725,2021-01-21
221,1611273600000,0.08889051861027565,12442377.839675741,2021-01-22
222,1611360000000,0.10495598403499648,14294031.665791254,2021-01-23
223,1611446400000,0.10210386706856911,14282376.815755663,2021-01-24
224,1611532800000,0.11044799180610534,15444327.673873885,2021-01-25
225,1611619200000,0.10590750169043056,14784969.171655113,2021-01-26
226,1611705600000,0.10470050484034042,14678979.673894355,2021-01-27
227,1611792000000,0.10181346910029113,14918326.99570481,2021-01-28
228,1611878400000,0.11466120629684631,16173262.983708706,2021-01-29
229,1611964800000,0.11460399555170506,16236939.298341416,2021-01-30
230,1612051200000,0.10039522822701584,14090677.727690758,2021-01-31
231,1612137600000,0.107259406468467,15000056.46236575,2021-02-01
232,1612224000000,0.11591852003755171,16286624.750760132,2021-02-02
233,1612310400000,0.130957441457986,19127967.808061693,2021-02-03
234,1612396800000,0.1210794526634256,16984654.301052682,2021-02-04
235,1612483200000,0.1530123442669904,23964733.327721648,2021-02-05
236,1612569600000,0.1557219273773163,20259374.396448966,2021-02-06
237,1612656000000,0.138663105419178,19441525.63465432,2021-02-07
238,1612742400000,0.14495694532292147,20363592.300965317,2021-02-08
239,1612828800000,0.1435150632557517,20170859.710910883,2021-02-09
240,1612915200000,0.16324341554558067,22644495.386099245,2021-02-10
241,1613001600000,0.14861231868340805,20945570.48700773,2021-02-11
242,1613088000000,0.1593877920309931,23009436.00703122,2021-02-12
243,1613174400000,0.18441668876170897,25797915.372113314,2021-02-13
244,1613260800000,0.1734249258917485,24339483.634749774,2021-02-14
245,1613347200000,0.1839705395766016,26676833.740828183,2021-02-15
246,1613433600000,0.20198326257221055,30077303.215863235,2021-02-16
247,1613520000000,0.31035696364441523,43106075.361730665,2021-02-17
248,1613606400000,0.3352453495670311,45981482.29449553,2021-02-18
249,1613692800000,0.28626685073248026,40156635.91623529,2021-02-19
250,1613779200000,0.2457260008802601,36313161.722549886,2021-02-20
251,1613865600000,0.24645324229925467,34333193.94608838,2021-02-21
252,1613952000000,0.23475503206914922,32949496.71764906,2021-02-22
253,1614038400000,0.37628851264417235,47278756.52447376,2021-02-23
254,1614124800000,0.2592719459205477,36304150.16782328,2021-02-24
255,1614211200000,0.2828026885974494,40049877.78954196,2021-02-25
256,1614297600000,0.2578883190692371,37006261.872982584,2021-02-26
257,1614384000000,0.22841057420443484,32340106.86135047,2021-02-27
258,1614470400000,0.2436356317689794,34540476.65480285,2021-02-28
259,1614556800000,0.2128727875148041,30156283.4744589,2021-03-01
260,1614643200000,0.24683313923519226,34369394.06557274,2021-03-02
261,1614729600000,0.23124945699410066,35265847.11897527,2021-03-03
262,1614816000000,0.23636794787712728,33809513.79208504,2021-03-04
263,1614902400000,0.2685736767522427,38129044.435735926,2021-03-05
264,1614988800000,0.2897168182062146,40592081.74516878,2021-03-06
265,1615075200000,0.315198267044273,45699416.349327505,2021-03-07
266,1615161600000,0.32785077457153,46432945.989167474,2021-03-08
267,1615248000000,0.3609370546411186,53521032.8865464,2021-03-09
268,1615334400000,0.3528244332086957,48958186.96225368,2021-03-10
269,1615420800000,0.3244880055866672,45791770.953494154,2021-03-11
270,1615507200000,0.37694880630022093,54702689.407184176,2021-03-12
271,1615593600000,0.4076205948911478,57819382.77233455,2021-03-13
272,1615680000000,0.4073731684444905,59430560.71485776,2021-03-14
273,1615766400000,0.39539129653709465,56176803.455448456,2021-03-15
274,1615852800000,0.4454358288273938,63505779.74020439,2021-03-16
275,1615939200000,0.5544856708497333,75841160.8829106,2021-03-17
276,1616025600000,0.8624732558210312,122596372.64035468,2021-03-18
277,1616112000000,0.6806696161462157,98360864.8537704,2021-03-19
278,1616198400000,0.6827266397338431,98650848.99652255,2021-03-20
279,1616284800000,0.7487151660849583,107903479.06971161,2021-03-21
280,1616371200000,0.7145501949620539,104163457.6317915,2021-03-22
281,1616457600000,0.6712903725278755,97493485.5873735,2021-03-23
282,1616544000000,0.7716696608141991,114586002.6419721,2021-03-24
283,1616630400000,0.9069769207302989,136558754.5471061,2021-03-25
284,1616716800000,1.21569899199388,180918995.56521237,2021-03-26
285,1616803200000,1.5279123765984681,231980317.7228514,2021-03-27
286,1616889600000,2.490100814259012,397248748.45715123,2021-03-28
287,1616976000000,2.1244617293825905,323428032.7535812,2021-03-29
288,1617062400000,1.8391049391446004,279437380.54103273,2021-03-30
289,1617148800000,1.6215555463524087,249544246.6404622,2021-03-31
290,1617235200000,1.8496708029899385,285022534.95817,2021-04-01
291,1617321600000,1.5647773693073104,242532455.0542006,2021-04-02
292,1617408000000,1.606513331330136,247763217.97069636,2021-04-03
293,1617494400000,1.5547953505783274,240612591.07286167,2021-04-04
294,1617580800000,1.5007628725461197,231873993.61883277,2021-04-05
295,1617667200000,1.3822678806501851,212955070.4944366,2021-04-06
296,1617753600000,1.3801023530627672,212387199.7843515,2021-04-07
297,1617840000000,1.3490994958802138,207458827.89450786,2021-04-08
298,1617926400000,1.5778278921229008,243383651.7416797,2021-04-09
299,1618012800000,1.8798442031856628,289830586.45607144,2021-04-10
300,1618099200000,1.7633350881143144,271645600.5836906,2021-04-11
301,1618185600000,1.7275707546451549,266505485.71962896,2021-04-12
302,1618272000000,1.644591667963221,253681384.12835315,2021-04-13
303,1618358400000,1.5137325706767244,234378793.90405193,2021-04-14
304,1618444800000,1.524721370815036,235306543.4918097,2021-04-15
305,1618531200000,1.5383643143875447,237937653.6368052,2021-04-16
306,1618617600000,1.422864330432789,219402446.86409587,2021-04-17
307,1618704000000,1.3999620838995472,216921969.07247743,2021-04-18
308,1618790400000,1.3358243213692431,206325272.23965022,2021-04-19
309,1618876800000,1.2503729575191316,192906192.00658605,2021-04-20
310,1618963200000,1.2259236005095477,187922438.9677477,2021-04-21
311,1619049600000,1.1876123788123225,183525174.3427934,2021-04-22
312,1619136000000,0.9779443551119601,150765421.45376602,2021-04-23
313,1619222400000,0.9332959250878993,142056679.7577683,2021-04-24
314,1619308800000,0.8423745001634583,131234758.96178356,2021-04-25
315,1619395200000,0.8347617390516642,129029193.3885433,2021-04-26
316,1619481600000,1.0031458405206102,154927502.7619952,2021-04-27
317,1619568000000,0.9976879085511591,153282086.34842804,2021-04-28
318,1619654400000,1.0047799529591064,153241284.96518144,2021-04-29
319,1619740800000,1.1023541611128416,169297602.04854986,2021-04-30
320,1619827200000,1.081546556093155,168167288.1096108,2021-05-01
321,1619913600000,1.0989164063444048,169372986.19800904,2021-05-02
322,1620000000000,1.0152530134509463,156233425.82402202,2021-05-03
323,1620086400000,1.003038283976185,155120704.0021949,2021-05-04
324,1620172800000,0.9063618387738199,139998409.40845153,2021-05-05
325,1620259200000,0.9115114003072164,140584952.55132294,2021-05-06
326,1620345600000,0.902543975406037,139963682.87570938,2021-05-07
327,1620432000000,0.9248339305193503,142508061.65057552,2021-05-08
328,1620518400000,0.8466410645607644,130414058.03918166,2021-05-09
329,1620604800000,0.851598517224267,131706255.87521552,2021-05-10
330,1620691200000,0.76535475821721,118899611.30708586,2021-05-11
331,1620777600000,0.7884861796928092,122077011.33830748,2021-05-12
332,1620864000000,0.7063979986916822,111789050.77191655,2021-05-13
333,1620950400000,0.6641013755952943,102408161.8969631,2021-05-14
334,1621036800000,0.8496801517659793,129409043.56936371,2021-05-15
335,1621123200000,0.8680114496144521,128642935.76340365,2021-05-16
336,1621209600000,0.9713222357788843,149710207.16086087,2021-05-17
337,1621296000000,1.1775290453337104,182543795.54573262,2021-05-18
338,1621382400000,1.2454046662593679,185650543.724244,2021-05-19
339,1621468800000,0.8111718340375873,127159035.59443887,2021-05-20
340,1621555200000,0.9078330908369259,139421637.09847325,2021-05-21
341,1621641600000,0.7372727768305523,111118036.30531956,2021-05-22
342,1621728000000,0.7022011969331675,108087118.35085091,2021-05-23
343,1621814400000,0.5195345398877634,79915706.19026141,2021-05-24
344,1621900800000,0.6856059398110146,103902252.9833541,2021-05-25
345,1621987200000,0.6527012516571113,100766441.70399836,2021-05-26
346,1622073600000,0.7540545767900444,116451543.11919396,2021-05-27
347,1622160000000,0.8873227355022163,136101607.00862214,2021-05-28
348,1622246400000,0.752692558835954,116140135.12452735,2021-05-29
349,1622332800000,0.7320721949918962,113536128.71754697,2021-05-30
350,1622419200000,0.75257607853921,115859344.21286045,2021-05-31
351,1622505600000,0.7726775630614239,119092352.3159306,2021-06-01
352,1622592000000,0.7781738850777081,120032237.74921784,2021-06-02
353,1622678400000,0.7647984741961733,117947039.90315346,2021-06-03
354,1622764800000,0.7463587044989803,115009926.69542776,2021-06-04
355,1622851200000,0.670739993796951,103493318.14298633,2021-06-05
356,1622937600000,0.5980097091829787,91120889.6255238,2021-06-06
357,1623024000000,0.6034323533222206,92827293.24791305,2021-06-07
358,1623110400000,0.5570671160803786,86601459.44518305,2021-06-08
359,1623196800000,0.496556042569198,76187890.81280236,2021-06-09
360,1623283200000,0.5030427391690816,78614692.71227066,2021-06-10
361,1623369600000,0.4961382531750683,76817608.29471584,2021-06-11
362,1623456000000,0.5208904099100643,80386110.11318927,2021-06-12
363,1623542400000,0.45522363522873144,70578057.93863805,2021-06-13
364,1623628800000,0.47458072361322495,72336232.33768316,2021-06-14
365,1623715200000,0.4791197392998325,73786502.3351594,2021-06-15
366,1623801600000,0.5465668915301752,84377901.36511466,2021-06-16
367,1623888000000,0.562979728322292,86975577.89507167,2021-06-17
368,1623974400000,0.551424895848875,84458981.94728076,2021-06-18
369,1624060800000,0.5081035316261334,78533962.51688784,2021-06-19
370,1624147200000,0.6846961813980272,105836589.33777995,2021-06-20
371,1624233600000,0.5808584891518113,89604687.77648643,2021-06-21
372,1624320000000,0.425418877890273,66155271.39251464,2021-06-22
373,1624406400000,0.3968791447461039,61433915.170990646,2021-06-23
374,1624492800000,0.4717733418273261,72784087.02413999,2021-06-24
375,1624579200000,0.47786432169738335,73052359.56740046,2021-06-25
376,1624665600000,0.46739967278108874,72078672.8935892,2021-06-26
377,1624752000000,0.4346256909793577,67039148.67737898,2021-06-27
378,1624838400000,0.451574078441306,69654567.2854853,2021-06-28
379,1624924800000,0.4729131150156678,72951255.55785337,2021-06-29
380,1625011200000,0.5015703321182069,77483516.30899395,2021-06-30
381,1625097600000,0.4872960769945015,74872760.89477324,2021-07-01
382,1625184000000,0.4700320190309505,72449106.79766501,2021-07-02
383,1625270400000,0.46536059386637135,71664481.73954694,2021-07-03
384,1625356800000,0.47850733002166834,73740455.31860498,2021-07-04
385,1625443200000,0.490596911493,75644485.9096725,2021-07-05
386,1625529600000,0.4954496102432549,76471973.4748311,2021-07-06
387,1625616000000,0.5622222231260682,88944563.37210475,2021-07-07
388,1625702400000,0.6199907975905468,96042841.53213377,2021-07-08
389,1625788800000,0.6339419336674927,97800383.76153643,2021-07-09
390,1625875200000,0.6196651054669243,95674887.93876514,2021-07-10
391,1625961600000,0.6094846564095998,94030635.77742115,2021-07-11
392,1626048000000,0.6024501161051625,93064354.15382376,2021-07-12
393,1626134400000,0.5991477694872132,92647473.69990663,2021-07-13
394,1626220800000,0.6018331174238097,92850164.5909143,2021-07-14
395,1626307200000,0.6975245798119583,107092052.64018452,2021-07-15
396,1626393600000,0.6701760843223821,103499157.56941159,2021-07-16
397,1626480000000,0.6273951590391873,96590484.77880779,2021-07-17
398,1626566400000,0.7013874652428213,108202634.59405454,2021-07-18
399,1626652800000,0.646791499154699,99314600.10639988,2021-07-19
400,1626739200000,0.6110448743328749,94388659.95983335,2021-07-20
401,1626825600000,0.6132614467438463,94613314.91887693,2021-07-21
402,1626912000000,0.6375717264327909,98159138.98895186,2021-07-22
403,1626998400000,0.6518053256005828,100411260.81723775,2021-07-23
404,1627084800000,0.7311977809142216,112628286.2601916,2021-07-24
405,1627171200000,0.7539314501432581,116204426.50469653,2021-07-25
406,1627257600000,0.8119591572973309,124894620.45184319,2021-07-26
407,1627344000000,0.748316113676802,115890263.95334277,2021-07-27
408,1627430400000,0.7640375405564364,118182980.47882645,2021-07-28
409,1627516800000,0.7560793219183007,116485893.15385771,2021-07-29
410,1627603200000,0.7237064761514084,111720729.05715767,2021-07-30
411,1627689600000,0.7009021121387181,108013130.76465173,2021-07-31
412,1627776000000,0.6896415034161584,106430298.9563433,2021-08-01
413,1627862400000,0.6435092619836591,99200206.58215107,2021-08-02
414,1627948800000,0.6504663455187718,100458427.275373,2021-08-03
415,1628035200000,0.9330222120706793,143804886.675097,2021-08-04
416,1628121600000,1.0111527965369524,155653816.35405913,2021-08-05
417,1628208000000,1.1190189320799955,172832746.36128512,2021-08-06
418,1628294400000,1.0967853444059288,169210860.62015414,2021-08-07
419,1628380800000,1.070623506273144,163929460.56969103,2021-08-08
420,1628467200000,1.033300503952871,159481681.5013026,2021-08-09
421,1628553600000,0.9034583713671415,141204939.78787875,2021-08-10
422,1628640000000,0.86200040000326,132864947.91095099,2021-08-11
423,1628726400000,0.9156499998592376,141299463.10526627,2021-08-12
424,1628812800000,0.8489222615362867,131455931.91351666,2021-08-13
425,1628899200000,0.9367115763092987,144226315.12713352,2021-08-14
426,1628985600000,0.887885460255759,137032844.65235636,2021-08-15
427,1629072000000,0.9774266553291443,150644310.39169595,2021-08-16
428,1629158400000,1.2786025039172229,194489143.28378838,2021-08-17
429,1629244800000,1.144025070912874,175710787.64155972,2021-08-18
430,1629331200000,1.2770686321119848,196676483.242729,2021-08-19
431,1629417600000,1.245402376419842,191739365.37769583,2021-08-20
432,1629504000000,1.3275759525007638,204816986.848918,2021-08-21
433,1629590400000,1.325866427093359,205203120.12807408,2021-08-22
434,1629676800000,1.5908811589573555,244011987.79291,2021-08-23
435,1629763200000,1.4583137776263577,225007295.17360032,2021-08-24
436,1629849600000,1.1726744601190378,181109358.54824075,2021-08-25
437,1629936000000,1.269219657398307,196540387.1148742,2021-08-26
438,1630022400000,1.1898781710436626,184413613.512101,2021-08-27
439,1630108800000,1.33566673342644,206290388.6540463,2021-08-28
440,1630195200000,1.264615423652865,193634270.33653167,2021-08-29
441,1630281600000,1.2164380726166697,187110595.25064316,2021-08-30
442,1630368000000,1.1931631569432872,183611761.57226858,2021-08-31
443,1630454400000,1.376286019949144,211901369.48187086,2021-09-01
444,1630540800000,1.4637317992462302,225644042.2363406,2021-09-02
445,1630627200000,1.3125469599027453,201814013.19419572,2021-09-03
446,1630713600000,1.3061380485803527,201673514.620297,2021-09-04
447,1630800000000,1.268029005488644,196246648.65726197,2021-09-05
448,1630886400000,1.285319863812851,198273767.93432933,2021-09-06
449,1630972800000,1.2288507051347501,190915892.25467247,2021-09-07
450,1631059200000,1.1434795027552425,175908783.30985034,2021-09-08
451,1631145600000,1.241853035336804,191713895.41354808,2021-09-09
452,1631232000000,1.2539874510049527,193367704.82854533,2021-09-10
453,1631318400000,1.126774479790548,173065540.2767432,2021-09-11
454,1631404800000,1.205347009235243,185656037.2838388,2021-09-12
455,1631491200000,1.1784721963411846,182500366.68602842,2021-09-13
456,1631577600000,1.1267174490287988,173584589.94792897,2021-09-14
457,1631664000000,1.186970285478688,183149057.747106,2021-09-15
458,1631750400000,1.2339452650160088,190384320.53557658,2021-09-16
459,1631836800000,1.1678365769244385,180311958.72413817,2021-09-17
460,1631923200000,1.1062498015068687,170631312.6612459,2021-09-18
461,1632009600000,1.119053043618612,172261829.80075353,2021-09-19
462,1632096000000,1.1432905370925885,176843369.20105353,2021-09-20
463,1632182400000,0.9204896696658789,140634296.61662358,2021-09-21
464,1632268800000,0.8790961237167727,134634280.6637098,2021-09-22
465,1632355200000,0.9789589116914122,150940873.9658112,2021-09-23
466,1632441600000,1.0110870327532067,155877396.50678402,2021-09-24
467,1632528000000,0.9050335589860228,139217643.83470845,2021-09-25
468,1632614400000,0.8572659333101788,132714631.04526013,2021-09-26
469,1632700800000,0.9286571944706796,143272230.887253,2021-09-27
470,1632787200000,0.9091800105642246,141110475.41818696,2021-09-28
471,1632873600000,0.8502388411201888,132382471.23726383,2021-09-29
472,1632960000000,0.8715504411680632,134170438.29590867,2021-09-30
473,1633046400000,0.8389676894426547,129150059.71171156,2021-10-01
474,1633132800000,0.9262274216278791,143326966.71990559,2021-10-02
475,1633219200000,0.9342578791161497,144224948.05041212,2021-10-03
476,1633305600000,0.9339391405482494,144150146.22281942,2021-10-04
477,1633392000000,0.901824275156437,140102880.58197615,2021-10-05
478,1633478400000,0.8911467561294015,137387841.3424587,2021-10-06
479,1633564800000,0.8919924317105583,137712382.5261035,2021-10-07
480,1633651200000,0.990594318856603,152848849.8346116,2021-10-08
481,1633737600000,0.9737104118252471,149952172.26812404,2021-10-09
482,1633824000000,0.9257335733917387,142777254.78358012,2021-10-10
483,1633910400000,0.9394334711639474,145005920.83154786,2021-10-11
484,1633996800000,0.9560216793879074,148465053.41888875,2021-10-12
485,1634083200000,0.9128717164670382,140882308.29094028,2021-10-13
486,1634169600000,0.9018520462658338,139469175.56787422,2021-10-14
487,1634256000000,0.8881421943316823,137021620.3402469,2021-10-15
488,1634342400000,0.9150201244736735,141267511.25553653,2021-10-16
489,1634428800000,1.081241862462041,167553750.4581056,2021-10-17
490,1634515200000,1.10206580234605,170406333.6950326,2021-10-18
491,1634601600000,1.1512025864538116,178046690.8692029,2021-10-19
492,1634688000000,1.119369496147515,171702973.12699705,2021-10-20
493,1634774400000,1.0776013897108758,166279345.2607763,2021-10-21
494,1634860800000,1.0710964134889045,165007745.5168077,2021-10-22
495,1634947200000,1.0093030603928803,155650225.41155854,2021-10-23
496,1635033600000,0.9686693469245431,149483372.08160025,2021-10-24
497,1635120000000,0.9652668482827857,149114722.6134445,2021-10-25
498,1635206400000,0.8946065284935822,137767876.9364898,2021-10-26
499,1635292800000,0.8990085476947557,138595692.22907624,2021-10-27
500,1635379200000,0.9547208889564116,147178663.5980524,2021-10-28
501,1635465600000,1.065637072861705,163979181.15317103,2021-10-29
502,1635552000000,1.0732345272820323,166531446.5306125,2021-10-30
503,1635638400000,1.053207038588763,162487646.57530838,2021-10-31
504,1635724800000,1.0504911172823053,162492429.05274186,2021-11-01
505,1635811200000,0.997221656287506,154467780.37308252,2021-11-02
506,1635897600000,1.3883164034306699,214187958.1412748,2021-11-03
507,1635984000000,1.395647657548059,215406527.67206386,2021-11-04
508,1636070400000,1.367954480070292,207015199.65389618,2021-11-05
509,1636156800000,1.4275711947213492,217531083.6021433,2021-11-06
510,1636243200000,1.5309445718066832,235986683.16535938,2021-11-07
511,1636329600000,2.0690434492662204,318853842.0380565,2021-11-08
512,1636416000000,2.068526417159116,320057650.37991065,2021-11-09
513,1636502400000,2.089529457055064,325258229.2241369,2021-11-10
514,1636588800000,2.147417356472433,331229242.6348736,2021-11-11
515,1636675200000,2.81483179416968,435167834.4444468,2021-11-12
516,1636761600000,2.9961839960318253,460966300.5443595,2021-11-13
517,1636848000000,3.4445502421359153,533730794.6330226,2021-11-14
518,1636934400000,4.071574499028471,644085705.0143002,2021-11-15
519,1637020800000,4.627413232181338,713892057.7104415,2021-11-16
520,1637107200000,4.166685481914526,642745153.3761371,2021-11-17
521,1637193600000,5.472031189337549,837873936.7663502,2021-11-18
522,1637280000000,6.153831192039017,949987823.1630329,2021-11-19
523,1637366400000,6.792932502742242,1050948807.5328934,2021-11-20
524,1637452800000,7.82511111071595,1208196996.795615,2021-11-21
525,1637539200000,6.460302288694421,1026149739.8305706,2021-11-22
526,1637625600000,6.376623431092409,982529250.2175899,2021-11-23
527,1637712000000,7.002402542356825,1088332591.8614953,2021-11-24
528,1637798400000,6.567731669155038,1018139576.6259339,2021-11-25
529,1637884800000,6.540376343658486,1011542097.264401,2021-11-26
530,1637971200000,6.142344677301693,946884628.7151991,2021-11-27
531,1638057600000,7.376816492777747,1158492934.22112,2021-11-28
532,1638144000000,6.914015034464566,1070320429.217707,2021-11-29
533,1638230400000,6.800809522074003,1057823519.3956426,2021-11-30
534,1638316800000,6.255411082161538,963934129.7486048,2021-12-01
535,1638403200000,5.275259203766961,810786468.3415234,2021-12-02
536,1638489600000,5.440981767346133,835984378.370899,2021-12-03
537,1638576000000,5.116501249869336,793972218.3642528,2021-12-04
538,1638662400000,5.340594772498645,832932146.1184622,2021-12-05
539,1638748800000,4.804872434757837,725982378.5564636,2021-12-06
540,1638835200000,4.929888938375969,760985388.2870576,2021-12-07
541,1638921600000,4.4604582673338244,687528886.3868862,2021-12-08
542,1639008000000,4.258631510343708,657444429.0885339,2021-12-09
543,1639094400000,3.9377835216268724,609420314.2360301,2021-12-10
544,1639180800000,3.4956894311844304,543161602.8429136,2021-12-11
545,1639267200000,3.7669280520267545,583162480.6631923,2021-12-12
546,1639353600000,4.995383805442682,775327621.7120351,2021-12-13
547,1639440000000,4.061502143704319,630635591.7134156,2021-12-14
548,1639526400000,4.068409078931811,626675407.7218652,2021-12-15
549,1639612800000,4.247736087571822,654215359.0304934,2021-12-16
550,1639699200000,4.2803483481702465,657730694.9922961,2021-12-17
551,1639785600000,4.164227195215612,642155545.0720513,2021-12-18
552,1639872000000,4.512057869596051,695928806.4647267,2021-12-19
553,1639958400000,4.675364563591095,718166366.7731695,2021-12-20
554,1640044800000,4.4924381698739415,691632646.9339331,2021-12-21
555,1640131200000,5.5362914489264154,858813502.457153,2021-12-22
556,1640217600000,5.730795555973074,878828956.3156346,2021-12-23
557,1640304000000,6.174173639785588,958137943.2232176,2021-12-24
558,1640390400000,5.600926506599444,870927287.1204215,2021-12-25
559,1640476800000,5.652899079806415,874236671.3207694,2021-12-26
560,1640563200000,5.414468785165335,834191318.8590258,2021-12-27
561,1640649600000,5.1923694223845285,803142809.0193186,2021-12-28
562,1640736000000,4.969808589641492,778500401.1525308,2021-12-29
563,1640822400000,4.606527673015574,700346733.0090835,2021-12-30
564,1640908800000,4.604952865168543,708226941.9097009,2021-12-31
565,1640995200000,4.607581591811311,714320528.679386,2022-01-01
566,1641081600000,4.793312443292959,735568247.7857777,2022-01-02
567,1641168000000,4.580424741395487,707411602.5455664,2022-01-03
568,1641254400000,5.288242517740751,818269929.4064641,2022-01-04
569,1641340800000,4.830815508926547,757426723.6069491,2022-01-05
570,1641427200000,4.283731902807633,661111593.684215,2022-01-06
571,1641513600000,4.174402639090458,645092308.8789334,2022-01-07
572,1641600000000,3.697840444794673,572171587.6486698,2022-01-08
573,1641686400000,3.590510121794997,559105410.9080048,2022-01-09
574,1641772800000,3.7797997444056777,579042803.1604189,2022-01-10
575,1641859200000,3.4990099831398482,540171030.2927076,2022-01-11
576,1641945600000,3.4723859878286794,537779536.9827372,2022-01-12
577,1642032000000,3.9734679018505523,613194157.4406155,2022-01-13
578,1642118400000,3.574458876508591,554686515.0985175,2022-01-14
579,1642204800000,3.5284999137258897,543487201.1725725,2022-01-15
580,1642291200000,3.6428670735773436,568542105.8015457,2022-01-16
581,1642377600000,3.5951837737965238,554826637.5759809,2022-01-17
582,1642464000000,3.224882453886171,497300294.8729017,2022-01-18
583,1642550400000,2.9956235240808686,462874537.4133873,2022-01-19
584,1642636800000,2.9653623932978506,460227230.670936,2022-01-20
585,1642723200000,2.8295431575759813,441078585.2776446,2022-01-21
586,1642809600000,2.39731062218862,369689418.29149336,2022-01-22
587,1642896000000,2.13418483185452,328476926.84394693,2022-01-23
588,1642982400000,2.244484419342671,344376657.7587347,2022-01-24
589,1643068800000,2.2946363478686624,355732272.1402338,2022-01-25
590,1643155200000,2.311665053048839,355463956.0054219,2022-01-26
591,1643241600000,2.492081284144405,385438192.79832387,2022-01-27
592,1643328000000,2.4828808932277378,382420612.76637834,2022-01-28
593,1643414400000,2.8384067976634806,436657961.6554624,2022-01-29
594,1643500800000,3.1967301405465514,491004344.6018118,2022-01-30
595,1643587200000,3.088428712466325,478251423.5669724,2022-01-31
596,1643673600000,3.498464078637542,541136494.8710997,2022-02-01
597,1643760000000,3.745919412461401,584887375.9290079,2022-02-02
598,1643846400000,3.2763757278339076,512610984.07754993,2022-02-03
599,1643932800000,3.339047656705719,516733227.24934256,2022-02-04
600,1644019200000,3.6118793593052105,555471732.9223069,2022-02-05
601,1644105600000,3.7103529905398784,574178854.3322586,2022-02-06
602,1644192000000,3.6153981379693536,560071299.976775,2022-02-07
603,1644278400000,3.6378881882177856,561649499.3699121,2022-02-08
604,1644364800000,3.4027241510243864,528108836.53310454,2022-02-09
605,1644451200000,3.3234809269325902,511109369.4972748,2022-02-10
606,1644537600000,3.076661443531026,475373280.5690515,2022-02-11
607,1644624000000,2.6769381584376464,412594144.6397689,2022-02-12
608,1644710400000,2.687388950972246,413372543.0238589,2022-02-13
609,1644796800000,2.591358556116919,399500684.37492836,2022-02-14
610,1644883200000,2.8422366836519815,438770186.0859579,2022-02-15
611,1644969600000,3.248142623496939,501376834.3235244,2022-02-16
612,1645056000000,3.221604560367739,497626205.49846846,2022-02-17
613,1645142400000,2.8004638931197134,434645901.9760778,2022-02-18
614,1645228800000,2.7052852685444573,418228122.7039683,2022-02-19
615,1645315200000,2.6210349095571166,404210241.4066334,2022-02-20
616,1645401600000,2.469165591906373,384206662.2150687,2022-02-21
617,1645488000000,2.366286106156314,365985308.28525156,2022-02-22
618,1645574400000,2.4889848803525303,382207713.25527376,2022-02-23
619,1645660800000,2.3641579848948617,366568116.2539657,2022-02-24
620,1645747200000,2.3430867305145893,361582578.6601766,2022-02-25
621,1645833600000,2.584392737187791,397893595.51858896,2022-02-26
622,1645920000000,2.460573193554637,379433899.76239264,2022-02-27
623,1646006400000,2.388393193441681,368652047.7301278,2022-02-28
624,1646092800000,2.6772185580458494,409079279.0088483,2022-03-01
625,1646179200000,2.9786211554866076,456909645.2444581,2022-03-02
626,1646265600000,2.914035476155808,623180801.261801,2022-03-03
627,1646352000000,2.768302877896589,593652202.1818205,2022-03-04
628,1646438400000,2.503404480307833,534424135.2040714,2022-03-05
629,1646524800000,2.62033677180453,558389277.0524455,2022-03-06
630,1646611200000,2.5346905409028753,542390829.6649654,2022-03-07
631,1646697600000,2.489225225880754,532393784.6331413,2022-03-08
632,1646784000000,2.5051641639453646,535870211.52041745,2022-03-09
633,1646870400000,2.6487955757726827,613153591.1577632,2022-03-10
634,1646956800000,2.520043464898074,584476687.1399018,2022-03-11
635,1647043200000,2.387444632864533,554260280.0770503,2022-03-12
636,1647129600000,2.3596457999018052,547676947.667992,2022-03-13
637,1647216000000,2.2648905034138105,525029891.12727034,2022-03-14
638,1647302400000,2.3166008089102283,536517150.1057519,2022-03-15
639,1647388800000,2.3275934289686018,539179645.8332074,2022-03-16
640,1647475200000,2.4956858465647973,568080363.5812203,2022-03-17
641,1647561600000,2.421502715057694,560800454.5914644,2022-03-18
642,1647648000000,2.553944608028265,591067442.8898573,2022-03-19
643,1647734400000,2.6837188343232605,621450841.0094486,2022-03-20
644,1647820800000,2.6058255019957985,603618325.2649041,2022-03-21
645,1647907200000,2.668445234751283,617236716.7948085,2022-03-22
646,1647993600000,2.8135295054221645,652668390.9681771,2022-03-23
647,1648080000000,2.7911020388846244,644067910.2047949,2022-03-24
648,1648166400000,2.8389452402199624,658964062.4481444,2022-03-25
649,1648252800000,2.7456382240226382,635365550.9049332,2022-03-26
650,1648339200000,2.7047257335674106,626972706.4902151,2022-03-27
651,1648425600000,2.7967802954283676,647616601.2029979,2022-03-28
652,1648512000000,2.945722663049272,682804877.0838467,2022-03-29
653,1648598400000,2.9362891259827237,680202036.1225344,2022-03-30
654,1648684800000,2.9993605444313354,694860344.036441,2022-03-31
655,1648771200000,2.9267740428984244,676581209.5313723,2022-04-01
656,1648857600000,2.9528569518859094,683510773.3174244,2022-04-02
657,1648944000000,3.0606607750670887,712373877.5438383,2022-04-03
658,1649030400000,3.056623810196664,707682558.8245105,2022-04-04
659,1649116800000,2.910132659454197,675683989.2317618,2022-04-05
660,1649203200000,2.8079837282605737,653688731.7944528,2022-04-06
661,1649289600000,2.5017710641045183,579735028.9343712,2022-04-07
662,1649376000000,2.59033132875409,629726901.0922905,2022-04-08
663,1649462400000,2.43655421984657,589491090.1950341,2022-04-09
664,1649548800000,2.5076774885075457,608359302.3774064,2022-04-10
665,1649635200000,2.4781049290466854,602462726.4946071,2022-04-11
666,1649721600000,2.0720111473959846,503938106.63261235,2022-04-12
667,1649808000000,2.0564060953135113,499183709.5538596,2022-04-13
668,1649894400000,2.1102083122504296,512440332.39794743,2022-04-14
669,1649980800000,2.0159154409955096,489669317.1453364,2022-04-15
670,1650067200000,2.0352288630190962,493971851.37058747,2022-04-16
671,1650153600000,2.010457421568022,488239511.46609265,2022-04-17
672,1650240000000,2.0062413184875783,484882763.49783444,2022-04-18
673,1650326400000,2.009821525015915,487389636.35471976,2022-04-19
674,1650412800000,2.1436996320822903,517642988.87547266,2022-04-20
675,1650499200000,2.053806892939547,498651281.0661956,2022-04-21
676,1650585600000,1.9217525267848716,466115508.65109026,2022-04-22
677,1650672000000,1.9335371662115861,468318918.6372379,2022-04-23
678,1650758400000,1.8661965950979145,454584385.325882,2022-04-24
679,1650844800000,1.7791855111793127,433124725.6692796,2022-04-25
680,1650931200000,1.7344623909859638,421541954.630218,2022-04-26
681,1651017600000,1.4998702791350764,364829007.32603115,2022-04-27
682,1651104000000,1.4848905153393661,360340455.2695807,2022-04-28
683,1651190400000,1.5626800785310087,379297553.1818908,2022-04-29
684,1651276800000,1.3944794913731422,338348650.83452904,2022-04-30
685,1651363200000,1.2108252750207007,294040446.38794595,2022-05-01
686,1651449600000,1.603950230640336,389130264.2911143,2022-05-02
687,1651536000000,1.7158325826954695,413553633.366211,2022-05-03
688,1651622400000,1.497498328202711,363736531.28006095,2022-05-04
689,1651708800000,1.7365611638753768,421314153.13869977,2022-05-05
690,1651795200000,1.6061177985709563,386639300.845013,2022-05-06
691,1651881600000,1.5161605812364476,367653293.21612805,2022-05-07
692,1651968000000,1.3401004403514674,325730367.78491247,2022-05-08
693,1652054400000,1.2912496361392136,313780478.1709671,2022-05-09
694,1652140800000,1.1463361824685467,289610690.8288376,2022-05-10
695,1652227200000,1.158901100790033,293692179.7711867,2022-05-11
696,1652313600000,0.8027576965660154,186853811.2583851,2022-05-12
697,1652400000000,0.7897244386421624,199805936.87676206,2022-05-13
698,1652486400000,0.8563252255985722,217125717.7217341,2022-05-14
699,1652572800000,0.8559453194810974,215921352.9516853,2022-05-15
700,1652659200000,0.9463948894360398,239759619.4570121,2022-05-16
701,1652745600000,0.9653429501032296,245078592.0724799,2022-05-17
702,1652832000000,0.9848684095724749,249897098.80545515,2022-05-18
703,1652918400000,0.8272871381229182,213602430.3785018,2022-05-19
704,1653004800000,0.9247208494912289,234702303.5218688,2022-05-20
705,1653091200000,0.8751164043537963,222812311.38668787,2022-05-21
706,1653177600000,0.8971745548868575,228616157.09999153,2022-05-22
707,1653264000000,0.903786805553232,228937624.867359,2022-05-23
708,1653350400000,0.8561397725061523,217314425.62302333,2022-05-24
709,1653436800000,0.9132354412290055,230959849.19997445,2022-05-25
710,1653523200000,0.8666493486720737,220192724.72122622,2022-05-26
711,1653609600000,0.7519916760207538,191094644.22194228,2022-05-27
712,1653696000000,0.6951531003408828,176133183.54221547,2022-05-28
713,1653782400000,0.712470632573776,181814797.3431502,2022-05-29
714,1653868800000,0.7127905756770495,180819063.21201763,2022-05-30
715,1653955200000,0.8402069451857732,213635667.84525388,2022-05-31
716,1654041600000,0.853663133737074,217075556.508018,2022-06-01
717,1654128000000,0.7455583964909198,189539540.18777585,2022-06-02
718,1654214400000,0.7724624818706722,196713279.9750465,2022-06-03
719,1654300800000,0.7140825468784038,180989754.8645551,2022-06-04
720,1654387200000,0.7237894717261714,183427891.75153944,2022-06-05
721,1654473600000,0.718061367447101,182392761.79924005,2022-06-06
722,1654560000000,0.7090917608069464,180939595.2038949,2022-06-07
723,1654646400000,0.7089893491352044,180686516.07517675,2022-06-08
724,1654732800000,0.6847442567360885,173931880.0128767,2022-06-09
725,1654819200000,0.6913327050751332,175496970.36777386,2022-06-10
726,1654905600000,0.6201874514732876,157298011.8119799,2022-06-11
727,1654992000000,0.5595676307080895,141453107.67807087,2022-06-12
728,1655078400000,0.5137222948016151,130436986.89131945,2022-06-13
729,1655164800000,0.3993792945060359,100275221.07518163,2022-06-14
730,1655251200000,0.3860943181306933,97646422.08147351,2022-06-15
731,1655337600000,0.40706518802141256,103302614.97182757,2022-06-16
732,1655424000000,0.33945131091827413,86112083.8369827,2022-06-17
733,1655510400000,0.34579866016878336,88405267.46973008,2022-06-18
734,1655596800000,0.3253946738696883,82488296.1266658,2022-06-19
735,1655683200000,0.43247333489522827,110125090.36755878,2022-06-20
736,1655769600000,0.4366181884578048,110718886.43732843,2022-06-21
737,1655856000000,0.43782196926020484,111274172.83385336,2022-06-22
738,1655942400000,0.4935371501922004,125309998.71982728,2022-06-23
739,1656028800000,0.5572214151581304,141393968.3715806,2022-06-24
740,1656115200000,0.5623829988802358,142499232.0067845,2022-06-25
741,1656201600000,0.54084947009454,137038611.88395074,2022-06-26
742,1656288000000,0.4811155574363046,122905977.65793495,2022-06-27
743,1656374400000,0.48365828646649905,123785569.79012342,2022-06-28
744,1656460800000,0.6030233383224138,151342892.15717992,2022-06-29
745,1656547200000,0.5842743472172139,148753160.6292481,2022-06-30
746,1656633600000,0.5209119139702922,130709577.59912676,2022-07-01
747,1656720000000,0.49279940073277395,127185035.63506825,2022-07-02
748,1656806400000,0.5116150934359034,129865802.83165002,2022-07-03
749,1656892800000,0.5117267513476618,130168101.08577421,2022-07-04
750,1656979200000,0.5286080585657355,133818772.69072405,2022-07-05
751,1657065600000,0.5023191306060937,127641349.52899337,2022-07-06
752,1657152000000,0.5156196824944541,130899436.84876794,2022-07-07
753,1657238400000,0.5480103651947895,139229321.8781181,2022-07-08
754,1657324800000,0.5239315965544353,133996802.78962016,2022-07-09
755,1657411200000,0.5218640664711601,132548173.59803686,2022-07-10
756,1657497600000,0.49965667520467305,126418686.41198988,2022-07-11
757,1657584000000,0.4986988743679179,126292165.98322532,2022-07-12
758,1657670400000,0.46860020141737024,120775888.98635806,2022-07-13
759,1657756800000,0.4950678715868449,124393102.52592777,2022-07-14
760,1657843200000,0.5057873004080924,128709121.69893359,2022-07-15
761,1657929600000,0.5210012183955807,132330748.77913769,2022-07-16
762,1658016000000,0.5287797646583698,134071696.01075199,2022-07-17
763,1658102400000,0.5151751506644819,131205235.92168099,2022-07-18
764,1658188800000,0.5858585947529283,160840256.06338948,2022-07-19
765,1658275200000,0.6193393267546129,169908107.90475067,2022-07-20
766,1658361600000,0.5605159824021614,155100143.87941453,2022-07-21
767,1658448000000,0.566354883824188,155071946.19504032,2022-07-22
768,1658534400000,0.5475103887569894,150189247.915758,2022-07-23
769,1658620800000,0.563706124812339,155162120.1643349,2022-07-24
770,1658707200000,0.6037259239849986,166910143.94228283,2022-07-25
771,1658793600000,0.5644091563547623,156270995.82496312,2022-07-26
772,1658880000000,0.538517519457631,147924705.37781072,2022-07-27
773,1658966400000,0.5774025877040969,157872283.6637408,2022-07-28
774,1659052800000,0.5960460275763283,163531563.24206182,2022-07-29
775,1659139200000,0.6063880028815617,167439714.61190733,2022-07-30
776,1659225600000,0.599116121819505,163933197.00586534,2022-07-31
777,1659312000000,0.7306776847863183,200650632.3549432,2022-08-01
778,1659398400000,0.7069986916625588,193077543.64313307,2022-08-02
779,1659484800000,0.688637115804783,189302923.7293622,2022-08-03
780,1659571200000,0.7055398222633381,193586175.32716972,2022-08-04
781,1659657600000,0.6849775536497031,187911583.36582947,2022-08-05
782,1659744000000,0.7618769087975167,218485304.50248688,2022-08-06
783,1659830400000,0.7327567402197659,211224197.05526975,2022-08-07
784,1659916800000,0.7446476025926263,214466339.93817076,2022-08-08
785,1660003200000,0.7641159508869222,219923795.83579445,2022-08-09
786,1660089600000,0.708857651213815,204824602.58448687,2022-08-10
787,1660176000000,0.7241225891965997,208578905.59617695,2022-08-11
788,1660262400000,0.705675974893459,202961276.42520988,2022-08-12
789,1660348800000,0.7279473916087151,209232180.270048,2022-08-13
790,1660435200000,0.784843250477683,223685409.55644935,2022-08-14
791,1660521600000,0.7224712586123314,208017415.4981176,2022-08-15
792,1660608000000,0.6879359793577045,197954424.15559605,2022-08-16
793,1660694400000,0.6669491992371385,192011954.62247348,2022-08-17
794,1660780800000,0.6411359794075542,185080263.27174905,2022-08-18
795,1660867200000,0.6128666893731041,177032569.25146052,2022-08-19
796,1660953600000,0.5544422445909712,159647388.12518418,2022-08-20
797,1661040000000,0.544103259285142,156631768.96424556,2022-08-21
798,1661126400000,0.6114116549325646,176848289.9377178,2022-08-22
799,1661212800000,0.6091978053978419,175407874.493475,2022-08-23
800,1661299200000,0.6048109362269515,174628656.43001235,2022-08-24
801,1661385600000,0.5811863989181798,167217645.49498558,2022-08-25
802,1661472000000,0.5765899376222452,166016547.53331825,2022-08-26
803,1661558400000,0.5148955196047577,146816513.5802632,2022-08-27
804,1661644800000,0.5180616313105295,148948045.54498464,2022-08-28
805,1661731200000,0.5102780175368091,147892870.15982643,2022-08-29
806,1661817600000,0.5454817944381849,157132519.96381286,2022-08-30
807,1661904000000,0.5226012503749468,151266105.3574311,2022-08-31
808,1661990400000,0.5132416699197909,147984248.23500594,2022-09-01
809,1662076800000,0.5239743391416728,150598134.24383155,2022-09-02
810,1662163200000,0.5206653834275788,149953671.61246035,2022-09-03
811,1662249600000,0.5087827349581089,146362702.3045208,2022-09-04
812,1662336000000,0.5165838801440439,148780083.7454295,2022-09-05
813,1662422400000,0.49931909102907557,143467961.69777787,2022-09-06
814,1662508800000,0.47127877983418187,135737932.5127356,2022-09-07
815,1662595200000,0.5074202803992187,146811121.16516504,2022-09-08
816,1662681600000,0.5549224357276734,159549144.4065457,2022-09-09
817,1662768000000,0.5617825538108419,159621186.86782736,2022-09-10
818,1662854400000,0.5822051501099652,167810382.47464398,2022-09-11
819,1662940800000,0.5626445258673396,161959434.6260195,2022-09-12
820,1663027200000,0.5681273356280953,163464533.31791946,2022-09-13
821,1663113600000,0.5085803165617807,152757416.11348796,2022-09-14
822,1663200000000,0.5142888323752386,154058158.5551691,2022-09-15
823,1663286400000,0.5001689555392359,150027275.32201034,2022-09-16
824,1663372800000,0.4616020549992699,138019293.51476982,2022-09-17
825,1663459200000,0.48234203039235574,144745708.25369054,2022-09-18
826,1663545600000,0.437948846773117,131982862.11420968,2022-09-19
827,1663632000000,0.4505195509289043,135096864.40804833,2022-09-20
828,1663718400000,0.46061059948599165,137818558.64587536,2022-09-21
829,1663804800000,0.45942374351047743,137771124.1698609,2022-09-22
830,1663891200000,0.47397056967521467,142330024.05071256,2022-09-23
831,1663977600000,0.4827056309484106,145871560.11278903,2022-09-24
832,1664064000000,0.4593406187656789,137855218.34968084,2022-09-25
833,1664150400000,0.46246923801976764,138940464.9123684,2022-09-26
834,1664236800000,0.48570937041292633,145366804.2243038,2022-09-27
835,1664323200000,0.478087100854605,143323588.15269527,2022-09-28
836,1664409600000,0.4756379882248295,142535927.80475566,2022-09-29
837,1664496000000,0.46726510282177813,140202830.24536315,2022-09-30
838,1664582400000,0.4620007871018416,138468066.85212883,2022-10-01
839,1664668800000,0.46052719284050386,137431246.337587,2022-10-02
840,1664755200000,0.4529908590012512,135959123.50500697,2022-10-03
841,1664841600000,0.457641091300792,137311615.5421607,2022-10-04
842,1664928000000,0.5129074873116176,153332354.2034347,2022-10-05
843,1665014400000,0.49275958023090644,147816403.34185022,2022-10-06
844,1665100800000,0.47881269996716436,143578136.18923238,2022-10-07
845,1665187200000,0.4677097273947682,140138543.50565377,2022-10-08
846,1665273600000,0.45624985736614887,136830490.08297002,2022-10-09
847,1665360000000,0.46591787102499715,138906327.19008738,2022-10-10
848,1665446400000,0.4507632827308228,135265342.63418362,2022-10-11
849,1665532800000,0.4227396379960345,126720403.72164333,2022-10-12
850,1665619200000,0.41512995163902733,124469564.45405456,2022-10-13
851,1665705600000,0.4112973215420078,123263979.18437015,2022-10-14
852,1665792000000,0.39953946902382986,119701923.39350805,2022-10-15
853,1665878400000,0.4140711370629443,124110021.72514737,2022-10-16
854,1665964800000,0.43466933604905494,130311137.08523744,2022-10-17
855,1666051200000,0.4275177313222292,128165545.0745198,2022-10-18
856,1666137600000,0.42502248666395837,127575706.09915973,2022-10-19
857,1666224000000,0.4241403261101755,127164066.2851118,2022-10-20
858,1666310400000,0.4210287767256429,126198996.78462526,2022-10-21
859,1666396800000,0.435430136558735,130511554.00863348,2022-10-22
860,1666483200000,0.4510092999705265,135489072.4013264,2022-10-23
861,1666569600000,0.47332872186241504,141804637.8858386,2022-10-24
862,1666656000000,0.5149132056422275,154520163.89419013,2022-10-25
863,1666742400000,0.5287443777149444,157605183.47572172,2022-10-26
864,1666828800000,0.5320325378855062,159392802.82412827,2022-10-27
865,1666915200000,0.5093121323116874,152760781.9554926,2022-10-28
866,1667001600000,0.546584010889737,163856648.30251005,2022-10-29
867,1667088000000,0.5462872349368594,163825431.5283884,2022-10-30
868,1667174400000,0.5664240734642502,169736822.36853492,2022-10-31
869,1667260800000,0.5983491476533518,178859989.7022331,2022-11-01
870,1667347200000,0.6639534889150206,199162382.68568677,2022-11-02
871,1667433600000,0.7755602241165961,230326972.9483544,2022-11-03
872,1667520000000,0.7444747925511279,222963965.29021528,2022-11-04
873,1667606400000,0.7525579413195576,226242421.60963002,2022-11-05
874,1667692800000,0.9221955671889657,277191100.66620606,2022-11-06
875,1667779200000,0.9250712802931961,277713509.84751314,2022-11-07
876,1667865600000,0.7962152525156634,238680044.7271625,2022-11-08
877,1667952000000,0.6088093010232573,184477327.10122806,2022-11-09
878,1668038400000,0.42935000734509815,129843911.50828491,2022-11-10
879,1668124800000,0.5985419177863954,180789453.56668422,2022-11-11
880,1668211200000,0.5474834379225131,163485392.4856701,2022-11-12
881,1668297600000,0.5002233385007445,149999079.3185474,2022-11-13
882,1668384000000,0.48150736171928965,143929196.61094826,2022-11-14
883,1668470400000,0.5056002169156829,151168532.47764087,2022-11-15
884,1668556800000,0.4922439374299812,148095980.1257051,2022-11-16
885,1668643200000,0.47975460202425685,143803230.34558854,2022-11-17
886,1668729600000,0.47504973444553916,142554895.6671912,2022-11-18
887,1668816000000,0.48122413147833376,144765732.68137234,2022-11-19
888,1668902400000,0.4661676542568623,139962407.58776018,2022-11-20
