,Time,open,mktcap,Date
0,1633564800000,4.412340763130222,160538223.87382406,2021-10-07
1,1633651200000,4.412340763130222,160538223.87382406,2021-10-08
2,1633737600000,3.444885147883827,176499071.17889482,2021-10-09
3,1633824000000,3.8546770647427717,180921531.63277763,2021-10-10
4,1633910400000,3.427939441531937,157570140.52315903,2021-10-11
5,1633996800000,4.13792087990537,190648301.87868977,2021-10-12
6,1634083200000,4.023045098507288,146962693.27053005,2021-10-13
7,1634169600000,4.162913045204998,151485213.02039334,2021-10-14
8,1634256000000,3.7148840382871007,137952124.5872435,2021-10-15
9,1634342400000,2.8437362292535564,105672006.08123234,2021-10-16
10,1634428800000,2.892891497760004,107551945.21572536,2021-10-17
11,1634515200000,3.6882323555792396,136595132.77080616,2021-10-18
12,1634601600000,3.007405468370359,111718570.53971574,2021-10-19
13,1634688000000,2.972658694528501,110607543.52237341,2021-10-20
14,1634774400000,3.221617972722698,119926178.88094547,2021-10-21
15,1634860800000,2.9329828402824547,109381017.05168071,2021-10-22
16,1634947200000,2.5047692665945642,93281023.01897898,2021-10-23
17,1635033600000,2.8065237647466335,104567105.86723755,2021-10-24
18,1635120000000,2.7385425485229646,101727568.38838357,2021-10-25
19,1635206400000,2.838858776241946,105584029.09179386,2021-10-26
20,1635292800000,2.650098854953416,98665789.6081405,2021-10-27
21,1635379200000,2.2734064996385572,84656504.8138338,2021-10-28
22,1635465600000,2.2665213733958396,84055221.57214308,2021-10-29
23,1635552000000,1.9081523770140727,71231109.12151466,2021-10-30
24,1635638400000,2.0471033911374716,76189125.83416596,2021-10-31
25,1635724800000,2.043267883696841,76086664.42171016,2021-11-01
26,1635811200000,1.8702365291759997,69482903.39352995,2021-11-02
27,1635897600000,2.3685547939994946,88199611.61891924,2021-11-03
28,1635984000000,2.146409013132165,79806821.89169954,2021-11-04
29,1636070400000,2.028634444708289,75207651.2249099,2021-11-05
30,1636156800000,1.9913096265409762,74155585.6517486,2021-11-06
31,1636243200000,2.011425506713507,74833515.69495599,2021-11-07
32,1636329600000,2.0817553482830067,77496719.24323663,2021-11-08
33,1636416000000,2.1555093023796617,80151323.11891046,2021-11-09
34,1636502400000,2.1183596457174625,78945817.77881955,2021-11-10
35,1636588800000,2.054634815899206,76183758.5378514,2021-11-11
36,1636675200000,2.1129636911182406,78703243.21495792,2021-11-12
37,1636761600000,1.9021301686907723,70697996.74242951,2021-11-13
38,1636848000000,1.9064789643634383,71254185.83880036,2021-11-14
39,1636934400000,1.881837518632662,69773870.2881966,2021-11-15
40,1637020800000,1.8601800266821402,69436116.46629286,2021-11-16
41,1637107200000,1.728479739286195,64364667.46829488,2021-11-17
42,1637193600000,1.7523802844036407,65043335.80034157,2021-11-18
43,1637280000000,1.6256018987263163,60320848.22193175,2021-11-19
44,1637366400000,1.7597143543733054,65302639.27438267,2021-11-20
45,1637452800000,2.2046131199246557,98144801.64088981,2021-11-21
46,1637539200000,2.14422871490604,96595149.20166099,2021-11-22
47,1637625600000,2.045718590868651,91642495.52759553,2021-11-23
48,1637712000000,2.0319269121136734,91457428.16901651,2021-11-24
49,1637798400000,1.9995450821695158,90168088.31629626,2021-11-25
50,1637884800000,2.116533404301438,96051007.17324378,2021-11-26
51,1637971200000,1.884502684161341,85837228.9871766,2021-11-27
52,1638057600000,1.6407061822544065,75011082.67420386,2021-11-28
53,1638144000000,1.6521535539174559,75471312.95120315,2021-11-29
54,1638230400000,1.7539460121719486,80522345.90158857,2021-11-30
55,1638316800000,1.887777180508832,87543932.17071761,2021-12-01
56,1638403200000,1.7975305799319985,83608697.6028834,2021-12-02
57,1638489600000,1.797213691851421,84289036.84163895,2021-12-03
58,1638576000000,1.7564554348502497,82207683.34800279,2021-12-04
59,1638662400000,1.484085930313605,71302886.20840879,2021-12-05
60,1638748800000,1.512353273316872,74404678.28010966,2021-12-06
61,1638835200000,1.5902897296667973,74439845.66840161,2021-12-07
62,1638921600000,1.6943135276181887,80184220.67935106,2021-12-08
63,1639008000000,1.8161987365185457,87714682.52277146,2021-12-09
64,1639094400000,1.5811269249058506,77221260.12611572,2021-12-10
65,1639180800000,1.533356039565121,75495636.78977418,2021-12-11
66,1639267200000,1.6895011690993291,82209766.25447899,2021-12-12
67,1639353600000,1.6966994003537106,82845958.23563421,2021-12-13
68,1639440000000,1.3877661108871222,67611712.25936699,2021-12-14
69,1639526400000,1.4418071833298471,70276455.99189188,2021-12-15
70,1639612800000,1.5757961850327713,76531505.22498266,2021-12-16
71,1639699200000,1.440402105635736,70073557.61799365,2021-12-17
72,1639785600000,1.3950831722233026,68189817.31955889,2021-12-18
73,1639872000000,1.417801337024667,69287292.74067435,2021-12-19
74,1639958400000,1.4014299193760151,68435587.95203702,2021-12-20
75,1640044800000,1.4104884555857262,68776928.99909481,2021-12-21
76,1640131200000,1.4316271826704914,70025643.61776198,2021-12-22
77,1640217600000,2.5596659243865463,115903588.70422332,2021-12-23
78,1640304000000,2.4197275209443503,118878007.82713805,2021-12-24
79,1640390400000,2.1661315970883535,105273138.97881398,2021-12-25
80,1640476800000,2.0963819331093667,101459503.32678685,2021-12-26
81,1640563200000,2.0130496203841526,98102774.83576737,2021-12-27
82,1640649600000,2.230184405702511,107626920.17554095,2021-12-28
83,1640736000000,2.227563518723581,113715844.99921374,2021-12-29
84,1640822400000,1.9197012651379182,91842307.94918717,2021-12-30
85,1640908800000,2.043740695961789,98545319.40114807,2021-12-31
86,1640995200000,2.505990824909212,121483172.08909681,2022-01-01
87,1641081600000,3.0496666471579457,148683975.87588468,2022-01-02
88,1641168000000,3.6291903679597537,169373994.26835972,2022-01-03
89,1641254400000,3.7560824811086606,183482252.99926957,2022-01-04
90,1641340800000,3.9382017022261855,202493323.4730199,2022-01-05
91,1641427200000,3.372287278252485,165176430.5404784,2022-01-06
92,1641513600000,3.439677775088771,175148207.57641834,2022-01-07
93,1641600000000,2.9816657114509737,154729858.90091807,2022-01-08
94,1641686400000,2.7664327397310897,141505708.84069774,2022-01-09
95,1641772800000,3.308871966883512,170450210.0415039,2022-01-10
96,1641859200000,2.8376486879357516,145653939.82209602,2022-01-11
97,1641945600000,3.0816750343517834,157649126.65692878,2022-01-12
98,1642032000000,3.208152326105652,165176841.3231434,2022-01-13
99,1642118400000,2.9744659026061115,152704992.85404515,2022-01-14
100,1642204800000,3.345689831572449,170788965.47424373,2022-01-15
101,1642291200000,3.593877480577971,184891635.75767377,2022-01-16
102,1642377600000,3.4099219046657057,174205346.76879147,2022-01-17
103,1642464000000,3.0752743922628256,157140227.13920626,2022-01-18
104,1642550400000,3.009292518666985,152980854.74464554,2022-01-19
105,1642636800000,2.966475985212391,152308093.1860431,2022-01-20
106,1642723200000,2.7324600436071496,141232406.91633394,2022-01-21
107,1642809600000,2.181788970290454,113951250.08650056,2022-01-22
108,1642896000000,1.8378130229533431,94183182.75732617,2022-01-23
109,1642982400000,1.9360980553233378,99064475.94630082,2022-01-24
110,1643068800000,1.663147805232438,84768690.5215733,2022-01-25
111,1643155200000,1.6103428314274268,82636267.74766947,2022-01-26
112,1643241600000,1.8611944619379273,94540653.0061775,2022-01-27
113,1643328000000,1.7086845642274744,86490287.08141248,2022-01-28
114,1643414400000,1.7583585633481735,90537357.91910563,2022-01-29
115,1643500800000,1.8543159239586025,95015376.46109456,2022-01-30
116,1643587200000,1.7851399372413237,91514051.75235517,2022-01-31
117,1643673600000,1.8636816358046777,95246192.07434753,2022-02-01
118,1643760000000,1.7532535930215172,90262027.10914731,2022-02-02
119,1643846400000,1.5719480685024767,80679416.82690226,2022-02-03
120,1643932800000,1.4831626398202726,76764347.57282493,2022-02-04
121,1644019200000,1.8211932940489923,93632249.6288154,2022-02-05
122,1644105600000,1.754261375044263,90141594.24307689,2022-02-06
123,1644192000000,1.7331167610579945,88861417.58204743,2022-02-07
124,1644278400000,1.753809147254506,90022398.58146392,2022-02-08
125,1644364800000,1.7321960792998385,89209148.98076889,2022-02-09
126,1644451200000,1.7809294417685368,91395250.39642158,2022-02-10
127,1644537600000,2.108683337303182,107815668.1327847,2022-02-11
128,1644624000000,1.953154219660293,99569533.12798467,2022-02-12
129,1644710400000,2.096487351922795,107557756.99079166,2022-02-13
130,1644796800000,2.081512517638248,106669440.5063915,2022-02-14
131,1644883200000,1.998221263969498,103326499.83625135,2022-02-15
132,1644969600000,2.3128576992644745,118400705.84291989,2022-02-16
133,1645056000000,2.2128881222214947,113825900.06349598,2022-02-17
134,1645142400000,2.037385104804058,104820854.7240868,2022-02-18
135,1645228800000,1.8552128782712058,95842012.26458554,2022-02-19
136,1645315200000,1.7752353189038537,91614936.61668703,2022-02-20
137,1645401600000,1.6486616127967622,85081972.40537937,2022-02-21
138,1645488000000,1.4295215697980355,73375181.5037083,2022-02-22
139,1645574400000,1.3603630078443516,69316765.83490425,2022-02-23
140,1645660800000,1.2027304760390787,61984632.120574884,2022-02-24
141,1645747200000,1.2145593169925704,61936086.056786954,2022-02-25
142,1645833600000,1.2942687352303928,66176225.94972106,2022-02-26
143,1645920000000,1.2856474182759128,66192874.138000205,2022-02-27
144,1646006400000,1.1736477001061054,60115804.44813536,2022-02-28
145,1646092800000,1.2091963141939195,61749486.71107975,2022-03-01
146,1646179200000,1.1715965969680882,59907699.74456573,2022-03-02
147,1646265600000,1.1074854145859896,56388289.6291729,2022-03-03
148,1646352000000,1.0742560148524263,55148637.03760958,2022-03-04
149,1646438400000,1.0245856311931516,52414371.18323303,2022-03-05
150,1646524800000,0.9982452939591109,51464496.72616205,2022-03-06
151,1646611200000,0.934027683124653,48813694.47992125,2022-03-07
152,1646697600000,0.8588959448430096,44293598.21612726,2022-03-08
153,1646784000000,0.8800867562772944,45205733.776562564,2022-03-09
154,1646870400000,1.0087890585801629,51574561.955405325,2022-03-10
155,1646956800000,0.9298355355283079,47779000.92432917,2022-03-11
156,1647043200000,0.9178336964022726,47400125.90365816,2022-03-12
157,1647129600000,0.911600781445796,47184259.201444164,2022-03-13
158,1647216000000,0.8673946566338683,44907598.753996484,2022-03-14
159,1647302400000,0.8869903312093899,45607162.863404095,2022-03-15
160,1647388800000,0.8700615994982059,44969029.5467221,2022-03-16
161,1647475200000,0.9179181817694798,46979182.00051346,2022-03-17
162,1647561600000,0.9796404985792302,50297942.139277175,2022-03-18
163,1647648000000,0.9480661115817497,48611112.884665646,2022-03-19
164,1647734400000,1.0282256730001669,52972996.71841739,2022-03-20
165,1647820800000,1.0800420951602665,55927742.36036545,2022-03-21
166,1647907200000,1.3219585447276063,69263195.23346545,2022-03-22
167,1647993600000,1.5283972520367601,78756350.15530178,2022-03-23
168,1648080000000,1.4230230229563554,72045424.11858526,2022-03-24
169,1648166400000,1.3684652512626594,71265116.61622113,2022-03-25
170,1648252800000,1.3949664730420297,72997087.40552923,2022-03-26
171,1648339200000,1.399912231520012,72796405.70130056,2022-03-27
172,1648425600000,1.4222936798696455,73812210.51570933,2022-03-28
173,1648512000000,1.4812278144904598,77235117.47923054,2022-03-29
174,1648598400000,1.5839204048089526,83875539.1171621,2022-03-30
175,1648684800000,1.5090187309786134,78804632.70017408,2022-03-31
176,1648771200000,1.5345023875463728,80164242.92909974,2022-04-01
177,1648857600000,1.5492315614954975,80713102.0501211,2022-04-02
178,1648944000000,1.4744418458839132,76803248.89181927,2022-04-03
179,1649030400000,1.4982740312285479,78049652.38242333,2022-04-04
180,1649116800000,1.3366172959046012,69542706.66468115,2022-04-05
181,1649203200000,1.354507169181914,70597749.76040956,2022-04-06
182,1649289600000,1.064248597576929,56627784.878183834,2022-04-07
183,1649376000000,1.120693164737205,58247279.36903333,2022-04-08
184,1649462400000,1.0046221297025193,52195894.59904764,2022-04-09
185,1649548800000,1.1397788857910447,61973566.61536851,2022-04-10
186,1649635200000,1.1468349143095269,59938967.22025746,2022-04-11
187,1649721600000,0.9952938039799638,51865195.0600957,2022-04-12
188,1649808000000,0.973322374379273,50696630.49766787,2022-04-13
189,1649894400000,1.0149663557999968,52725088.82158992,2022-04-14
190,1649980800000,0.9828299368541124,50832788.69158437,2022-04-15
191,1650067200000,0.9975355211414162,51708356.422877,2022-04-16
192,1650153600000,1.006008786561389,52424307.91754929,2022-04-17
193,1650240000000,1.0631487984915704,55236809.85833184,2022-04-18
194,1650326400000,1.0195999856993792,53152230.398855485,2022-04-19
195,1650412800000,1.1276675607853304,58693468.12444202,2022-04-20
196,1650499200000,1.0544995966178967,54954435.82179935,2022-04-21
197,1650585600000,1.0246079966932615,53865668.086346924,2022-04-22
198,1650672000000,1.0085436383575952,52617893.679490365,2022-04-23
199,1650758400000,1.0324242437537894,53758583.587562434,2022-04-24
200,1650844800000,1.0065709211134903,52375923.09668001,2022-04-25
201,1650931200000,0.9677966041222892,50256792.82115921,2022-04-26
202,1651017600000,0.9276407722102686,48252010.62759346,2022-04-27
203,1651104000000,0.926829803513637,48629438.413956344,2022-04-28
204,1651190400000,0.8544181084913411,44892934.23035787,2022-04-29
205,1651276800000,0.7814006149013963,40746816.5188686,2022-04-30
206,1651363200000,0.6586197756214413,33764876.76129459,2022-05-01
207,1651449600000,0.706468192115551,36716182.593575604,2022-05-02
208,1651536000000,0.678561929954462,35310712.60245815,2022-05-03
209,1651622400000,0.7154163106874579,37257481.99948701,2022-05-04
210,1651708800000,0.7384990506713823,38475911.22252091,2022-05-05
211,1651795200000,0.6989148954969847,36428994.579943,2022-05-06
212,1651881600000,0.7637889282770264,39635688.8830547,2022-05-07
213,1651968000000,0.7186720791605355,37403713.633662105,2022-05-08
214,1652054400000,0.6969365221686553,36204889.803457126,2022-05-09
215,1652140800000,0.594111121545411,39546070.976894096,2022-05-10
216,1652227200000,0.6225652386752807,41296831.53558001,2022-05-11
217,1652313600000,0.4520912611703051,29721444.828177433,2022-05-12
218,1652400000000,0.4417490403718345,29364123.58597766,2022-05-13
219,1652486400000,0.4965261311260082,33035656.20110832,2022-05-14
220,1652572800000,0.4786339678223874,32096335.458349902,2022-05-15
221,1652659200000,0.522236265102078,34895188.861763135,2022-05-16
222,1652745600000,0.5085758512083538,33830317.19027037,2022-05-17
223,1652832000000,0.5256097531301105,35156126.222049534,2022-05-18
224,1652918400000,0.4499351674604318,30195764.582161274,2022-05-19
225,1653004800000,0.45193291969650323,30257391.031981178,2022-05-20
226,1653091200000,0.46675575624152,31231332.238749616,2022-05-21
227,1653177600000,0.5061653986657182,33976423.907444246,2022-05-22
228,1653264000000,0.5187453159308338,34798940.13614237,2022-05-23
229,1653350400000,0.4493787726478779,30101283.65199375,2022-05-24
230,1653436800000,0.3881405231571718,26289455.718747728,2022-05-25
231,1653523200000,0.35176931285765745,57215737.674363516,2022-05-26
232,1653609600000,0.3131458780045305,50982704.0903679,2022-05-27
233,1653696000000,0.2817250892759763,45844409.182567835,2022-05-28
234,1653782400000,0.3053455108432456,49489645.65115778,2022-05-29
235,1653868800000,0.29115070248698116,47474567.57859584,2022-05-30
236,1653955200000,0.3170296319274778,51890222.479617186,2022-05-31
237,1654041600000,0.3160908927802387,51698626.441960774,2022-06-01
238,1654128000000,0.2812677951078016,46188536.81734945,2022-06-02
239,1654214400000,0.3182040114815807,52487153.85792577,2022-06-03
240,1654300800000,0.29420380565786075,48294647.05472924,2022-06-04
241,1654387200000,0.2951551818911974,48878859.21409392,2022-06-05
242,1654473600000,0.28580074584716897,47288334.58180466,2022-06-06
243,1654560000000,0.3158764372143517,68354042.04201221,2022-06-07
244,1654646400000,0.30351745844754513,64434610.1541911,2022-06-08
245,1654732800000,0.29161659379574684,63282555.80317539,2022-06-09
246,1654819200000,0.28792947841218847,62540633.45944139,2022-06-10
247,1654905600000,0.2809160931763104,61142802.84326739,2022-06-11
248,1654992000000,0.25785867262864914,56487032.32564374,2022-06-12
249,1655078400000,0.23463546422768033,50878820.789374076,2022-06-13
250,1655164800000,0.2131288834645564,46707842.21014217,2022-06-14
251,1655251200000,0.20505062357017273,44671992.58612104,2022-06-15
252,1655337600000,0.20522417100383308,44666860.31010616,2022-06-16
253,1655424000000,0.1868812294411445,40807591.752061866,2022-06-17
254,1655510400000,0.1927837718138701,42207819.024360836,2022-06-18
255,1655596800000,0.21107061885289163,45652472.01197003,2022-06-19
256,1655683200000,0.2755028894651759,60486082.62786097,2022-06-20
257,1655769600000,0.2546597735685503,55516495.47235356,2022-06-21
258,1655856000000,0.23947401421642517,52959497.89579426,2022-06-22
259,1655942400000,0.2269504015822551,49916127.137503445,2022-06-23
260,1656028800000,0.23501530893007722,51844163.12231793,2022-06-24
261,1656115200000,0.274040390372985,60754750.0681162,2022-06-25
262,1656201600000,0.2812853069313472,62359439.48556957,2022-06-26
263,1656288000000,0.25884742573555874,57462312.3752896,2022-06-27
264,1656374400000,0.25357823411376945,56270058.69362912,2022-06-28
265,1656460800000,0.25432675841215063,76399793.40032662,2022-06-29
266,1656547200000,0.2367291358891083,70820640.19603716,2022-06-30
267,1656633600000,0.21576279015926694,63957807.78238633,2022-07-01
268,1656720000000,0.23783843014459724,71588479.81491551,2022-07-02
269,1656806400000,0.235594842680579,70612829.40927199,2022-07-03
270,1656892800000,0.23797648820884754,71507401.02041486,2022-07-04
271,1656979200000,0.2586739256971435,77943381.70305902,2022-07-05
272,1657065600000,0.2486663576461052,74934598.79810853,2022-07-06
273,1657152000000,0.2358896711133207,71076196.48562428,2022-07-07
274,1657238400000,0.2437328619096532,73747953.72078499,2022-07-08
275,1657324800000,0.2455762925618695,74212161.39123586,2022-07-09
276,1657411200000,0.24114027152349454,61389027.12756689,2022-07-10
277,1657497600000,0.23848720447534844,60776994.291329086,2022-07-11
278,1657584000000,0.2268804394241404,51573249.9824877,2022-07-12
279,1657670400000,0.2250169655893075,68059437.2846178,2022-07-13
280,1657756800000,0.21855896742507125,65492138.05336115,2022-07-14
281,1657843200000,0.22307615039581136,67768253.31059821,2022-07-15
282,1657929600000,0.23767544764841675,72132438.6573719,2022-07-16
283,1658016000000,0.24248370692236526,73712349.35782236,2022-07-17
284,1658102400000,0.2440741592844301,74494829.18590415,2022-07-18
285,1658188800000,0.27082364403340914,82454112.88977455,2022-07-19
286,1658275200000,0.2758757639927636,84051675.72720222,2022-07-20
287,1658361600000,0.264259514603168,80625391.79335664,2022-07-21
288,1658448000000,0.26680254379536494,81735919.2397573,2022-07-22
289,1658534400000,0.25839237085667566,78838077.7987317,2022-07-23
290,1658620800000,0.2593612905998204,79192782.08877338,2022-07-24
291,1658707200000,0.2582228383227737,79262387.18750642,2022-07-25
292,1658793600000,0.24367726447789087,74580338.66151915,2022-07-26
293,1658880000000,0.24019812158582854,73387999.923931,2022-07-27
294,1658966400000,0.25214475720599816,77460917.53410155,2022-07-28
295,1659052800000,0.2721915501499658,83538268.0760852,2022-07-29
296,1659139200000,0.27656287841208155,85435366.67686307,2022-07-30
297,1659225600000,0.2770120288715616,85268739.29853085,2022-07-31
298,1659312000000,0.2754973594412151,84693456.85719584,2022-08-01
299,1659398400000,0.27637768767524235,84990123.9504588,2022-08-02
300,1659484800000,0.2767692881495958,85332205.31736328,2022-08-03
301,1659571200000,0.42095167627745267,129725955.13693461,2022-08-04
302,1659657600000,0.3580894279032915,110216712.9865026,2022-08-05
303,1659744000000,0.36033874074997224,111447858.56006375,2022-08-06
304,1659830400000,0.35334675123758996,109893664.05638854,2022-08-07
305,1659916800000,0.34454172305863534,106917749.16614987,2022-08-08
306,1660003200000,0.3782184834616112,118302290.24361579,2022-08-09
307,1660089600000,0.36275142547206146,112578186.79446974,2022-08-10
308,1660176000000,0.38468758008411014,119952326.51737708,2022-08-11
309,1660262400000,0.3945192853392558,122877893.88199343,2022-08-12
310,1660348800000,0.3929718987024654,123322588.12551071,2022-08-13
311,1660435200000,0.3912572179410587,123071819.29091267,2022-08-14
312,1660521600000,0.3899938998887274,122898852.06702614,2022-08-15
313,1660608000000,0.37690735213204046,118775325.0115238,2022-08-16
314,1660694400000,0.3625865023173299,113883676.15290558,2022-08-17
315,1660780800000,0.35303004788801756,111059989.84300871,2022-08-18
316,1660867200000,0.3438115617340524,108750819.21339497,2022-08-19
317,1660953600000,0.30052189815673097,94877504.84173171,2022-08-20
318,1661040000000,0.30315146377967944,95816303.45555824,2022-08-21
319,1661126400000,0.29169096195290606,92555204.63657734,2022-08-22
320,1661212800000,0.28267663685019684,89313462.76658848,2022-08-23
321,1661299200000,0.2839114170608404,90142791.17729332,2022-08-24
322,1661385600000,0.26777099355225603,85241113.31336884,2022-08-25
323,1661472000000,0.28211222036186007,91902326.8049294,2022-08-26
324,1661558400000,0.2500739851910602,81746794.50568801,2022-08-27
325,1661644800000,0.24147125602167646,79141624.08870108,2022-08-28
326,1661731200000,0.23449780214374352,76903860.91119672,2022-08-29
327,1661817600000,0.22829006324612602,74899669.29905964,2022-08-30
328,1661904000000,0.22336599772947224,73314233.93594731,2022-08-31
329,1661990400000,0.22433826657951822,73645562.61274594,2022-09-01
330,1662076800000,0.22390326490342427,73547011.10039063,2022-09-02
331,1662163200000,0.21969334173437188,72385797.19007683,2022-09-03
332,1662249600000,0.2229639904005332,73830793.49337946,2022-09-04
333,1662336000000,0.2172822182121972,71982512.99229449,2022-09-05
334,1662422400000,0.21046304536065571,69501193.33782792,2022-09-06
335,1662508800000,0.2028811359020579,67296250.24530862,2022-09-07
336,1662595200000,0.2116029992063126,70379280.0770984,2022-09-08
337,1662681600000,0.2097729471391664,69700167.68133228,2022-09-09
338,1662768000000,0.2148043466377689,71605721.97204342,2022-09-10
339,1662854400000,0.21725885570795225,72182625.2428666,2022-09-11
340,1662940800000,0.2304580184718163,76849401.10694025,2022-09-12
341,1663027200000,0.24634307758561108,81831902.29035309,2022-09-13
342,1663113600000,0.231815556173698,77358941.23158175,2022-09-14
343,1663200000000,0.23964375163972543,80544657.42855428,2022-09-15
344,1663286400000,0.2344031560820747,78370699.52910355,2022-09-16
345,1663372800000,0.23453947051374002,78595684.09312868,2022-09-17
346,1663459200000,0.23221027924116455,77899298.30382313,2022-09-18
347,1663545600000,0.22615333077195535,75760298.31841514,2022-09-19
348,1663632000000,0.2622796589901979,87667004.79124132,2022-09-20
349,1663718400000,0.2552911499685306,125317553.35612792,2022-09-21
350,1663804800000,0.24700055307123506,120451255.8764007,2022-09-22
351,1663891200000,0.24676745049136845,129690820.08914891,2022-09-23
352,1663977600000,0.25202189188429813,132097414.69327295,2022-09-24
353,1664064000000,0.2683048074927628,142576658.2358047,2022-09-25
354,1664150400000,0.26546757727015463,140472141.63791066,2022-09-26
355,1664236800000,0.2801644111715392,148527715.10051748,2022-09-27
356,1664323200000,0.28811559385215146,153182957.87829438,2022-09-28
357,1664409600000,0.2741832963904744,144545632.51568452,2022-09-29
358,1664496000000,0.24855038224204298,132073475.96525794,2022-09-30
359,1664582400000,0.24983026751403037,133086737.98796532,2022-10-01
360,1664668800000,0.2457946866062976,130211774.30516957,2022-10-02
361,1664755200000,0.24207199776785038,128804127.0310187,2022-10-03
362,1664841600000,0.24888539619375533,133144827.69748087,2022-10-04
363,1664928000000,0.256882323878698,137400940.58746588,2022-10-05
364,1665014400000,0.2553781869046417,137157564.51723006,2022-10-06
365,1665100800000,0.273931519216969,146781161.00438368,2022-10-07
366,1665187200000,0.27118258958760216,145367685.52565736,2022-10-08
367,1665273600000,0.26769227172285437,143627491.5706305,2022-10-09
368,1665360000000,0.2698541622491074,145205619.40338656,2022-10-10
369,1665446400000,0.2670508102710006,144084549.99400014,2022-10-11
370,1665532800000,0.27425886637845476,147853099.36280498,2022-10-12
371,1665619200000,0.2765601553626613,149373031.06959963,2022-10-13
372,1665705600000,0.31376518522404256,169675553.1034922,2022-10-14
373,1665792000000,0.34603958576103633,186858677.5799412,2022-10-15
374,1665878400000,0.3559271598381933,193559650.1240216,2022-10-16
375,1665964800000,0.33717077455587047,182088316.2685415,2022-10-17
376,1666051200000,0.32710799856999095,177729396.87661764,2022-10-18
377,1666137600000,0.339443577195657,184887716.20106888,2022-10-19
378,1666224000000,0.3255663245988508,178804626.28565553,2022-10-20
379,1666310400000,0.3046534013509053,167092060.91689909,2022-10-21
380,1666396800000,0.34286574257868757,189238701.75379562,2022-10-22
381,1666483200000,0.3508503793649043,193151573.40446764,2022-10-23
382,1666569600000,0.3472778668596226,191190307.8917031,2022-10-24
383,1666656000000,0.33874392274661447,187133750.1618005,2022-10-25
384,1666742400000,0.35755257484959135,197507341.1262181,2022-10-26
385,1666828800000,0.36767898232873414,203912472.99673548,2022-10-27
386,1666915200000,0.36764890011205187,203848282.47595716,2022-10-28
387,1667001600000,0.3661947900615511,203074995.11918482,2022-10-29
388,1667088000000,0.3714460944805414,206305803.0462658,2022-10-30
389,1667174400000,0.3680762005304856,204584781.98490402,2022-10-31
390,1667260800000,0.35964932640096703,200240889.67092538,2022-11-01
391,1667347200000,0.3567488102516796,198722043.29637405,2022-11-02
392,1667433600000,0.34488666514737004,192433643.4163337,2022-11-03
393,1667520000000,0.335272744103348,186853234.4698208,2022-11-04
394,1667606400000,0.339891902459794,190223942.7992065,2022-11-05
395,1667692800000,0.3382972631401385,189512536.08594915,2022-11-06
396,1667779200000,0.3374582761223761,188262990.83919612,2022-11-07
397,1667865600000,0.33565139802183425,188554085.29995736,2022-11-08
398,1667952000000,0.2484679697465591,139314065.26389122,2022-11-09
399,1668038400000,0.17953118024477396,101203235.09985097,2022-11-10
400,1668124800000,0.22378633837544765,125194504.43222962,2022-11-11
401,1668211200000,0.1997507716343145,112733905.93692896,2022-11-12
402,1668297600000,0.1954705169162493,110525745.60939455,2022-11-13
403,1668384000000,0.18868453821225428,111315974.35781321,2022-11-14
404,1668470400000,0.22429360206303695,126958905.13301447,2022-11-15
405,1668556800000,0.21849372649838392,124435711.40087055,2022-11-16
406,1668643200000,0.21560481351778063,122777356.17614742,2022-11-17
407,1668729600000,0.20330981258396177,113722922.7346651,2022-11-18
408,1668816000000,0.19985604784485628,114386138.48750809,2022-11-19
409,1668902400000,0.1975172434240574,112817095.1506002,2022-11-20
