,Time,open,mktcap,Date
0,1601510400000,0.452460361815579,26125582.79657196,2020-10-01
1,1601596800000,0.452460361815579,26125582.79657196,2020-10-02
2,1601683200000,0.46076517306011694,25852267.04583363,2020-10-03
3,1601769600000,0.5153932102993534,28909028.33536657,2020-10-04
4,1601856000000,0.5740403023017222,33019359.35415501,2020-10-05
5,1601942400000,0.6548292929984685,37068612.15213922,2020-10-06
6,1602028800000,0.48913853861913065,27374108.612911724,2020-10-07
7,1602115200000,0.5065712105414838,28367567.100700628,2020-10-08
8,1602201600000,0.4853273692123815,26825815.03228605,2020-10-09
9,1602288000000,0.48390039819096103,27543548.455607504,2020-10-10
10,1602374400000,0.4840736396319373,27548310.911059603,2020-10-11
11,1602460800000,0.5088654895052598,29131708.841660164,2020-10-12
12,1602547200000,0.519889353619988,29322485.480607323,2020-10-13
13,1602633600000,0.5373288741824307,30330280.14126851,2020-10-14
14,1602720000000,0.47312712544657065,26546304.192846563,2020-10-15
15,1602806400000,0.48487101237098157,27328674.897590276,2020-10-16
16,1602892800000,0.4585076193913648,25924937.10511538,2020-10-17
17,1602979200000,0.43288910399764485,24431544.546846837,2020-10-18
18,1603065600000,0.4430446544797327,25065217.373014934,2020-10-19
19,1603152000000,0.42394005848023397,23680385.867984094,2020-10-20
20,1603238400000,0.41825103911754735,23617756.26791096,2020-10-21
21,1603324800000,0.3863767179871704,22020921.618658464,2020-10-22
22,1603411200000,0.41219462370403676,23271387.555548403,2020-10-23
23,1603497600000,0.3882559190981498,21862509.496478885,2020-10-24
24,1603584000000,0.391223477743023,21951680.65617337,2020-10-25
25,1603670400000,0.38206102806684233,21551283.22847079,2020-10-26
26,1603756800000,0.3753385864511064,21182983.24539532,2020-10-27
27,1603843200000,0.3823411029654171,21535274.66178679,2020-10-28
28,1603929600000,0.353869011846017,19950442.69880451,2020-10-29
29,1604016000000,0.329003982292211,18573770.451296847,2020-10-30
30,1604102400000,0.30438344042989274,17170908.45272869,2020-10-31
31,1604188800000,0.3067413490460856,17291925.830625974,2020-11-01
32,1604275200000,0.30149819437775655,16996632.622669253,2020-11-02
33,1604361600000,0.29862935573621446,16814816.58562779,2020-11-03
34,1604448000000,0.38924888676842445,21784207.595210794,2020-11-04
35,1604534400000,0.3299300754999156,18354516.795226958,2020-11-05
36,1604620800000,0.3188539478555079,17986985.00610472,2020-11-06
37,1604707200000,0.34592086430000996,19508486.992178284,2020-11-07
38,1604793600000,0.3123226482901256,17637533.85388807,2020-11-08
39,1604880000000,0.33268896040606705,18790501.911022723,2020-11-09
40,1604966400000,0.36794703280637003,20728563.29969158,2020-11-10
41,1605052800000,0.4091155848551646,23053041.35926579,2020-11-11
42,1605139200000,0.3821111286339623,21537296.722081974,2020-11-12
43,1605225600000,0.40371413294639186,22742864.951871254,2020-11-13
44,1605312000000,0.4080602689941584,22980307.767002296,2020-11-14
45,1605398400000,0.39585071995610377,22318835.505440146,2020-11-15
46,1605484800000,0.38447205523316336,21699708.50643278,2020-11-16
47,1605571200000,0.37360994569527606,20953869.272081982,2020-11-17
48,1605657600000,0.36675280434356816,20503792.7219777,2020-11-18
49,1605744000000,0.35537596823158574,20037566.229565807,2020-11-19
50,1605830400000,0.3858181407957245,21647488.144731462,2020-11-20
51,1605916800000,0.37903811428881723,21364935.941880334,2020-11-21
52,1606003200000,0.40261271741891896,22735621.08633187,2020-11-22
53,1606089600000,0.39278883099316136,22296239.856776237,2020-11-23
54,1606176000000,0.4127160981559408,23235447.91371276,2020-11-24
55,1606262400000,0.3921451874691285,22147847.03513731,2020-11-25
56,1606348800000,0.4179226641061774,23502129.909352608,2020-11-26
57,1606435200000,0.37576060783575466,21222653.42449849,2020-11-27
58,1606521600000,0.3534862057379046,19907361.425684094,2020-11-28
59,1606608000000,0.37904663712680986,21375976.105914947,2020-11-29
60,1606694400000,0.40145577725997283,22744329.735679727,2020-11-30
61,1606780800000,0.39050768311830614,22161397.725612417,2020-12-01
62,1606867200000,0.3831516796906911,21780852.807655524,2020-12-02
63,1606953600000,0.42117834388140396,23699091.27341494,2020-12-03
64,1607040000000,0.4713759744001531,26458988.640324127,2020-12-04
65,1607126400000,0.4174591854935783,23303756.91963743,2020-12-05
66,1607212800000,0.47215224712572107,26369112.393196285,2020-12-06
67,1607299200000,0.5130053496170613,28597593.20169129,2020-12-07
68,1607385600000,0.5043760770078943,28638847.822941747,2020-12-08
69,1607472000000,0.557017438243427,31211608.331843123,2020-12-09
70,1607558400000,0.5762281649703905,32780809.495557938,2020-12-10
71,1607644800000,0.6849714398554189,40279852.22209169,2020-12-11
72,1607731200000,0.5968541342624831,33760049.875286475,2020-12-12
73,1607817600000,0.7069115822060394,39741402.35122235,2020-12-13
74,1607904000000,0.6620934411846638,37497093.55248826,2020-12-14
75,1607990400000,0.6973157928608074,39379423.29857588,2020-12-15
76,1608076800000,0.6541696512235917,36788958.677126125,2020-12-16
77,1608163200000,0.6302754381193432,35408509.576307975,2020-12-17
78,1608249600000,0.573224822052693,32315131.478172764,2020-12-18
79,1608336000000,0.5855193411777069,33153058.600989673,2020-12-19
80,1608422400000,0.5650589725819383,31742001.705301974,2020-12-20
81,1608508800000,0.5942379068680443,33486221.350571457,2020-12-21
82,1608595200000,0.5666691778742312,31681423.270522077,2020-12-22
83,1608681600000,0.5760330586717128,32445262.32677251,2020-12-23
84,1608768000000,0.5746304915170183,32637611.0628551,2020-12-24
85,1608854400000,0.5557940005661278,31339205.314081907,2020-12-25
86,1608940800000,0.6184112024977496,34673715.52171087,2020-12-26
87,1609027200000,0.6073451712378041,34318395.43481811,2020-12-27
88,1609113600000,0.6034131676197001,33954655.578398615,2020-12-28
89,1609200000000,0.6269678536878365,35339683.0405047,2020-12-29
90,1609286400000,0.6325285544487933,35345778.89756012,2020-12-30
91,1609372800000,0.6479919524016664,36273008.24906552,2020-12-31
92,1609459200000,0.6108373477661035,34412137.21771097,2021-01-01
93,1609545600000,0.6324148667244901,35540409.14287186,2021-01-02
94,1609632000000,0.6036353689387151,34163884.01677954,2021-01-03
95,1609718400000,0.5704045264137493,31727253.574897587,2021-01-04
96,1609804800000,0.5977241845770029,34117306.853039354,2021-01-05
97,1609891200000,0.6897159074741346,48087066.191918015,2021-01-06
98,1609977600000,0.7271801954469626,50781891.72074616,2021-01-07
99,1610064000000,0.7259019654157303,50027058.498000585,2021-01-08
100,1610150400000,0.6644025659114872,45654496.26276795,2021-01-09
101,1610236800000,0.6855159539065864,47705869.379623316,2021-01-10
102,1610323200000,0.6866131582446955,47719997.02809452,2021-01-11
103,1610409600000,0.6207389380394047,43294150.7159659,2021-01-12
104,1610496000000,0.7089738955977601,49218452.04774385,2021-01-13
105,1610582400000,1.003482427628376,71589454.46391937,2021-01-14
106,1610668800000,0.9801506062584926,67688368.99155052,2021-01-15
107,1610755200000,0.9708497932296932,67280084.0806294,2021-01-16
108,1610841600000,0.9634160939283697,67542732.91138041,2021-01-17
109,1610928000000,1.0360584764498773,72764961.45873806,2021-01-18
110,1611014400000,1.1969060707868517,83090401.20210516,2021-01-19
111,1611100800000,1.410512508376004,98662619.84654002,2021-01-20
112,1611187200000,1.4345944844317493,99137083.88457745,2021-01-21
113,1611273600000,1.125077566836347,78427234.20141314,2021-01-22
114,1611360000000,1.297004518033923,90260929.7453007,2021-01-23
115,1611446400000,1.2083084730079248,84223301.85721302,2021-01-24
116,1611532800000,1.152300776925586,80319370.70151472,2021-01-25
117,1611619200000,1.2126946841823167,84067847.72099838,2021-01-26
118,1611705600000,1.2355134917401918,86248938.56051065,2021-01-27
119,1611792000000,1.2108306484822884,83472921.0959703,2021-01-28
120,1611878400000,1.2278768610091153,86044228.57419425,2021-01-29
121,1611964800000,1.1857413825913847,82872503.38787638,2021-01-30
122,1612051200000,1.1856349945210727,83123538.06257835,2021-01-31
123,1612137600000,1.1471466397626195,80265228.90113935,2021-02-01
124,1612224000000,1.1066751224423907,77342570.32999569,2021-02-02
125,1612310400000,1.156291991624159,80951595.86102587,2021-02-03
126,1612396800000,1.1555675136822565,80346572.83609328,2021-02-04
127,1612483200000,1.1993091202616344,84101466.1738147,2021-02-05
128,1612569600000,1.3371356427634509,91375019.6358857,2021-02-06
129,1612656000000,1.2452204685860206,86566988.97076373,2021-02-07
130,1612742400000,1.1711001438341124,82161802.75216556,2021-02-08
131,1612828800000,1.4367666729794661,100967102.1388034,2021-02-09
132,1612915200000,1.8063751240555677,126025547.49745351,2021-02-10
133,1613001600000,2.20085382894477,154024534.16042674,2021-02-11
134,1613088000000,2.416564952880691,168538016.20334154,2021-02-12
135,1613174400000,2.6064410282829256,181007642.43919408,2021-02-13
136,1613260800000,2.5052991802328486,175257114.09559247,2021-02-14
137,1613347200000,2.2683670114033707,157808485.4222479,2021-02-15
138,1613433600000,2.2699310687606746,158461868.94667417,2021-02-16
139,1613520000000,2.4243657308487996,168432913.92373335,2021-02-17
140,1613606400000,2.5786703683365917,180062151.82481694,2021-02-18
141,1613692800000,2.763121530924472,192521146.40715134,2021-02-19
142,1613779200000,3.7318175334159367,260427063.55783835,2021-02-20
143,1613865600000,4.344053299871318,298418086.38630724,2021-02-21
144,1613952000000,4.643030477223131,325107828.6692235,2021-02-22
145,1614038400000,4.514894984515327,308761252.4699847,2021-02-23
146,1614124800000,3.6125840357420427,251003892.75021464,2021-02-24
147,1614211200000,3.7034988318727105,257526123.37052435,2021-02-25
148,1614297600000,3.459727719259261,241257688.1624425,2021-02-26
149,1614384000000,3.232924729908356,224950459.8059741,2021-02-27
150,1614470400000,3.0909900924153253,215130475.8860993,2021-02-28
151,1614556800000,2.791782356616368,198409451.4089443,2021-03-01
152,1614643200000,3.451730639036688,239143226.54680535,2021-03-02
153,1614729600000,3.2906785594556567,229511511.15663356,2021-03-03
154,1614816000000,3.285951356707111,229846949.68063873,2021-03-04
155,1614902400000,2.930622392224432,204109907.2149423,2021-03-05
156,1614988800000,2.847554342555668,198482162.81663787,2021-03-06
157,1615075200000,2.9020975573287053,202286290.33901757,2021-03-07
158,1615161600000,2.963145997298555,206653956.17515573,2021-03-08
159,1615248000000,2.8988450444894327,202610141.12846637,2021-03-09
160,1615334400000,3.123650507696102,216248963.12591508,2021-03-10
161,1615420800000,2.981208922514569,207735386.655208,2021-03-11
162,1615507200000,2.9122981942257002,203125401.88461635,2021-03-12
163,1615593600000,2.8625128388935495,199268481.40889704,2021-03-13
164,1615680000000,3.3317370132127406,231586581.72325003,2021-03-14
165,1615766400000,3.0219295198113163,211751349.23405984,2021-03-15
166,1615852800000,2.8866329313437324,201623167.51190397,2021-03-16
167,1615939200000,2.954868658989591,204830923.62315068,2021-03-17
168,1616025600000,3.1730467842495362,220477031.24492547,2021-03-18
169,1616112000000,3.0254325808821783,212114997.10578448,2021-03-19
170,1616198400000,2.9752908705350682,206316856.49207768,2021-03-20
171,1616284800000,2.947131585062872,205282166.07969937,2021-03-21
172,1616371200000,2.9568806733261184,206918083.31170157,2021-03-22
173,1616457600000,2.7626160669143967,193753615.60910454,2021-03-23
174,1616544000000,2.715540054312298,188767555.04087105,2021-03-24
175,1616630400000,2.5481272363009193,177613328.20857468,2021-03-25
176,1616716800000,2.4143823166288647,168141438.3073227,2021-03-26
177,1616803200000,2.5770291928467195,181036367.66875666,2021-03-27
178,1616889600000,2.8199182284886266,197763434.01014248,2021-03-28
179,1616976000000,2.8567409178360452,198713779.45070043,2021-03-29
180,1617062400000,2.8097920467039508,196293613.08652985,2021-03-30
181,1617148800000,2.814817845578928,196450116.19667053,2021-03-31
182,1617235200000,3.2701375870960128,227455502.7219702,2021-04-01
183,1617321600000,3.6399786440893833,253120147.84318972,2021-04-02
184,1617408000000,3.3409804477142835,232907248.25365388,2021-04-03
185,1617494400000,3.025009183467638,212393502.4900115,2021-04-04
186,1617580800000,3.1278840067917053,218062283.0202023,2021-04-05
187,1617667200000,3.3989064116984538,237601036.90457898,2021-04-06
188,1617753600000,3.217890551441902,224051317.82845953,2021-04-07
189,1617840000000,3.1571922611662293,220350064.5852616,2021-04-08
190,1617926400000,3.1681225390952017,220721619.07306665,2021-04-09
191,1618012800000,3.1697967594453234,221681808.34811553,2021-04-10
192,1618099200000,3.3009687607513887,229987750.40103775,2021-04-11
193,1618185600000,3.8894299613744576,268870639.9771855,2021-04-12
194,1618272000000,3.8621359270331146,272038905.18954605,2021-04-13
195,1618358400000,4.21081106308317,295026566.7615271,2021-04-14
196,1618444800000,4.216700860010105,295417787.6058775,2021-04-15
197,1618531200000,4.753600239064163,331550831.9677732,2021-04-16
198,1618617600000,4.316519683752546,300890443.62536246,2021-04-17
199,1618704000000,4.0990790397101176,285913450.99348056,2021-04-18
200,1618790400000,3.6979107014176744,257757233.52432072,2021-04-19
201,1618876800000,3.341380652671202,234850916.12113672,2021-04-20
202,1618963200000,3.46702301375446,242626220.999451,2021-04-21
203,1619049600000,3.318870138182837,230696513.66641107,2021-04-22
204,1619136000000,3.1945019818366545,221512204.6729914,2021-04-23
205,1619222400000,2.7638726750181726,191431115.1944405,2021-04-24
206,1619308800000,2.577180011379999,179963217.4042928,2021-04-25
207,1619395200000,2.524811906428408,176246798.74256364,2021-04-26
208,1619481600000,3.169900074788533,222368232.6524504,2021-04-27
209,1619568000000,3.2115634411522014,223009887.09432626,2021-04-28
210,1619654400000,3.3013946188563237,228369468.53345138,2021-04-29
211,1619740800000,3.113599248760464,218135403.77595624,2021-04-30
212,1619827200000,3.49825307674432,242690887.8276402,2021-05-01
213,1619913600000,3.5939110639444976,250744803.27245072,2021-05-02
214,1620000000000,3.4289838779523745,238764660.98872402,2021-05-03
215,1620086400000,3.828674680671673,266499426.5620444,2021-05-04
216,1620172800000,3.5495987544443377,252187068.31076354,2021-05-05
217,1620259200000,3.7075712350279573,257853992.57699051,2021-05-06
218,1620345600000,3.7219161967826984,259094535.23220912,2021-05-07
219,1620432000000,3.5894905111008413,250125412.14534575,2021-05-08
220,1620518400000,3.392243260840884,235703779.62782192,2021-05-09
221,1620604800000,3.4167472197170268,238476036.27480143,2021-05-10
222,1620691200000,3.107131975952733,216229552.38380218,2021-05-11
223,1620777600000,3.157762714317017,219280743.4834847,2021-05-12
224,1620864000000,2.835264432581144,204261179.8316199,2021-05-13
225,1620950400000,2.718150642594795,190642482.3033268,2021-05-14
226,1621036800000,2.8922623304970454,201565123.1540608,2021-05-15
227,1621123200000,2.6294594913199334,182601244.1555082,2021-05-16
228,1621209600000,2.601337384959735,179830139.04501912,2021-05-17
229,1621296000000,2.6944829324427735,189190788.64515463,2021-05-18
230,1621382400000,2.782804667464218,192126789.860184,2021-05-19
231,1621468800000,1.8626865773257304,133276136.07235783,2021-05-20
232,1621555200000,2.055412700613473,142114392.9362367,2021-05-21
233,1621641600000,1.7572533984729406,122931735.86034204,2021-05-22
234,1621728000000,1.6926286177809595,117941768.02365036,2021-05-23
235,1621814400000,1.2933141529293153,90583230.77277505,2021-05-24
236,1621900800000,1.5303810675935945,106770518.68613026,2021-05-25
237,1621987200000,1.5440817704832555,106696580.52319576,2021-05-26
238,1622073600000,1.8911742653579469,129991212.01618911,2021-05-27
239,1622160000000,1.7410069797668162,122259292.74534072,2021-05-28
240,1622246400000,1.5566872833362717,108515820.80127753,2021-05-29
241,1622332800000,1.475316673662343,103257390.36883007,2021-05-30
242,1622419200000,1.5534309786451241,108234777.99721673,2021-05-31
243,1622505600000,1.7275313935715404,120492984.50347726,2021-06-01
244,1622592000000,1.6650910401663166,116370832.21222757,2021-06-02
245,1622678400000,1.668014675846041,116367782.48170033,2021-06-03
246,1622764800000,1.707130609293658,118961889.00649191,2021-06-04
247,1622851200000,1.605369646721849,111799678.62862353,2021-06-05
248,1622937600000,1.570257801582884,109218122.61354034,2021-06-06
249,1623024000000,1.6489980497557921,114453451.29613206,2021-06-07
250,1623110400000,1.463614020665539,102271993.21751708,2021-06-08
251,1623196800000,1.4184028453202004,98842498.68471844,2021-06-09
252,1623283200000,1.4738889712101313,102756776.79728757,2021-06-10
253,1623369600000,1.3828384227226838,96783766.44111875,2021-06-11
254,1623456000000,1.3584698162330038,94739518.36976016,2021-06-12
255,1623542400000,1.313361355635812,92002577.21565671,2021-06-13
256,1623628800000,1.4155984531586754,98901461.78625202,2021-06-14
257,1623715200000,1.4106516698389078,98259893.63159354,2021-06-15
258,1623801600000,1.4894832401184723,103684621.28656057,2021-06-16
259,1623888000000,1.3705378465152154,95568809.3827193,2021-06-17
260,1623974400000,1.5780042630963074,108571600.20868944,2021-06-18
261,1624060800000,1.3845536669965814,96548573.1090995,2021-06-19
262,1624147200000,1.3308120549074665,92857301.54084823,2021-06-20
263,1624233600000,1.3204003966945543,92027409.00742516,2021-06-21
264,1624320000000,0.9803438510107658,69104436.91510667,2021-06-22
265,1624406400000,0.9373037712075785,65185301.050199315,2021-06-23
266,1624492800000,0.9803862232360374,68566415.22332801,2021-06-24
267,1624579200000,1.0488280339588936,73106960.74200898,2021-06-25
268,1624665600000,0.9644165929089316,67553115.5054085,2021-06-26
269,1624752000000,0.9886761667184899,68948499.9845881,2021-06-27
270,1624838400000,1.0716176808361264,74605345.86776489,2021-06-28
271,1624924800000,1.0783029828366089,75276200.79160073,2021-06-29
272,1625011200000,1.0531319840859548,73430561.2811573,2021-06-30
273,1625097600000,1.0617992203370585,74039445.60651079,2021-07-01
274,1625184000000,1.0207129519319347,70867452.04547451,2021-07-02
275,1625270400000,1.010235077108258,70301347.33988975,2021-07-03
276,1625356800000,1.0310771415026836,71826372.61235145,2021-07-04
277,1625443200000,1.0863808376203543,75950588.46429726,2021-07-05
278,1625529600000,1.0848447132865633,75576627.46227656,2021-07-06
279,1625616000000,1.0890693545477417,76212118.93414907,2021-07-07
280,1625702400000,1.1241236168668352,78390198.7573792,2021-07-08
281,1625788800000,1.0869837846608172,75746463.45137648,2021-07-09
282,1625875200000,1.08661202756204,75692655.4127031,2021-07-10
283,1625961600000,1.0681477924937588,74477014.64356099,2021-07-11
284,1626048000000,1.0656841045081995,74288122.23635614,2021-07-12
285,1626134400000,1.0422015145106367,72531783.19882782,2021-07-13
286,1626220800000,0.9843497516870833,68754755.67971358,2021-07-14
287,1626307200000,0.9707047699890174,67314214.94692843,2021-07-15
288,1626393600000,0.9452367039628875,65929289.26515108,2021-07-16
289,1626480000000,0.883753099158813,61600733.55171658,2021-07-17
290,1626566400000,0.8840490526554965,61624431.887834266,2021-07-18
291,1626652800000,0.8861060234449569,61727440.78308344,2021-07-19
292,1626739200000,0.8492783786055622,59192136.51556942,2021-07-20
293,1626825600000,0.8068150913405541,56297889.26514612,2021-07-21
294,1626912000000,0.9013633419330828,62705372.32749433,2021-07-22
295,1626998400000,0.9391509310444867,65459166.67957758,2021-07-23
296,1627084800000,0.9848146042772181,67931491.10724026,2021-07-24
297,1627171200000,0.9892256718755488,68947870.78314294,2021-07-25
298,1627257600000,1.0230153470574543,71171702.06546617,2021-07-26
299,1627344000000,1.0132242526000226,70549622.37315941,2021-07-27
300,1627430400000,1.047613844345487,72935592.15517558,2021-07-28
301,1627516800000,1.0253819895563299,71396423.53784914,2021-07-29
302,1627603200000,1.0448073382713834,72903351.75774862,2021-07-30
303,1627689600000,1.055151065162871,73545481.42922892,2021-07-31
304,1627776000000,1.0910273398241592,76051172.95175742,2021-08-01
305,1627862400000,1.0987211503695646,76563730.94572592,2021-08-02
306,1627948800000,1.0946331413875492,76495701.92842221,2021-08-03
307,1628035200000,1.0824234498171639,75466078.6834366,2021-08-04
308,1628121600000,1.2550007617930803,180200992.4380962,2021-08-05
309,1628208000000,1.2670869662652446,180298305.5643757,2021-08-06
310,1628294400000,1.296427427138429,186278060.04943752,2021-08-07
311,1628380800000,1.482760061851523,212520756.49123982,2021-08-08
312,1628467200000,1.441243100078833,206293200.96355817,2021-08-09
313,1628553600000,1.4893673109008543,210536119.03574675,2021-08-10
314,1628640000000,1.4803420786359491,212119054.7107947,2021-08-11
315,1628726400000,1.5701603298647284,226262417.46980232,2021-08-12
316,1628812800000,1.5320349926504344,220866000.89947397,2021-08-13
317,1628899200000,1.637443436552153,235695979.48275465,2021-08-14
318,1628985600000,1.5671304121325182,226286687.3503036,2021-08-15
319,1629072000000,1.5880699605319375,228468424.16797727,2021-08-16
320,1629158400000,1.540886026999513,224106523.27619365,2021-08-17
321,1629244800000,1.4773052362342765,214104003.5333595,2021-08-18
322,1629331200000,1.5812871809701814,225956168.5177711,2021-08-19
323,1629417600000,1.6277537890230105,237100328.92299762,2021-08-20
324,1629504000000,1.7406313524834403,251757822.5581635,2021-08-21
325,1629590400000,1.7422714213707857,252442857.72335535,2021-08-22
326,1629676800000,1.7012181759689204,246739847.05759925,2021-08-23
327,1629763200000,1.7529617162523676,254247185.07199246,2021-08-24
328,1629849600000,1.6628511774525174,241258703.3793996,2021-08-25
329,1629936000000,1.7298906448021603,251072708.41635525,2021-08-26
330,1630022400000,1.632143898361797,237749556.87701556,2021-08-27
331,1630108800000,1.7255918734466469,250697961.87061274,2021-08-28
332,1630195200000,1.634748442057079,237470185.19655412,2021-08-29
333,1630281600000,1.6169065763593595,235723251.5550271,2021-08-30
334,1630368000000,1.5367184679399362,223696591.20911184,2021-08-31
335,1630454400000,1.5786638681742395,229696561.1227317,2021-09-01
336,1630540800000,1.6174555163132047,235553725.85844782,2021-09-02
337,1630627200000,1.6173184967119716,236498699.32341352,2021-09-03
338,1630713600000,1.7659331717056592,257099599.8651718,2021-09-04
339,1630800000000,1.7384897337358,253834713.18426916,2021-09-05
340,1630886400000,1.882531230248176,275515747.02385825,2021-09-06
341,1630972800000,1.9167762851254861,280839984.53381944,2021-09-07
342,1631059200000,1.6386920478907332,239925371.6988408,2021-09-08
343,1631145600000,1.7404741400307644,255476040.29636654,2021-09-09
344,1631232000000,1.9234125926411536,282400398.6167898,2021-09-10
345,1631318400000,2.172672798357511,317366919.004606,2021-09-11
346,1631404800000,2.294426677883768,337030668.7288714,2021-09-12
347,1631491200000,2.313748087549033,340987506.6034095,2021-09-13
348,1631577600000,2.1100348762584518,310656087.6782343,2021-09-14
349,1631664000000,1.9243347937892974,297332824.78856367,2021-09-15
350,1631750400000,2.19445549318221,322935618.0527885,2021-09-16
351,1631836800000,2.0262721135427206,298675681.8693017,2021-09-17
352,1631923200000,2.013281572132663,297342514.6959442,2021-09-18
353,1632009600000,2.3331938276946094,338057964.6820649,2021-09-19
354,1632096000000,2.2526926955416617,333325455.1069385,2021-09-20
355,1632182400000,1.8918434947085037,278799953.6295945,2021-09-21
356,1632268800000,1.6917568030172396,250015260.23270464,2021-09-22
357,1632355200000,1.9257603615018133,282822455.6060041,2021-09-23
358,1632441600000,2.1615807579858908,319386254.9293905,2021-09-24
359,1632528000000,2.171462159709697,333568163.1502309,2021-09-25
360,1632614400000,2.197986910260798,322060472.0789508,2021-09-26
361,1632700800000,2.1798816477653515,321979119.3655577,2021-09-27
362,1632787200000,2.066801273454623,307298074.82247657,2021-09-28
363,1632873600000,1.881471548147776,279839232.5204399,2021-09-29
364,1632960000000,1.828430682699567,270916309.9920774,2021-09-30
365,1633046400000,1.9408304721096281,288466156.144207,2021-10-01
366,1633132800000,2.3297461908805066,344482463.5601364,2021-10-02
367,1633219200000,2.6939056988697065,390306273.99374205,2021-10-03
368,1633305600000,2.984656649308713,443636996.24870384,2021-10-04
369,1633392000000,3.5510379139668635,531725863.3685965,2021-10-05
370,1633478400000,3.4676848398244644,516458674.8007273,2021-10-06
371,1633564800000,3.3434268361339075,498266615.2567383,2021-10-07
372,1633651200000,3.6651955515021037,545298682.9829936,2021-10-08
373,1633737600000,3.7686747562453196,563049835.5892848,2021-10-09
374,1633824000000,4.87238133638521,725131445.1845536,2021-10-10
375,1633910400000,5.214168868989518,778192214.3875283,2021-10-11
376,1633996800000,6.798255485864557,996172137.526724,2021-10-12
377,1634083200000,5.324014657340778,794647620.7489852,2021-10-13
378,1634169600000,5.490765968687447,818604466.348442,2021-10-14
379,1634256000000,5.349188140678381,795382742.5881531,2021-10-15
380,1634342400000,4.855812195930567,721809413.687344,2021-10-16
381,1634428800000,4.962544313488349,739732741.052528,2021-10-17
382,1634515200000,4.882190267537621,724369624.4337201,2021-10-18
383,1634601600000,4.626068241883857,683276887.1155702,2021-10-19
384,1634688000000,4.650613630812788,692519260.2916318,2021-10-20
385,1634774400000,5.349611936433774,798446443.1982936,2021-10-21
386,1634860800000,5.280605917864091,786696075.3804481,2021-10-22
387,1634947200000,6.6204235540253,986128149.7000042,2021-10-23
388,1635033600000,6.220949700797696,925286011.6611763,2021-10-24
389,1635120000000,6.261977812167393,932478289.8396115,2021-10-25
390,1635206400000,7.855992832957583,1160141227.668005,2021-10-26
391,1635292800000,8.060702304880948,1229079557.0384495,2021-10-27
392,1635379200000,8.853288526596595,1336762412.9921849,2021-10-28
393,1635465600000,9.957622682672616,1482558780.6806865,2021-10-29
394,1635552000000,8.947021109063398,1333973525.0283146,2021-10-30
395,1635638400000,8.935527273833682,1330453769.8437872,2021-10-31
396,1635724800000,8.540104500105707,1274988149.1296396,2021-11-01
397,1635811200000,8.778081031274178,1315468017.9787245,2021-11-02
398,1635897600000,9.655003999909026,1439653465.8097029,2021-11-03
399,1635984000000,9.05899154361817,1333525854.3305807,2021-11-04
400,1636070400000,8.843073127203573,1324854555.1790488,2021-11-05
401,1636156800000,9.051878135835056,1348353086.6491585,2021-11-06
402,1636243200000,9.030273621515093,1338372636.2012312,2021-11-07
403,1636329600000,9.92176145165513,1478277448.2496831,2021-11-08
404,1636416000000,9.364260102211114,1399195575.5673919,2021-11-09
405,1636502400000,9.04038141811103,1346522469.595235,2021-11-10
406,1636588800000,7.792498584523816,1162099334.544919,2021-11-11
407,1636675200000,8.268450757391042,1232169433.2128654,2021-11-12
408,1636761600000,7.774688388785446,1155555902.7324088,2021-11-13
409,1636848000000,7.831438159056451,1163735165.3680325,2021-11-14
410,1636934400000,7.879770200015931,1173698231.6190221,2021-11-15
411,1637020800000,7.300100144204142,1087670078.6908574,2021-11-16
412,1637107200000,7.307847456860706,1086018539.8895912,2021-11-17
413,1637193600000,8.28626211455233,1231799198.0825403,2021-11-18
414,1637280000000,7.077419732558409,1053684740.5735831,2021-11-19
415,1637366400000,7.296842567504358,1085399156.4833994,2021-11-20
416,1637452800000,7.19806450684084,1073868614.6953537,2021-11-21
417,1637539200000,7.947104559520271,1186348261.8995564,2021-11-22
418,1637625600000,7.700256017043765,1148221183.5737782,2021-11-23
419,1637712000000,7.663618597425243,1174100873.2290704,2021-11-24
420,1637798400000,7.031426894553451,1080202562.6764045,2021-11-25
421,1637884800000,7.2079773296465435,1109973390.7848377,2021-11-26
422,1637971200000,6.120438630204099,938935158.2706155,2021-11-27
423,1638057600000,6.216528461613657,957351308.8994066,2021-11-28
424,1638144000000,6.319074690631317,971410413.4492444,2021-11-29
425,1638230400000,6.080036048928117,936089480.5201226,2021-11-30
426,1638316800000,6.010513675118,926341474.5838678,2021-12-01
427,1638403200000,5.945924444825677,915802290.8598639,2021-12-02
428,1638489600000,5.843134995960073,897380596.3904848,2021-12-03
429,1638576000000,5.679609265452556,868474435.5833638,2021-12-04
430,1638662400000,4.974822160340563,767741120.834985,2021-12-05
431,1638748800000,4.638996301397134,715470681.0191244,2021-12-06
432,1638835200000,4.773239456646207,738197215.7956218,2021-12-07
433,1638921600000,4.871697734567994,752029951.7174277,2021-12-08
434,1639008000000,4.962370880397967,767198707.8517463,2021-12-09
435,1639094400000,4.496638547864566,698702108.4109722,2021-12-10
436,1639180800000,4.175689533422374,649588460.7218254,2021-12-11
437,1639267200000,4.24470048315838,658222148.1229982,2021-12-12
438,1639353600000,4.510152279346792,701809261.5850792,2021-12-13
439,1639440000000,3.922628009431077,608703819.3606343,2021-12-14
440,1639526400000,3.99200907887428,617687835.7393814,2021-12-15
441,1639612800000,4.1470988172301855,642517544.3709462,2021-12-16
442,1639699200000,4.08932706777083,634998030.8322946,2021-12-17
443,1639785600000,3.8402823412726637,596632171.0173866,2021-12-18
444,1639872000000,3.9669570947670545,616736643.6931102,2021-12-19
445,1639958400000,4.194261471609526,654538477.6450249,2021-12-20
446,1640044800000,4.104920848227351,639161433.3112803,2021-12-21
447,1640131200000,4.500059121900355,698258362.7448206,2021-12-22
448,1640217600000,5.071849278673094,791799106.4300222,2021-12-23
449,1640304000000,5.270458220352849,820842237.68399,2021-12-24
450,1640390400000,5.401752452848711,841533179.6034387,2021-12-25
451,1640476800000,5.7346631505114924,894354308.7666019,2021-12-26
452,1640563200000,6.151668484377725,962149870.9525813,2021-12-27
453,1640649600000,5.902781708892073,929044102.1482193,2021-12-28
454,1640736000000,5.176767733983734,809455533.6065754,2021-12-29
455,1640822400000,4.929188085002023,767696667.8469154,2021-12-30
456,1640908800000,5.0633529388312875,791306305.0888221,2021-12-31
457,1640995200000,5.094005015911679,798812668.2864428,2022-01-01
458,1641081600000,6.102160321997291,954397454.6234683,2022-01-02
459,1641168000000,5.920829344042512,929354756.6081982,2022-01-03
460,1641254400000,6.796298711259392,1067441188.9688864,2022-01-04
461,1641340800000,6.558804578850407,1059054196.942612,2022-01-05
462,1641427200000,6.039701171680839,949040518.903628,2022-01-06
463,1641513600000,6.123708223290577,964818678.0934923,2022-01-07
464,1641600000000,6.5614865960024265,1047487612.9535949,2022-01-08
465,1641686400000,5.714413301380098,907774490.3279675,2022-01-09
466,1641772800000,5.89662385678368,928840942.6793698,2022-01-10
467,1641859200000,5.683857995615781,894219849.4385695,2022-01-11
468,1641945600000,6.026549274156201,949574912.7157092,2022-01-12
469,1642032000000,6.661059606563573,1043429890.8524156,2022-01-13
470,1642118400000,7.390776199225308,1157056789.8435647,2022-01-14
471,1642204800000,8.503109656917795,1341345531.6763217,2022-01-15
472,1642291200000,8.665610068877239,1368448327.0390413,2022-01-16
473,1642377600000,8.885728792152868,1420480518.4211783,2022-01-17
474,1642464000000,8.826542017953008,1412939348.7683032,2022-01-18
475,1642550400000,9.547838528285194,1533813022.0181131,2022-01-19
476,1642636800000,9.003529558512165,1456230482.2479155,2022-01-20
477,1642723200000,7.696040013675412,1254226234.115276,2022-01-21
478,1642809600000,6.187261920900795,995849184.970916,2022-01-22
479,1642896000000,5.597159953472916,895534766.8821651,2022-01-23
480,1642982400000,5.727622248397435,921835800.9526322,2022-01-24
481,1643068800000,5.498407965678185,883778152.1338298,2022-01-25
482,1643155200000,6.232822902328098,999649261.1055188,2022-01-26
483,1643241600000,5.93906461283869,971973810.4152191,2022-01-27
484,1643328000000,5.781044327280849,929954579.592721,2022-01-28
485,1643414400000,5.570719907855109,897599828.4481287,2022-01-29
486,1643500800000,5.63357131230416,909775896.3300912,2022-01-30
487,1643587200000,5.325760869740875,862911398.1089466,2022-01-31
488,1643673600000,5.3218001930660135,860348550.4825363,2022-02-01
489,1643760000000,5.35493186920039,869059629.5818619,2022-02-02
490,1643846400000,4.890240371125861,792680121.4130665,2022-02-03
491,1643932800000,5.082400390886875,824386104.4611586,2022-02-04
492,1644019200000,5.608085435906239,907447975.0296882,2022-02-05
493,1644105600000,5.711357230537859,929826285.9767884,2022-02-06
494,1644192000000,5.862307780975605,952512747.9615746,2022-02-07
495,1644278400000,6.784356337573058,1096945935.0600958,2022-02-08
496,1644364800000,6.431622990870031,1047013888.2415706,2022-02-09
497,1644451200000,6.594667032602974,1072431059.8961228,2022-02-10
498,1644537600000,6.730657035062873,1094771282.925698,2022-02-11
499,1644624000000,6.365186110514328,1038177787.6711591,2022-02-12
500,1644710400000,6.106620776237536,993009944.990833,2022-02-13
501,1644796800000,5.915896386917104,966286386.7854254,2022-02-14
502,1644883200000,5.963096880000795,975611608.6200162,2022-02-15
503,1644969600000,6.827589716702132,1119784342.2910762,2022-02-16
504,1645056000000,6.6849897660473365,1096634914.2751505,2022-02-17
505,1645142400000,6.089725489016211,998606076.0182797,2022-02-18
506,1645228800000,6.076729509298924,996040737.2137259,2022-02-19
507,1645315200000,6.013880196959537,984669653.5603112,2022-02-20
508,1645401600000,5.650903699507957,927313395.3615524,2022-02-21
509,1645488000000,5.411450524715167,889976725.5716338,2022-02-22
510,1645574400000,5.3625584448062185,879504492.7585295,2022-02-23
511,1645660800000,5.197905356867763,855296294.8141472,2022-02-24
512,1645747200000,4.857335821228116,797122622.4329352,2022-02-25
513,1645833600000,5.289066107042353,869648706.3170253,2022-02-26
514,1645920000000,5.474161620097583,897787611.2224703,2022-02-27
515,1646006400000,5.0338295979142735,828103866.9539225,2022-02-28
516,1646092800000,5.580694513154115,915298135.912914,2022-03-01
517,1646179200000,5.2622563224648555,865111400.1253924,2022-03-02
518,1646265600000,5.073154819523663,835389452.1595166,2022-03-03
519,1646352000000,4.951216176704193,816493941.5240939,2022-03-04
520,1646438400000,4.513361267249766,744089661.8297282,2022-03-05
521,1646524800000,4.695871598163668,774282625.54107,2022-03-06
522,1646611200000,4.335269233543837,714677197.658102,2022-03-07
523,1646697600000,4.355683356498838,719615623.2565423,2022-03-08
524,1646784000000,4.490949544658661,742435677.505201,2022-03-09
525,1646870400000,4.7364781125339785,782097969.3337853,2022-03-10
526,1646956800000,4.575066728191119,754895607.6458207,2022-03-11
527,1647043200000,4.734448299458455,786211298.3226988,2022-03-12
528,1647129600000,4.805801259003608,797960781.4389331,2022-03-13
529,1647216000000,4.475307800612626,741574704.4045097,2022-03-14
530,1647302400000,4.552753263463639,754614071.3505718,2022-03-15
531,1647388800000,4.467339586665787,741429996.7593954,2022-03-16
532,1647475200000,4.683983642972766,771663394.4876465,2022-03-17
533,1647561600000,4.691084249994186,779165459.4403973,2022-03-18
534,1647648000000,4.610101663586806,765422098.0195719,2022-03-19
535,1647734400000,4.703371074702583,781351654.367962,2022-03-20
536,1647820800000,4.548257117872623,759260623.8078165,2022-03-21
537,1647907200000,4.621067233091682,768258763.7482142,2022-03-22
538,1647993600000,4.677101806667541,779202972.2790805,2022-03-23
539,1648080000000,4.786285792137885,797946219.0407238,2022-03-24
540,1648166400000,4.846862127896286,810617782.0732268,2022-03-25
541,1648252800000,4.814029484697163,803077574.4893698,2022-03-26
542,1648339200000,4.8524701525583085,809186851.7862823,2022-03-27
543,1648425600000,4.997431894723434,832627676.715553,2022-03-28
544,1648512000000,5.2466384512244835,879960849.0466757,2022-03-29
545,1648598400000,5.429847862679839,901567956.4103916,2022-03-30
546,1648684800000,5.418575694854569,902434023.5732493,2022-03-31
547,1648771200000,5.253165050081765,869238462.4093523,2022-04-01
548,1648857600000,5.951177672544728,977325068.7537576,2022-04-02
549,1648944000000,6.315296563028667,1054073385.0434912,2022-04-03
550,1649030400000,6.381906285193625,1061424818.013484,2022-04-04
551,1649116800000,6.2437065462937245,1040953578.3308675,2022-04-05
552,1649203200000,6.206507994435934,1040139386.2374818,2022-04-06
553,1649289600000,5.6484593789305695,946815873.2171243,2022-04-07
554,1649376000000,5.6918081734575665,953637448.2680789,2022-04-08
555,1649462400000,5.282803609813914,879891553.5344125,2022-04-09
556,1649548800000,5.403066911704452,902330122.9139054,2022-04-10
557,1649635200000,5.168143537185475,866855517.9725116,2022-04-11
558,1649721600000,4.718524347823205,790612081.1330844,2022-04-12
559,1649808000000,4.912909317203127,820932380.8797035,2022-04-13
560,1649894400000,5.169146657866684,862521998.8726017,2022-04-14
561,1649980800000,4.911735543521073,823286898.8890115,2022-04-15
562,1650067200000,4.960438566285637,830423606.6125276,2022-04-16
563,1650153600000,4.87227844057308,817808230.6601113,2022-04-17
564,1650240000000,4.647844432464156,779742130.7739557,2022-04-18
565,1650326400000,4.84756399652008,813486988.5214756,2022-04-19
566,1650412800000,5.111870103321394,859382856.0743783,2022-04-20
567,1650499200000,5.017419213985675,844428882.5408288,2022-04-21
568,1650585600000,4.901164286229847,823823637.1439964,2022-04-22
569,1650672000000,4.809399360021258,808891034.3579869,2022-04-23
570,1650758400000,4.637879897852106,780286813.5728127,2022-04-24
571,1650844800000,4.392458117375384,739977267.5055411,2022-04-25
572,1650931200000,4.42498875992494,741649350.8144741,2022-04-26
573,1651017600000,4.0882819832472554,685672078.9466873,2022-04-27
574,1651104000000,4.74124882374491,795487097.7604625,2022-04-28
575,1651190400000,4.3959895320389455,738275794.589136,2022-04-29
576,1651276800000,4.186329554795038,704434493.6701179,2022-04-30
577,1651363200000,3.958972335471586,667783743.7952397,2022-05-01
578,1651449600000,3.775247527886657,633925398.0579379,2022-05-02
579,1651536000000,3.7156635610145745,626105247.4504685,2022-05-03
580,1651622400000,3.7006298101332145,624042384.232608,2022-05-04
581,1651708800000,4.0162008158942,675897147.813386,2022-05-05
582,1651795200000,3.626599019835328,611999830.3699902,2022-05-06
583,1651881600000,3.5159051226304054,594117165.5890524,2022-05-07
584,1651968000000,3.434611551315055,583320085.2126374,2022-05-08
585,1652054400000,3.21815241727376,545520462.5515225,2022-05-09
586,1652140800000,2.6323778875457537,451677821.59516686,2022-05-10
587,1652227200000,2.775476801114109,466685124.7815105,2022-05-11
588,1652313600000,2.1306554348297393,355220522.49721825,2022-05-12
589,1652400000000,1.8096643976977762,304679353.86391693,2022-05-13
590,1652486400000,1.8278594851463132,310331270.6130981,2022-05-14
591,1652572800000,1.9394751471890874,326222074.8010635,2022-05-15
592,1652659200000,2.082445010350554,351813807.30292434,2022-05-16
593,1652745600000,1.878461078191771,319125588.6210663,2022-05-17
594,1652832000000,1.996061099474205,339489996.7625799,2022-05-18
595,1652918400000,1.903355343356637,323734523.78897226,2022-05-19
596,1653004800000,1.9818153335400293,337530390.08334506,2022-05-20
597,1653091200000,1.963446485793809,334364144.6274102,2022-05-21
598,1653177600000,1.9694675888758961,335890432.7445029,2022-05-22
599,1653264000000,1.989073637778092,338970869.33832854,2022-05-23
600,1653350400000,1.9640705647749692,335168350.2399779,2022-05-24
601,1653436800000,2.0313846750043005,346225496.02155876,2022-05-25
602,1653523200000,1.9145907287428001,326746288.7439004,2022-05-26
603,1653609600000,1.7766535146142501,304199517.1206347,2022-05-27
604,1653696000000,1.6335627138831612,278931395.41521496,2022-05-28
605,1653782400000,1.6394273083092878,280556446.11230177,2022-05-29
606,1653868800000,1.5561188451948655,266202342.13023204,2022-05-30
607,1653955200000,1.7077555974624576,292988562.311711,2022-05-31
608,1654041600000,1.661082905337087,285381369.04197454,2022-06-01
609,1654128000000,1.5446827934196827,265028940.22016314,2022-06-02
610,1654214400000,1.5775336580729271,271735346.04312307,2022-06-03
611,1654300800000,1.4700770111669925,252347567.2651709,2022-06-04
612,1654387200000,1.4510217762439226,250060364.94769007,2022-06-05
613,1654473600000,1.4227683273017453,244734392.03396714,2022-06-06
614,1654560000000,1.3900304583589371,239484248.01818135,2022-06-07
615,1654646400000,1.3144741000855362,226614273.75134814,2022-06-08
616,1654732800000,1.3108399806390072,226062024.60545343,2022-06-09
617,1654819200000,1.2974951788678633,223792305.2753235,2022-06-10
618,1654905600000,1.2723859689639092,219554637.02698225,2022-06-11
619,1654992000000,1.1457575727582385,197658297.99200553,2022-06-12
620,1655078400000,1.025130264065655,178692400.63341615,2022-06-13
621,1655164800000,0.9571989053522292,164772842.79245716,2022-06-14
622,1655251200000,0.9938533164888611,172511489.42296255,2022-06-15
623,1655337600000,1.029732947108512,178188472.53911301,2022-06-16
624,1655424000000,0.9615880220740884,166664433.70057815,2022-06-17
625,1655510400000,0.9441183570045849,163987562.85733455,2022-06-18
626,1655596800000,0.892996414686872,154559893.46551383,2022-06-19
627,1655683200000,0.956249534030619,165826512.97554788,2022-06-20
628,1655769600000,0.9809966853009725,170553251.9149411,2022-06-21
629,1655856000000,0.9872832972918971,171418811.7761824,2022-06-22
630,1655942400000,0.9695741094114299,168887626.50322193,2022-06-23
631,1656028800000,1.0177053792192414,177140085.1740429,2022-06-24
632,1656115200000,1.0626994967327061,185461773.26573443,2022-06-25
633,1656201600000,1.109730350650017,193013564.78459406,2022-06-26
634,1656288000000,1.088843815939012,190006343.4717124,2022-06-27
635,1656374400000,1.073196729545475,187320354.30990103,2022-06-28
636,1656460800000,0.9997997669529086,174529332.15302128,2022-06-29
637,1656547200000,0.9522160466426268,166366694.41079468,2022-06-30
638,1656633600000,0.903609307892704,156753133.28548667,2022-07-01
639,1656720000000,0.9313701705367926,162929740.91454837,2022-07-02
640,1656806400000,0.9373125270431523,164024001.8754267,2022-07-03
641,1656892800000,0.9396946074220195,164622374.50226462,2022-07-04
642,1656979200000,0.9863395882309172,172211755.86068606,2022-07-05
643,1657065600000,0.9508622646849759,165944537.13142002,2022-07-06
644,1657152000000,0.9690250018090969,169203180.88002667,2022-07-07
645,1657238400000,1.0121225694560017,176965874.18883955,2022-07-08
646,1657324800000,0.9820367969137479,171579650.00279075,2022-07-09
647,1657411200000,0.9870116307344557,172772036.23758146,2022-07-10
648,1657497600000,0.9305589375588627,162880224.31205767,2022-07-11
649,1657584000000,0.9416877763732834,165142508.00404215,2022-07-12
650,1657670400000,0.9961244767570299,175653413.06199324,2022-07-13
651,1657756800000,0.9769322114765198,170818582.05305344,2022-07-14
652,1657843200000,1.0067773240875773,176889166.96956012,2022-07-15
653,1657929600000,1.0771909839950837,189149849.61324012,2022-07-16
654,1658016000000,1.1070937692741796,194500223.75818974,2022-07-17
655,1658102400000,1.1889823743050834,209438665.82241565,2022-07-18
656,1658188800000,1.2745166664699432,223938105.68835738,2022-07-19
657,1658275200000,1.3365537058886146,234455177.19271633,2022-07-20
658,1658361600000,1.1784038975616868,207776831.4771242,2022-07-21
659,1658448000000,1.1979160501111488,211105870.27268115,2022-07-22
660,1658534400000,1.150805724113488,202834168.41440284,2022-07-23
661,1658620800000,1.1362122600884608,200398592.33162457,2022-07-24
662,1658707200000,1.1348081728742225,201300369.71049795,2022-07-25
663,1658793600000,1.0451952202993273,186789709.3099345,2022-07-26
664,1658880000000,1.035750163629672,182935595.659768,2022-07-27
665,1658966400000,1.1587194434587693,204895025.1489335,2022-07-28
666,1659052800000,1.1865061819692309,208862415.77009067,2022-07-29
667,1659139200000,1.1544222076905866,205619358.3250425,2022-07-30
668,1659225600000,1.116168231571118,197427360.25022128,2022-07-31
669,1659312000000,1.0763266640781926,190758339.1476373,2022-08-01
670,1659398400000,1.0840712118356148,192125133.68788537,2022-08-02
671,1659484800000,1.0721457838749586,190458205.68767953,2022-08-03
672,1659571200000,1.0587399888017759,187910327.59892872,2022-08-04
673,1659657600000,1.0694082822026652,189512053.9071245,2022-08-05
674,1659744000000,1.1322851709949449,201354490.92420948,2022-08-06
675,1659830400000,1.1439702089649764,203187941.53268927,2022-08-07
676,1659916800000,1.2080815927107724,214705265.97659823,2022-08-08
677,1660003200000,1.2834244490754014,228088494.75492188,2022-08-09
678,1660089600000,1.229799758015762,218374234.7697122,2022-08-10
679,1660176000000,1.27238478937884,225889673.06040472,2022-08-11
680,1660262400000,1.2793118985411198,226366177.164177,2022-08-12
681,1660348800000,1.3272927524618416,234562542.92290697,2022-08-13
682,1660435200000,1.495364449729409,264885160.1896719,2022-08-14
683,1660521600000,1.3804677037255821,246654838.61528012,2022-08-15
684,1660608000000,1.338429146788685,237282286.9775598,2022-08-16
685,1660694400000,1.2915706000635485,229096270.16203555,2022-08-17
686,1660780800000,1.22357894570159,217026945.7768124,2022-08-18
687,1660867200000,1.273138888490562,226332679.74651214,2022-08-19
688,1660953600000,1.1009378577910436,195871909.70423377,2022-08-20
689,1661040000000,1.121147627657166,199270401.15658593,2022-08-21
690,1661126400000,1.186484468500052,211018690.47205326,2022-08-22
691,1661212800000,1.1418269343353706,202873802.9354421,2022-08-23
692,1661299200000,1.1946391939144232,213044467.23709032,2022-08-24
693,1661385600000,1.1689584939897464,208281575.01341462,2022-08-25
694,1661472000000,1.3162325270071364,234689040.22742525,2022-08-26
695,1661558400000,1.1677916328355187,208416281.3284775,2022-08-27
696,1661644800000,1.1438167835490032,203912713.6654692,2022-08-28
697,1661731200000,1.1280352819295818,201536511.67144525,2022-08-29
698,1661817600000,1.1751601822529787,209793358.40286627,2022-08-30
699,1661904000000,1.1141691914968315,199294688.19322765,2022-08-31
700,1661990400000,1.1068080681396875,198426186.48768106,2022-09-01
701,1662076800000,1.0886318023672852,195156241.9921697,2022-09-02
702,1662163200000,1.0705437554128732,191821002.98098862,2022-09-03
703,1662249600000,1.0575782807658718,189901296.64942786,2022-09-04
704,1662336000000,1.047980382953071,187948904.24596426,2022-09-05
705,1662422400000,1.0209271764217192,182907427.51152506,2022-09-06
706,1662508800000,1.0490667081620848,188373762.68275273,2022-09-07
707,1662595200000,1.071729018326646,192828274.35970846,2022-09-08
708,1662681600000,1.0824718694426414,194531154.90997973,2022-09-09
709,1662768000000,1.2019360756942004,216354689.15850952,2022-09-10
710,1662854400000,1.192424968119023,215273783.88459435,2022-09-11
711,1662940800000,1.1586225430081947,208581031.05244887,2022-09-12
712,1663027200000,1.1579864569427891,208423043.49820355,2022-09-13
713,1663113600000,1.05253552453142,189627121.22011867,2022-09-14
714,1663200000000,1.0822140903328776,195058052.38083205,2022-09-15
715,1663286400000,1.0439977892634833,188572395.21511528,2022-09-16
716,1663372800000,1.0381318995272535,186916052.94561222,2022-09-17
717,1663459200000,1.0723994759476392,193521448.04037327,2022-09-18
718,1663545600000,0.9962980196736964,180779052.03638026,2022-09-19
719,1663632000000,1.0380750232024762,187530162.4406973,2022-09-20
720,1663718400000,0.9814116502016952,177551912.25580943,2022-09-21
721,1663804800000,0.9587100194745823,173580650.14384344,2022-09-22
722,1663891200000,0.9897694041944743,179288376.41078407,2022-09-23
723,1663977600000,0.9967907607530031,180344593.6524538,2022-09-24
724,1664064000000,0.9676510315033157,175666618.06045064,2022-09-25
725,1664150400000,0.9584102286541037,173986229.7382634,2022-09-26
726,1664236800000,0.9666466079428452,175739360.59234357,2022-09-27
727,1664323200000,0.9606017062809237,174748604.8367225,2022-09-28
728,1664409600000,0.9563415178935243,174056475.0979184,2022-09-29
729,1664496000000,0.96036750427256,174911238.70163018,2022-09-30
730,1664582400000,0.9495609653270279,172996817.86798725,2022-10-01
731,1664668800000,0.9391065929428973,171292620.55890438,2022-10-02
732,1664755200000,0.9079722119903993,165863150.18239218,2022-10-03
733,1664841600000,0.9293452221590792,169975188.73933634,2022-10-04
734,1664928000000,0.9564385244143943,174674197.79091775,2022-10-05
735,1665014400000,0.9267777743172297,169539195.94127813,2022-10-06
736,1665100800000,0.9420503357435979,172288637.3364032,2022-10-07
737,1665187200000,0.9352667963275488,171395378.03416863,2022-10-08
738,1665273600000,0.9299932518024202,170345588.5137684,2022-10-09
739,1665360000000,0.9206926976524716,168412503.4489839,2022-10-10
740,1665446400000,0.9009739568432089,165323155.42637542,2022-10-11
741,1665532800000,0.8687357667035877,158589042.08492103,2022-10-12
742,1665619200000,0.8797542352141078,161041116.65670535,2022-10-13
743,1665705600000,0.8875034006220518,162625810.10956818,2022-10-14
744,1665792000000,0.8960638361676951,164221480.551281,2022-10-15
745,1665878400000,0.9281085158448803,170151612.48378232,2022-10-16
746,1665964800000,0.9426556913064522,173178019.1527156,2022-10-17
747,1666051200000,0.9311361273457567,171128165.32760906,2022-10-18
748,1666137600000,0.896310032210702,164911823.7748026,2022-10-19
749,1666224000000,0.8607436598414527,158202264.15333027,2022-10-20
750,1666310400000,0.8667309791797306,159493588.5254967,2022-10-21
751,1666396800000,0.8735337220162993,160047570.07239223,2022-10-22
752,1666483200000,0.8800009355951152,162064794.06510076,2022-10-23
753,1666569600000,0.8778838996467592,161203085.47855356,2022-10-24
754,1666656000000,0.8561710835651702,157497211.70435253,2022-10-25
755,1666742400000,0.8826354081763801,162336318.9225144,2022-10-26
756,1666828800000,0.9091857214681455,167440372.14020056,2022-10-27
757,1666915200000,0.900555565840223,165735988.5262462,2022-10-28
758,1667001600000,0.9411679900759821,173644129.83025342,2022-10-29
759,1667088000000,0.938326237481105,173020969.00078884,2022-10-30
760,1667174400000,0.9225618892187362,170306651.12967956,2022-10-31
761,1667260800000,0.9095622319421214,168149316.14001882,2022-11-01
762,1667347200000,0.9145546404243695,168567732.67550972,2022-11-02
763,1667433600000,0.882577500162741,163246193.72944027,2022-11-03
764,1667520000000,0.9248983064274291,170661374.96835464,2022-11-04
765,1667606400000,0.975277607338942,180451768.8365472,2022-11-05
766,1667692800000,0.9770385351618239,180983504.2115783,2022-11-06
767,1667779200000,0.9293028248541153,171817660.91269967,2022-11-07
768,1667865600000,0.9353279766772101,173503617.3273343,2022-11-08
769,1667952000000,0.7895944265841232,146865296.04049185,2022-11-09
770,1668038400000,0.6548750194769832,121741467.56932864,2022-11-10
771,1668124800000,0.7550088446287829,141233098.1022879,2022-11-11
772,1668211200000,0.6919940276804336,128020351.10567972,2022-11-12
773,1668297600000,0.6724339762837608,125097390.38829625,2022-11-13
774,1668384000000,0.6542174681032938,121663684.92400007,2022-11-14
775,1668470400000,0.6156215176584878,114957031.61027074,2022-11-15
776,1668556800000,0.6402450777212404,119131643.45461223,2022-11-16
777,1668643200000,0.8390287434235691,156640031.73387808,2022-11-17
778,1668729600000,0.8595922303109923,160584186.67656168,2022-11-18
779,1668816000000,0.783910624128613,149651730.3223213,2022-11-19
780,1668902400000,0.7185997774737645,134636923.89994395,2022-11-20
