,Time,open,mktcap,Date
0,1597104000000,1.5709898771711353,48211542.65278695,2020-08-11
1,1597190400000,1.5709898771711353,48211542.65278695,2020-08-12
2,1597276800000,1.694211896926838,84749525.40128595,2020-08-13
3,1597363200000,2.0041762534295082,100355596.86303295,2020-08-14
4,1597449600000,1.8618980840674757,93098042.2120643,2020-08-15
5,1597536000000,1.663207840888923,83148205.4144871,2020-08-16
6,1597622400000,1.7310434783355537,86210274.71510614,2020-08-17
7,1597708800000,1.6451479928750254,82362355.47765715,2020-08-18
8,1597795200000,1.677687103362159,83661272.0939349,2020-08-19
9,1597881600000,1.5975768883869463,79783855.97858295,2020-08-20
10,1597968000000,1.7741395858687148,88827018.99031796,2020-08-21
11,1598054400000,1.5376198985619463,77065849.28892945,2020-08-22
12,1598140800000,1.5436315860971626,77153944.33729985,2020-08-23
13,1598227200000,1.5330167162637305,76632421.5775143,2020-08-24
14,1598313600000,1.8309444611196406,91404702.117097,2020-08-25
15,1598400000000,1.6736388362164136,83649170.75974765,2020-08-26
16,1598486400000,2.0700119564470794,103646120.98875085,2020-08-27
17,1598572800000,2.5438774256867944,126505457.6056463,2020-08-28
18,1598659200000,2.423528148910147,121613347.8729129,2020-08-29
19,1598745600000,2.8662393543978593,144882705.5973504,2020-08-30
20,1598832000000,2.880482208249942,144116764.00718844,2020-08-31
21,1598918400000,3.4008637286797967,170179911.0358672,2020-09-01
22,1599004800000,3.1343667391317016,157414198.3360344,2020-09-02
23,1599091200000,3.624082342954862,180971968.40619355,2020-09-03
24,1599177600000,2.883877223035585,145407494.2012052,2020-09-04
25,1599264000000,2.897334424556605,144406154.65562126,2020-09-05
26,1599350400000,2.2100294842498167,110146931.5639742,2020-09-06
27,1599436800000,2.6134489012456914,130087004.6273497,2020-09-07
28,1599523200000,2.414113056034509,121212899.73013546,2020-09-08
29,1599609600000,2.1414407545016556,106556252.36693954,2020-09-09
30,1599696000000,2.4493607323816122,122627036.63516715,2020-09-10
31,1599782400000,2.2915729712095225,114979845.7970471,2020-09-11
32,1599868800000,2.371776338284159,118584879.8170733,2020-09-12
33,1599955200000,2.3995029302660744,120180679.1037417,2020-09-13
34,1600041600000,2.3770128782575832,117539582.2760005,2020-09-14
35,1600128000000,2.3961941126220103,119809705.6311005,2020-09-15
36,1600214400000,2.0422263264297924,101725218.6281024,2020-09-16
37,1600300800000,1.8350874388917386,91739393.0843705,2020-09-17
38,1600387200000,1.9406104689592714,96937092.5195412,2020-09-18
39,1600473600000,2.088591506874148,103477719.92325164,2020-09-19
40,1600560000000,2.013562500121331,100704047.63369416,2020-09-20
41,1600646400000,1.8850669618665334,94423541.70566325,2020-09-21
42,1600732800000,1.7345663830093856,87772510.7226962,2020-09-22
43,1600819200000,1.864735881858318,93125905.0484006,2020-09-23
44,1600905600000,1.7481692586613344,87914727.71703425,2020-09-24
45,1600992000000,1.9738687413013698,98726543.26440395,2020-09-25
46,1601078400000,1.972673528003527,98557802.5735363,2020-09-26
47,1601164800000,1.9009009645134263,95034598.4400214,2020-09-27
48,1601251200000,1.8797097465698605,93816211.5978433,2020-09-28
49,1601337600000,1.7784983961554364,88537807.4429899,2020-09-29
50,1601424000000,1.7771557231171897,88903916.8955498,2020-09-30
51,1601510400000,1.8439090134684109,92211833.9552588,2020-10-01
52,1601596800000,1.7787103269756241,88902201.31098676,2020-10-02
53,1601683200000,1.6507460244238574,82016316.6832098,2020-10-03
54,1601769600000,1.5825916834635148,79725694.2444689,2020-10-04
55,1601856000000,1.5863452994979843,79584495.7354099,2020-10-05
56,1601942400000,1.55125925793456,76795241.56561714,2020-10-06
57,1602028800000,1.1530393855283687,57611574.8798721,2020-10-07
58,1602115200000,1.235352362291783,61791820.1055396,2020-10-08
59,1602201600000,1.2609661914242685,62869388.37086985,2020-10-09
60,1602288000000,1.3662492377749953,68277019.35355595,2020-10-10
61,1602374400000,1.258301414733456,63000854.01106295,2020-10-11
62,1602460800000,1.2890556464466332,64426973.4696338,2020-10-12
63,1602547200000,1.3136106838206216,65652204.4020014,2020-10-13
64,1602633600000,1.3360108260592374,66831654.66586695,2020-10-14
65,1602720000000,1.3689943303099779,68431220.0294196,2020-10-15
66,1602806400000,1.40070580872233,69984224.885597,2020-10-16
67,1602892800000,1.278198763646008,64002439.7947151,2020-10-17
68,1602979200000,1.282034777503239,64087872.8732447,2020-10-18
69,1603065600000,1.2950879857298099,64731282.3799956,2020-10-19
70,1603152000000,1.185631098766805,59173024.05489275,2020-10-20
71,1603238400000,1.0427325264882725,52105498.53863435,2020-10-21
72,1603324800000,1.0984426952158712,54699361.22238245,2020-10-22
73,1603411200000,1.1135251104667274,55575631.60441725,2020-10-23
74,1603497600000,1.066778301335391,53312425.1450125,2020-10-24
75,1603584000000,1.0529074293521303,52675113.939847,2020-10-25
76,1603670400000,1.096302637884165,54824260.13172465,2020-10-26
77,1603756800000,1.0342368669575073,51617742.24493865,2020-10-27
78,1603843200000,1.1046322398489974,55117342.17925405,2020-10-28
79,1603929600000,1.0049696994576625,50229095.4848948,2020-10-29
80,1604016000000,1.0246743810858474,51360825.11369465,2020-10-30
81,1604102400000,0.9901350149577429,49516184.32006668,2020-10-31
82,1604188800000,0.9755681733737587,48806184.62173049,2020-11-01
83,1604275200000,0.9808411226747529,48987500.57948872,2020-11-02
84,1604361600000,0.9432145015610597,47232416.7009185,2020-11-03
85,1604448000000,0.8551716375268149,42658968.7992432,2020-11-04
86,1604534400000,0.8283504223961895,41387098.32295144,2020-11-05
87,1604620800000,0.8659563673303671,43244531.15724563,2020-11-06
88,1604707200000,0.9903041894823569,49485916.49444955,2020-11-07
89,1604793600000,1.0749412167099666,53819355.49223245,2020-11-08
90,1604880000000,1.1186824286760242,55973662.62364705,2020-11-09
91,1604966400000,1.028556907280762,51415331.58887195,2020-11-10
92,1605052800000,1.177606153287713,58624817.5833179,2020-11-11
93,1605139200000,1.0980668011341996,54834192.8512208,2020-11-12
94,1605225600000,1.0342062207773446,51703873.9536429,2020-11-13
95,1605312000000,1.0697551817016306,53260457.1924953,2020-11-14
96,1605398400000,1.0360816981715042,51814367.39212185,2020-11-15
97,1605484800000,1.1810194806284435,59013511.29603875,2020-11-16
98,1605571200000,1.264414441968746,63470108.06201955,2020-11-17
99,1605657600000,1.2393982022737349,61950090.26972525,2020-11-18
100,1605744000000,1.1314398264721595,56706178.0742943,2020-11-19
101,1605830400000,1.1129523768627982,55624143.29783375,2020-11-20
102,1605916800000,1.1398020595105134,57245005.2108422,2020-11-21
103,1606003200000,1.2536125728231253,62558906.6391318,2020-11-22
104,1606089600000,1.1866783035997508,59650285.922435,2020-11-23
105,1606176000000,1.2793623305105346,63596869.51708145,2020-11-24
106,1606262400000,1.2257360465141336,61178547.8637828,2020-11-25
107,1606348800000,1.1543906514154223,57662029.19166305,2020-11-26
108,1606435200000,1.0274936695734915,51278968.6907333,2020-11-27
109,1606521600000,0.9921628370112081,49526309.93977933,2020-11-28
110,1606608000000,1.012189012896266,50880653.7976007,2020-11-29
111,1606694400000,1.0281190416764832,51306489.1880455,2020-11-30
112,1606780800000,1.0594463315227054,53154033.90204215,2020-12-01
113,1606867200000,1.2020249776560148,60094559.9126891,2020-12-02
114,1606953600000,1.2111084444618452,60512318.91044835,2020-12-03
115,1607040000000,1.2483024226511712,62591693.3248765,2020-12-04
116,1607126400000,1.1222630352188638,55871407.13116875,2020-12-05
117,1607212800000,1.1765725037211658,58832360.34205665,2020-12-06
118,1607299200000,1.148759440993298,57520968.7385631,2020-12-07
119,1607385600000,1.1824051731220748,59141523.6213772,2020-12-08
120,1607472000000,1.0754871457387418,54039425.92358235,2020-12-09
121,1607558400000,1.1016904591921037,55098562.9873768,2020-12-10
122,1607644800000,1.0492660545646184,52638937.11025135,2020-12-11
123,1607731200000,1.0259407163177143,51241672.7309713,2020-12-12
124,1607817600000,1.0511497364274114,52502114.1022429,2020-12-13
125,1607904000000,1.0688638066458815,53456570.055825,2020-12-14
126,1607990400000,1.0568745657054894,52855158.12417735,2020-12-15
127,1608076800000,1.1268769993990775,56153825.5271898,2020-12-16
128,1608163200000,1.1786250982089588,58813019.2177747,2020-12-17
129,1608249600000,1.1376428302219104,56950010.6629032,2020-12-18
130,1608336000000,1.1565361965101384,57708029.11276275,2020-12-19
131,1608422400000,1.2124857670802982,60641144.987484,2020-12-20
132,1608508800000,1.1359496221462164,56853215.1562965,2020-12-21
133,1608595200000,1.0717851747962999,53665385.459631,2020-12-22
134,1608681600000,1.1215805955090827,56239989.9730594,2020-12-23
135,1608768000000,0.9890133942396292,49702409.86695825,2020-12-24
136,1608854400000,1.0432036192696232,52040094.6297327,2020-12-25
137,1608940800000,1.0322634909489636,51635532.66342655,2020-12-26
138,1609027200000,0.9836721034627391,49118433.69361316,2020-12-27
139,1609113600000,1.002864878309683,50195349.7866425,2020-12-28
140,1609200000000,1.013031395434325,50905883.9939774,2020-12-29
141,1609286400000,1.0854304729210953,54787607.28414015,2020-12-30
142,1609372800000,1.0376871344886394,51619250.95574855,2020-12-31
143,1609459200000,1.0423061058596574,51715837.89561995,2021-01-01
144,1609545600000,1.1305104809407944,56556108.6383728,2021-01-02
145,1609632000000,1.059736299998891,52977525.37824665,2021-01-03
146,1609718400000,1.1962667165666183,59626220.4937012,2021-01-04
147,1609804800000,1.278130180101881,63160289.76888235,2021-01-05
148,1609891200000,1.489880436513914,74125672.2923791,2021-01-06
149,1609977600000,1.4466831525571024,72435164.90013956,2021-01-07
150,1610064000000,1.4013344168471926,70024943.25723144,2021-01-08
151,1610150400000,1.6556485427986474,82871376.14031315,2021-01-09
152,1610236800000,1.737095660521336,87383411.3922115,2021-01-10
153,1610323200000,1.6241800243062006,81665906.49953455,2021-01-11
154,1610409600000,1.4145679048110622,70305429.7656431,2021-01-12
155,1610496000000,1.4446042194694197,72230210.973471,2021-01-13
156,1610582400000,1.6589006259893635,82622609.1016489,2021-01-14
157,1610668800000,1.6942496235240836,84034511.22347985,2021-01-15
158,1610755200000,1.7071073384433306,85076148.92412464,2021-01-16
159,1610841600000,1.7776026412148862,89642569.52225585,2021-01-17
160,1610928000000,1.813206841533374,91641291.80323045,2021-01-18
161,1611014400000,1.9031114307861365,95345223.68912394,2021-01-19
162,1611100800000,1.799603250562254,90736617.43589905,2021-01-20
163,1611187200000,1.8352772194295612,91468886.92206125,2021-01-21
164,1611273600000,1.548214573883698,77503368.39177126,2021-01-22
165,1611360000000,1.6672720396037894,83053934.81715585,2021-01-23
166,1611446400000,1.7582152142308551,87714818.6203365,2021-01-24
167,1611532800000,1.967210058344728,97915145.3898394,2021-01-25
168,1611619200000,1.9147507239526635,96217603.8667824,2021-01-26
169,1611705600000,2.200426140202022,109924177.70129545,2021-01-27
170,1611792000000,1.894243135934799,94595354.56410795,2021-01-28
171,1611878400000,1.9210884945290236,95826884.98388225,2021-01-29
172,1611964800000,1.8797921154523471,93834311.8995282,2021-01-30
173,1612051200000,2.054030018194362,101834500.7492648,2021-01-31
174,1612137600000,2.440354370647452,120677738.18002924,2021-02-01
175,1612224000000,2.8598847643901415,143193164.0947601,2021-02-02
176,1612310400000,2.9872221849452987,149628070.34969375,2021-02-03
177,1612396800000,2.8494885169114537,141657031.115028,2021-02-04
178,1612483200000,2.864311893012488,143870986.81442344,2021-02-05
179,1612569600000,3.144848008778113,157774712.53585035,2021-02-06
180,1612656000000,2.9057353136047293,145647300.1529865,2021-02-07
181,1612742400000,2.864864720419378,142256248.63877606,2021-02-08
182,1612828800000,3.143384963215445,156367557.9196242,2021-02-09
183,1612915200000,3.3885672833142624,170023984.43116266,2021-02-10
184,1613001600000,4.220900379441092,210820878.37493685,2021-02-11
185,1613088000000,4.0989011339178045,204936402.04638156,2021-02-12
186,1613174400000,4.157819820384612,208024479.3059895,2021-02-13
187,1613260800000,4.111225130577831,206432949.10827306,2021-02-14
188,1613347200000,3.886479567623235,194556571.800533,2021-02-15
189,1613433600000,3.609204836104907,180948159.8693134,2021-02-16
190,1613520000000,3.613438450730846,180533408.4002331,2021-02-17
191,1613606400000,3.8188419339166253,189738164.9367502,2021-02-18
192,1613692800000,3.9992337426322835,199012018.19181666,2021-02-19
193,1613779200000,5.15847048938051,259015669.2347065,2021-02-20
194,1613865600000,4.632891396895832,229203689.9233578,2021-02-21
195,1613952000000,4.829702719859608,240542022.0749234,2021-02-22
196,1614038400000,5.745665299198064,284762538.75488913,2021-02-23
197,1614124800000,6.917273002284873,345005312.4924086,2021-02-24
198,1614211200000,6.958344391703768,344087285.6334057,2021-02-25
199,1614297600000,6.0065008946017375,300238589.0380846,2021-02-26
200,1614384000000,5.493043305401571,274486291.780989,2021-02-27
201,1614470400000,5.358997284916585,266427508.55179206,2021-02-28
202,1614556800000,4.950617788744176,250147810.75261655,2021-03-01
203,1614643200000,5.673220651071859,283375247.9915492,2021-03-02
204,1614729600000,5.291785978325961,263018869.0740605,2021-03-03
205,1614816000000,5.365103472673338,270836456.52577376,2021-03-04
206,1614902400000,4.974389344521398,248697072.0429033,2021-03-05
207,1614988800000,4.864754468814798,242956182.57172126,2021-03-06
208,1615075200000,5.350899602441307,267544980.12206534,2021-03-07
209,1615161600000,6.0480152268827405,302534164.04306316,2021-03-08
210,1615248000000,6.088470552646206,304747652.3469688,2021-03-09
211,1615334400000,6.436491906625722,321599366.9775569,2021-03-10
212,1615420800000,5.86606017107532,294004761.21257204,2021-03-11
213,1615507200000,5.836277904280001,291950861.3708217,2021-03-12
214,1615593600000,5.491505869043473,273359679.287979,2021-03-13
215,1615680000000,6.0892874200602645,304571881.37665117,2021-03-14
216,1615766400000,6.30789825044694,319012059.5415638,2021-03-15
217,1615852800000,5.648946727783731,283833956.6652583,2021-03-16
218,1615939200000,5.378937788307609,268234015.2508135,2021-03-17
219,1616025600000,5.313741307300651,264883967.4523974,2021-03-18
220,1616112000000,5.218093843775964,261548264.8742872,2021-03-19
221,1616198400000,5.259965791566091,263966095.7607014,2021-03-20
222,1616284800000,5.0877605019815775,255279029.6161789,2021-03-21
223,1616371200000,5.038258536558285,251769169.68775934,2021-03-22
224,1616457600000,4.869700535866658,245363808.21539706,2021-03-23
225,1616544000000,4.7047517960434435,234561149.1561035,2021-03-24
226,1616630400000,4.259272390301821,214101796.68338454,2021-03-25
227,1616716800000,4.0473628337221195,201751225.30805865,2021-03-26
228,1616803200000,4.627749944159583,229869932.6536431,2021-03-27
229,1616889600000,4.632767430786764,232617450.73792714,2021-03-28
230,1616976000000,4.909879115053965,245284613.31477025,2021-03-29
231,1617062400000,5.221469078193087,260843213.0288912,2021-03-30
232,1617148800000,5.4017629507490215,270319078.99558663,2021-03-31
233,1617235200000,5.495427920578924,275847262.3633655,2021-04-01
234,1617321600000,5.27528915213942,263679139.59291476,2021-04-02
235,1617408000000,5.927045187708015,296573046.8373007,2021-04-03
236,1617494400000,5.671059323641967,285290297.9630265,2021-04-04
237,1617580800000,6.571074456078799,328445151.572899,2021-04-05
238,1617667200000,6.093794364975943,305003758.1113716,2021-04-06
239,1617753600000,6.35104155844735,317016342.1644267,2021-04-07
240,1617840000000,5.710093205349109,288356930.9026484,2021-04-08
241,1617926400000,6.060339045962892,301670806.7204937,2021-04-09
242,1618012800000,6.973096109206735,348169443.82882994,2021-04-10
243,1618099200000,7.016050582532325,349503898.6931428,2021-04-11
244,1618185600000,7.91804926265723,395540446.1299496,2021-04-12
245,1618272000000,7.430018931480505,367626102.5028646,2021-04-13
246,1618358400000,7.333446246553111,365816375.23234755,2021-04-14
247,1618444800000,7.251629328808339,363030124.0666036,2021-04-15
248,1618531200000,7.400212952570414,369798745.28105426,2021-04-16
249,1618617600000,6.678685983187501,335315357.9780396,2021-04-17
250,1618704000000,6.53127687499718,328259587.6221976,2021-04-18
251,1618790400000,6.259817107730883,314668910.1613402,2021-04-19
252,1618876800000,5.753130684915653,291277917.03662074,2021-04-20
253,1618963200000,5.935892557497082,298201083.7113378,2021-04-21
254,1619049600000,5.976452119642995,300458629.93338805,2021-04-22
255,1619136000000,6.592307784033857,331535386.92507005,2021-04-23
256,1619222400000,5.7865614109366765,288594866.416402,2021-04-24
257,1619308800000,5.74688133715694,291252586.1384724,2021-04-25
258,1619395200000,7.486264337863367,369237634.43767846,2021-04-26
259,1619481600000,9.487541371074144,473769651.23255897,2021-04-27
260,1619568000000,10.314714078966698,510806317.401875,2021-04-28
261,1619654400000,9.618161847907524,478878568.1354308,2021-04-29
262,1619740800000,9.213329863722015,460038902.6455227,2021-04-30
263,1619827200000,9.605882062490307,480635280.83762693,2021-05-01
264,1619913600000,10.49374908868465,525573733.3917355,2021-05-02
265,1620000000000,10.670587479943055,531302974.7357585,2021-05-03
266,1620086400000,11.742067494062336,589281388.344149,2021-05-04
267,1620172800000,10.211652260227797,518054062.938422,2021-05-05
268,1620259200000,11.175835594161116,556001525.2045954,2021-05-06
269,1620345600000,10.285061186499176,516227438.4375995,2021-05-07
270,1620432000000,10.141701078451172,507439067.5390145,2021-05-08
271,1620518400000,10.782909611434498,538423868.6315415,2021-05-09
272,1620604800000,10.257102587429936,512323761.1264085,2021-05-10
273,1620691200000,9.169520516205218,461854341.53169954,2021-05-11
274,1620777600000,9.739773569369076,485005799.5059738,2021-05-12
275,1620864000000,8.553996499698437,444257860.75760555,2021-05-13
276,1620950400000,8.152523736036946,406593588.5927042,2021-05-14
277,1621036800000,8.742531751846935,436497338.467023,2021-05-15
278,1621123200000,7.858865875302014,392802164.4146153,2021-05-16
279,1621209600000,9.779008956232886,486592170.0073886,2021-05-17
280,1621296000000,9.190584936284933,465172591.48632205,2021-05-18
281,1621382400000,9.635889763556968,479478782.2072629,2021-05-19
282,1621468800000,5.545070499223086,278449118.686941,2021-05-20
283,1621555200000,6.514332223927405,320931639.1362426,2021-05-21
284,1621641600000,5.389195313837192,271834916.36416566,2021-05-22
285,1621728000000,4.8303170082629565,241257507.84109396,2021-05-23
286,1621814400000,3.8677700548287532,191060093.22837475,2021-05-24
287,1621900800000,4.680992233009199,233611129.8157547,2021-05-25
288,1621987200000,4.615562096434202,231316631.1651125,2021-05-26
289,1622073600000,5.456636394940357,272324324.247399,2021-05-27
290,1622160000000,5.091563285063617,254235440.30183524,2021-05-28
291,1622246400000,4.342097806486657,216415993.98062256,2021-05-29
292,1622332800000,4.090306516661254,205959373.89256164,2021-05-30
293,1622419200000,4.2945121723455735,215019793.16282266,2021-05-31
294,1622505600000,4.768654528500704,237516731.89209804,2021-06-01
295,1622592000000,4.591256886232046,230083686.61953735,2021-06-02
296,1622678400000,4.909412056322348,245185883.94956806,2021-06-03
297,1622764800000,5.286108455860581,268168067.64038536,2021-06-04
298,1622851200000,4.728573335097878,236500022.15317646,2021-06-05
299,1622937600000,4.593880588270086,228362413.22993404,2021-06-06
300,1623024000000,4.785318406351251,239214611.84085914,2021-06-07
301,1623110400000,4.499575687863801,227461927.4843813,2021-06-08
302,1623196800000,4.288771605270273,215771800.20782334,2021-06-09
303,1623283200000,4.480108889370119,224179509.9504292,2021-06-10
304,1623369600000,4.226623408262177,211432398.61763045,2021-06-11
305,1623456000000,3.8648165173301994,192868285.3881468,2021-06-12
306,1623542400000,3.6817586440097867,184882353.58042914,2021-06-13
307,1623628800000,3.957227543536538,197494754.98624134,2021-06-14
308,1623715200000,4.257784386937676,212938895.69757086,2021-06-15
309,1623801600000,4.367649434411589,218547419.4959776,2021-06-16
310,1623888000000,4.096605589751015,204820259.06947505,2021-06-17
311,1623974400000,4.085418200056565,203248697.0374174,2021-06-18
312,1624060800000,3.8249263098050044,191399037.41851765,2021-06-19
313,1624147200000,3.7386895604708004,186594772.3220767,2021-06-20
314,1624233600000,3.765858346784233,188316524.8237202,2021-06-21
315,1624320000000,2.968017008848419,149714317.44879884,2021-06-22
316,1624406400000,2.734845481526329,136173110.61532974,2021-06-23
317,1624492800000,2.880136918871577,143859919.4005505,2021-06-24
318,1624579200000,2.9808636979460124,149225202.117177,2021-06-25
319,1624665600000,2.728644602402026,136690711.75651824,2021-06-26
320,1624752000000,2.665883794543224,133159714.7991826,2021-06-27
321,1624838400000,2.85487582905154,142589837.47665045,2021-06-28
322,1624924800000,3.063482154444137,153351085.3855671,2021-06-29
323,1625011200000,3.252281736734398,162863208.71245766,2021-06-30
324,1625097600000,3.568642657056116,178447743.67444044,2021-07-01
325,1625184000000,3.2708565593102543,162959834.89988235,2021-07-02
326,1625270400000,3.2556288763835726,162469823.8725632,2021-07-03
327,1625356800000,3.395285160185857,169657796.43362904,2021-07-04
328,1625443200000,3.465404284831944,173593057.1987706,2021-07-05
329,1625529600000,3.318477002137628,165905908.44786906,2021-07-06
330,1625616000000,3.7461248506787554,187154634.2735446,2021-07-07
331,1625702400000,3.5932405838162915,179637151.78392825,2021-07-08
332,1625788800000,3.212395749800115,160615935.2487981,2021-07-09
333,1625875200000,3.2112623183832536,160605222.108054,2021-07-10
334,1625961600000,3.149840661112433,157537564.93325976,2021-07-11
335,1626048000000,3.1951046957139435,159779298.4246152,2021-07-12
336,1626134400000,3.199291930047855,159557203.8961938,2021-07-13
337,1626220800000,3.0406288932017476,152430211.86272305,2021-07-14
338,1626307200000,2.9900885719295602,149332673.6297271,2021-07-15
339,1626393600000,2.8252524363802376,141287259.01457334,2021-07-16
340,1626480000000,2.6711042050234988,133590380.19312096,2021-07-17
341,1626566400000,2.699609966274638,134963093.18740135,2021-07-18
342,1626652800000,2.931175515185376,146835728.31909716,2021-07-19
343,1626739200000,2.699345987162255,135432500.81800616,2021-07-20
344,1626825600000,2.4915139851880514,124264275.450977,2021-07-21
345,1626912000000,2.7335210415816737,136192915.37141705,2021-07-22
346,1626998400000,2.7612904712574253,138074306.78467485,2021-07-23
347,1627084800000,2.7980118157470586,139834408.9993826,2021-07-24
348,1627171200000,2.887875990463898,144384333.62273425,2021-07-25
349,1627257600000,2.993841261828928,149758243.73658764,2021-07-26
350,1627344000000,3.0414057625401836,152659317.88943866,2021-07-27
351,1627430400000,3.1670050816860957,158104985.35903546,2021-07-28
352,1627516800000,3.2335313066931444,161668386.2575655,2021-07-29
353,1627603200000,3.580837126224244,178662316.7053902,2021-07-30
354,1627689600000,3.8901093914947302,194444100.62742475,2021-07-31
355,1627776000000,4.048910645487974,202602476.7151358,2021-08-01
356,1627862400000,3.7707410318553527,188254344.75685164,2021-08-02
357,1627948800000,3.9415930722301353,197924422.620288,2021-08-03
358,1628035200000,4.416048126803117,217497793.08867186,2021-08-04
359,1628121600000,4.549550203613628,227713017.33185586,2021-08-05
360,1628208000000,4.454372451129486,222867659.37930906,2021-08-06
361,1628294400000,4.537547869653946,226597669.16646895,2021-08-07
362,1628380800000,4.594281771214135,229664212.6060879,2021-08-08
363,1628467200000,4.246019032146801,212350926.86593366,2021-08-09
364,1628553600000,4.567815484013712,224200262.4451579,2021-08-10
365,1628640000000,4.647027591553487,232043167.64457574,2021-08-11
366,1628726400000,4.8511120396139615,242412645.7728432,2021-08-12
367,1628812800000,4.686515146112513,233714960.1658861,2021-08-13
368,1628899200000,5.195955474081694,259473197.1373631,2021-08-14
369,1628985600000,5.233290154871678,262015806.16495174,2021-08-15
370,1629072000000,6.000857069043641,299509989.8850524,2021-08-16
371,1629158400000,6.623907765356065,341870955.41437495,2021-08-17
372,1629244800000,6.303905325967764,315985992.03994673,2021-08-18
373,1629331200000,7.7050813118291535,389216932.7311105,2021-08-19
374,1629417600000,7.869412820743339,387918478.35777444,2021-08-20
375,1629504000000,7.859517846127608,392478150.8924626,2021-08-21
376,1629590400000,7.693891546378519,384614297.259362,2021-08-22
377,1629676800000,7.464248385784704,373670742.36662,2021-08-23
378,1629763200000,7.548581679356306,376870677.3165373,2021-08-24
379,1629849600000,6.791744858395522,339507486.8936149,2021-08-25
380,1629936000000,6.9533305957141645,346052328.9711449,2021-08-26
381,1630022400000,6.50974278254487,326552763.56834525,2021-08-27
382,1630108800000,7.450457647294322,372748821.877289,2021-08-28
383,1630195200000,8.270749774912499,414151632.83491606,2021-08-29
384,1630281600000,7.926504376693905,397417437.73308015,2021-08-30
385,1630368000000,8.223588416909031,409460348.62641287,2021-08-31
386,1630454400000,8.426562885473214,420825729.30034804,2021-09-01
387,1630540800000,8.706863037814866,435134251.17099035,2021-09-02
388,1630627200000,8.875745437484522,443434224.3555797,2021-09-03
389,1630713600000,9.324551347462434,464092572.27429307,2021-09-04
390,1630800000000,8.818410868599736,441816812.6418359,2021-09-05
391,1630886400000,8.68182504095046,434005936.41598463,2021-09-06
392,1630972800000,9.108619347303843,455631765.3631532,2021-09-07
393,1631059200000,8.282565755087168,415573364.4730643,2021-09-08
394,1631145600000,8.970478987007308,447030437.126541,2021-09-09
395,1631232000000,10.959915158688,551340421.614603,2021-09-10
396,1631318400000,11.253160611212412,559165505.7712705,2021-09-11
397,1631404800000,11.799937130820469,591727488.6549855,2021-09-12
398,1631491200000,12.524144021770947,629911841.647474,2021-09-13
399,1631577600000,11.30363888106075,564603321.893071,2021-09-14
400,1631664000000,10.439057490447448,525488762.6503765,2021-09-15
401,1631750400000,10.711132363376006,535708542.9101075,2021-09-16
402,1631836800000,10.260696725343161,512520557.202999,2021-09-17
403,1631923200000,9.68658515215636,484238329.4622288,2021-09-18
404,1632009600000,10.848926471999123,535175268.0128475,2021-09-19
405,1632096000000,9.844639891408175,493140156.79913473,2021-09-20
406,1632182400000,8.045638407261848,399517503.2205687,2021-09-21
407,1632268800000,7.084385913576465,350480722.9554175,2021-09-22
408,1632355200000,8.256241121696378,412468012.618271,2021-09-23
409,1632441600000,8.628528365622556,431206339.6054077,2021-09-24
410,1632528000000,7.802475679121937,1040379043.3603297,2021-09-25
411,1632614400000,7.590950522752459,1009975724.3424453,2021-09-26
412,1632700800000,7.617310321659692,1014020976.0751694,2021-09-27
413,1632787200000,7.5998378435675455,1013469791.0351216,2021-09-28
414,1632873600000,7.013841623885318,934898353.6846066,2021-09-29
415,1632960000000,6.986247330398587,929168065.2623626,2021-09-30
416,1633046400000,7.459924341762934,993945587.3390465,2021-10-01
417,1633132800000,8.238331983263828,1095541763.9902024,2021-10-02
418,1633219200000,8.647929293949147,1151969474.222467,2021-10-03
419,1633305600000,8.962908436797285,1195015227.9321325,2021-10-04
420,1633392000000,8.557727930277519,1145545531.1661177,2021-10-05
421,1633478400000,8.54490255159352,1140587215.988926,2021-10-06
422,1633564800000,8.157739897387243,1087209174.083383,2021-10-07
423,1633651200000,8.150708123319534,1084916473.018298,2021-10-08
424,1633737600000,7.88814163043537,1052568663.4644339,2021-10-09
425,1633824000000,8.098039968728994,1078319583.3308225,2021-10-10
426,1633910400000,7.463396507632074,993791586.2888358,2021-10-11
427,1633996800000,7.339164551073877,973471042.0239881,2021-10-12
428,1634083200000,7.483029304662302,997555212.545485,2021-10-13
429,1634169600000,7.566575862827905,1008274312.7231828,2021-10-14
430,1634256000000,7.64339221555231,1017991040.1282616,2021-10-15
431,1634342400000,7.510170636230504,1000603843.2739294,2021-10-16
432,1634428800000,7.339469654675809,978738984.8829483,2021-10-17
433,1634515200000,7.171172220441344,954857307.6932971,2021-10-18
434,1634601600000,7.007311408776105,935476687.0852295,2021-10-19
435,1634688000000,7.12800014678014,949399089.399702,2021-10-20
436,1634774400000,7.600633486360108,1011032444.3973747,2021-10-21
437,1634860800000,7.38735593328528,982771312.5390412,2021-10-22
438,1634947200000,7.951745253241406,1060167838.4615635,2021-10-23
439,1635033600000,7.833043605213846,1041528134.7556587,2021-10-24
440,1635120000000,7.5180927188144695,1000153048.2124636,2021-10-25
441,1635206400000,7.753500481593632,1032653891.7891588,2021-10-26
442,1635292800000,7.626080150582696,1020214806.4229916,2021-10-27
443,1635379200000,6.645819685771185,885406374.4929777,2021-10-28
444,1635465600000,6.923071522555711,921770153.020722,2021-10-29
445,1635552000000,7.3856672396238485,981713531.5793463,2021-10-30
446,1635638400000,7.265288403593318,968051892.6923777,2021-10-31
447,1635724800000,7.247721087852043,966600391.861985,2021-11-01
448,1635811200000,7.546140211441606,1002941935.9902204,2021-11-02
449,1635897600000,7.733561723157861,1017927442.3281883,2021-11-03
450,1635984000000,8.717681637374541,1157749192.792096,2021-11-04
451,1636070400000,8.15680100502372,1074138572.8836157,2021-11-05
452,1636156800000,7.664200039092951,1020500361.9237201,2021-11-06
453,1636243200000,7.8721822718556504,1047472477.8018285,2021-11-07
454,1636329600000,7.727026054722836,1030268186.3199167,2021-11-08
455,1636416000000,7.8665977721705405,1044648943.3169879,2021-11-09
456,1636502400000,7.526477828559595,1004630853.3339963,2021-11-10
457,1636588800000,6.98543207427039,926631587.0666419,2021-11-11
458,1636675200000,7.087751983208039,945575935.3348017,2021-11-12
459,1636761600000,6.987222595451954,927992810.6455991,2021-11-13
460,1636848000000,7.156134308676257,952848475.7403786,2021-11-14
461,1636934400000,7.059631857234164,936880845.6622723,2021-11-15
462,1637020800000,6.925509296062058,920879215.3748628,2021-11-16
463,1637107200000,6.343945438945177,846427609.0552859,2021-11-17
464,1637193600000,6.3205761754875525,835969742.3370726,2021-11-18
465,1637280000000,5.636313839727576,750384021.3716975,2021-11-19
466,1637366400000,5.905880318840132,785731369.9084148,2021-11-20
467,1637452800000,6.093421312371787,812798201.1527184,2021-11-21
468,1637539200000,6.211765145447756,833833086.3158234,2021-11-22
469,1637625600000,5.755205696588925,766010914.707774,2021-11-23
470,1637712000000,5.771963116248484,769238837.1770705,2021-11-24
471,1637798400000,5.543532463052387,739174978.6946355,2021-11-25
472,1637884800000,5.8145637400529955,775875497.8798676,2021-11-26
473,1637971200000,5.124972881530447,682697607.7885252,2021-11-27
474,1638057600000,5.113231086419052,679994977.0343161,2021-11-28
475,1638144000000,5.196138679848478,693132093.3818026,2021-11-29
476,1638230400000,5.570666003747009,745931410.1298633,2021-11-30
477,1638316800000,5.649561436547461,752756505.7365288,2021-12-01
478,1638403200000,5.683904899957748,756770271.4261378,2021-12-02
479,1638489600000,5.551767691159037,741207235.8076067,2021-12-03
480,1638576000000,5.149831647094748,686981025.5216956,2021-12-04
481,1638662400000,4.291991565640173,572659470.5166199,2021-12-05
482,1638748800000,4.039233097727413,537344077.4783679,2021-12-06
483,1638835200000,4.113002684272899,548040670.3364881,2021-12-07
484,1638921600000,4.21787877520611,561840294.897903,2021-12-08
485,1639008000000,4.361759550479854,580759931.9007784,2021-12-09
486,1639094400000,3.9428173231842893,527402166.79893976,2021-12-10
487,1639180800000,3.6236754827610174,487893051.5131426,2021-12-11
488,1639267200000,3.754271419292392,501160256.5055575,2021-12-12
489,1639353600000,3.8094340894274223,506223136.59047735,2021-12-13
490,1639440000000,3.3629239190855422,448921702.3500676,2021-12-14
491,1639526400000,3.4371321288757004,457435661.434395,2021-12-15
492,1639612800000,3.592389573922125,476402721.8307831,2021-12-16
493,1639699200000,3.5014369245934227,466553737.6305048,2021-12-17
494,1639785600000,3.3745892892604012,449592819.5129235,2021-12-18
495,1639872000000,3.5079634120380905,467142248.859394,2021-12-19
496,1639958400000,3.4032501321029094,454808790.09570485,2021-12-20
497,1640044800000,3.3573292589766965,448651778.6381834,2021-12-21
498,1640131200000,3.5523517582950612,471975831.1244306,2021-12-22
499,1640217600000,3.688082310362034,491813703.5475808,2021-12-23
500,1640304000000,3.897285570471461,517984392.3551876,2021-12-24
501,1640390400000,4.054480962399915,540485058.165649,2021-12-25
502,1640476800000,4.117178187234014,547853653.6260049,2021-12-26
503,1640563200000,4.055612686163441,539837055.2373399,2021-12-27
504,1640649600000,4.07562462020852,545050932.8952502,2021-12-28
505,1640736000000,3.684626710990192,492604747.66922086,2021-12-29
506,1640822400000,3.4203333130371325,451938675.6171782,2021-12-30
507,1640908800000,3.490463868042325,464240313.9672182,2021-12-31
508,1640995200000,3.4213071927276975,458506389.2268399,2022-01-01
509,1641081600000,3.6908262386433397,488374745.14441216,2022-01-02
510,1641168000000,3.8209600352904913,510526816.387614,2022-01-03
511,1641254400000,3.6641830793559733,489686562.323095,2022-01-04
512,1641340800000,3.624414470881371,488984214.74752384,2022-01-05
513,1641427200000,3.4227782841673013,458855133.4582945,2022-01-06
514,1641513600000,3.2725297452734528,437713025.15357876,2022-01-07
515,1641600000000,3.121773809297235,415014488.7060292,2022-01-08
516,1641686400000,2.9882758737853954,400491204.29343575,2022-01-09
517,1641772800000,3.049429543942576,405703158.6543964,2022-01-10
518,1641859200000,2.914455422474301,388150220.02759326,2022-01-11
519,1641945600000,3.036446622229041,404949328.64982307,2022-01-12
520,1642032000000,3.187054868901773,425035500.56743366,2022-01-13
521,1642118400000,3.109434385869751,414706615.64288044,2022-01-14
522,1642204800000,3.179480827325154,422558788.89026225,2022-01-15
523,1642291200000,3.230279617733779,431031216.8743904,2022-01-16
524,1642377600000,3.182610527640496,424028199.74859786,2022-01-17
525,1642464000000,3.0188836957885496,402678881.1408357,2022-01-18
526,1642550400000,2.997245862735588,399621026.9200694,2022-01-19
527,1642636800000,2.898045832113785,387025895.82200694,2022-01-20
528,1642723200000,2.772859661291757,370637359.0506459,2022-01-21
529,1642809600000,2.435938300519729,324070563.9865695,2022-01-22
530,1642896000000,2.2145997302865434,294780019.64733297,2022-01-23
531,1642982400000,2.264254512421312,301290055.3648084,2022-01-24
532,1643068800000,2.1246804025899952,282956298.0049291,2022-01-25
533,1643155200000,2.1171712595939027,282320126.770916,2022-01-26
534,1643241600000,2.125824245234666,283589912.4065368,2022-01-27
535,1643328000000,2.129437945230631,282798303.68466,2022-01-28
536,1643414400000,2.213379935042324,294814302.0588458,2022-01-29
537,1643500800000,2.2733149855891592,302805576.1512975,2022-01-30
538,1643587200000,2.3265421404070428,310094295.0592283,2022-01-31
539,1643673600000,2.3271522317773816,309051736.2124911,2022-02-01
540,1643760000000,2.386970824599509,319158984.82120454,2022-02-02
541,1643846400000,2.279973678207405,303417775.2994531,2022-02-03
542,1643932800000,2.2682689529748985,300551571.29150677,2022-02-04
543,1644019200000,2.446974520149992,324059345.32276404,2022-02-05
544,1644105600000,2.55115887891147,341011137.33777136,2022-02-06
545,1644192000000,2.5784362505421465,343497929.7813424,2022-02-07
546,1644278400000,2.7128230694165194,361336802.0819947,2022-02-08
547,1644364800000,2.577470768324148,343348450.17684346,2022-02-09
548,1644451200000,2.6522719788298548,353888103.80566317,2022-02-10
549,1644537600000,2.5000534723437435,332453549.7755363,2022-02-11
550,1644624000000,2.3449080214504257,312105844.8566315,2022-02-12
551,1644710400000,2.284884090522401,304201248.81306535,2022-02-13
552,1644796800000,2.268961199766024,301824648.6642865,2022-02-14
553,1644883200000,2.2751628314044035,303186443.149683,2022-02-15
554,1644969600000,2.458631624764133,328371568.8757141,2022-02-16
555,1645056000000,2.4503989835136126,326919365.35062015,2022-02-17
556,1645142400000,2.215674635313969,295627150.79145026,2022-02-18
557,1645228800000,2.172056962821677,289701653.3135006,2022-02-19
558,1645315200000,2.1608824779161404,287622664.97088385,2022-02-20
559,1645401600000,2.0688662316551736,276723011.8225384,2022-02-21
560,1645488000000,1.9172961887254858,256484103.31898355,2022-02-22
561,1645574400000,1.9551821419082558,261067505.80215132,2022-02-23
562,1645660800000,1.8916825371473294,252108309.0325426,2022-02-24
563,1645747200000,1.8451185335606821,245906207.8866376,2022-02-25
564,1645833600000,1.950399595654506,260570914.3549953,2022-02-26
565,1645920000000,1.984373565014365,263913736.45155025,2022-02-27
566,1646006400000,1.916660216832837,254977413.6794233,2022-02-28
567,1646092800000,2.0918033246582786,278060236.57075244,2022-03-01
568,1646179200000,2.0974301355270972,278892979.48745316,2022-03-02
569,1646265600000,2.078225646156169,277210194.15875185,2022-03-03
570,1646352000000,1.981371383405454,264582238.5322168,2022-03-04
571,1646438400000,1.8435985895037568,246092540.92691705,2022-03-05
572,1646524800000,1.8821558759675583,250339385.5192406,2022-03-06
573,1646611200000,1.8413383299911386,245723259.20029342,2022-03-07
574,1646697600000,1.7883331072438662,238419861.37094015,2022-03-08
575,1646784000000,1.8076431432912803,240912782.41650358,2022-03-09
576,1646870400000,1.9348539901857402,258018621.04250082,2022-03-10
577,1646956800000,1.8880058939977644,251434141.9846751,2022-03-11
578,1647043200000,1.8519695688608235,247866114.33944064,2022-03-12
579,1647129600000,1.8377255961591346,245222310.51128697,2022-03-13
580,1647216000000,1.773783062543892,235926911.6187526,2022-03-14
581,1647302400000,1.8123822966135013,241115822.34185958,2022-03-15
582,1647388800000,1.831610103107647,244662700.84701297,2022-03-16
583,1647475200000,1.8939302583494957,250691902.80146706,2022-03-17
584,1647561600000,1.890987360895152,251783557.66371822,2022-03-18
585,1647648000000,2.1696147899370857,287318219.4889421,2022-03-19
586,1647734400000,2.648493002820038,351084240.44627565,2022-03-20
587,1647820800000,2.607648816913872,347218990.1465381,2022-03-21
588,1647907200000,2.478871919779838,330260603.9873264,2022-03-22
589,1647993600000,2.500165947101522,333003794.8748796,2022-03-23
590,1648080000000,3.08550687896004,411774924.8418134,2022-03-24
591,1648166400000,3.035009641822741,405624858.40497357,2022-03-25
592,1648252800000,3.096589384437516,412899064.5799169,2022-03-26
593,1648339200000,3.0138289719641578,401637130.0785154,2022-03-27
594,1648425600000,3.060361138411038,409108205.3768619,2022-03-28
595,1648512000000,3.3784296598188366,458111620.4352756,2022-03-29
596,1648598400000,3.3127859340792787,441760185.5147872,2022-03-30
597,1648684800000,3.4338239376105784,458442779.579999,2022-03-31
598,1648771200000,3.2395254734170837,430316603.54817903,2022-04-01
599,1648857600000,3.4287959412786484,455614400.3152666,2022-04-02
600,1648944000000,3.31393389258206,441732535.23421323,2022-04-03
601,1649030400000,3.2912412466221723,438077665.2277681,2022-04-04
602,1649116800000,3.119733065177518,415161145.8795473,2022-04-05
603,1649203200000,2.9428992029716654,392837679.80060416,2022-04-06
604,1649289600000,2.5361727892354997,338244280.7835239,2022-04-07
605,1649376000000,2.6992762011364992,359768618.94653606,2022-04-08
606,1649462400000,2.628962412084486,348528590.4433751,2022-04-09
607,1649548800000,2.6906486072811484,358071255.72039384,2022-04-10
608,1649635200000,2.5661248331604583,343210778.12813556,2022-04-11
609,1649721600000,2.270147950104292,303123287.6538449,2022-04-12
610,1649808000000,2.384547133255329,641503006.3847919,2022-04-13
611,1649894400000,2.5648580264154277,692576189.0210288,2022-04-14
612,1649980800000,2.4430916487350447,661724484.9260744,2022-04-15
613,1650067200000,2.4469812533760202,660116635.530671,2022-04-16
614,1650153600000,2.4895694398520507,672850126.8573488,2022-04-17
615,1650240000000,2.376911284812396,636550904.461712,2022-04-18
616,1650326400000,2.388289237819277,637462104.1063906,2022-04-19
617,1650412800000,2.4735627580615778,650239380.8237896,2022-04-20
618,1650499200000,2.4309322255370907,639334013.7623394,2022-04-21
619,1650585600000,2.452219713985453,646628069.3220335,2022-04-22
620,1650672000000,2.4430879670276258,644337152.7428759,2022-04-23
621,1650758400000,2.3647231700436153,623527660.8842065,2022-04-24
622,1650844800000,2.3138153399119603,612972353.5874377,2022-04-25
623,1650931200000,2.2786764391255017,601476399.7907438,2022-04-26
624,1651017600000,2.0907582509855653,553646219.2871246,2022-04-27
625,1651104000000,2.1468629290947354,567210488.2648636,2022-04-28
626,1651190400000,2.1572871351014786,566355048.0676064,2022-04-29
627,1651276800000,1.9945032963810314,522195241.06950444,2022-04-30
628,1651363200000,1.8387634531997372,479371576.89489293,2022-05-01
629,1651449600000,1.9182400632493481,500415723.3963398,2022-05-02
630,1651536000000,1.8605584854674286,486728522.0603367,2022-05-03
631,1651622400000,1.8240106424141567,472311394.7846869,2022-05-04
632,1651708800000,2.0316788135142807,526068874.18752146,2022-05-05
633,1651795200000,1.8156044290593039,471219629.2436811,2022-05-06
634,1651881600000,1.7722102100127513,522029563.39166063,2022-05-07
635,1651968000000,1.7305293934456791,510576338.3729934,2022-05-08
636,1652054400000,1.6846447965222513,497097318.37834394,2022-05-09
637,1652140800000,1.4508999150256359,428940705.67705154,2022-05-10
638,1652227200000,1.4579833327965477,429766940.4496301,2022-05-11
639,1652313600000,1.163913798455097,340723178.3720964,2022-05-12
640,1652400000000,1.0432143427901661,316978332.4850906,2022-05-13
641,1652486400000,1.1965933659935306,372010416.5502019,2022-05-14
642,1652572800000,1.3173423133165103,408626558.7751716,2022-05-15
643,1652659200000,1.3617213472334921,424597395.5261619,2022-05-16
644,1652745600000,1.2112437752333876,379268709.8767552,2022-05-17
645,1652832000000,1.2649892816569017,394505290.6896881,2022-05-18
646,1652918400000,1.1227175861058092,353179741.9495448,2022-05-19
647,1653004800000,1.15797251438153,361712257.2551551,2022-05-20
648,1653091200000,1.097055895298222,343451776.0153248,2022-05-21
649,1653177600000,1.1148648075535248,348782964.06275034,2022-05-22
650,1653264000000,1.1738269765786027,364877674.7883983,2022-05-23
651,1653350400000,1.130153139003946,384673219.3689115,2022-05-24
652,1653436800000,1.1404211584050987,387655123.82073134,2022-05-25
653,1653523200000,1.1284288446296313,384623213.3833583,2022-05-26
654,1653609600000,1.0507001625264714,349094115.179992,2022-05-27
655,1653696000000,1.0070171302019386,335196930.000867,2022-05-28
656,1653782400000,1.032672300128343,343889676.2537688,2022-05-29
657,1653868800000,1.0371188099307993,345766477.87418437,2022-05-30
658,1653955200000,1.1529228286395545,386012699.91449434,2022-05-31
659,1654041600000,1.1346513354880352,380448606.31266075,2022-06-01
660,1654128000000,1.0330186711889189,344926394.88057894,2022-06-02
661,1654214400000,1.0888662379938727,360583829.3963207,2022-06-03
662,1654300800000,1.027180551107346,339420031.36992204,2022-06-04
663,1654387200000,1.028605378958933,338597882.3789689,2022-06-05
664,1654473600000,1.0400676981663357,344101734.2459467,2022-06-06
665,1654560000000,1.098007887586766,362705393.5247594,2022-06-07
666,1654646400000,1.0519119395414323,348199706.44903165,2022-06-08
667,1654732800000,1.0243218966240302,337835163.35350734,2022-06-09
668,1654819200000,1.0277282551398255,332903597.45209044,2022-06-10
669,1654905600000,0.9423208864038007,312820788.11866814,2022-06-11
670,1654992000000,0.9563377197637121,319550419.80298364,2022-06-12
671,1655078400000,0.9703014654962687,330345228.6078525,2022-06-13
672,1655164800000,0.8717611865416602,297220218.675142,2022-06-14
673,1655251200000,0.9232036103284058,315666852.9810859,2022-06-15
674,1655337600000,0.967612312160846,346643792.331774,2022-06-16
675,1655424000000,0.8585246520179374,308060477.57087743,2022-06-17
676,1655510400000,0.8989851690668652,291666683.0748883,2022-06-18
677,1655596800000,0.8351875498935168,273114737.52823704,2022-06-19
678,1655683200000,0.8602610646740929,284162147.59604335,2022-06-20
679,1655769600000,0.887087810201797,291096684.8966118,2022-06-21
680,1655856000000,0.891240553179215,289560621.7335632,2022-06-22
681,1655942400000,0.8530073246256142,277463818.29585695,2022-06-23
682,1656028800000,0.9036511042362938,294179547.5599274,2022-06-24
683,1656115200000,0.9455502370592143,307702504.55294687,2022-06-25
684,1656201600000,0.9670648050469751,312939821.4341708,2022-06-26
685,1656288000000,0.9291856412529723,301982522.01097316,2022-06-27
686,1656374400000,0.9655909500306746,312604756.5237897,2022-06-28
687,1656460800000,0.9263735104952713,302409041.2598453,2022-06-29
688,1656547200000,0.8859251867886369,296248713.8483863,2022-06-30
689,1656633600000,0.8373069409424913,327287170.97253394,2022-07-01
690,1656720000000,0.7964703527363951,306427557.3363112,2022-07-02
691,1656806400000,0.7803973190937745,300688824.7222696,2022-07-03
692,1656892800000,0.7730469080179053,298626376.60346353,2022-07-04
693,1656979200000,0.765671709374329,303729470.7795084,2022-07-05
694,1657065600000,0.7484024716704218,297869717.7761457,2022-07-06
695,1657152000000,0.7576224186197452,302522303.89023536,2022-07-07
696,1657238400000,0.773682573523374,308918694.0812053,2022-07-08
697,1657324800000,0.8939681260526419,347011954.96151835,2022-07-09
698,1657411200000,1.0011872142802634,375958297.56981426,2022-07-10
699,1657497600000,0.9796280883995112,367069561.36254007,2022-07-11
700,1657584000000,0.9447504468745028,353005948.4894672,2022-07-12
701,1657670400000,0.9793078997272431,367159140.2874605,2022-07-13
702,1657756800000,1.1019145301063242,408876378.21203995,2022-07-14
703,1657843200000,1.0741283326483821,400834942.9680974,2022-07-15
704,1657929600000,1.0512446982200596,391407022.35226285,2022-07-16
705,1658016000000,1.1125455202129726,415060976.0161345,2022-07-17
706,1658102400000,1.0367543319923977,388366470.3959015,2022-07-18
707,1658188800000,1.0842178066209625,402948295.15089935,2022-07-19
708,1658275200000,1.1202099334516589,418055675.3376553,2022-07-20
709,1658361600000,1.0269113780217263,385531055.7979605,2022-07-21
710,1658448000000,1.029662131247222,384710564.9047731,2022-07-22
711,1658534400000,0.9861458215940779,366666491.5304254,2022-07-23
712,1658620800000,0.9923950859787403,369627285.84390646,2022-07-24
713,1658707200000,0.9913438757786236,370582643.49351966,2022-07-25
714,1658793600000,0.9055289830256215,338808010.5200567,2022-07-26
715,1658880000000,0.8846878244095826,329602283.8767988,2022-07-27
716,1658966400000,0.9706243575329518,360657076.2080073,2022-07-28
717,1659052800000,1.0056601632240516,374596236.31859684,2022-07-29
718,1659139200000,1.022705628841062,383638964.15177274,2022-07-30
719,1659225600000,0.997346244927696,371539943.8960892,2022-07-31
720,1659312000000,0.9943825369630623,370234528.2019742,2022-08-01
721,1659398400000,1.02264528281501,380110090.3067737,2022-08-02
722,1659484800000,0.960340498874517,359652020.62044305,2022-08-03
723,1659571200000,0.9391863898721249,350247355.8673735,2022-08-04
724,1659657600000,0.9610374891986987,357163373.5298387,2022-08-05
725,1659744000000,0.9986527744874869,372108260.9048857,2022-08-06
726,1659830400000,1.0161668237606785,379786499.8812423,2022-08-07
727,1659916800000,1.0112298564608695,376905648.5153126,2022-08-08
728,1660003200000,1.0314404684810983,384434780.90392363,2022-08-09
729,1660089600000,0.9811753004235589,365427682.6153612,2022-08-10
730,1660176000000,1.0233018491090926,381504006.2156731,2022-08-11
731,1660262400000,1.0509323953000926,391675954.59798795,2022-08-12
732,1660348800000,1.0821314548190815,402703689.61613476,2022-08-13
733,1660435200000,1.0865819271294421,405265368.3048612,2022-08-14
734,1660521600000,1.0475189200234742,391035126.36049944,2022-08-15
735,1660608000000,1.0601926209844046,399137399.99047804,2022-08-16
736,1660694400000,1.0321206080920033,385020632.9409022,2022-08-17
737,1660780800000,0.9978175566401806,372009438.3107981,2022-08-18
738,1660867200000,0.9688064996356728,360827238.00002986,2022-08-19
739,1660953600000,0.8445071876876169,314723552.7706748,2022-08-20
740,1661040000000,0.8385572331018918,312611508.2552391,2022-08-21
741,1661126400000,0.8494343206365047,316662330.1821111,2022-08-22
742,1661212800000,0.8248540202913236,307113382.10969096,2022-08-23
743,1661299200000,0.8600992247977505,320462641.4529536,2022-08-24
744,1661385600000,0.8424316156016439,313966300.4423221,2022-08-25
745,1661472000000,0.8552757487376067,318681428.475395,2022-08-26
746,1661558400000,0.7713839415639492,286909399.7973643,2022-08-27
747,1661644800000,0.7779065883496042,290075519.9206434,2022-08-28
748,1661731200000,0.7591146626025402,283324867.3192653,2022-08-29
749,1661817600000,0.8031573528498313,299364298.1977138,2022-08-30
750,1661904000000,0.780808661505468,291815788.696978,2022-08-31
751,1661990400000,0.7824413229676033,291828973.29258657,2022-09-01
752,1662076800000,0.8030889807092382,298816796.9727336,2022-09-02
753,1662163200000,0.7813697019193397,291075218.75019306,2022-09-03
754,1662249600000,0.7807417303304245,291359172.499334,2022-09-04
755,1662336000000,0.8199982451492802,306374592.19132656,2022-09-05
756,1662422400000,0.8074875623329077,300719618.4926433,2022-09-06
757,1662508800000,0.750566386088626,280367717.51143193,2022-09-07
758,1662595200000,0.7940738035110438,296696626.80211973,2022-09-08
759,1662681600000,0.826539625107393,307858401.9990698,2022-09-09
760,1662768000000,0.8603330769756685,320420210.23685807,2022-09-10
761,1662854400000,0.8673053399787553,323328630.4670803,2022-09-11
762,1662940800000,0.8562806667004397,318904721.2365992,2022-09-12
763,1663027200000,0.8670009449098982,323925445.0084214,2022-09-13
764,1663113600000,0.80240778518866,299306774.7176278,2022-09-14
765,1663200000000,0.832521148281176,309359702.58706874,2022-09-15
766,1663286400000,0.7939386668359181,296127691.7910795,2022-09-16
767,1663372800000,0.7794115589397916,290360414.19932383,2022-09-17
768,1663459200000,0.8075273410665902,301159601.3197918,2022-09-18
769,1663545600000,0.7511319100267132,280333294.0649073,2022-09-19
770,1663632000000,0.7740086992666588,288623602.1807937,2022-09-20
771,1663718400000,0.7781185412224741,289610094.73395073,2022-09-21
772,1663804800000,0.7427989846731645,276590466.6211566,2022-09-22
773,1663891200000,0.7860944983921131,292690832.06064576,2022-09-23
774,1663977600000,0.784278759171975,293109435.5680514,2022-09-24
775,1664064000000,0.7638083771764733,284208465.722145,2022-09-25
776,1664150400000,0.7470629868918716,277994287.14285606,2022-09-26
777,1664236800000,0.7635889318972676,284590937.0286218,2022-09-27
778,1664323200000,0.7582881119352015,283002467.7312566,2022-09-28
779,1664409600000,0.7632598009649353,284816959.9545478,2022-09-29
780,1664496000000,0.7761950367183517,288568978.0562231,2022-09-30
781,1664582400000,0.765064957831643,284995786.73093,2022-10-01
782,1664668800000,0.7604367010825082,283195792.61585814,2022-10-02
783,1664755200000,0.7430592062525495,277870308.4222352,2022-10-03
784,1664841600000,0.78032239940366,291105857.2666819,2022-10-04
785,1664928000000,0.7894370085000119,294350529.18130696,2022-10-05
786,1665014400000,0.784772109288598,292688165.1166095,2022-10-06
787,1665100800000,0.7742912358598355,288588110.95328385,2022-10-07
788,1665187200000,0.7694668651992226,287114645.20147073,2022-10-08
789,1665273600000,0.7746600687594228,288606650.01758724,2022-10-09
790,1665360000000,0.7843014839183314,291903501.4015238,2022-10-10
791,1665446400000,0.7515197562194331,280537535.9090728,2022-10-11
792,1665532800000,0.7378360912155143,274307877.9018085,2022-10-12
793,1665619200000,0.7406192061420687,276083468.68275845,2022-10-13
794,1665705600000,0.7202272716828977,268430828.76509598,2022-10-14
795,1665792000000,0.7111250046538088,264904076.14616182,2022-10-15
796,1665878400000,0.7083795916822968,264518565.76747215,2022-10-16
797,1665964800000,0.7209977995633582,268704619.493249,2022-10-17
798,1666051200000,0.7482202556306613,278617923.0103721,2022-10-18
799,1666137600000,0.7554602049938304,281162391.0350513,2022-10-19
800,1666224000000,0.7032969316723513,261554337.39551273,2022-10-20
801,1666310400000,0.7107990894754653,264972083.67810866,2022-10-21
802,1666396800000,0.7056234432079044,262891507.62983283,2022-10-22
803,1666483200000,0.7039969374271716,262377268.6424961,2022-10-23
804,1666569600000,0.7210579787660872,269193621.78059113,2022-10-24
805,1666656000000,0.7091338381052065,263989072.3610056,2022-10-25
806,1666742400000,0.7591282493471113,284566545.2034501,2022-10-26
807,1666828800000,0.7744303472106138,289514088.7769703,2022-10-27
808,1666915200000,0.771171636202008,287596701.6101639,2022-10-28
809,1667001600000,0.8107301587776614,302852745.2416727,2022-10-29
810,1667088000000,0.8021905537252909,298375740.6115265,2022-10-30
811,1667174400000,0.7800313573797464,289458492.10658354,2022-10-31
812,1667260800000,0.7677181043016039,286477461.57273495,2022-11-01
813,1667347200000,0.7505193902574963,280162482.36539483,2022-11-02
814,1667433600000,0.7386958395330174,275276868.6020998,2022-11-03
815,1667520000000,0.7465348720925845,278081458.7918154,2022-11-04
816,1667606400000,0.7917336309917924,295417381.14406854,2022-11-05
817,1667692800000,0.8201322208164721,305829575.65378934,2022-11-06
818,1667779200000,0.7626388242233088,284838514.4157445,2022-11-07
819,1667865600000,0.7438799686490759,276773547.9349311,2022-11-08
820,1667952000000,0.564232471283689,210055800.38210338,2022-11-09
821,1668038400000,0.3198825309728073,119344178.87625012,2022-11-10
822,1668124800000,0.420436536223154,156180204.87952742,2022-11-11
823,1668211200000,0.40257952596889635,149251380.81957647,2022-11-12
824,1668297600000,0.3451860755768033,128404325.1591375,2022-11-13
825,1668384000000,0.18049319118467858,77049796.60958515,2022-11-14
826,1668470400000,0.25696537236772854,97318870.28157543,2022-11-15
827,1668556800000,0.2984910363627184,111668631.50437334,2022-11-16
828,1668643200000,0.30787906027425893,115209516.46462002,2022-11-17
829,1668729600000,0.272746375384341,101670978.89935184,2022-11-18
830,1668816000000,0.25593188305710307,95408924.99598268,2022-11-19
831,1668902400000,0.23595554375151018,88344660.85436681,2022-11-20
