,Time,open,mktcap,Date
0,1624492800000,1893.8212043236726,48356092.86767778,2021-06-24
1,1624579200000,1893.8212043236726,48356092.86767778,2021-06-25
2,1624665600000,1724.3954250624258,43981165.074365035,2021-06-26
3,1624752000000,1714.720944983053,43470238.5208239,2021-06-27
4,1624838400000,1878.8654184789,47680579.25837882,2021-06-28
5,1624924800000,2032.9739871563827,51960237.86844469,2021-06-29
6,1625011200000,2147.484943275614,55212515.93868932,2021-06-30
7,1625097600000,2238.8522623853514,57428859.04740328,2021-07-01
8,1625184000000,2085.8231637078807,53935524.40240409,2021-07-02
9,1625270400000,2114.81963571661,54403631.52907993,2021-07-03
10,1625356800000,2186.3202289159517,55637082.73072317,2021-07-04
11,1625443200000,2290.097431034029,58837945.08782073,2021-07-05
12,1625529600000,2187.67782212295,56743709.485181354,2021-07-06
13,1625616000000,2284.6368293816167,58797653.17704759,2021-07-07
14,1625702400000,2284.7417229021135,58816262.75816142,2021-07-08
15,1625788800000,2082.340022861921,53574515.501602545,2021-07-09
16,1625875200000,2124.013803505538,54608178.71850212,2021-07-10
17,1625961600000,2083.4250253966293,53897789.23712029,2021-07-11
18,1626048000000,2110.3964467110923,54237885.50397026,2021-07-12
19,1626134400000,2003.9903104388316,51698536.79954864,2021-07-13
20,1626220800000,1907.2084981328655,49411782.43227878,2021-07-14
21,1626307200000,1961.4658716201416,50472402.476030566,2021-07-15
22,1626393600000,1883.7485541586923,48875312.51020021,2021-07-16
23,1626480000000,1849.533318672044,47717965.26549063,2021-07-17
24,1626566400000,1871.9789946425806,48155532.400123924,2021-07-18
25,1626652800000,1866.7677001603543,48039780.91044793,2021-07-19
26,1626739200000,1795.8732494255473,46327507.957419895,2021-07-20
27,1626825600000,1759.5067007112448,45373702.69096049,2021-07-21
28,1626912000000,1970.0582950130506,50265638.75729865,2021-07-22
29,1626998400000,1996.0432356481472,51291659.720296115,2021-07-23
30,1627084800000,2084.850171044698,53185273.34784091,2021-07-24
31,1627171200000,2147.4632371383436,55202493.87969019,2021-07-25
32,1627257600000,2161.0517306284955,55413564.010520004,2021-07-26
33,1627344000000,2218.981551156822,57268231.02136213,2021-07-27
34,1627430400000,2252.0393521778806,58119129.6817973,2021-07-28
35,1627516800000,2273.9684880571153,58755875.02535633,2021-07-29
36,1627603200000,2364.3224204811527,60823945.79229322,2021-07-30
37,1627689600000,2425.939290040792,62600567.077676564,2021-07-31
38,1627776000000,2516.2133298465224,65093494.28040423,2021-08-01
39,1627862400000,2526.0660544851553,65913181.171743765,2021-08-02
40,1627948800000,2595.2117266870896,67249790.41495883,2021-08-03
41,1628035200000,2496.3115505542883,64226550.183013186,2021-08-04
42,1628121600000,2692.511716877784,69771992.17059875,2021-08-05
43,1628208000000,2794.2694547897504,72182778.75385532,2021-08-06
44,1628294400000,2855.4189336783056,73772534.47812866,2021-08-07
45,1628380800000,3113.435769474338,79620436.13053718,2021-08-08
46,1628467200000,2992.1882260956068,78167321.84701185,2021-08-09
47,1628553600000,3121.84318119203,79899081.23921499,2021-08-10
48,1628640000000,3098.3342416841247,80293725.82014969,2021-08-11
49,1628726400000,3135.531496571672,81221896.17242025,2021-08-12
50,1628812800000,3010.855080758854,77273863.3547342,2021-08-13
51,1628899200000,3279.5338596420165,84781245.87639414,2021-08-14
52,1628985600000,3231.413287167466,83765666.61818914,2021-08-15
53,1629072000000,3272.079618245677,84633838.70748493,2021-08-16
54,1629158400000,3131.1938690700204,81636976.95629232,2021-08-17
55,1629244800000,2978.4979841585023,77656050.00854023,2021-08-18
56,1629331200000,3009.691135992373,78290170.09755984,2021-08-19
57,1629417600000,3103.201253821602,78665977.74824122,2021-08-20
58,1629504000000,3243.7805741062266,83914104.41681233,2021-08-21
59,1629590400000,3207.8412661095995,83155310.48980127,2021-08-22
60,1629676800000,3215.537899198019,82762625.2128165,2021-08-23
61,1629763200000,3289.924796594919,85420959.3712642,2021-08-24
62,1629849600000,3168.493016229036,82184916.70018736,2021-08-25
63,1629936000000,3200.541524421552,82913053.78271678,2021-08-26
64,1630022400000,3095.970043585856,80292326.44707459,2021-08-27
65,1630108800000,3231.4158752666626,84143124.6451167,2021-08-28
66,1630195200000,3208.3687599704613,83387672.364636,2021-08-29
67,1630281600000,3201.3656353494293,83267731.38253585,2021-08-30
68,1630368000000,3205.953837947837,83370869.45438522,2021-08-31
69,1630454400000,3403.790906968129,88077637.11522168,2021-09-01
70,1630540800000,3757.3003499316646,97290490.69553246,2021-09-02
71,1630627200000,3764.118816651012,97804928.53434762,2021-09-03
72,1630713600000,3891.3221685411545,101062375.43383402,2021-09-04
73,1630800000000,3853.1273846165423,100351164.82962532,2021-09-05
74,1630886400000,3910.0520294834164,102248225.54996805,2021-09-06
75,1630972800000,3896.9914977920816,101128132.41963097,2021-09-07
76,1631059200000,3414.6517224780714,89157000.87440968,2021-09-08
77,1631145600000,3473.0799120894962,91523000.92296667,2021-09-09
78,1631232000000,3407.9916899644727,89210896.96926528,2021-09-10
79,1631318400000,3172.893108386046,82948017.21471632,2021-09-11
80,1631404800000,3233.3575558605758,84749288.80783921,2021-09-12
81,1631491200000,3389.92969333494,88957071.73891573,2021-09-13
82,1631577600000,3267.7120334780384,85408734.86247145,2021-09-14
83,1631664000000,3393.5477154693126,88704933.80716996,2021-09-15
84,1631750400000,3567.7088032263705,93153282.57494707,2021-09-16
85,1631836800000,3538.3567807978,92735412.59988447,2021-09-17
86,1631923200000,3373.6659686872335,88274156.04097797,2021-09-18
87,1632009600000,3397.891856221148,88977487.86190934,2021-09-19
88,1632096000000,3303.952852192879,86203003.09321629,2021-09-20
89,1632182400000,2938.7860442062674,76942904.52960873,2021-09-21
90,1632268800000,2719.4539923975058,71245976.06046419,2021-09-22
91,1632355200000,3043.8662902944357,79365189.98124245,2021-09-23
92,1632441600000,3125.3446817136787,81990767.1546533,2021-09-24
93,1632528000000,2906.925504525424,76431851.76498602,2021-09-25
94,1632614400000,2909.743519160119,76527284.56103806,2021-09-26
95,1632700800000,3032.0723732558986,80588580.40013915,2021-09-27
96,1632787200000,2925.736650588517,76726888.0017835,2021-09-28
97,1632873600000,2793.96717300533,73629111.17036027,2021-09-29
98,1632960000000,2820.8035645649575,73937197.16876237,2021-09-30
99,1633046400000,2983.572705547989,78012611.33283645,2021-10-01
100,1633132800000,3276.2996122670834,85957415.25438279,2021-10-02
101,1633219200000,3358.9691445890176,88138244.49510334,2021-10-03
102,1633305600000,3395.8278179060435,89115529.45067123,2021-10-04
103,1633392000000,3369.2001485110504,88428958.99671295,2021-10-05
104,1633478400000,3489.7483389651425,91713005.70518851,2021-10-06
105,1633564800000,3554.806020604982,93615798.96556203,2021-10-07
106,1633651200000,3561.1553232276588,93691576.46714327,2021-10-08
107,1633737600000,3537.2715272276696,92964690.95271735,2021-10-09
108,1633824000000,3551.4834552765383,93504433.46043143,2021-10-10
109,1633910400000,3396.722508529576,89483200.85329959,2021-10-11
110,1633996800000,3486.5655898638847,91718857.11346558,2021-10-12
111,1634083200000,3468.851988007205,91640298.54169647,2021-10-13
112,1634169600000,3571.999082259885,94159659.778296,2021-10-14
113,1634256000000,3761.4413524102174,98994600.93976353,2021-10-15
114,1634342400000,3850.9835962035577,101420767.54717001,2021-10-16
115,1634428800000,3829.3248507895128,100862449.1683628,2021-10-17
116,1634515200000,3808.106813111353,99772002.90332541,2021-10-18
117,1634601600000,3708.5907568806924,97704566.06971978,2021-10-19
118,1634688000000,3831.827813698504,101002447.10554546,2021-10-20
119,1634774400000,4131.4858342938005,108910182.30314462,2021-10-21
120,1634860800000,4034.158058643376,106444167.73646092,2021-10-22
121,1634947200000,3955.0755751834063,104431428.78982656,2021-10-23
122,1635033600000,4143.354331874443,109301765.33949564,2021-10-24
123,1635120000000,4063.01188960806,106571305.00878084,2021-10-25
124,1635206400000,4189.07854659911,110745674.61149055,2021-10-26
125,1635292800000,4090.3752886430498,108419725.85465899,2021-10-27
126,1635379200000,3897.4335341000815,103358469.3445815,2021-10-28
127,1635465600000,4261.434159051561,112309069.28206015,2021-10-29
128,1635552000000,4368.873101942578,116155808.03787832,2021-10-30
129,1635638400000,4278.942063969253,113122313.32140139,2021-10-31
130,1635724800000,4262.2024691311235,112601154.35698695,2021-11-01
131,1635811200000,4298.071571071125,113163168.43162915,2021-11-02
132,1635897600000,4546.948796777215,119548348.52339497,2021-11-03
133,1635984000000,4554.342065471803,120223384.17320675,2021-11-04
134,1636070400000,4509.018307709714,118862186.1236312,2021-11-05
135,1636156800000,4451.795026657452,117681245.35201484,2021-11-06
136,1636243200000,4481.762144594384,118620006.29999039,2021-11-07
137,1636329600000,4577.035949695716,121152900.3297987,2021-11-08
138,1636416000000,4780.761610500057,126370224.36197746,2021-11-09
139,1636502400000,4703.258440367317,124537861.80977389,2021-11-10
140,1636588800000,4596.182206743069,121543309.31063813,2021-11-11
141,1636675200000,4706.516568198659,124897421.40760845,2021-11-12
142,1636761600000,4632.97084120123,123030151.9648707,2021-11-13
143,1636848000000,4588.189232699845,121842752.28302005,2021-11-14
144,1636934400000,4572.857863919337,121253173.91130859,2021-11-15
145,1637020800000,4542.4110436186975,120829057.78850935,2021-11-16
146,1637107200000,4217.777369652681,112605312.41535315,2021-11-17
147,1637193600000,4218.10386466944,112308930.2919798,2021-11-18
148,1637280000000,3952.3762565057527,104778866.87063485,2021-11-19
149,1637366400000,4260.949404777752,113775443.7613041,2021-11-20
150,1637452800000,4393.880072821819,116156156.13434193,2021-11-21
151,1637539200000,4267.536324920357,114246456.71278921,2021-11-22
152,1637625600000,4060.028963045069,108340302.56249744,2021-11-23
153,1637712000000,4304.490165980349,114610290.12619904,2021-11-24
154,1637798400000,4225.280955835053,112263152.48197429,2021-11-25
155,1637884800000,4503.105019222521,119550056.80955824,2021-11-26
156,1637971200000,4009.8360375509405,107087089.42160833,2021-11-27
157,1638057600000,4033.054363426447,108135286.32902466,2021-11-28
158,1638144000000,4262.046732482079,113355245.66574259,2021-11-29
159,1638230400000,4409.99672361985,117582650.05876109,2021-11-30
160,1638316800000,4627.845720023638,123997297.14265987,2021-12-01
161,1638403200000,4557.619253921864,122331081.00039771,2021-12-02
162,1638489600000,4493.641333883353,121016239.41595195,2021-12-03
163,1638576000000,4221.111425631201,113464549.20340416,2021-12-04
164,1638662400000,4067.6704437324565,109728110.92046526,2021-12-05
165,1638748800000,4168.688870919907,112781415.85750692,2021-12-06
166,1638835200000,4322.395401906896,117118385.47298834,2021-12-07
167,1638921600000,4284.839506935476,117003370.5473216,2021-12-08
168,1639008000000,4404.412090718722,122150587.19909193,2021-12-09
169,1639094400000,4135.105366677528,115672202.46187888,2021-12-10
170,1639180800000,3904.5516675105932,110040209.7132379,2021-12-11
171,1639267200000,4066.7540883140264,113603063.43538076,2021-12-12
172,1639353600000,4130.347522970417,116101207.66896543,2021-12-13
173,1639440000000,3781.904761439035,106433040.9831345,2021-12-14
174,1639526400000,3838.674673324084,107688262.29874393,2021-12-15
175,1639612800000,4000.477966948466,112445447.61149712,2021-12-16
176,1639699200000,3954.460751649841,111961517.84327142,2021-12-17
177,1639785600000,3880.0868749179576,108982158.17146805,2021-12-18
178,1639872000000,3954.6669997479053,111210586.79319336,2021-12-19
179,1639958400000,3914.4220374571732,112350188.94479062,2021-12-20
180,1640044800000,3943.975806376814,113061237.2463671,2021-12-21
181,1640131200000,4027.3268063493374,115843250.78946908,2021-12-22
182,1640217600000,3989.1272598350733,114811984.64323436,2021-12-23
183,1640304000000,4102.845271091076,117902375.32846303,2021-12-24
184,1640390400000,4032.8559508933395,117726325.6029353,2021-12-25
185,1640476800000,4098.528391322318,119015358.5356366,2021-12-26
186,1640563200000,4064.3882440067064,118729467.08477427,2021-12-27
187,1640649600000,4030.249048038079,117634565.52788855,2021-12-28
188,1640736000000,3804.3397293738653,111155247.0147518,2021-12-29
189,1640822400000,3617.1386903331104,107224802.93739228,2021-12-30
190,1640908800000,3705.5707809278747,108173233.07313639,2021-12-31
191,1640995200000,3683.1078128072195,107522079.22218865,2022-01-01
192,1641081600000,3753.6154083106994,109533104.64410822,2022-01-02
193,1641168000000,3822.0387261572687,111936290.32992,2022-01-03
194,1641254400000,3763.330258961114,110179937.02378865,2022-01-04
195,1641340800000,3785.890247477139,111793465.92782499,2022-01-05
196,1641427200000,3534.974716285323,103642069.33350614,2022-01-06
197,1641513600000,3409.637965452012,100115315.39194234,2022-01-07
198,1641600000000,3191.7375300759804,94072488.24209206,2022-01-08
199,1641686400000,3079.7540844425735,91476484.35701816,2022-01-09
200,1641772800000,3149.1875617943156,93793223.94314308,2022-01-10
201,1641859200000,3080.433246597438,91702013.97226207,2022-01-11
202,1641945600000,3235.2944789983526,96605140.74732427,2022-01-12
203,1642032000000,3368.640005942557,100296244.20606078,2022-01-13
204,1642118400000,3255.055437906248,96959312.80979967,2022-01-14
205,1642204800000,3298.3803763956103,99204915.9241492,2022-01-15
206,1642291200000,3322.2706526687334,100751008.2537763,2022-01-16
207,1642377600000,3347.5919998411437,102573174.40507825,2022-01-17
208,1642464000000,3204.1921087763676,99598336.06596437,2022-01-18
209,1642550400000,3159.7986818665217,101039761.11847623,2022-01-19
210,1642636800000,3107.6941431674823,100287697.44473837,2022-01-20
211,1642723200000,3015.567608509245,97350751.84915422,2022-01-21
212,1642809600000,2567.330902393645,85182525.8059315,2022-01-22
213,1642896000000,2396.6645742916735,79384651.44700593,2022-01-23
214,1642982400000,2533.8207101247694,83943017.06769228,2022-01-24
215,1643068800000,2437.117910714706,80562649.71173283,2022-01-25
216,1643155200000,2455.6748718107865,81395839.459792,2022-01-26
217,1643241600000,2460.883379068977,81803573.68109013,2022-01-27
218,1643328000000,2413.9150009746313,80025216.61233296,2022-01-28
219,1643414400000,2544.4584264213468,84710389.40881716,2022-01-29
220,1643500800000,2592.558214652577,86903918.6153519,2022-01-30
221,1643587200000,2599.516054570017,87451022.76034318,2022-01-31
222,1643673600000,2683.077269262462,90172192.98139818,2022-02-01
223,1643760000000,2793.330642117871,94257283.34340034,2022-02-02
224,1643846400000,2674.091428147821,98229377.81539246,2022-02-03
225,1643932800000,2675.8731076675954,97691013.97061586,2022-02-04
226,1644019200000,2978.331621573057,108454951.67740606,2022-02-05
227,1644105600000,3008.2185582208735,110626493.27347471,2022-02-06
228,1644192000000,3053.2889952302785,112311326.74561153,2022-02-07
229,1645747200000,2753.7993116036346,111213208.19565538,2022-02-25
230,1645833600000,2753.7993116036346,111213208.19565538,2022-02-26
231,1645920000000,2771.667424176548,111318071.34743313,2022-02-27
232,1646006400000,2619.546936122555,106406192.08661722,2022-02-28
233,1646092800000,2911.0210676763063,118096545.2393911,2022-03-01
234,1646179200000,2966.2746891847055,120184595.17478172,2022-03-02
235,1646265600000,2940.26820194009,119669174.10908963,2022-03-03
236,1646352000000,2827.98442985306,115058637.82154441,2022-03-04
237,1646438400000,2610.069670345505,106221302.58928992,2022-03-05
238,1646524800000,2659.6823762118775,110254869.46918458,2022-03-06
239,1646611200000,2548.91381408134,105910257.967178,2022-03-07
240,1646697600000,2487.262777931209,103302758.70961985,2022-03-08
241,1646784000000,2566.048122759191,106896883.51843601,2022-03-09
242,1646870400000,2721.6427549560494,113253097.58526033,2022-03-10
243,1646956800000,2601.6228232496615,108488138.4368206,2022-03-11
244,1647043200000,2552.216678982328,106635694.19414231,2022-03-12
245,1647129600000,2570.8826096109547,108424811.213938,2022-03-13
246,1647216000000,2510.400332262543,105861804.64399944,2022-03-14
247,1647302400000,2579.797264905194,108780927.43526554,2022-03-15
248,1647388800000,2613.1449879966726,110458056.18395606,2022-03-16
249,1647475200000,2764.8171603971678,116937200.7519604,2022-03-17
250,1647561600000,2806.7462186628854,118536437.34114434,2022-03-18
251,1647648000000,2939.0720031680803,124341526.70303914,2022-03-19
252,1647734400000,2935.7382308698343,124251444.47382523,2022-03-20
253,1647820800000,2851.8248485249615,120512671.48359032,2022-03-21
254,1647907200000,2886.7160410072543,122361700.20778064,2022-03-22
255,1647993600000,2963.0092912854852,125523872.78014296,2022-03-23
256,1648080000000,3019.5433214633586,127385437.05545911,2022-03-24
257,1648166400000,3093.548628851485,131272792.3982534,2022-03-25
258,1648252800000,3096.645142442533,131212427.63928397,2022-03-26
259,1648339200000,3130.6041137198317,133660960.53720394,2022-03-27
260,1648425600000,3275.2158476733266,141324547.66192812,2022-03-28
261,1648512000000,3319.453210393139,144229424.81762445,2022-03-29
262,1648598400000,3386.621245746632,146381329.4574492,2022-03-30
263,1648684800000,3373.8558261619455,169795590.28059608,2022-03-31
264,1648771200000,3275.074024519682,164134757.0104676,2022-04-01
265,1648857600000,3439.4247382639055,193422329.07798427,2022-04-02
266,1648944000000,3432.678679201491,193387506.94506294,2022-04-03
267,1649030400000,3506.463190723694,197359478.2567035,2022-04-04
268,1649116800000,3509.9003245270374,197600865.65526062,2022-04-05
269,1649203200000,3406.028784401973,192288987.9684707,2022-04-06
270,1649289600000,3161.457263453862,183381164.0558901,2022-04-07
271,1649376000000,3223.927410679696,186532886.8814418,2022-04-08
272,1649462400000,3179.3753608614425,183134026.26760224,2022-04-09
273,1649548800000,3250.139832799445,187844161.43915468,2022-04-10
274,1649635200000,3209.3462539080615,185975897.90832657,2022-04-11
275,1649721600000,2974.7406250731356,172208890.5556655,2022-04-12
276,1649808000000,3027.9844841689123,174668023.0487753,2022-04-13
277,1649894400000,3109.9644965879384,179724392.56081015,2022-04-14
278,1649980800000,3016.8411566150703,174211412.39088574,2022-04-15
279,1650067200000,3035.154458908023,175579923.02402282,2022-04-16
280,1650153600000,3056.9489594869524,177166811.8187561,2022-04-17
281,1650240000000,2982.8992240357643,172553116.2089323,2022-04-18
282,1650326400000,3052.037133096995,176570066.82035002,2022-04-19
283,1650412800000,3094.0882924721527,179134129.1336559,2022-04-20
284,1650499200000,3067.22198824124,177859073.4574072,2022-04-21
285,1650585600000,2976.6841203725385,172502413.01078394,2022-04-22
286,1650672000000,2959.704327291945,171575355.9698903,2022-04-23
287,1650758400000,2931.2041262496105,170191211.21093664,2022-04-24
288,1650844800000,2913.3247754845383,169688167.5575116,2022-04-25
289,1650931200000,2998.3866296211836,175157339.0833527,2022-04-26
290,1651017600000,2796.8663876954497,163274665.39440566,2022-04-27
291,1651104000000,2880.314921412808,168481296.53694913,2022-04-28
292,1651190400000,2924.119123335959,171053990.4978973,2022-04-29
293,1651276800000,2807.884015933986,164612384.1728376,2022-04-30
294,1651363200000,2731.438505470332,161248697.92923772,2022-05-01
295,1651449600000,2822.915790435853,167024241.17857963,2022-05-02
296,1651536000000,2852.2116016343857,169066955.83107838,2022-05-03
297,1651622400000,2776.615474757238,164807480.88561663,2022-05-04
298,1651708800000,2931.8425198068408,173749543.10638678,2022-05-05
299,1651795200000,2742.8461408282046,162542286.15576795,2022-05-06
300,1651881600000,2690.4402324950265,159795312.58559254,2022-05-07
301,1651968000000,2633.7450399366835,156549297.8914848,2022-05-08
302,1652054400000,2508.8131398287233,149498549.915226,2022-05-09
303,1652140800000,2243.2895324882784,134021844.34404664,2022-05-10
304,1652227200000,2337.2142775314815,139786071.2568455,2022-05-11
305,1652313600000,2067.4829075569533,124685373.94469382,2022-05-12
306,1652400000000,1960.3301176487078,117664219.78005958,2022-05-13
307,1652486400000,1999.7705362674244,120733603.8918484,2022-05-14
308,1652572800000,2055.7204134279696,123422851.85967965,2022-05-15
309,1652659200000,2138.794660382331,128888426.07755905,2022-05-16
310,1652745600000,2018.3957138643655,121755364.33008395,2022-05-17
311,1652832000000,2088.4355410509784,126211642.33459,2022-05-18
312,1652918400000,1911.3006756645964,115578388.95543005,2022-05-19
313,1653004800000,2014.2133627321537,121753589.23954462,2022-05-20
314,1653091200000,1957.7078987575017,118483901.98466904,2022-05-21
315,1653177600000,1970.3625581966676,121098279.16546294,2022-05-22
316,1653264000000,2041.7848911832382,125455053.94658965,2022-05-23
317,1653350400000,1969.0659775325485,120929321.33008514,2022-05-24
318,1653436800000,1972.8330329698229,121123605.15231755,2022-05-25
319,1653523200000,1938.1179432976246,119126805.16488503,2022-05-26
320,1653609600000,1801.8156767078594,110877762.15317808,2022-05-27
321,1653696000000,1719.5280278567204,105968470.57985234,2022-05-28
322,1653782400000,1791.132841437709,110431861.7455689,2022-05-29
323,1653868800000,1805.8967407785833,111398677.91784711,2022-05-30
324,1653955200000,1988.892710068307,122544888.72800212,2022-05-31
325,1654041600000,1940.9463386924963,119802506.74390571,2022-06-01
326,1654128000000,1818.771403031237,112484611.80287589,2022-06-02
327,1654214400000,1827.9999972647015,113005798.20209403,2022-06-03
328,1654300800000,1770.4007725814079,109064182.6979399,2022-06-04
329,1654387200000,1797.5962620929138,110856329.36211967,2022-06-05
330,1654473600000,1799.6276849027693,111385010.82377075,2022-06-06
331,1654560000000,1853.2621433019604,114549236.0781607,2022-06-07
332,1654646400000,1813.750513980962,112348373.63102233,2022-06-08
333,1654732800000,1788.5394257225526,110641148.4223622,2022-06-09
334,1654819200000,1782.8469783846322,110293067.200585,2022-06-10
335,1654905600000,1656.71372954249,102477907.17820442,2022-06-11
336,1654992000000,1523.7315707726173,94236206.91449466,2022-06-12
337,1655078400000,1440.123245445511,89879565.34012413,2022-06-13
338,1655164800000,1202.7261045256596,74277035.72438534,2022-06-14
339,1655251200000,1209.6628199978295,74878669.41112362,2022-06-15
340,1655337600000,1225.6567421753025,75935608.476967,2022-06-16
341,1655424000000,1063.7845750264714,66661243.82289266,2022-06-17
342,1655510400000,1082.16701982629,68066943.31794448,2022-06-18
343,1655596800000,989.813654866864,62281828.38135223,2022-06-19
344,1655683200000,1067.2858998288489,67065585.2007874,2022-06-20
345,1655769600000,1080.0295679336932,68119697.31561475,2022-06-21
346,1655856000000,1070.7515789066308,67453816.48544706,2022-06-22
347,1655942400000,1013.4162755168257,63874591.49940076,2022-06-23
348,1656028800000,1121.967432705482,70744181.46829483,2022-06-24
349,1656115200000,1216.3711214719326,77204042.74461289,2022-06-25
350,1656201600000,1228.417307111335,77216075.56786108,2022-06-26
351,1656288000000,1186.3062308457572,74787244.79395628,2022-06-27
352,1656374400000,1179.7049729337195,74384096.46481568,2022-06-28
353,1656460800000,1127.8087695855622,71016143.45522495,2022-06-29
354,1656547200000,1085.0262209182451,68535767.97720785,2022-06-30
355,1656633600000,1036.7197175325236,64255551.62657213,2022-07-01
356,1656720000000,1049.8069725613066,67019513.937417574,2022-07-02
357,1656806400000,1053.68629568145,66666056.77844734,2022-07-03
358,1656892800000,1059.7654786641,67104383.718571045,2022-07-04
359,1656979200000,1138.1452516761922,72060191.54759648,2022-07-05
360,1657065600000,1119.9963384414934,70895882.47780858,2022-07-06
361,1657152000000,1173.2386162652872,74236758.94904667,2022-07-07
362,1657238400000,1224.1334138198774,77552189.47512671,2022-07-08
363,1657324800000,1208.6885486162512,77225325.97758555,2022-07-09
364,1657411200000,1202.1889835243408,76000974.1984814,2022-07-10
365,1657497600000,1153.9551570051449,72951561.83660522,2022-07-11
366,1657584000000,1082.8470003829405,68568829.17111096,2022-07-12
367,1657670400000,1025.8942625750292,65151089.19569118,2022-07-13
368,1657756800000,1096.9774070238525,69395046.89712314,2022-07-14
369,1657843200000,1176.7536968270788,74407463.49693632,2022-07-15
370,1657929600000,1214.1244502312081,76924224.61044364,2022-07-16
371,1658016000000,1337.3308558563103,84592126.40246987,2022-07-17
372,1658102400000,1322.6958092556827,84301790.28353262,2022-07-18
373,1658188800000,1548.2503754393492,97798416.43697308,2022-07-19
374,1658275200000,1520.2678077406247,96113045.83258818,2022-07-20
375,1658361600000,1500.8325148761216,95823841.8061955,2022-07-21
376,1658448000000,1556.9899837011803,98484948.86742267,2022-07-22
377,1658534400000,1519.8866235607497,96040253.8426226,2022-07-23
378,1658620800000,1534.4580336492322,97169686.00230895,2022-07-24
379,1658707200000,1579.8154299150694,100613353.17101069,2022-07-25
380,1658793600000,1436.793328291596,91531430.23860332,2022-07-26
381,1658880000000,1425.542321891457,90097518.3939353,2022-07-27
382,1658966400000,1618.3160549854408,102550061.38934314,2022-07-28
383,1659052800000,1706.0648198555675,107834715.02491719,2022-07-29
384,1659139200000,1711.2687433393387,110180370.64285538,2022-07-30
385,1659225600000,1676.960966181594,106133829.54277354,2022-07-31
386,1659312000000,1663.0296490563192,105498407.25252408,2022-08-01
387,1659398400000,1618.9369615398325,102290359.4931872,2022-08-02
388,1659484800000,1617.6337170200532,103098494.78494449,2022-08-03
389,1659571200000,1604.6701774989046,101625644.5242308,2022-08-04
390,1659657600000,1595.3856884718975,100779948.67627692,2022-08-05
391,1659744000000,1702.1468414488997,107931432.1486344,2022-08-06
392,1659830400000,1675.5026214479387,106305162.57910395,2022-08-07
393,1659916800000,1681.9105059412975,106412199.37141424,2022-08-08
394,1660003200000,1756.83029477475,111476085.63233337,2022-08-09
395,1660089600000,1687.2110001852886,106942727.17679675,2022-08-10
396,1660176000000,1832.759070348464,116067120.41904905,2022-08-11
397,1660262400000,1862.0830430526591,118021188.42875545,2022-08-12
398,1660348800000,1939.5162072217654,122877133.58609466,2022-08-13
399,1660435200000,1960.8924385897033,124388652.24059585,2022-08-14
400,1660521600000,1916.398287691593,121443527.94568364,2022-08-15
401,1660608000000,1886.7720351477572,119653593.14615226,2022-08-16
402,1660694400000,1859.5409341003162,117905475.69063422,2022-08-17
403,1660780800000,1814.5665527198896,115176938.27215384,2022-08-18
404,1660867200000,1830.5132297190034,116118915.71842532,2022-08-19
405,1660953600000,1597.4482117899538,101611794.25793967,2022-08-20
406,1661040000000,1560.8675306779899,98853909.28555274,2022-08-21
407,1661126400000,1603.1706172880695,101898978.52874787,2022-08-22
408,1661212800000,1600.457927303657,101391854.33878045,2022-08-23
409,1661299200000,1646.4536237286566,104263417.53102864,2022-08-24
410,1661385600000,1640.7204753416702,103952054.27767164,2022-08-25
411,1661472000000,1679.3765946950753,106504737.1322425,2022-08-26
412,1661558400000,1492.728437507451,94247052.5014988,2022-08-27
413,1661644800000,1476.5896059621923,93770626.56631243,2022-08-28
414,1661731200000,1417.993617219924,90263167.713427,2022-08-29
415,1661817600000,1537.689493274157,97636979.48776402,2022-08-30
416,1661904000000,1526.450867490836,96781372.69558354,2022-08-31
417,1662076800000,1562.2503194681424,99125293.61367358,2022-09-02
418,1662163200000,1562.2503194681424,99125293.61367358,2022-09-03
419,1662249600000,1534.0074908492807,97233003.60955137,2022-09-04
420,1662336000000,1554.4875161388209,98533256.27441797,2022-09-05
421,1662422400000,1592.5626313101468,101110579.28692386,2022-09-06
422,1662508800000,1540.7989108055185,97811519.34448837,2022-09-07
423,1662595200000,1613.7962435418135,102620252.05783568,2022-09-08
424,1662681600000,1621.0405782251091,102809988.66741003,2022-09-09
425,1662768000000,1692.621393181342,107293747.2094365,2022-09-10
426,1662854400000,1764.588264820247,111759786.75693643,2022-09-11
427,1662940800000,1733.867519093773,110045613.49206616,2022-09-12
428,1663027200000,1687.3510387472984,106690335.80751903,2022-09-13
429,1663113600000,1561.4883387825416,99178991.35851239,2022-09-14
430,1663200000000,1624.0405336766669,102608570.6374178,2022-09-15
431,1663286400000,1458.6590530605497,92852910.36895639,2022-09-16
432,1663372800000,1418.61274018384,90138559.19948494,2022-09-17
433,1663459200000,1458.8204755947472,92825595.16129248,2022-09-18
434,1663545600000,1323.975020660983,84282425.43461403,2022-09-19
435,1663632000000,1367.7894042587109,87029361.62089622,2022-09-20
436,1663718400000,1305.4814830442056,82958960.33846198,2022-09-21
437,1663804800000,1235.6395391131712,78396906.72636257,2022-09-22
438,1663891200000,1318.1252103913775,83884287.61952126,2022-09-23
439,1663977600000,1310.771879194055,83623749.47099431,2022-09-24
440,1664064000000,1302.1121701775232,82772104.6766874,2022-09-25
441,1664150400000,1286.9660324826457,81681929.98370713,2022-09-26
442,1664236800000,1325.1978857611941,84167056.41656767,2022-09-27
443,1664323200000,1321.2655974719355,84133506.33188522,2022-09-28
444,1664409600000,1330.6243273019372,84588745.55289824,2022-09-29
445,1664496000000,1323.3353592268886,84372322.82692821,2022-09-30
446,1664582400000,1319.1754668815279,83948659.06344523,2022-10-01
447,1664668800000,1293.6066796163805,82421624.09716026,2022-10-02
448,1664755200000,1267.9480035797158,80893000.20019904,2022-10-03
449,1664841600000,1313.7061484848361,83739676.63575292,2022-10-04
450,1664928000000,1351.8515462960468,86228100.12632494,2022-10-05
451,1665014400000,1334.4130372209404,85634865.53349215,2022-10-06
452,1665100800000,1341.1995381674478,86044219.85888842,2022-10-07
453,1665187200000,1307.630943204783,83927336.88646089,2022-10-08
454,1665273600000,1306.4212115427106,83910533.47069687,2022-10-09
455,1665360000000,1304.6093482670178,83644814.02385357,2022-10-10
456,1665446400000,1273.7314715451796,81949572.89724953,2022-10-11
457,1665532800000,1262.2808905750494,81064785.3882317,2022-10-12
458,1665619200000,1276.731976870887,82066284.83999729,2022-10-13
459,1665705600000,1278.6146277206594,82349020.22017565,2022-10-14
460,1665792000000,1280.6756899908041,82703897.20421933,2022-10-15
461,1665878400000,1259.3123635916793,81716115.79245031,2022-10-16
462,1665964800000,1289.0202934468566,83535009.75488879,2022-10-17
463,1666051200000,1315.3128393753354,85359154.8422222,2022-10-18
464,1666137600000,1301.628800407661,84588392.83337747,2022-10-19
465,1666224000000,1276.265986306325,82929774.98662902,2022-10-20
466,1666310400000,1269.7341251360356,82697377.24517563,2022-10-21
467,1666396800000,1290.9232683207063,84055834.97615749,2022-10-22
468,1666483200000,1296.138881050851,84624119.26061907,2022-10-23
469,1666569600000,1352.0205676823666,87653040.28780952,2022-10-24
470,1666656000000,1325.7826559032765,86680892.85996452,2022-10-25
471,1666742400000,1442.71732370475,94276957.64676638,2022-10-26
472,1666828800000,1546.452606762869,101481470.29658823,2022-10-27
473,1666915200000,1495.0234381864072,98037631.35512914,2022-10-28
474,1667001600000,1534.025741932428,100570476.30302255,2022-10-29
475,1667088000000,1597.6290518994952,104699535.6368907,2022-10-30
476,1667174400000,1578.1873528638855,103403763.79094915,2022-10-31
477,1667260800000,1552.749861406842,102406540.20457591,2022-11-01
478,1667347200000,1568.6063613569147,103723924.51372528,2022-11-02
479,1667433600000,1500.7041555323121,99448018.84517334,2022-11-03
480,1667520000000,1519.8797664262815,100584858.7970264,2022-11-04
481,1667606400000,1622.9967758829143,107445106.42935807,2022-11-05
482,1667692800000,1615.5303751721806,107257781.73982668,2022-11-06
483,1667779200000,1559.0909639560134,103044599.47478014,2022-11-07
484,1667865600000,1556.8067944806123,103584300.68250413,2022-11-08
485,1667952000000,1323.3720091825453,88088984.27835579,2022-11-09
486,1668038400000,1080.6733863955908,71789337.1849207,2022-11-10
487,1668124800000,1293.8445832910124,86003299.74779586,2022-11-11
488,1668211200000,1273.1898779061453,84701977.23246945,2022-11-12
489,1668297600000,1239.335788816331,82752843.03447326,2022-11-13
490,1668384000000,1208.963994576986,81056202.12386112,2022-11-14
491,1668470400000,1237.998750519338,83370728.68880485,2022-11-15
492,1668556800000,1245.3044899883107,83774852.72478607,2022-11-16
493,1668643200000,1202.841062193429,80891716.76279978,2022-11-17
494,1668729600000,1187.4249084657733,80137958.84483257,2022-11-18
495,1668816000000,1198.9087609623325,80775917.39469251,2022-11-19
496,1668902400000,1205.319606465276,81328724.27885425,2022-11-20
