,Time,open,mktcap,Date
0,1606780800000,0.07361070630716589,0.0,2020-12-01
1,1606867200000,0.07361070630716589,0.0,2020-12-02
2,1606953600000,0.07967971014106956,0.0,2020-12-03
3,1607040000000,0.09949737002669769,57164923.48383032,2020-12-04
4,1607126400000,0.1478146397916358,86955118.9999799,2020-12-05
5,1607212800000,0.13836077700731372,78134932.03485458,2020-12-06
6,1607299200000,0.11584662873862127,64785993.469834365,2020-12-07
7,1607385600000,0.11912205095109794,67219957.47278254,2020-12-08
8,1607472000000,0.12278701597465541,68385434.78843555,2020-12-09
9,1607558400000,0.13773318797411366,77368926.98435627,2020-12-10
10,1607644800000,0.125982465459889,71075107.6389482,2020-12-11
11,1607731200000,0.11527125214378245,65466807.559691474,2020-12-12
12,1607817600000,0.12275893599834065,69388850.68871915,2020-12-13
13,1607904000000,0.11797028061339267,66603312.28578699,2020-12-14
14,1607990400000,0.11532192224088081,65065047.69116273,2020-12-15
15,1608076800000,0.11663531342158376,65868042.850394405,2020-12-16
16,1608163200000,0.11304344869996026,63958693.43571175,2020-12-17
17,1608249600000,0.09928300870657207,56031327.96427872,2020-12-18
18,1608336000000,0.1067194988180451,59999118.18644483,2020-12-19
19,1608422400000,0.12003713503700693,67808053.53795727,2020-12-20
20,1608508800000,0.10683753719808693,60298482.86078941,2020-12-21
21,1608595200000,0.09911664550375442,55923793.85648054,2020-12-22
22,1608681600000,0.09477012693548867,53056211.74827326,2020-12-23
23,1608768000000,0.06822439631351308,38973894.43116826,2020-12-24
24,1608854400000,0.08192715463264193,46262621.43311887,2020-12-25
25,1608940800000,0.09054843566208311,51378989.70998301,2020-12-26
26,1609027200000,0.09127715227775214,51379337.268302165,2020-12-27
27,1609113600000,0.08962858572495434,50837379.31728273,2020-12-28
28,1609200000000,0.08751945748149262,49384547.349369474,2020-12-29
29,1609286400000,0.08018107140537888,45301177.753194116,2020-12-30
30,1609372800000,0.07747912326356521,43722206.541533746,2020-12-31
31,1609459200000,0.07715033597722314,42411019.38573063,2021-01-01
32,1609545600000,0.08027661551788604,45262738.33317001,2021-01-02
33,1609632000000,0.07673409206892716,43232618.93522793,2021-01-03
34,1609718400000,0.08672700279658759,49686566.57119428,2021-01-04
35,1609804800000,0.09140964884474798,51777276.69143853,2021-01-05
36,1609891200000,0.11100495305946162,62476121.74328073,2021-01-06
37,1609977600000,0.11245809695306506,63360258.68785044,2021-01-07
38,1610064000000,0.11310986321811034,63931812.61244927,2021-01-08
39,1610150400000,0.10949224062902735,61524289.399745815,2021-01-09
40,1610236800000,0.11072615909023736,62720462.76950357,2021-01-10
41,1610323200000,0.1022457410867624,57737521.93776343,2021-01-11
42,1610409600000,0.09798027025772126,55384475.199464306,2021-01-12
43,1610496000000,0.10052444625191392,56712541.79396291,2021-01-13
44,1610582400000,0.1116670928020234,62943638.91948715,2021-01-14
45,1610668800000,0.12804768299319844,72084994.20605977,2021-01-15
46,1610755200000,0.132545875290002,74286594.34705551,2021-01-16
47,1610841600000,0.13409240505883244,75672450.60106555,2021-01-17
48,1610928000000,0.13983310778423877,79278382.36054796,2021-01-18
49,1611014400000,0.144835527487145,81594025.56914075,2021-01-19
50,1611100800000,0.1432312518846814,81449548.42613499,2021-01-20
51,1611187200000,0.13641069557493546,77167396.75948654,2021-01-21
52,1611273600000,0.11709990800401389,66568012.93117784,2021-01-22
53,1611360000000,0.11373457216451702,64146819.33495788,2021-01-23
54,1611446400000,0.11833201115106554,66835043.625038214,2021-01-24
55,1611532800000,0.13388514281671754,74930682.89925838,2021-01-25
56,1611619200000,0.13044390903582626,73572008.79059964,2021-01-26
57,1611705600000,0.1581711331943065,88289720.28958462,2021-01-27
58,1611792000000,0.13138005168239936,74007258.30214173,2021-01-28
59,1611878400000,0.1364841251720523,77267685.62226938,2021-01-29
60,1611964800000,0.13718242329565047,77002704.70058587,2021-01-30
61,1612051200000,0.1378246592819502,77240281.74183005,2021-01-31
62,1612137600000,0.13299672078099262,74804707.83168745,2021-02-01
63,1612224000000,0.13684848279427533,77133171.10182503,2021-02-02
64,1612310400000,0.14925966398323204,84414378.99668188,2021-02-03
65,1612396800000,0.15817347429777157,89122213.02384861,2021-02-04
66,1612483200000,0.16178852414479758,91553888.33801436,2021-02-05
67,1612569600000,0.17218083447651147,97591296.79945663,2021-02-06
68,1612656000000,0.15876714048702867,89323146.06366786,2021-02-07
69,1612742400000,0.15966779615640042,88621593.50806025,2021-02-08
70,1612828800000,0.21289958741400766,117913208.00794913,2021-02-09
71,1612915200000,0.20639777510060975,116895728.76821934,2021-02-10
72,1613001600000,0.22168272852078055,124994706.48633988,2021-02-11
73,1613088000000,0.34795835418810467,196809353.7423214,2021-02-12
74,1613174400000,0.3366699999397104,189937991.74487662,2021-02-13
75,1613260800000,0.33514651363853726,189723342.30822656,2021-02-14
76,1613347200000,0.29759738754117376,167894526.23701134,2021-02-15
77,1613433600000,0.30587992887489146,171972184.01747417,2021-02-16
78,1613520000000,0.2812404305831401,157449043.0577141,2021-02-17
79,1613606400000,0.2893691660526957,163252437.9445189,2021-02-18
80,1613692800000,0.303585565913755,171020597.00141057,2021-02-19
81,1613779200000,0.3277974726278835,183772669.5218638,2021-02-20
82,1613865600000,0.28956324636356323,162607739.82453433,2021-02-21
83,1613952000000,0.2984767881372208,167770066.6984948,2021-02-22
84,1614038400000,0.27308326952860834,153309768.98851824,2021-02-23
85,1614124800000,0.2436329668915109,136454565.2303101,2021-02-24
86,1614211200000,0.24068657463838528,136060442.97711146,2021-02-25
87,1614297600000,0.21607996849147915,122891489.34510002,2021-02-26
88,1614384000000,0.2156119574305954,121727338.37829961,2021-02-27
89,1614470400000,0.2292161830239911,128467379.73687309,2021-02-28
90,1614556800000,0.2089030102828101,117980096.21328746,2021-03-01
91,1614643200000,0.24082805166930069,136038248.85884872,2021-03-02
92,1614729600000,0.2876999424253698,163203957.20126772,2021-03-03
93,1614816000000,0.2749505090348028,155479501.41850471,2021-03-04
94,1614902400000,0.2919952872527072,164839005.25632665,2021-03-05
95,1614988800000,0.31608567445286756,178196138.95684654,2021-03-06
96,1615075200000,0.2957058427358943,167054368.5924114,2021-03-07
97,1615161600000,0.3066039674037308,172520133.02358574,2021-03-08
98,1615248000000,0.35039491965510233,197523488.52531767,2021-03-09
99,1615334400000,0.5587225904935944,312369012.0853696,2021-03-10
100,1615420800000,0.5310547678105625,299938931.5427379,2021-03-11
101,1615507200000,0.7786933808826917,435851274.98449844,2021-03-12
102,1615593600000,0.883695396919753,498881714.3034675,2021-03-13
103,1615680000000,0.8264547424283312,466401131.45427006,2021-03-14
104,1615766400000,0.843085541283985,477554402.3556839,2021-03-15
105,1615852800000,0.744253343196046,494133472.21272415,2021-03-16
106,1615939200000,0.7057999636358312,466287722.7753558,2021-03-17
107,1616025600000,0.7281862973319577,480407289.5760007,2021-03-18
108,1616112000000,0.6957077631818667,459400577.4289623,2021-03-19
109,1616198400000,0.693896658396593,457878728.8045903,2021-03-20
110,1616284800000,0.6868034597380519,453983086.8851302,2021-03-21
111,1616371200000,0.6609898984310274,436713184.0903998,2021-03-22
112,1616457600000,0.6987155018471891,466959633.2743164,2021-03-23
113,1616544000000,0.658287851834205,435737729.61247903,2021-03-24
114,1616630400000,0.5856512735857857,387679465.39320755,2021-03-25
115,1616716800000,0.5175352659348856,342018446.7534852,2021-03-26
116,1616803200000,0.5818839695305821,383682703.7471051,2021-03-27
117,1616889600000,0.5930753855963511,391815757.359101,2021-03-28
118,1616976000000,0.730604118974832,472361777.344506,2021-03-29
119,1617062400000,0.845713337347988,559026712.9844048,2021-03-30
120,1617148800000,0.7999474053008814,527677202.9415892,2021-03-31
121,1617235200000,0.7454051650928927,492093117.43212306,2021-04-01
122,1617321600000,0.7981513871547278,526248766.7481457,2021-04-02
123,1617408000000,0.7502899808627844,495918854.42847675,2021-04-03
124,1617494400000,0.672301467830367,444504109.4602386,2021-04-04
125,1617580800000,0.7090717885501558,468407477.97235245,2021-04-05
126,1617667200000,0.7257831353382871,479069171.91409296,2021-04-06
127,1617753600000,0.7054610544422819,466092035.87631273,2021-04-07
128,1617840000000,0.6314729489082533,418916306.34737515,2021-04-08
129,1617926400000,0.6684235494450688,441062887.72177845,2021-04-09
130,1618012800000,0.6781091708274251,446105739.2126619,2021-04-10
131,1618099200000,0.7079890618760644,466727376.6882764,2021-04-11
132,1618185600000,0.6947093647837643,458024589.8859991,2021-04-12
133,1618272000000,0.6787738014677849,449146662.1287108,2021-04-13
134,1618358400000,0.6925597330570386,457911852.80075574,2021-04-14
135,1618444800000,0.6787720378357864,447791907.571662,2021-04-15
136,1618531200000,0.7051536770490943,464907021.035512,2021-04-16
137,1618617600000,0.7097333230323372,470817045.45934445,2021-04-17
138,1618704000000,0.8006782183651343,529955031.05323946,2021-04-18
139,1618790400000,0.6605830704611061,440150112.44899255,2021-04-19
140,1618876800000,0.5682930915640761,380341355.1416377,2021-04-20
141,1618963200000,0.5710824700877474,377083543.8263515,2021-04-21
142,1619049600000,0.5499872312906845,364168950.8942903,2021-04-22
143,1619136000000,0.5071190106144294,335440351.1914588,2021-04-23
144,1619222400000,0.48909236471022777,322353476.1375179,2021-04-24
145,1619308800000,0.4475676633545087,298446537.8000721,2021-04-25
146,1619395200000,0.44084926123158336,291322078.96372676,2021-04-26
147,1619481600000,0.5084934807129345,335566641.8476711,2021-04-27
148,1619568000000,0.6086278555571099,390664757.1082644,2021-04-28
149,1619654400000,0.5740128328654943,378449643.347681,2021-04-29
150,1619740800000,0.6724046909873146,450144034.1499401,2021-04-30
151,1619827200000,0.6676226021747048,441847668.22793776,2021-05-01
152,1619913600000,0.6594549305713491,435839518.573011,2021-05-02
153,1620000000000,0.6353380163549337,419571777.45809764,2021-05-03
154,1620086400000,0.6677564018764507,441406823.87146384,2021-05-04
155,1620172800000,0.5850306615887749,390136237.85468763,2021-05-05
156,1620259200000,0.6154486596380945,405274315.0170188,2021-05-06
157,1620345600000,0.6273064177475404,413657401.00687915,2021-05-07
158,1620432000000,0.6093866753608557,402516938.3101161,2021-05-08
159,1620518400000,0.6163191729483825,406374664.57686114,2021-05-09
160,1620604800000,0.6010423099228915,397925710.81848216,2021-05-10
161,1620691200000,0.536013082448026,355372487.257826,2021-05-11
162,1620777600000,0.5719564364172857,376298786.7498252,2021-05-12
163,1620864000000,0.4747653389828753,331843562.9219849,2021-05-13
164,1620950400000,0.49168755089258315,325180574.0008777,2021-05-14
165,1621036800000,0.5361358120682648,352831655.6932305,2021-05-15
166,1621123200000,0.4938226774778786,327338703.97376686,2021-05-16
167,1621209600000,0.5312502098987486,350357397.8071193,2021-05-17
168,1621296000000,0.5013403495079723,335510104.22559476,2021-05-18
169,1621382400000,0.5638129903321406,371935631.93112564,2021-05-19
170,1621468800000,0.34994775848172116,336404018.27120674,2021-05-20
171,1621555200000,0.37927372644606533,360031177.0558583,2021-05-21
172,1621641600000,0.3403379982257271,324101452.6562529,2021-05-22
173,1621728000000,0.3079110127866905,295880414.18384904,2021-05-23
174,1621814400000,0.2704460246234433,257992556.00256914,2021-05-24
175,1621900800000,0.31373472033294764,299493265.7453464,2021-05-25
176,1621987200000,0.3371273239915585,322929788.2755941,2021-05-26
177,1622073600000,0.5600286777344786,546669451.6237093,2021-05-27
178,1622160000000,0.5015341678246116,483407074.32600605,2021-05-28
179,1622246400000,0.4372483093478118,424179186.76655483,2021-05-29
180,1622332800000,0.39332820600523866,381558098.4686454,2021-05-30
181,1622419200000,0.42225951560261576,387687814.2061997,2021-05-31
182,1622505600000,0.45776134898959936,440132613.63614035,2021-06-01
183,1622592000000,0.4167751554749292,399519860.1504496,2021-06-02
184,1622678400000,0.4235891292420119,406495776.06106067,2021-06-03
185,1622764800000,0.4228848593986503,407675321.3178283,2021-06-04
186,1622851200000,0.3772998449102051,374703877.96181124,2021-06-05
187,1622937600000,0.36652171735022676,361140909.3638264,2021-06-06
188,1623024000000,0.3807351125672328,376968930.3153465,2021-06-07
189,1623110400000,0.33126943477915455,331153148.5440478,2021-06-08
190,1623196800000,0.328016751617882,325915914.1404113,2021-06-09
191,1623283200000,0.33144253675152663,328718689.6192499,2021-06-10
192,1623369600000,0.3101405886595828,309480014.5226137,2021-06-11
193,1623456000000,0.2941688178043791,292430486.37622184,2021-06-12
194,1623542400000,0.2788482681584277,279040434.31303114,2021-06-13
195,1623628800000,0.30846178727582907,303163332.3696513,2021-06-14
196,1623715200000,0.3147366705237211,311740691.5404849,2021-06-15
197,1623801600000,0.3057036616853259,303365024.37563163,2021-06-16
198,1623888000000,0.2844820628806331,281405080.1000867,2021-06-17
199,1623974400000,0.29928196189102024,295564156.3729001,2021-06-18
200,1624060800000,0.27654472331935454,274154724.92200285,2021-06-19
201,1624147200000,0.2820094283750223,279031947.19503623,2021-06-20
202,1624233600000,0.27346472821283285,270978081.24722415,2021-06-21
203,1624320000000,0.212006346202087,214052547.51954085,2021-06-22
204,1624406400000,0.20287128948243532,198887745.5166028,2021-06-23
205,1624492800000,0.234248280409351,232118213.13744244,2021-06-24
206,1624579200000,0.22859478550332296,226684411.3258633,2021-06-25
207,1624665600000,0.20943720658755358,207484262.7418309,2021-06-26
208,1624752000000,0.20634024393108172,204351857.77353692,2021-06-27
209,1624838400000,0.24121793195888627,239359748.45568737,2021-06-28
210,1624924800000,0.23718713605718422,234706754.2886425,2021-06-29
211,1625011200000,0.2513309024009613,250112959.86304364,2021-06-30
212,1625097600000,0.2395740705073698,237439239.52057904,2021-07-01
213,1625184000000,0.218701834950547,265148156.40623158,2021-07-02
214,1625270400000,0.22962751715869684,278608988.5844242,2021-07-03
215,1625356800000,0.22829313717437424,276594620.3319142,2021-07-04
216,1625443200000,0.23005907590027222,279031589.8931183,2021-07-05
217,1625529600000,0.24602544887035294,299150441.18276125,2021-07-06
218,1625616000000,0.24817882604451288,301358000.57609004,2021-07-07
219,1625702400000,0.25273305057019657,306201363.9161351,2021-07-08
220,1625788800000,0.23068086703673837,279802708.78699064,2021-07-09
221,1625875200000,0.24238122175550195,293449576.97087187,2021-07-10
222,1625961600000,0.23470615188232904,284722100.44382507,2021-07-11
223,1626048000000,0.23428759913347783,283898614.5532917,2021-07-12
224,1626134400000,0.22782759999006247,276223974.1633276,2021-07-13
225,1626220800000,0.21938251959796207,266602291.3712463,2021-07-14
226,1626307200000,0.22033650922263312,266394586.0524354,2021-07-15
227,1626393600000,0.22684009185327478,273612319.3334149,2021-07-16
228,1626480000000,0.2009037620348943,243336204.0506123,2021-07-17
229,1626566400000,0.19318809757990127,234601601.7185563,2021-07-18
230,1626652800000,0.20267730760090724,246359352.53118837,2021-07-19
231,1626739200000,0.1940136321691457,235474768.95399144,2021-07-20
232,1626825600000,0.17582114571128435,213397701.0035451,2021-07-21
233,1626912000000,0.19189196868010988,231933909.22595406,2021-07-22
234,1626998400000,0.1967492082810718,238672202.00577384,2021-07-23
235,1627084800000,0.19800753317079145,240224613.86155754,2021-07-24
236,1627171200000,0.20982071760208937,253732859.9509477,2021-07-25
237,1627257600000,0.23889539557813919,289602337.9648383,2021-07-26
238,1627344000000,0.22502384823133714,273846067.85575527,2021-07-27
239,1627430400000,0.2280621351674266,276261819.50045663,2021-07-28
240,1627516800000,0.2241648697012411,271899463.3229631,2021-07-29
241,1627603200000,0.26161032940803913,314812378.1303801,2021-07-30
242,1627689600000,0.25537034110454904,309580944.8997934,2021-07-31
243,1627776000000,0.258151390112442,313548583.7996877,2021-08-01
244,1627862400000,0.24334547375227808,295039663.5570414,2021-08-02
245,1627948800000,0.2822487503214103,343101131.2176715,2021-08-03
246,1628035200000,0.263121155239476,319293994.6262153,2021-08-04
247,1628121600000,0.2697703587327812,329822035.80698305,2021-08-05
248,1628208000000,0.27631427498701266,335719379.4275281,2021-08-06
249,1628294400000,0.3052395553132343,365992142.241574,2021-08-07
250,1628380800000,0.30164906217496823,365740552.3523627,2021-08-08
251,1628467200000,0.27672675470524033,335731590.3467453,2021-08-09
252,1628553600000,0.291773096607538,358780717.1782584,2021-08-10
253,1628640000000,0.3060602634770037,370470185.6865077,2021-08-11
254,1628726400000,0.3041031417087006,368352399.39657176,2021-08-12
255,1628812800000,0.2941501307917222,356717627.3492596,2021-08-13
256,1628899200000,0.3127580457759713,378980561.0714001,2021-08-14
257,1628985600000,0.34403373292547396,417761018.5941924,2021-08-15
258,1629072000000,0.34148697778739345,414275020.6019085,2021-08-16
259,1629158400000,0.3306800322426272,410141323.2846395,2021-08-17
260,1629244800000,0.3181327515915454,388441140.7756491,2021-08-18
261,1629331200000,0.31321906292942553,381195477.28814495,2021-08-19
262,1629417600000,0.3293530653464748,394912499.99090785,2021-08-20
263,1629504000000,0.33359108625633166,404304459.8770261,2021-08-21
264,1629590400000,0.3266180827613571,396642398.5787979,2021-08-22
265,1629676800000,0.3811635970128579,464676219.65480226,2021-08-23
266,1629763200000,0.36562490600583886,444180420.78182566,2021-08-24
267,1629849600000,0.3288887417349367,400443790.98727185,2021-08-25
268,1629936000000,0.34929439063466194,423895135.95305943,2021-08-26
269,1630022400000,0.3181907767041815,387006355.0575421,2021-08-27
270,1630108800000,0.33776059609004727,409832952.93903977,2021-08-28
271,1630195200000,0.36540723092078037,442910089.50852704,2021-08-29
272,1630281600000,0.41652577276196534,505098794.9697926,2021-08-30
273,1630368000000,0.38788015985828184,481510813.4040182,2021-08-31
274,1630454400000,0.4053367948493463,500267616.82980293,2021-09-01
275,1630540800000,0.40037889522305004,498277406.94457996,2021-09-02
276,1630627200000,0.3830629347487082,476898252.72558576,2021-09-03
277,1630713600000,0.385629195207462,479152621.27973473,2021-09-04
278,1630800000000,0.41846358096908653,520993607.64733344,2021-09-05
279,1630886400000,0.41220148279105423,512771325.6568824,2021-09-06
280,1630972800000,0.46312599604317417,578119179.2648613,2021-09-07
281,1631059200000,0.3468227552380341,432602962.4974523,2021-09-08
282,1631145600000,0.35093031923052626,438672554.320949,2021-09-09
283,1631232000000,0.4014302097890998,498838588.8111248,2021-09-10
284,1631318400000,0.34827707939579816,433002252.9661411,2021-09-11
285,1631404800000,0.34465214841374237,428949174.3998572,2021-09-12
286,1631491200000,0.3962217527066281,493934526.03118443,2021-09-13
287,1631577600000,0.37730039333219895,469822909.1380618,2021-09-14
288,1631664000000,0.44246035917052695,549401255.7271895,2021-09-15
289,1631750400000,0.45207831438210166,561562354.9845877,2021-09-16
290,1631836800000,0.4469656068304671,556271940.0269643,2021-09-17
291,1631923200000,0.41118086873431053,512120551.64475566,2021-09-18
292,1632009600000,0.4067006770454575,506185493.5043989,2021-09-19
293,1632096000000,0.3836329674204882,477312370.9470575,2021-09-20
294,1632182400000,0.31768149809188856,393995021.47496015,2021-09-21
295,1632268800000,0.3086315820311759,382731980.6169119,2021-09-22
296,1632355200000,0.3437041648889015,426680879.32417053,2021-09-23
297,1632441600000,0.34519973392524395,429862275.0799603,2021-09-24
298,1632528000000,0.3164257466732867,391084039.3634237,2021-09-25
299,1632614400000,0.30994437232962396,385467495.8406596,2021-09-26
300,1632700800000,0.3027372458907193,376921829.73864126,2021-09-27
301,1632787200000,0.29240159845593705,367387166.36048496,2021-09-28
302,1632873600000,0.267345070682916,333007168.41200095,2021-09-29
303,1632960000000,0.27969206941600216,347536642.3698075,2021-09-30
304,1633046400000,0.296434131473755,369251277.7672225,2021-10-01
305,1633132800000,0.3238346728104231,402280397.77664065,2021-10-02
306,1633219200000,0.33702178659819065,419698755.3502944,2021-10-03
307,1633305600000,0.34438853368643085,429884119.71180487,2021-10-04
308,1633392000000,0.33692216659793356,419726478.0275124,2021-10-05
309,1633478400000,0.33853410691375463,421962349.880749,2021-10-06
310,1633564800000,0.3355121029658821,417107086.68974984,2021-10-07
311,1633651200000,0.3219138447204041,680579530.2384462,2021-10-08
312,1633737600000,0.3100030535403568,655748661.7066134,2021-10-09
313,1633824000000,0.31969219265158916,675929164.1741724,2021-10-10
314,1633910400000,0.2983891164713896,630745296.3048488,2021-10-11
315,1633996800000,0.2944858803777982,620682734.5697172,2021-10-12
316,1634083200000,0.29617455597338405,626910835.1859312,2021-10-13
317,1634169600000,0.2995900725839659,633410988.6532264,2021-10-14
318,1634256000000,0.30930450009498595,654202630.3100845,2021-10-15
319,1634342400000,0.35327218763599777,748142274.025501,2021-10-16
320,1634428800000,0.36842670648218684,782691368.2147435,2021-10-17
321,1634515200000,0.3520330409936919,743674221.3165647,2021-10-18
322,1634601600000,0.3716889802241632,761335727.2235334,2021-10-19
323,1634688000000,0.34189135166518814,722736869.4674947,2021-10-20
324,1634774400000,0.3498629725441958,741510521.2365172,2021-10-21
325,1634860800000,0.3410259144234761,721767124.8473657,2021-10-22
326,1634947200000,0.3376402836142531,713632879.4295415,2021-10-23
327,1635033600000,0.3356323832765189,709494981.2517476,2021-10-24
328,1635120000000,0.3244480157742777,686234911.4651334,2021-10-25
329,1635206400000,0.3317642153154424,700921973.6814666,2021-10-26
330,1635292800000,0.33435766315640114,706867856.1925488,2021-10-27
331,1635379200000,0.2905708454550536,614008554.776306,2021-10-28
332,1635465600000,0.3103657692860813,653825115.913179,2021-10-29
333,1635552000000,0.3276981011114593,692129527.2990519,2021-10-30
334,1635638400000,0.3465264140086799,732608525.4796017,2021-10-31
335,1635724800000,0.34069234667264353,720715966.1752155,2021-11-01
336,1635811200000,0.3573111890281298,847344633.5663081,2021-11-02
337,1635897600000,0.3607986867296839,857862314.0465217,2021-11-03
338,1635984000000,0.3711082772164662,882141750.4836472,2021-11-04
339,1636070400000,0.36611008981974924,859328061.142976,2021-11-05
340,1636156800000,0.3669623716137345,874672247.5087487,2021-11-06
341,1636243200000,0.38142590972434764,903735421.5610979,2021-11-07
342,1636329600000,0.40283619718096153,953136046.2315407,2021-11-08
343,1636416000000,0.38147184586244687,912666062.1390121,2021-11-09
344,1636502400000,0.3659388290506122,874198346.6153715,2021-11-10
345,1636588800000,0.3414875391209991,811567865.6214653,2021-11-11
346,1636675200000,0.3723994271390591,886434568.5264728,2021-11-12
347,1636761600000,0.3585380553261646,851070198.0180343,2021-11-13
348,1636848000000,0.36176830270660554,861450987.0772787,2021-11-14
349,1636934400000,0.36695845880695893,869809364.9714906,2021-11-15
350,1637020800000,0.37271895383010056,886744290.6108551,2021-11-16
351,1637107200000,0.33158637152896303,791872672.7765156,2021-11-17
352,1637193600000,0.33570076746580124,792886668.0554056,2021-11-18
353,1637280000000,0.30831351302627863,732333334.1973456,2021-11-19
354,1637366400000,0.32291841058417387,766465067.6673841,2021-11-20
355,1637452800000,0.33002934660604044,785551092.4249907,2021-11-21
356,1637539200000,0.36768939853207333,878176493.403266,2021-11-22
357,1637625600000,0.3354344050355869,797225514.6653028,2021-11-23
358,1637712000000,0.3742096470092243,892311225.0163248,2021-11-24
359,1637798400000,0.3846145180575059,915643726.9898816,2021-11-25
360,1637884800000,0.37981477662844,905806906.9787631,2021-11-26
361,1637971200000,0.3265749025660404,777396766.9707181,2021-11-27
362,1638057600000,0.3400080167383223,803354649.1378365,2021-11-28
363,1638144000000,0.3367305450715809,801093645.2103182,2021-11-29
364,1638230400000,0.3344308367094218,796588658.8858831,2021-11-30
365,1638316800000,0.3168251448593,753717006.8639202,2021-12-01
366,1638403200000,0.3111762549183225,821525858.114109,2021-12-02
367,1638489600000,0.32247741568576876,852931821.6333544,2021-12-03
368,1638576000000,0.3020413212084894,796732164.6271452,2021-12-04
369,1638662400000,0.25338717969076446,666926108.3063436,2021-12-05
370,1638748800000,0.2286404099961042,602471393.8603196,2021-12-06
371,1638835200000,0.23531857677579093,621355788.5455198,2021-12-07
372,1638921600000,0.22802016353612828,602209641.789384,2021-12-08
373,1639008000000,0.23333252139105246,613881918.4608443,2021-12-09
374,1639094400000,0.21748258263702724,578588132.2028497,2021-12-10
375,1639180800000,0.20571770936175598,552850431.6228044,2021-12-11
376,1639267200000,0.21614335230429932,570958730.634142,2021-12-12
377,1639353600000,0.21613153523596737,570535853.2934337,2021-12-13
378,1639440000000,0.19380624382253542,512077653.5000315,2021-12-14
379,1639526400000,0.19993328117944326,526674714.76205164,2021-12-15
380,1639612800000,0.2056854141579768,542135577.3365211,2021-12-16
381,1639699200000,0.2024258567531522,535387168.699147,2021-12-17
382,1639785600000,0.1902676782628081,501898589.5793363,2021-12-18
383,1639872000000,0.19661985711312566,519176462.2721199,2021-12-19
384,1639958400000,0.19293304899514682,511568512.21908695,2021-12-20
385,1640044800000,0.19918999409618407,527486730.6970122,2021-12-21
386,1640131200000,0.20430839970153739,541151364.1362314,2021-12-22
387,1640217600000,0.2082229401832888,550676624.0318319,2021-12-23
388,1640304000000,0.22931273869961127,605500297.5285114,2021-12-24
389,1640390400000,0.21770664183788627,573926905.7418393,2021-12-25
390,1640476800000,0.23506563936007827,620255613.8292773,2021-12-26
391,1640563200000,0.2410557636931404,632983067.531257,2021-12-27
392,1640649600000,0.24008589773835845,636338956.6712105,2021-12-28
393,1640736000000,0.21998733371472987,581275002.751157,2021-12-29
394,1640822400000,0.20631366014090605,540478456.0793865,2021-12-30
395,1640908800000,0.20813079081607894,548169324.2226053,2021-12-31
396,1640995200000,0.20285862881750436,537425917.1291828,2022-01-01
397,1641081600000,0.2126433145386799,672147452.9923092,2022-01-02
398,1641168000000,0.21259102215653836,678916704.1728307,2022-01-03
399,1641254400000,0.2061304964521145,656293612.0619992,2022-01-04
400,1641340800000,0.2010206316455813,659117435.0927132,2022-01-05
401,1641427200000,0.19134698725146884,611619665.0369104,2022-01-06
402,1641513600000,0.18757028708502524,597589507.2021312,2022-01-07
403,1641600000000,0.17329383218233052,551822467.0680171,2022-01-08
404,1641686400000,0.16393328808700106,524199181.0017911,2022-01-09
405,1641772800000,0.1695742055922384,539618765.9046159,2022-01-10
406,1641859200000,0.15816380926521018,502652250.80090314,2022-01-11
407,1641945600000,0.16042426124038153,512110584.8935185,2022-01-12
408,1642032000000,0.16679415842385562,531841390.0281909,2022-01-13
409,1642118400000,0.15777101175853622,503225318.0417141,2022-01-14
410,1642204800000,0.17611235326983452,560192673.4694865,2022-01-15
411,1642291200000,0.173136175166524,552132728.5969077,2022-01-16
412,1642377600000,0.16837195360361346,535889398.45466375,2022-01-17
413,1642464000000,0.15987841971317387,509322412.37023145,2022-01-18
414,1642550400000,0.1544803238229018,491800309.87215626,2022-01-19
415,1642636800000,0.15107424436741443,481784970.7845487,2022-01-20
416,1642723200000,0.14809455794291435,471358487.676021,2022-01-21
417,1642809600000,0.11998442383574744,382361322.9953848,2022-01-22
418,1642896000000,0.11247947094562129,357516553.17999196,2022-01-23
419,1642982400000,0.11326073520339108,359885413.0159395,2022-01-24
420,1643068800000,0.11113488564985245,352869093.5682031,2022-01-25
421,1643155200000,0.11381568094967262,362138930.94274807,2022-01-26
422,1643241600000,0.11845975392433643,380178677.08551735,2022-01-27
423,1643328000000,0.11284898425345788,357647645.9069029,2022-01-28
424,1643414400000,0.11856161322227536,377016519.3703906,2022-01-29
425,1643500800000,0.11969881090777243,380206081.79490453,2022-01-30
426,1643587200000,0.1153714172781262,366784354.19049734,2022-01-31
427,1643673600000,0.11364124615306691,362295247.23610383,2022-02-01
428,1643760000000,0.11640132707315964,375741825.9007847,2022-02-02
429,1643846400000,0.10906091757933127,350722411.6713018,2022-02-03
430,1643932800000,0.11300236724408015,363582270.5269606,2022-02-04
431,1644019200000,0.1254649927664113,402994655.64968044,2022-02-05
432,1644105600000,0.12996938535607272,419959510.1345636,2022-02-06
433,1644192000000,0.1311086338989324,420625714.0159105,2022-02-07
434,1644278400000,0.13834478507869058,444432117.5884054,2022-02-08
435,1644364800000,0.13364725599913013,429789080.4676002,2022-02-09
436,1644451200000,0.14286110875980082,460092808.8324833,2022-02-10
437,1644537600000,0.14767119880368468,472453455.4002772,2022-02-11
438,1644624000000,0.14915393320041623,480913674.6299739,2022-02-12
439,1644710400000,0.1387057096130559,446539620.3060223,2022-02-13
440,1644796800000,0.14755163217030304,475186820.4370375,2022-02-14
441,1644883200000,0.1566705428632084,503893739.35389054,2022-02-15
442,1644969600000,0.1620870573731196,521814428.03235203,2022-02-16
443,1645056000000,0.1568980058862994,505196932.80614966,2022-02-17
444,1645142400000,0.1555658900608004,499817011.95479715,2022-02-18
445,1645228800000,0.13690059531760243,441972279.7955093,2022-02-19
446,1645315200000,0.14775282922097616,473727525.09161556,2022-02-20
447,1645401600000,0.13529865757102394,435665337.8125737,2022-02-21
448,1645488000000,0.1230658002625375,396418304.14984655,2022-02-22
449,1645574400000,0.1319575943480646,424824086.4449221,2022-02-23
450,1645660800000,0.12139409681424067,391076144.18271494,2022-02-24
451,1645747200000,0.12060645506000224,389051095.9532008,2022-02-25
452,1645833600000,0.12871693006205268,415354653.0149524,2022-02-26
453,1645920000000,0.12100637948438873,386858421.9051763,2022-02-27
454,1646006400000,0.11517223370987094,369948358.32076305,2022-02-28
455,1646092800000,0.12988387861423556,416557491.25269705,2022-03-01
456,1646179200000,0.13613590362418407,440623482.9415444,2022-03-02
457,1646265600000,0.1301043860373703,422118569.7959415,2022-03-03
458,1646352000000,0.12252106758372111,397979576.1990308,2022-03-04
459,1646438400000,0.1169058851986983,379328425.72186774,2022-03-05
460,1646524800000,0.11805352765607786,382412386.3597448,2022-03-06
461,1646611200000,0.11150250630356301,362589511.9011793,2022-03-07
462,1646697600000,0.11071967594013313,359178173.64281756,2022-03-08
463,1646784000000,0.11364909385083531,368559163.0679066,2022-03-09
464,1646870400000,0.12468533971758713,404976040.78481704,2022-03-10
465,1646956800000,0.11965116407251424,388877586.92933434,2022-03-11
466,1647043200000,0.11498124246226296,374383813.0514825,2022-03-12
467,1647129600000,0.11537514701951408,374978386.88842654,2022-03-13
468,1647216000000,0.11325477003122018,367141880.9995436,2022-03-14
469,1647302400000,0.11874762916359348,384372872.8398681,2022-03-15
470,1647388800000,0.1196634099257675,389469586.3943942,2022-03-16
471,1647475200000,0.12782981301849014,416882992.69874513,2022-03-17
472,1647561600000,0.12045905543343989,391337627.73853904,2022-03-18
473,1647648000000,0.12150445787821659,394810620.70447373,2022-03-19
474,1647734400000,0.13174100887918672,426544206.62012935,2022-03-20
475,1647820800000,0.1250527623523249,406059893.89493865,2022-03-21
476,1647907200000,0.1323962955358805,429718473.6763872,2022-03-22
477,1647993600000,0.13486667466188612,437650131.0722981,2022-03-23
478,1648080000000,0.14244456735191746,462685614.002899,2022-03-24
479,1648166400000,0.14282540471655136,464239615.43111765,2022-03-25
480,1648252800000,0.14023902516186096,453614521.3732182,2022-03-26
481,1648339200000,0.17457069217645532,568113869.0508964,2022-03-27
482,1648425600000,0.16745056804252612,545861144.8227249,2022-03-28
483,1648512000000,0.1733871659598926,566909462.2973689,2022-03-29
484,1648598400000,0.21229458539781093,689205771.6314355,2022-03-30
485,1648684800000,0.2232850874812428,726848972.7061363,2022-03-31
486,1648771200000,0.24046287542577846,774246958.0717783,2022-04-01
487,1648857600000,0.30335425094624013,1045543499.7786969,2022-04-02
488,1648944000000,0.28362744580021104,986151163.8549982,2022-04-03
489,1649030400000,0.2639363755433332,915650735.5313933,2022-04-04
490,1649116800000,0.26388550355328955,919274164.291284,2022-04-05
491,1649203200000,0.2493331448775493,875238863.6192018,2022-04-06
492,1649289600000,0.21033962782594393,735147044.1184813,2022-04-07
493,1649376000000,0.2199726931071493,763608807.94102,2022-04-08
494,1649462400000,0.19722826444340222,681383742.0152363,2022-04-09
495,1649548800000,0.20188445756925213,700043739.9356182,2022-04-10
496,1649635200000,0.19479264404020863,685659759.8692666,2022-04-11
497,1649721600000,0.1758566992974305,611562967.5724585,2022-04-12
498,1649808000000,0.18745528333712028,651051445.2512143,2022-04-13
499,1649894400000,0.20012276124861214,694355534.2890873,2022-04-14
500,1649980800000,0.1952778140022067,679350327.9131321,2022-04-15
501,1650067200000,0.19431629033767503,674880232.8987418,2022-04-16
502,1650153600000,0.18778146542069546,653413314.2308986,2022-04-17
503,1650240000000,0.180047663738575,622789074.8861438,2022-04-18
504,1650326400000,0.1868978890331668,648973371.2430135,2022-04-19
505,1650412800000,0.20136901579296201,699159391.2376564,2022-04-20
506,1650499200000,0.1993729731683812,692146501.2315277,2022-04-21
507,1650585600000,0.1874025297982237,649544811.0898892,2022-04-22
508,1650672000000,0.18965023027343103,657947430.7284083,2022-04-23
509,1650758400000,0.18205485113936165,634304285.3693824,2022-04-24
510,1650844800000,0.17906332154558965,624849428.1622982,2022-04-25
511,1650931200000,0.17886021244902953,621772684.5064894,2022-04-26
512,1651017600000,0.1576452187680388,545640142.5107428,2022-04-27
513,1651104000000,0.16092913341664422,558800642.2175872,2022-04-28
514,1651190400000,0.19261052874963216,667209919.0015657,2022-04-29
515,1651276800000,0.16686287218833723,580494391.4095259,2022-04-30
516,1651363200000,0.1505573232901297,520283711.1563542,2022-05-01
517,1651449600000,0.15118074307692694,529108801.0635202,2022-05-02
518,1651536000000,0.14474708514296944,507279727.89468855,2022-05-03
519,1651622400000,0.1406211376117582,490866036.07162356,2022-05-04
520,1651708800000,0.15944635144522556,554208384.3810216,2022-05-05
521,1651795200000,0.1455716922523363,508882627.3589996,2022-05-06
522,1651881600000,0.14181597590640727,496738657.4661566,2022-05-07
523,1651968000000,0.13557824546483951,475407927.712684,2022-05-08
524,1652054400000,0.1286602083042819,451151871.9474629,2022-05-09
525,1652140800000,0.10716402498116143,379419904.06994045,2022-05-10
526,1652227200000,0.11411063681019062,398528469.2300236,2022-05-11
527,1652313600000,0.08193814393611444,288300557.1371525,2022-05-12
528,1652400000000,0.07683074157972802,270067453.66644824,2022-05-13
529,1652486400000,0.08205939936382388,288042393.2260348,2022-05-14
530,1652572800000,0.0863407240882319,301667391.53087556,2022-05-15
531,1652659200000,0.09141924328817772,318078511.26288164,2022-05-16
532,1652745600000,0.08098944002541723,283913521.6889514,2022-05-17
533,1652832000000,0.09186722055075051,322219820.7961448,2022-05-18
534,1652918400000,0.07840883291705324,274898025.4581095,2022-05-19
535,1653004800000,0.08487359387327088,297042302.5554018,2022-05-20
536,1653091200000,0.0778865374993489,272548847.4855951,2022-05-21
537,1653177600000,0.08097426170862876,284252440.6400883,2022-05-22
538,1653264000000,0.08491990193496424,297251406.0125132,2022-05-23
539,1653350400000,0.08019627743450454,280859613.0560887,2022-05-24
540,1653436800000,0.08312267935894084,290539616.39115334,2022-05-25
541,1653523200000,0.08277682415282679,290963883.90319955,2022-05-26
542,1653609600000,0.06735758641427735,235958427.24660528,2022-05-27
543,1653696000000,0.06216896614336378,217761236.3269823,2022-05-28
544,1653782400000,0.06303124592029989,221355041.42236882,2022-05-29
545,1653868800000,0.06642757597111235,232845419.64184317,2022-05-30
546,1653955200000,0.07063893086401875,248046954.1830522,2022-05-31
547,1654041600000,0.07160214106905731,252118568.74675348,2022-06-01
548,1654128000000,0.06725231628763498,238290257.38825345,2022-06-02
549,1654214400000,0.06874878594029797,242308017.07920694,2022-06-03
550,1654300800000,0.06533233402854796,229904019.5740228,2022-06-04
551,1654387200000,0.07045798966353567,248261910.9087115,2022-06-05
552,1654473600000,0.06783366089073141,239815072.7841015,2022-06-06
553,1654560000000,0.06888611040508681,243601461.9318859,2022-06-07
554,1654646400000,0.06932890340482495,246723922.50590363,2022-06-08
555,1654732800000,0.06949722115100257,246241155.01779822,2022-06-09
556,1654819200000,0.07338063480175684,259192224.1804853,2022-06-10
557,1654905600000,0.06483070757036799,228899943.65097442,2022-06-11
558,1654992000000,0.05765714244934,203096561.83302063,2022-06-12
559,1655078400000,0.052174464586463964,185830831.06102106,2022-06-13
560,1655164800000,0.05028637748584986,176566477.63620642,2022-06-14
561,1655251200000,0.05901247340623196,208293982.6298951,2022-06-15
562,1655337600000,0.05964050245036364,211101479.93842345,2022-06-16
563,1655424000000,0.052532956585198645,185359669.01327205,2022-06-17
564,1655510400000,0.05218948891564283,184895786.92579308,2022-06-18
565,1655596800000,0.0484709778040834,170862479.2957157,2022-06-19
566,1655683200000,0.0508152709624113,178622154.64021036,2022-06-20
567,1655769600000,0.052363342417575856,184740153.77307218,2022-06-21
568,1655856000000,0.05374523737480269,189663760.32837033,2022-06-22
569,1655942400000,0.050787620787750384,179164568.18918407,2022-06-23
570,1656028800000,0.05565618374754423,197031339.63880578,2022-06-24
571,1656115200000,0.05818890752114551,207004800.65727648,2022-06-25
572,1656201600000,0.05867707185451916,206338689.95544335,2022-06-26
573,1656288000000,0.05557907595673341,196475067.66843945,2022-06-27
574,1656374400000,0.05685959851019305,200746802.2066158,2022-06-28
575,1656460800000,0.052730725593771774,186025781.61782786,2022-06-29
576,1656547200000,0.05044994132249724,178402786.11797985,2022-06-30
577,1656633600000,0.04691475789007328,164368864.02398464,2022-07-01
578,1656720000000,0.04569820784329419,168559404.4658621,2022-07-02
579,1656806400000,0.04518333500721763,164801251.32988426,2022-07-03
580,1656892800000,0.04490617016407871,163743175.56258038,2022-07-04
581,1656979200000,0.04767631439942584,173528986.2576562,2022-07-05
582,1657065600000,0.046599032534168125,169889341.0855663,2022-07-06
583,1657152000000,0.04714202991962687,172124015.6009948,2022-07-07
584,1657238400000,0.049627659010725286,181177388.23502687,2022-07-08
585,1657324800000,0.04782856527518011,175834936.09113032,2022-07-09
586,1657411200000,0.050026084726328676,182765059.4422856,2022-07-10
587,1657497600000,0.04674447026247558,170935861.3314499,2022-07-11
588,1657584000000,0.043113415283662165,157797110.93277287,2022-07-12
589,1657670400000,0.0417162321620043,154539247.22052854,2022-07-13
590,1657756800000,0.0428787814771998,156351590.1733309,2022-07-14
591,1657843200000,0.044259330040685704,161781523.68189204,2022-07-15
592,1657929600000,0.049537407555624226,180819816.92378056,2022-07-16
593,1658016000000,0.05157198074900653,188202139.46493524,2022-07-17
594,1658102400000,0.05042734673390772,185138563.17750064,2022-07-18
595,1658188800000,0.054817960294510484,198939748.4102488,2022-07-19
596,1658275200000,0.055772457021409455,203695874.9315201,2022-07-20
597,1658361600000,0.05323911610932538,195605988.65994582,2022-07-21
598,1658448000000,0.055608272036170074,203079222.6350423,2022-07-22
599,1658534400000,0.0540665789747112,196858176.5800675,2022-07-23
600,1658620800000,0.05320967978098244,194295280.21821627,2022-07-24
601,1658707200000,0.05324230901549622,195083136.2360362,2022-07-25
602,1658793600000,0.04779958386936584,176654861.3322861,2022-07-26
603,1658880000000,0.04653617997831186,170176946.48126578,2022-07-27
604,1658966400000,0.051903794993032965,188870269.7616004,2022-07-28
605,1659052800000,0.05467117138596529,199265895.2836192,2022-07-29
606,1659139200000,0.056118485805880094,206802898.60622647,2022-07-30
607,1659225600000,0.058533318996259666,212674753.63963875,2022-07-31
608,1659312000000,0.05895044631160314,214432693.71281618,2022-08-01
609,1659398400000,0.06156469868883958,225514028.61119747,2022-08-02
610,1659484800000,0.058386965074190354,215879009.96990743,2022-08-03
611,1659571200000,0.05861528387374125,215336847.13477775,2022-08-04
612,1659657600000,0.06307822637050274,231349921.52659854,2022-08-05
613,1659744000000,0.06691322538894698,245920985.72253212,2022-08-06
614,1659830400000,0.0648045141809306,238112641.59836793,2022-08-07
615,1659916800000,0.06434718873645316,236482355.55775428,2022-08-08
616,1660003200000,0.06790920199236938,249645897.5127499,2022-08-09
617,1660089600000,0.06430188979433657,236839318.3004055,2022-08-10
618,1660176000000,0.06851609921196551,251073493.94867778,2022-08-11
619,1660262400000,0.07471468972956737,274410981.3025563,2022-08-12
620,1660348800000,0.07366866197416576,270905991.50395614,2022-08-13
621,1660435200000,0.07128905202403117,261887009.85831207,2022-08-14
622,1660521600000,0.06692717890594888,246120784.532429,2022-08-15
623,1660608000000,0.06601167929148269,242669323.54189464,2022-08-16
624,1660694400000,0.06427504803172583,235939609.78566352,2022-08-17
625,1660780800000,0.059720683482495505,220228344.81795153,2022-08-18
626,1660867200000,0.05444841272416943,199254892.83721775,2022-08-19
627,1660953600000,0.05107623138310362,188549929.32598191,2022-08-20
628,1661040000000,0.05031902698789793,184856214.2452525,2022-08-21
629,1661126400000,0.05148110311062693,189806058.36688423,2022-08-22
630,1661212800000,0.05099473181566758,187360191.8733423,2022-08-23
631,1661299200000,0.05173244851949309,190731774.89575633,2022-08-24
632,1661385600000,0.051946258525705225,191174048.6412529,2022-08-25
633,1661472000000,0.0533156936517209,195890167.5734851,2022-08-26
634,1661558400000,0.04707482237709137,172416562.5630792,2022-08-27
635,1661644800000,0.047502259624575376,174678870.44821104,2022-08-28
636,1661731200000,0.04558016407065037,168377429.04728466,2022-08-29
637,1661817600000,0.049276898502503934,180885175.87868556,2022-08-30
638,1661904000000,0.04852855840886185,179238268.84899998,2022-08-31
639,1661990400000,0.04842568977422614,177940925.4854713,2022-09-01
640,1662076800000,0.048660641727461956,180156447.9529294,2022-09-02
641,1662163200000,0.04849675591069327,179566286.5823836,2022-09-03
642,1662249600000,0.04853852843220281,180033284.0628303,2022-09-04
643,1662336000000,0.05071335560130698,187718855.32573885,2022-09-05
644,1662422400000,0.049645396259865096,183797328.54614097,2022-09-06
645,1662508800000,0.04535282990724753,169326717.4589471,2022-09-07
646,1662595200000,0.04774112750056919,176963082.1400494,2022-09-08
647,1662681600000,0.04826045484855079,178738434.0126529,2022-09-09
648,1662768000000,0.05178512444455218,191704428.92506564,2022-09-10
649,1662854400000,0.051064587048335275,189287926.10830525,2022-09-11
650,1662940800000,0.04986943292122869,184667064.09608066,2022-09-12
651,1663027200000,0.049069395932977454,181719744.75016752,2022-09-13
652,1663113600000,0.044187804007812845,163761881.32364032,2022-09-14
653,1663200000000,0.04311339236306096,159334848.47061333,2022-09-15
654,1663286400000,0.040736186245346306,151051658.21101797,2022-09-16
655,1663372800000,0.04097976441485932,151808873.2056398,2022-09-17
656,1663459200000,0.04221659106415154,156510587.17050186,2022-09-18
657,1663545600000,0.036910283718585325,136892551.59060043,2022-09-19
658,1663632000000,0.03942090174701675,146117876.40661022,2022-09-20
659,1663718400000,0.03734478226653481,138502795.80256423,2022-09-21
660,1663804800000,0.03731443341749575,137919440.92928216,2022-09-22
661,1663891200000,0.03903191526128439,144412536.22563332,2022-09-23
662,1663977600000,0.038840840555554784,144227319.5765631,2022-09-24
663,1664064000000,0.03794331538252468,140579518.9088637,2022-09-25
664,1664150400000,0.037319289477881296,137993435.97868356,2022-09-26
665,1664236800000,0.03866682975922451,142957391.28489372,2022-09-27
666,1664323200000,0.038630288076332175,143402057.00193065,2022-09-28
667,1664409600000,0.038994519124104385,144328044.4009042,2022-09-29
668,1664496000000,0.03927510290190907,145441864.21697575,2022-09-30
669,1664582400000,0.03925904813794868,145198374.1990048,2022-10-01
670,1664668800000,0.03898163160621799,155412238.31595924,2022-10-02
671,1664755200000,0.03792531108082697,151720286.74991247,2022-10-03
672,1664841600000,0.03895273092157234,155508052.9367161,2022-10-04
673,1664928000000,0.0396177202750251,158038066.30831173,2022-10-05
674,1665014400000,0.03914033010365507,155923726.69727606,2022-10-06
675,1665100800000,0.038659889539047615,154142470.90330708,2022-10-07
676,1665187200000,0.03832816210379817,152673921.02524927,2022-10-08
677,1665273600000,0.03826518630538544,152553936.6233804,2022-10-09
678,1665360000000,0.03862696427512913,153730846.44498956,2022-10-10
679,1665446400000,0.03707173522639224,148057472.94234475,2022-10-11
680,1665532800000,0.036195567203238764,144119415.8318898,2022-10-12
681,1665619200000,0.035767127580660675,142603907.7593784,2022-10-13
682,1665705600000,0.03448227283893797,137425911.12713343,2022-10-14
683,1665792000000,0.03381636836391569,134591957.53571522,2022-10-15
684,1665878400000,0.03409866491008165,136097203.77552947,2022-10-16
685,1665964800000,0.03533971717153242,140718136.21586794,2022-10-17
686,1666051200000,0.036322872297421295,144878527.08749837,2022-10-18
687,1666137600000,0.03478270944275907,138883623.40422112,2022-10-19
688,1666224000000,0.03278179019975547,130547730.08934222,2022-10-20
689,1666310400000,0.032675292336923685,130222002.54419959,2022-10-21
690,1666396800000,0.033305600789214046,132646409.77844155,2022-10-22
691,1666483200000,0.03318227829917233,132342884.88773623,2022-10-23
692,1666569600000,0.0343653999488062,136836531.82633,2022-10-24
693,1666656000000,0.03332854887630941,132915058.22602898,2022-10-25
694,1666742400000,0.034266013518721175,136926184.70260528,2022-10-26
695,1666828800000,0.03556975825908121,141613000.89282435,2022-10-27
696,1666915200000,0.036439505919796174,145526667.30165526,2022-10-28
697,1667001600000,0.0376812319308361,150498422.7209593,2022-10-29
698,1667088000000,0.03768379706365287,150110188.1360047,2022-10-30
699,1667174400000,0.037556110680617066,149489769.87487295,2022-10-31
700,1667260800000,0.03754341860240746,149775117.68099242,2022-11-01
701,1667347200000,0.03668853043535224,147282884.367119,2022-11-02
702,1667433600000,0.03553189138318405,142641334.36443678,2022-11-03
703,1667520000000,0.040178944823495176,160872584.2934202,2022-11-04
704,1667606400000,0.04280232893389086,171638403.01751196,2022-11-05
705,1667692800000,0.042480443179892344,170565764.1383414,2022-11-06
706,1667779200000,0.03972954855229358,159423204.1116369,2022-11-07
707,1667865600000,0.03972624673492293,159485987.87909806,2022-11-08
708,1667952000000,0.033291139529542296,134136487.85297085,2022-11-09
709,1668038400000,0.02450194115916802,98497662.65484557,2022-11-10
710,1668124800000,0.02877906413309159,115573081.60908565,2022-11-11
711,1668211200000,0.02831566963871286,112823703.3045294,2022-11-12
712,1668297600000,0.0264356671536202,106018332.80167438,2022-11-13
713,1668384000000,0.027619138099974988,110561379.644558,2022-11-14
714,1668470400000,0.028618173588741,115074589.0637951,2022-11-15
715,1668556800000,0.02891507154662323,115896393.86617562,2022-11-16
716,1668643200000,0.028423138134832302,113794162.46604872,2022-11-17
717,1668729600000,0.026404027904380824,105980628.15581214,2022-11-18
718,1668816000000,0.02622575020244657,105199516.64111567,2022-11-19
719,1668902400000,0.026177766522800353,105230912.04079482,2022-11-20
