,Time,open,mktcap,Date
0,1632787200000,0.31261758533507467,0.0,2021-09-28
1,1632873600000,0.31261758533507467,0.0,2021-09-29
2,1632960000000,0.4609884276924537,0.0,2021-09-30
3,1633046400000,0.6193699284637773,0.0,2021-10-01
4,1633132800000,0.549656569837404,0.0,2021-10-02
5,1633219200000,0.4366333352657887,0.0,2021-10-03
6,1633305600000,0.5272925873871618,0.0,2021-10-04
7,1633392000000,0.5814259640593911,0.0,2021-10-05
8,1633478400000,0.5884266979561885,0.0,2021-10-06
9,1633564800000,0.5808492738522678,0.0,2021-10-07
10,1633651200000,0.4645509052290271,0.0,2021-10-08
11,1633737600000,0.4153635197311269,0.0,2021-10-09
12,1633824000000,0.40317508032484994,0.0,2021-10-10
13,1633910400000,0.3865695217740171,0.0,2021-10-11
14,1633996800000,0.3767504291469395,0.0,2021-10-12
15,1634083200000,0.3525401558143736,0.0,2021-10-13
16,1634169600000,0.3970869528166941,0.0,2021-10-14
17,1634256000000,0.4124721192373894,0.0,2021-10-15
18,1634342400000,0.4061965294586323,0.0,2021-10-16
19,1634428800000,0.4464833250615524,0.0,2021-10-17
20,1634515200000,0.4771657121878682,0.0,2021-10-18
21,1634601600000,0.4769257962958901,0.0,2021-10-19
22,1634688000000,0.4419125663893747,0.0,2021-10-20
23,1634774400000,0.46122693407456933,0.0,2021-10-21
24,1634860800000,0.4553747651201911,0.0,2021-10-22
25,1634947200000,0.4683852653798946,0.0,2021-10-23
26,1635033600000,0.4833981433087541,0.0,2021-10-24
27,1635120000000,0.5289945130074827,0.0,2021-10-25
28,1635206400000,0.5525035814230996,0.0,2021-10-26
29,1635292800000,0.5329199253541597,0.0,2021-10-27
30,1635379200000,0.5247108491406702,0.0,2021-10-28
31,1635465600000,0.5438622325999433,0.0,2021-10-29
32,1635552000000,0.5260061006400658,0.0,2021-10-30
33,1635638400000,0.5396266422609755,0.0,2021-10-31
34,1635724800000,0.6496035909206687,0.0,2021-11-01
35,1635811200000,0.5535787624460702,0.0,2021-11-02
36,1635897600000,0.5143576263186859,0.0,2021-11-03
37,1635984000000,0.49104640344448025,0.0,2021-11-04
38,1636070400000,0.4532386168701748,0.0,2021-11-05
39,1636156800000,0.4458915466882939,0.0,2021-11-06
40,1636243200000,0.4219371266114949,0.0,2021-11-07
41,1636329600000,0.43249858166217964,0.0,2021-11-08
42,1636416000000,0.4173689537646722,0.0,2021-11-09
43,1636502400000,0.4405265863612161,0.0,2021-11-10
44,1636588800000,0.4110698844310885,0.0,2021-11-11
45,1636675200000,0.41312403463721675,0.0,2021-11-12
46,1636761600000,0.42572746891186436,0.0,2021-11-13
47,1636848000000,0.4158728821266107,0.0,2021-11-14
48,1636934400000,0.4334275951374566,0.0,2021-11-15
49,1637020800000,0.42019620443070377,0.0,2021-11-16
50,1637107200000,0.39593057801847004,0.0,2021-11-17
51,1637193600000,0.3967814181983881,0.0,2021-11-18
52,1637280000000,0.3476031176893702,0.0,2021-11-19
53,1637366400000,0.398814292122339,0.0,2021-11-20
54,1637452800000,0.4003555229425587,0.0,2021-11-21
55,1637539200000,0.3802277571688812,0.0,2021-11-22
56,1637625600000,0.36986782448227734,0.0,2021-11-23
57,1637712000000,0.4050392876730568,0.0,2021-11-24
58,1637798400000,0.4067497604509955,0.0,2021-11-25
59,1637884800000,0.41234258733416723,0.0,2021-11-26
60,1637971200000,0.3773673982197316,0.0,2021-11-27
61,1638057600000,0.40465116173228144,0.0,2021-11-28
62,1638144000000,0.398555946595384,0.0,2021-11-29
63,1638230400000,0.4123860135708705,0.0,2021-11-30
64,1638316800000,0.4087363003015131,0.0,2021-12-01
65,1638403200000,0.435718568816794,0.0,2021-12-02
66,1638489600000,0.47304795543219796,0.0,2021-12-03
67,1638576000000,0.4833092164652472,0.0,2021-12-04
68,1638662400000,0.4453794695420321,0.0,2021-12-05
69,1638748800000,0.44878580913176824,0.0,2021-12-06
70,1638835200000,0.453590229628035,0.0,2021-12-07
71,1638921600000,0.4413757746861279,0.0,2021-12-08
72,1639008000000,0.46349284403018354,0.0,2021-12-09
73,1639094400000,0.5323852862501852,0.0,2021-12-10
74,1639180800000,0.4836230471743802,0.0,2021-12-11
75,1639267200000,0.5351497540290295,0.0,2021-12-12
76,1639353600000,0.320112355110826,0.0,2021-12-13
77,1639440000000,0.274033404340568,0.0,2021-12-14
78,1639526400000,0.2620026055985169,0.0,2021-12-15
79,1639612800000,0.24247083670449665,0.0,2021-12-16
80,1639699200000,0.21133149719466163,0.0,2021-12-17
81,1639785600000,0.21316924934661324,0.0,2021-12-18
82,1639872000000,0.19989887415473406,0.0,2021-12-19
83,1639958400000,0.2237468715715321,0.0,2021-12-20
84,1640044800000,0.21866047052481083,0.0,2021-12-21
85,1640131200000,0.19557487308429775,0.0,2021-12-22
86,1640217600000,0.18276589836768498,0.0,2021-12-23
87,1640304000000,0.1933871411667365,0.0,2021-12-24
88,1640390400000,0.19302932204225068,0.0,2021-12-25
89,1640476800000,0.185707954315943,0.0,2021-12-26
90,1640563200000,0.1916716329430235,0.0,2021-12-27
91,1640649600000,0.18899407281259903,0.0,2021-12-28
92,1640736000000,0.18279866666314934,0.0,2021-12-29
93,1640822400000,0.18038543285007458,0.0,2021-12-30
94,1640908800000,0.17777481808101672,0.0,2021-12-31
95,1640995200000,0.17717339782528804,0.0,2022-01-01
96,1641081600000,0.18992001168113562,0.0,2022-01-02
97,1641168000000,0.18342626208059246,0.0,2022-01-03
98,1641254400000,0.16657842719240812,0.0,2022-01-04
99,1641340800000,0.16710721995644084,0.0,2022-01-05
100,1641427200000,0.1520292884296622,0.0,2022-01-06
101,1641513600000,0.15517456380572545,0.0,2022-01-07
102,1641600000000,0.18298219107309113,0.0,2022-01-08
103,1641686400000,0.1697629980723543,0.0,2022-01-09
104,1641772800000,0.16768247423942734,0.0,2022-01-10
105,1641859200000,0.14758893198061757,0.0,2022-01-11
106,1641945600000,0.14177664244609714,0.0,2022-01-12
107,1642032000000,0.1529499062321195,0.0,2022-01-13
108,1642118400000,0.1439603066715051,0.0,2022-01-14
109,1642204800000,0.14245039562630035,0.0,2022-01-15
110,1642291200000,0.14661422411300296,0.0,2022-01-16
111,1642377600000,0.14364834479867308,0.0,2022-01-17
112,1642464000000,0.14046548328459704,0.0,2022-01-18
113,1642550400000,0.128689782311429,0.0,2022-01-19
114,1642636800000,0.12483125594488508,0.0,2022-01-20
115,1642723200000,0.12003910084235617,0.0,2022-01-21
116,1642809600000,0.08727482976223834,0.0,2022-01-22
117,1642896000000,0.08622925101730579,0.0,2022-01-23
118,1642982400000,0.09341193840354696,0.0,2022-01-24
119,1643068800000,0.08298733425738095,0.0,2022-01-25
120,1643155200000,0.08500402334730522,0.0,2022-01-26
121,1643241600000,0.09940400188467273,0.0,2022-01-27
122,1643328000000,0.09721533125267436,0.0,2022-01-28
123,1643414400000,0.09733499230116532,0.0,2022-01-29
124,1643500800000,0.09220529775590586,0.0,2022-01-30
125,1643587200000,0.08996166252533057,0.0,2022-01-31
126,1643673600000,0.085454628241584,0.0,2022-02-01
127,1643760000000,0.08963850246728966,0.0,2022-02-02
128,1643846400000,0.08645024467584957,0.0,2022-02-03
129,1643932800000,0.08757515474605429,0.0,2022-02-04
130,1644019200000,0.08919491558151249,0.0,2022-02-05
131,1644105600000,0.09073326862120534,0.0,2022-02-06
132,1644192000000,0.09026588024596145,0.0,2022-02-07
133,1644278400000,0.09319267977215764,0.0,2022-02-08
134,1644364800000,0.09692806652652126,0.0,2022-02-09
135,1644451200000,0.09604012326353953,0.0,2022-02-10
136,1644537600000,0.09390436905316324,0.0,2022-02-11
137,1644624000000,0.08805630213674859,0.0,2022-02-12
138,1644710400000,0.08177229622822797,0.0,2022-02-13
139,1644796800000,0.07667890789049844,0.0,2022-02-14
140,1644883200000,0.07541178114699018,0.0,2022-02-15
141,1644969600000,0.07729080109633803,0.0,2022-02-16
142,1645056000000,0.078041168945325,597068385.0341748,2022-02-17
143,1645142400000,0.06666585381710867,508917735.6820916,2022-02-18
144,1645228800000,0.06609021938406794,508109655.5734221,2022-02-19
145,1645315200000,0.06178471244925538,471089291.64164567,2022-02-20
146,1645401600000,0.06428410276678759,491851431.5079104,2022-02-21
147,1645488000000,0.06087084167971703,465926190.82937074,2022-02-22
148,1645574400000,0.054335017503082,420355099.39980346,2022-02-23
149,1645660800000,0.0582094319835079,443483174.7657249,2022-02-24
150,1645747200000,0.06203162027708895,475670168.37021804,2022-02-25
151,1645833600000,0.09138911678708835,704535617.7035482,2022-02-26
152,1645920000000,0.08083479715755777,620005910.9975756,2022-02-27
153,1646006400000,0.08220524244732744,630252691.5257999,2022-02-28
154,1646092800000,0.08930253354054458,684618454.076621,2022-03-01
155,1646179200000,0.0854693725779272,658240096.1337419,2022-03-02
156,1646265600000,0.07767513718991689,597281963.1727049,2022-03-03
157,1646352000000,0.08203850772046042,632431101.0380664,2022-03-04
158,1646438400000,0.07483764256979256,578519618.2189559,2022-03-05
159,1646524800000,0.07866052911854432,605715458.3659834,2022-03-06
160,1646611200000,0.07783527743864217,602715748.8363479,2022-03-07
161,1646697600000,0.07503959803577363,579731625.8658835,2022-03-08
162,1646784000000,0.07280380557791802,560310182.0719168,2022-03-09
163,1646870400000,0.07209940537644009,561085361.3500822,2022-03-10
164,1646956800000,0.07373632213549149,573255644.8124098,2022-03-11
165,1647043200000,0.06650179837568018,514540185.414094,2022-03-12
166,1647129600000,0.06462809351728245,499751025.86260897,2022-03-13
167,1647216000000,0.06313948312770506,489867687.545842,2022-03-14
168,1647302400000,0.06142457720843556,475089806.03792,2022-03-15
169,1647388800000,0.06043898561642914,466450824.051564,2022-03-16
170,1647475200000,0.06482626020692671,484735068.9056388,2022-03-17
171,1647561600000,0.06361933091455071,493375506.8068916,2022-03-18
172,1647648000000,0.06472803807597305,499646415.5571185,2022-03-19
173,1647734400000,0.0676572813501008,524367354.36238074,2022-03-20
174,1647820800000,0.0640423606880091,496677922.44518125,2022-03-21
175,1647907200000,0.0636980167750662,493913609.5398833,2022-03-22
176,1647993600000,0.06394365434557653,496559162.24699414,2022-03-23
177,1648080000000,0.06526939119410796,508226660.5444325,2022-03-24
178,1648166400000,0.06377111333663865,496058364.4552875,2022-03-25
179,1648252800000,0.06401712600593172,494136038.43084645,2022-03-26
180,1648339200000,0.06103253712669746,474045617.84347665,2022-03-27
181,1648425600000,0.06612912710646532,514891363.0521663,2022-03-28
182,1648512000000,0.07394235927065286,576443289.8875291,2022-03-29
183,1648598400000,0.07178180527637544,559237659.9606435,2022-03-30
184,1648684800000,0.07148968658296699,555771723.9851753,2022-03-31
185,1648771200000,0.07308375666693115,569066951.5876275,2022-04-01
186,1648857600000,0.07278874260047646,568878688.5892487,2022-04-02
187,1648944000000,0.07095567901892728,554741030.482514,2022-04-03
188,1649030400000,0.07271336246828825,568723567.1976272,2022-04-04
189,1649116800000,0.0692823166834991,541000212.869866,2022-04-05
190,1649203200000,0.07029273786430862,550744666.3840687,2022-04-06
191,1649289600000,0.06886047975744856,538950126.9788944,2022-04-07
192,1649376000000,0.06899983769286636,540219380.2235359,2022-04-08
193,1649462400000,0.06805694417020132,534476691.0918196,2022-04-09
194,1649548800000,0.06822518340456234,536829523.879248,2022-04-10
195,1649635200000,0.06800869623219485,535070326.05173224,2022-04-11
196,1649721600000,0.0651274855485312,511724581.17123276,2022-04-12
197,1649808000000,0.06328161208540348,495528103.5273995,2022-04-13
198,1649894400000,0.062374406967480034,490290585.68499357,2022-04-14
199,1649980800000,0.06202782913529965,487169116.3157209,2022-04-15
200,1650067200000,0.06317065005100406,495286908.9029724,2022-04-16
201,1650153600000,0.06276626440445547,493435099.05084556,2022-04-17
202,1650240000000,0.06166524569308249,485473933.4448403,2022-04-18
203,1650326400000,0.05996071938862093,474828210.5992186,2022-04-19
204,1650412800000,0.05775451838341963,455597366.52195495,2022-04-20
205,1650499200000,0.059045354050601795,465985175.70472836,2022-04-21
206,1650585600000,0.05829105961123856,459990997.9286591,2022-04-22
207,1650672000000,0.05641441672191012,445895065.7225703,2022-04-23
208,1650758400000,0.05477555788655057,430973657.4354233,2022-04-24
209,1650844800000,0.053611222312543505,424048953.18448174,2022-04-25
210,1650931200000,0.05107880684645583,401876152.54819024,2022-04-26
211,1651017600000,0.05187200865438242,410885727.9606137,2022-04-27
212,1651104000000,0.05221925090170976,413099081.40980303,2022-04-28
213,1651190400000,0.05664493071471273,450449417.7920389,2022-04-29
214,1651276800000,0.05644732034828205,446904996.3381665,2022-04-30
215,1651363200000,0.05658896976602191,446043296.1096987,2022-05-01
216,1651449600000,0.05529759643417634,437867413.5069592,2022-05-02
217,1651536000000,0.05418325599977354,430096758.3673084,2022-05-03
218,1651622400000,0.054724858903672347,435744597.7138905,2022-05-04
219,1651708800000,0.05487338920817178,436709797.8430991,2022-05-05
220,1651795200000,0.0554723808236822,441859506.99929935,2022-05-06
221,1651881600000,0.05510155638031378,437711227.3496835,2022-05-07
222,1651968000000,0.05402675382986663,429919604.2961192,2022-05-08
223,1652054400000,0.053437884595582595,424849400.1749141,2022-05-09
224,1652140800000,0.049021056693653656,390315548.1769715,2022-05-10
225,1652227200000,0.04822794490660247,385041017.8494537,2022-05-11
226,1652313600000,0.038858691323643016,308777129.12016827,2022-05-12
227,1652400000000,0.02964969992352208,236760124.24034455,2022-05-13
228,1652486400000,0.028476426946856728,228172456.54449221,2022-05-14
229,1652572800000,0.027006197996057503,216121615.5522538,2022-05-15
230,1652659200000,0.022255679657131194,177583248.72977066,2022-05-16
231,1652745600000,0.028132965076170507,224734496.65671074,2022-05-17
232,1652832000000,0.03423680836449344,273839740.50214106,2022-05-18
233,1652918400000,0.033171849572120604,265759286.20073092,2022-05-19
234,1653004800000,0.03418159620798349,273716253.7772551,2022-05-20
235,1653091200000,0.0310596013985015,248802078.85157388,2022-05-21
236,1653177600000,0.03277077630920172,261397361.2790859,2022-05-22
237,1653264000000,0.033864010733972404,272356612.30073655,2022-05-23
238,1653350400000,0.033774872333233535,271286850.29053605,2022-05-24
239,1653436800000,0.033035058270529855,266071991.03597254,2022-05-25
240,1653523200000,0.0373090676889092,299580198.9508955,2022-05-26
241,1653609600000,0.03565011097897558,286450832.3064896,2022-05-27
242,1653696000000,0.03604268226468066,289559476.57117873,2022-05-28
243,1653782400000,0.036326859861172074,293992826.44357455,2022-05-29
244,1653868800000,0.03458883041853188,278687998.3872031,2022-05-30
245,1653955200000,0.03711813209145787,297220895.59224063,2022-05-31
246,1654041600000,0.03902990454170494,313902726.3001098,2022-06-01
247,1654128000000,0.03643499863042412,294473864.02048707,2022-06-02
248,1654214400000,0.03782796333446755,304786104.5034905,2022-06-03
249,1654300800000,0.03845001448441117,309571421.3959526,2022-06-04
250,1654387200000,0.036844914463814805,297226474.9947331,2022-06-05
251,1654473600000,0.03745714976416865,302887694.67423314,2022-06-06
252,1654560000000,0.03573321408199719,289102593.3566319,2022-06-07
253,1654646400000,0.035528267619974296,286680706.8625888,2022-06-08
254,1654732800000,0.035321595360185046,286147964.41709965,2022-06-09
255,1654819200000,0.0359704893672795,291398380.5682034,2022-06-10
256,1654905600000,0.03523299129186375,285424736.4949056,2022-06-11
257,1654992000000,0.029348041519225713,236334270.82100496,2022-06-12
258,1655078400000,0.02797769322307629,228434873.4073003,2022-06-13
259,1655164800000,0.024606760783280238,199996764.78463104,2022-06-14
260,1655251200000,0.026567047715631665,216142543.54863474,2022-06-15
261,1655337600000,0.028371696108464003,229668382.89227942,2022-06-16
262,1655424000000,0.02886169765614593,234622724.97721252,2022-06-17
263,1655510400000,0.030685336765427056,249542901.09648532,2022-06-18
264,1655596800000,0.027701907501674655,225255636.65425944,2022-06-19
265,1655683200000,0.029874773956607054,243363942.73663607,2022-06-20
266,1655769600000,0.029402971728795562,239002281.56524846,2022-06-21
267,1655856000000,0.030385042727945878,247901091.03611517,2022-06-22
268,1655942400000,0.029985747333803707,244516184.61586836,2022-06-23
269,1656028800000,0.030753198218110317,250544337.24312642,2022-06-24
270,1656115200000,0.03300504145742432,271218499.78052294,2022-06-25
271,1656201600000,0.032226518272953586,262580310.02762032,2022-06-26
272,1656288000000,0.03258134542554898,266026101.21240833,2022-06-27
273,1656374400000,0.03197213325956737,261159016.53770182,2022-06-28
274,1656460800000,0.031166254663233417,254717240.20167008,2022-06-29
275,1656547200000,0.030858029056794013,252251402.1554516,2022-06-30
276,1656633600000,0.02853233674121996,235809730.4191085,2022-07-01
277,1656720000000,0.029326155797833375,239958097.22834736,2022-07-02
278,1656806400000,0.029121033926594216,238312720.83658677,2022-07-03
279,1656892800000,0.028970370268848324,237302471.54803485,2022-07-04
280,1656979200000,0.029720481788293507,243565777.48865545,2022-07-05
281,1657065600000,0.029143850971527684,239370167.53354108,2022-07-06
282,1657152000000,0.028963968065336253,237783545.87425116,2022-07-07
283,1657238400000,0.029883786869299836,245582471.83993864,2022-07-08
284,1657324800000,0.030419754809915486,248831201.0316026,2022-07-09
285,1657411200000,0.02988534879787596,245320096.16020465,2022-07-10
286,1657497600000,0.028972041026638737,238275218.68880448,2022-07-11
287,1657584000000,0.026315303399422604,216594117.3161617,2022-07-12
288,1657670400000,0.025943407936589932,213180863.61116156,2022-07-13
289,1657756800000,0.025961173719998617,212994237.02574912,2022-07-14
290,1657843200000,0.025598441546529273,210805315.64226153,2022-07-15
291,1657929600000,0.02589239295606502,213197285.87438858,2022-07-16
292,1658016000000,0.02620558443188827,215533313.67256367,2022-07-17
293,1658102400000,0.025397606825634786,210136252.0762397,2022-07-18
294,1658188800000,0.025971455168624345,213999237.27019605,2022-07-19
295,1658275200000,0.02616156558042164,216825243.43620968,2022-07-20
296,1658361600000,0.02657128344242824,220746342.36551616,2022-07-21
297,1658448000000,0.026570984841910283,220175257.008502,2022-07-22
298,1658534400000,0.02581587446219786,213549552.30413708,2022-07-23
299,1658620800000,0.02567568807241837,212472044.4812904,2022-07-24
300,1658707200000,0.02572768219302934,213142054.9541685,2022-07-25
301,1658793600000,0.024750376346035483,204829024.58235738,2022-07-26
302,1658880000000,0.024155976722138955,200326948.61999357,2022-07-27
303,1658966400000,0.024755586825408245,205359442.99682817,2022-07-28
304,1659052800000,0.02496606204231649,206954865.82881096,2022-07-29
305,1659139200000,0.025774314333701264,214137539.80219892,2022-07-30
306,1659225600000,0.025839689621009708,214641695.79598922,2022-07-31
307,1659312000000,0.02579099992924257,215880443.0318275,2022-08-01
308,1659398400000,0.024197691619410603,202674437.78645125,2022-08-02
309,1659484800000,0.02493165738593117,207450389.90821832,2022-08-03
310,1659571200000,0.024994614319192168,207433591.9497943,2022-08-04
311,1659657600000,0.02495940767181363,206715661.33931014,2022-08-05
312,1659744000000,0.025328145060048705,211033419.3536512,2022-08-06
313,1659830400000,0.024978637902194938,208136854.34042534,2022-08-07
314,1659916800000,0.024606649400210196,205117632.001422,2022-08-08
315,1660003200000,0.024717852228469946,206219663.42539912,2022-08-09
316,1660089600000,0.025762992923898886,215072604.45663822,2022-08-10
317,1660176000000,0.025806254738706784,215997576.86100474,2022-08-11
318,1660262400000,0.026190103474139297,218029075.25048465,2022-08-12
319,1660348800000,0.02921356699917758,244349696.7122137,2022-08-13
320,1660435200000,0.029091026582383987,243436817.68291694,2022-08-14
321,1660521600000,0.029738800224672807,247953341.0331227,2022-08-15
322,1660608000000,0.03009861646509441,251317511.77114573,2022-08-16
323,1660694400000,0.029615642162772998,248210246.67413184,2022-08-17
324,1660780800000,0.029435550359375614,247730205.55788627,2022-08-18
325,1660867200000,0.02949041064987542,247191854.34005132,2022-08-19
326,1660953600000,0.02644967459717589,222758259.09955817,2022-08-20
327,1661040000000,0.02568957656353319,216121980.0589128,2022-08-21
328,1661126400000,0.025688893625132925,216205173.4900772,2022-08-22
329,1661212800000,0.025398992479250617,213182214.8517494,2022-08-23
330,1661299200000,0.025147093048818472,211893111.10706195,2022-08-24
331,1661385600000,0.02537798776312342,213253657.93517244,2022-08-25
332,1661472000000,0.02529873399393606,212845724.60636908,2022-08-26
333,1661558400000,0.025226502147474916,212559466.20773894,2022-08-27
334,1661644800000,0.02419681798301955,203712238.0595109,2022-08-28
335,1661731200000,0.024992361428796107,210556223.94828188,2022-08-29
336,1661817600000,0.02523529912558592,212472365.44017664,2022-08-30
337,1661904000000,0.024997908813563226,210905215.14945978,2022-08-31
338,1661990400000,0.025489972277441382,214170566.74044967,2022-09-01
339,1662076800000,0.025782323837778995,218385751.90665314,2022-09-02
340,1662163200000,0.027170682529355252,229645195.1906973,2022-09-03
341,1662249600000,0.02655222734986487,225104282.01184818,2022-09-04
342,1662336000000,0.026475746865247778,223725835.67515865,2022-09-05
343,1662422400000,0.02553521942284054,216680511.01218465,2022-09-06
344,1662508800000,0.024892802564324516,210650169.32646915,2022-09-07
345,1662595200000,0.025221931653113015,213738080.53061646,2022-09-08
346,1662681600000,0.024744092558601268,209510769.06727305,2022-09-09
347,1662768000000,0.02672863073535235,226002708.84589863,2022-09-10
348,1662854400000,0.026601284583245743,225929668.83488366,2022-09-11
349,1662940800000,0.026782222208234358,227553994.63452002,2022-09-12
350,1663027200000,0.026418118164087453,224179719.95182872,2022-09-13
351,1663113600000,0.025810520503113367,219687927.9582702,2022-09-14
352,1663200000000,0.02600101886533532,220585560.347314,2022-09-15
353,1663286400000,0.02461432981699305,208588456.18956587,2022-09-16
354,1663372800000,0.023400188559720998,198878532.84635368,2022-09-17
355,1663459200000,0.0229860272599927,195136878.3290918,2022-09-18
356,1663545600000,0.0207188395002734,175214063.1258779,2022-09-19
357,1663632000000,0.0200055832000749,170329661.53117007,2022-09-20
358,1663718400000,0.020344479153589175,173584594.1759399,2022-09-21
359,1663804800000,0.019997420538210155,170406785.5228879,2022-09-22
360,1663891200000,0.01980433769081944,168814305.0059113,2022-09-23
361,1663977600000,0.019999734964733496,170828591.38182727,2022-09-24
362,1664064000000,0.020224743284342383,172611978.42345124,2022-09-25
363,1664150400000,0.019892397297822006,169936476.45848498,2022-09-26
364,1664236800000,0.01925440029816724,164598406.295502,2022-09-27
365,1664323200000,0.01951759300622996,166476278.67235732,2022-09-28
366,1664409600000,0.01924228806792547,164234589.94018382,2022-09-29
367,1664496000000,0.019895048325903112,170041142.18556914,2022-09-30
368,1664582400000,0.019916253451248145,170311138.4118176,2022-10-01
369,1664668800000,0.019429170753969292,166973541.65097162,2022-10-02
370,1664755200000,0.019251339154333403,164848341.51854765,2022-10-03
371,1664841600000,0.01975469046126994,169364175.91921955,2022-10-04
372,1664928000000,0.019492739501998313,164513203.64216405,2022-10-05
373,1665014400000,0.01933686463156054,165788603.57957408,2022-10-06
374,1665100800000,0.01947392715319849,166653722.33510858,2022-10-07
375,1665187200000,0.019601634249994428,168179523.40329814,2022-10-08
376,1665273600000,0.01939917043268442,166295398.1091535,2022-10-09
377,1665360000000,0.01943471903011715,166723042.53344777,2022-10-10
378,1665446400000,0.019368494768178014,166445739.96340993,2022-10-11
379,1665532800000,0.0192564235859979,166326438.4061839,2022-10-12
380,1665619200000,0.019312941567149713,166177957.7583479,2022-10-13
381,1665705600000,0.0193433693842686,166683283.83692858,2022-10-14
382,1665792000000,0.019531145473528296,167779354.66489485,2022-10-15
383,1665878400000,0.019358333181566344,166717726.04458797,2022-10-16
384,1665964800000,0.019094130708622287,164440065.98034483,2022-10-17
385,1666051200000,0.01893623565991654,162568241.379814,2022-10-18
386,1666137600000,0.018530395943753622,159766868.8189073,2022-10-19
387,1666224000000,0.01870243344977552,160488418.1581607,2022-10-20
388,1666310400000,0.018162725472592952,157712600.16605416,2022-10-21
389,1666396800000,0.017522597450382933,151053438.55957973,2022-10-22
390,1666483200000,0.017484843695493826,151260700.15964508,2022-10-23
391,1666569600000,0.01725282060613213,149062946.36754036,2022-10-24
392,1666656000000,0.01686085397056698,145794845.60429087,2022-10-25
393,1666742400000,0.01703101807952507,147177097.80127892,2022-10-26
394,1666828800000,0.017901019524364667,153464720.20756015,2022-10-27
395,1666915200000,0.017327763041635847,150083466.60554937,2022-10-28
396,1667001600000,0.017781242844468453,153922555.03457984,2022-10-29
397,1667088000000,0.017598003572048996,152395753.81528372,2022-10-30
398,1667174400000,0.01822886793281938,158211323.92881778,2022-10-31
399,1667260800000,0.0169942080212664,147234346.6577648,2022-11-01
400,1667347200000,0.016901882940058323,146532329.24693137,2022-11-02
401,1667433600000,0.017118763358687925,148536919.91074196,2022-11-03
402,1667520000000,0.016825620196126087,145957522.9794366,2022-11-04
403,1667606400000,0.01736291280262613,150624893.23022288,2022-11-05
404,1667692800000,0.01734803041907533,150671994.52242672,2022-11-06
405,1667779200000,0.017269033493780808,150298196.6121093,2022-11-07
406,1667865600000,0.01746368938211679,151973732.89398494,2022-11-08
407,1667952000000,0.016023530401388455,140411039.63548547,2022-11-09
408,1668038400000,0.011273020025488134,97590469.26436815,2022-11-10
409,1668124800000,0.015536987081912644,134674567.1498729,2022-11-11
410,1668211200000,0.014229006927367279,125637442.48158532,2022-11-12
411,1668297600000,0.013761782080604804,119750413.36716828,2022-11-13
412,1668384000000,0.01208766344518753,104846407.28860815,2022-11-14
413,1668470400000,0.011936162461094576,104150277.78296958,2022-11-15
414,1668556800000,0.012768085395595903,111054670.23409055,2022-11-16
415,1668643200000,0.01268175471971355,110526952.60105582,2022-11-17
416,1668729600000,0.012612610591234927,110698083.91802701,2022-11-18
417,1668816000000,0.012315852730708968,107870736.16715671,2022-11-19
418,1668902400000,0.012391286951350607,108264268.60029168,2022-11-20
