,Time,open,mktcap,Date
0,1622160000000,0.001047726938740405,14891843.540708937,2021-05-28
1,1622246400000,0.001047726938740405,14891843.540708937,2021-05-29
2,1622332800000,0.0012466231403052653,18344333.590210695,2021-05-30
3,1622419200000,0.001577970413421958,22726044.355587576,2021-05-31
4,1622505600000,0.0014210833531416594,21373690.784853607,2021-06-01
5,1622592000000,0.0011159183761435547,16975029.70237782,2021-06-02
6,1622678400000,0.0013747248448299737,20935526.227066822,2021-06-03
7,1622764800000,0.0017194013783912699,26065080.805508386,2021-06-04
8,1622851200000,0.0014207179360578909,24366675.418952167,2021-06-05
9,1622937600000,0.0011211586951803759,19113753.557059336,2021-06-06
10,1623024000000,0.0012014597779524132,20418230.32518654,2021-06-07
11,1623110400000,0.0009011778412111134,15442355.643902192,2021-06-08
12,1623196800000,0.0009351955459839687,16004881.112112692,2021-06-09
13,1623283200000,0.0009035666435118269,15414170.276812227,2021-06-10
14,1623369600000,0.0007495994537680036,13273400.171475448,2021-06-11
15,1623456000000,0.00068652625094906,11841049.252337206,2021-06-12
16,1623542400000,0.0006946370904587633,56225003.72295806,2021-06-13
17,1623628800000,0.0007798943339497052,62916994.05894801,2021-06-14
18,1623715200000,0.0008086860334316325,65776688.033177234,2021-06-15
19,1623801600000,0.0007460099457587999,60853664.90996727,2021-06-16
20,1623888000000,0.0006902058057916079,56126422.7356657,2021-06-17
21,1623974400000,0.0006718838066097284,54724041.26650416,2021-06-18
22,1624060800000,0.0006527147658131776,53087437.55276383,2021-06-19
23,1624147200000,0.0006085104163310824,49638743.59532815,2021-06-20
24,1624233600000,0.0005851113427578704,47630864.706243336,2021-06-21
25,1624320000000,0.00042821314829612754,35280852.669248566,2021-06-22
26,1624406400000,0.0004182355659522009,34344054.53044127,2021-06-23
27,1624492800000,0.0004251844935245775,8194651.896813863,2021-06-24
28,1624579200000,0.00042465562467913125,8272340.619489153,2021-06-25
29,1624665600000,0.0003878983081583776,7515253.54780933,2021-06-26
30,1624752000000,0.0003537943225835749,6895297.067229534,2021-06-27
31,1624838400000,0.0003864179891825653,7546807.605744968,2021-06-28
32,1624924800000,0.00041080746991845746,8083541.391004745,2021-06-29
33,1625011200000,0.0004312309935592386,8442250.915776014,2021-06-30
34,1625097600000,0.00044088724937636764,8591774.602895526,2021-07-01
35,1625184000000,0.00038745942064246513,7398910.796811813,2021-07-02
36,1625270400000,0.00042414600901552707,7822235.896286331,2021-07-03
37,1625356800000,0.000427802051085616,8681571.04850165,2021-07-04
38,1625443200000,0.00043636056874791606,8934117.70298529,2021-07-05
39,1625529600000,0.00040055536733004423,9236229.583072303,2021-07-06
40,1625616000000,0.0004380416488629203,9880003.641565178,2021-07-07
41,1625702400000,0.0006211437388343045,13690021.158268576,2021-07-08
42,1625788800000,0.0005206422562047904,11958029.484568128,2021-07-09
43,1625875200000,0.0008089842150198705,18119339.038039725,2021-07-10
44,1625961600000,0.000874805647386011,20207317.674769852,2021-07-11
45,1626048000000,0.0008502203785141583,20554779.41853206,2021-07-12
46,1626134400000,0.0005877817384991015,14165662.45088132,2021-07-13
47,1626220800000,0.000518729006199152,12564698.595099365,2021-07-14
48,1626307200000,0.0005321589979567819,13324612.370445637,2021-07-15
49,1626393600000,0.0004138756414789827,10369872.263732227,2021-07-16
50,1626480000000,0.00041719820134330057,10454857.713643475,2021-07-17
51,1626566400000,0.00042141214564659247,11176846.623902785,2021-07-18
52,1626652800000,0.000447282230481999,11840757.687063219,2021-07-19
53,1626739200000,0.0003815872354408417,10143793.271167625,2021-07-20
54,1626825600000,0.0004175392488876986,11140084.838592624,2021-07-21
55,1626912000000,0.00046637061707634057,12344575.524442436,2021-07-22
56,1626998400000,0.0004675660878767983,12476647.463509327,2021-07-23
57,1627084800000,0.0004639689617051724,12345288.108784549,2021-07-24
58,1627171200000,0.00044558646811782227,11834507.401840795,2021-07-25
59,1627257600000,0.0004352413425542332,11617137.218805352,2021-07-26
60,1627344000000,0.0004763788158684019,12818201.698413435,2021-07-27
61,1627430400000,0.0004672152864289637,12539532.693316992,2021-07-28
62,1627516800000,0.00044556774560544453,12590936.465225449,2021-07-29
63,1627603200000,0.0004534504114475772,12892171.977404729,2021-07-30
64,1627689600000,0.00042817466585741394,12113467.64548255,2021-07-31
65,1627776000000,0.00035736214724660446,10127036.909279497,2021-08-01
66,1627862400000,0.0004062234028770903,11487527.396338923,2021-08-02
67,1627948800000,0.0003990401084738809,12547536.581266966,2021-08-03
68,1628035200000,0.0003721259169333848,11631409.794539643,2021-08-04
69,1628121600000,0.0003211112502796533,10050200.159952242,2021-08-05
70,1628208000000,0.00036787127101899807,11734997.658735797,2021-08-06
71,1628294400000,0.000393076034967827,12301621.895383902,2021-08-07
72,1628380800000,0.00042109866104680455,13168941.913608838,2021-08-08
73,1628467200000,0.0003751243720128034,11850523.53754886,2021-08-09
74,1628553600000,0.0003803542219321434,11584350.943611858,2021-08-10
75,1628640000000,0.0003962284088216171,12433645.194002757,2021-08-11
76,1628726400000,0.00046363669991477985,15239627.287978107,2021-08-12
77,1628812800000,0.0004066437006055305,13393940.799169134,2021-08-13
78,1628899200000,0.0004884916708894006,16097800.399090976,2021-08-14
79,1628985600000,0.0005065314283964787,16712463.302816076,2021-08-15
80,1629072000000,0.0006304962199202142,20791703.661126483,2021-08-16
81,1629158400000,0.000620221773626814,20661236.773896534,2021-08-17
82,1629244800000,0.0006037517864181747,21312376.674874604,2021-08-18
83,1629331200000,0.0007952706938321848,28079649.42117459,2021-08-19
84,1629417600000,0.0008860166702139343,29903197.06488922,2021-08-20
85,1629504000000,0.001031520926272299,37548977.34381999,2021-08-21
86,1629590400000,0.0011667698414980895,42501052.98527676,2021-08-22
87,1629676800000,0.0013354468490504663,48648585.70874366,2021-08-23
88,1629763200000,0.0013445534217463313,50412386.61489668,2021-08-24
89,1629849600000,0.0011091549123501759,41827156.66558896,2021-08-25
90,1629936000000,0.0015904049416623051,61234878.061521314,2021-08-26
91,1630022400000,0.0014668495651153628,56635369.210243165,2021-08-27
92,1630108800000,0.001459299851130554,56561256.1302951,2021-08-28
93,1630195200000,0.0013226958793285321,51308620.80785461,2021-08-29
94,1630281600000,0.0013322439264853885,51832734.74232901,2021-08-30
95,1630368000000,0.0011335937917534534,44480612.33181679,2021-08-31
96,1630454400000,0.0010441232144640824,41663759.75173322,2021-09-01
97,1630540800000,0.0017241668627647644,69305263.28626408,2021-09-02
98,1630627200000,0.0013920917545603329,56554749.84626245,2021-09-03
99,1630713600000,0.00137862512694373,55753866.286518425,2021-09-04
100,1630800000000,0.0013479381675504062,54619508.37480198,2021-09-05
101,1630886400000,0.0012773786070235298,51831149.5889251,2021-09-06
102,1630972800000,0.0015246099219252652,61821027.1157042,2021-09-07
103,1631059200000,0.0011457693673376746,58074600.307126015,2021-09-08
104,1631145600000,0.0011812794376233418,59523586.678140625,2021-09-09
105,1631232000000,0.0010874521562433963,55955599.5652076,2021-09-10
106,1631318400000,0.0009060605417186078,49719239.54016032,2021-09-11
107,1631404800000,0.001178924415415774,62966918.06781467,2021-09-12
108,1631491200000,0.0012373600491638991,68759927.30296442,2021-09-13
109,1631577600000,0.0012920319409664145,71732070.38337082,2021-09-14
110,1631664000000,0.0014697154734201556,80790319.03067641,2021-09-15
111,1631750400000,0.001785077672303803,102235868.71342747,2021-09-16
112,1631836800000,0.0018935855385114185,108304702.27655607,2021-09-17
113,1631923200000,0.002070988905119843,118598560.53916138,2021-09-18
114,1632009600000,0.0027470262314806503,155999758.84660146,2021-09-19
115,1632096000000,0.0029542881418407347,170502522.66321877,2021-09-20
116,1632182400000,0.002362763736681601,138725530.35968736,2021-09-21
117,1632268800000,0.002916831504521648,171002622.40362698,2021-09-22
118,1632355200000,0.0036708258789245017,220529396.57779205,2021-09-23
119,1632441600000,0.003987476430402587,233957880.60841835,2021-09-24
120,1632528000000,0.0037437738437973377,221286579.58187926,2021-09-25
121,1632614400000,0.0036062321314262635,216550936.20875484,2021-09-26
122,1632700800000,0.0038170971346613803,223305087.01672757,2021-09-27
123,1632787200000,0.003380087510028233,198821754.20348233,2021-09-28
124,1632873600000,0.003286981012787595,195788961.34234646,2021-09-29
125,1632960000000,0.003285919044524408,193922150.21925995,2021-09-30
126,1633046400000,0.0035139793554997694,209084632.41534114,2021-10-01
127,1633132800000,0.004569755484885634,270521537.29434854,2021-10-02
128,1633219200000,0.00428437773955497,254192136.36143687,2021-10-03
129,1633305600000,0.005652643188980118,333202673.2776066,2021-10-04
130,1633392000000,0.006744080732665406,398639546.378024,2021-10-05
131,1633478400000,0.00882686684879831,531387220.87080854,2021-10-06
132,1633564800000,0.011139812736085582,665507250.9680483,2021-10-07
133,1633651200000,0.010925600475564883,654268497.2644928,2021-10-08
134,1633737600000,0.013793880115645477,826961905.7884954,2021-10-09
135,1633824000000,0.016212783035776366,967202292.6419997,2021-10-10
136,1633910400000,0.01842123306895943,1097916222.8954432,2021-10-11
137,1633996800000,0.020616580865580752,1207011258.0748875,2021-10-12
138,1634083200000,0.017422964320983853,1134997122.9843307,2021-10-13
139,1634169600000,0.01447345919672654,942292810.8772937,2021-10-14
140,1634256000000,0.014373813802329683,935931765.1466471,2021-10-15
141,1634342400000,0.01598418287650185,1042610316.2269568,2021-10-16
142,1634428800000,0.018073806074511,1271657482.1971483,2021-10-17
143,1634515200000,0.019871335995373336,1399905711.2001746,2021-10-18
144,1634601600000,0.0179484769254843,1263275291.2888308,2021-10-19
145,1634688000000,0.015510983701109147,1106063392.0131752,2021-10-20
146,1634774400000,0.019606735049125613,1405733971.8586352,2021-10-21
147,1634860800000,0.018983745593712388,1355946911.8095431,2021-10-22
148,1634947200000,0.017789712023796228,1266518279.4068508,2021-10-23
149,1635033600000,0.022114148094435532,1570655922.9756947,2021-10-24
150,1635120000000,0.025038076525893217,1782214315.1160276,2021-10-25
151,1635206400000,0.025848051658240646,1838298355.1195824,2021-10-26
152,1635292800000,0.022104602598527277,1597161365.792875,2021-10-27
153,1635379200000,0.020464441045719234,1486551458.7278686,2021-10-28
154,1635465600000,0.024093510589427467,1751734536.4123907,2021-10-29
155,1635552000000,0.02359699161923126,1714209702.904491,2021-10-30
156,1635638400000,0.025214162870456473,1828616349.5490892,2021-10-31
157,1635724800000,0.02946797554152443,2155491250.8861723,2021-11-01
158,1635811200000,0.02990757410313775,2170580524.851226,2021-11-02
159,1635897600000,0.034377455776817466,2503695255.579829,2021-11-03
160,1635984000000,0.030742309424297613,2241737267.328487,2021-11-04
161,1636070400000,0.029643634615328315,2170702262.43001,2021-11-05
162,1636156800000,0.027141533118336187,1994450644.356278,2021-11-06
163,1636243200000,0.029847563388344576,2193750173.52907,2021-11-07
164,1636329600000,0.028030544650680833,2067792880.8000395,2021-11-08
165,1636416000000,0.026351661631239726,1941617659.9163947,2021-11-09
166,1636502400000,0.024540568505560016,1827479216.997817,2021-11-10
167,1636588800000,0.022271543372467378,1647134166.844872,2021-11-11
168,1636675200000,0.02271189647826834,1684405239.4312587,2021-11-12
169,1636761600000,0.0208749380041098,1546596243.4713457,2021-11-13
170,1636848000000,0.020292535883755885,1509633423.273732,2021-11-14
171,1636934400000,0.02258429779283285,1677637721.9549108,2021-11-15
172,1637020800000,0.022491879183668705,1685706736.0942314,2021-11-16
173,1637107200000,0.01951259800009105,1448492654.3482857,2021-11-17
174,1637193600000,0.019215447501894044,1387221743.2460918,2021-11-18
175,1637280000000,0.015336831832930919,1166330395.0348825,2021-11-19
176,1637366400000,0.017207780270624837,1290494514.5122454,2021-11-20
177,1637452800000,0.017748323449087732,1331398476.1060498,2021-11-21
178,1637539200000,0.01930381135632967,1453786951.1299617,2021-11-22
179,1637625600000,0.01740078152775094,1306855665.786428,2021-11-23
180,1637712000000,0.01743882908864841,1309682082.2097275,2021-11-24
181,1637798400000,0.016787402106166145,1266833729.9378586,2021-11-25
182,1637884800000,0.01547721396351843,1182159795.3983717,2021-11-26
183,1637971200000,0.012471993667026776,945515187.7465885,2021-11-27
184,1638057600000,0.011836218428509305,892968400.6252862,2021-11-28
185,1638144000000,0.012871030966635359,975142767.3596959,2021-11-29
186,1638230400000,0.01332425741186871,1012949760.7901387,2021-11-30
187,1638316800000,0.013457740478090528,1029106925.4153267,2021-12-01
188,1638403200000,0.011666398183465859,891042660.7104741,2021-12-02
189,1638489600000,0.012086141235088914,925767014.6943269,2021-12-03
190,1638576000000,0.011134871652533922,857819677.769553,2021-12-04
191,1638662400000,0.008916189760938916,681556161.3458984,2021-12-05
192,1638748800000,0.00996526915433138,738247410.7238199,2021-12-06
193,1638835200000,0.014751112016796608,1119357513.4297476,2021-12-07
194,1638921600000,0.01848740777505683,1413195649.1639302,2021-12-08
195,1639008000000,0.01843852580062136,1432726494.7201772,2021-12-09
196,1639094400000,0.014760482308578193,1149204241.9321613,2021-12-10
197,1639180800000,0.013374455397901474,1040297566.5734495,2021-12-11
198,1639267200000,0.013809159127175364,1066469788.3416376,2021-12-12
199,1639353600000,0.0133926586864054,1038643887.3999432,2021-12-13
200,1639440000000,0.011428633537843097,888948510.5110296,2021-12-14
201,1639526400000,0.011267515414859552,876281047.3904848,2021-12-15
202,1639612800000,0.014360868348469436,1115509317.0890808,2021-12-16
203,1639699200000,0.01404515687589667,1103768502.3245559,2021-12-17
204,1639785600000,0.013392810628900801,1049430863.2652116,2021-12-18
205,1639872000000,0.016769228548897494,1318610990.7730937,2021-12-19
206,1639958400000,0.017031596504636506,1344698150.934818,2021-12-20
207,1640044800000,0.01810337922160199,1419035112.271456,2021-12-21
208,1640131200000,0.022342196983875556,1746103928.6290977,2021-12-22
209,1640217600000,0.023830035283539854,1876497150.9162047,2021-12-23
210,1640304000000,0.023675498041859585,1857058901.1123767,2021-12-24
211,1640390400000,0.022115023327465837,1754296553.7305286,2021-12-25
212,1640476800000,0.02288735340551077,1804883850.409248,2021-12-26
213,1640563200000,0.022007489770022717,1728574285.1275117,2021-12-27
214,1640649600000,0.026199327579744757,2089624268.1489537,2021-12-28
215,1640736000000,0.02210382119703587,1764795456.6676087,2021-12-29
216,1640822400000,0.02124069736232146,1674052760.0979688,2021-12-30
217,1640908800000,0.021673121042922117,1713962520.8620577,2021-12-31
218,1640995200000,0.023635770107886797,1879847829.6317983,2022-01-01
219,1641081600000,0.023336422446390594,1838882299.6408803,2022-01-02
220,1641168000000,0.02392921977313688,1895159966.136119,2022-01-03
221,1641254400000,0.02231194416148427,1782276541.5644562,2022-01-04
222,1641340800000,0.021363484079811187,1720378731.608727,2022-01-05
223,1641427200000,0.018300813354619062,1469161375.9168663,2022-01-06
224,1641513600000,0.017111877982760326,1368798607.3076875,2022-01-07
225,1641600000000,0.01501145816328825,1201058267.4826403,2022-01-08
226,1641686400000,0.014712184715442576,1180595667.4363658,2022-01-09
227,1641772800000,0.015099212745639756,1212036795.665234,2022-01-10
228,1641859200000,0.01399463873715751,1119336245.7369294,2022-01-11
229,1641945600000,0.014534012312855263,1162893326.114066,2022-01-12
230,1642032000000,0.015815213161581073,1269985144.9496682,2022-01-13
231,1642118400000,0.014526913096963434,1166717560.8178487,2022-01-14
232,1642204800000,0.014357039147958557,1153384409.7099867,2022-01-15
233,1642291200000,0.014493939186802142,1162674920.9672306,2022-01-16
234,1642377600000,0.01589829831302452,1280112618.3405924,2022-01-17
235,1642464000000,0.013664894536416276,1102172705.933064,2022-01-18
236,1642550400000,0.012826383053270982,1037930712.4527769,2022-01-19
237,1642636800000,0.011777029303900927,957091240.3899969,2022-01-20
238,1642723200000,0.01203929889987574,977790143.7415335,2022-01-21
239,1642809600000,0.009096301246107438,737262389.8899138,2022-01-22
240,1642896000000,0.007908122686510822,624272239.6256201,2022-01-23
241,1642982400000,0.008508005854096903,690715257.3676065,2022-01-24
242,1643068800000,0.007827954002590023,643907832.2796288,2022-01-25
243,1643155200000,0.008755048160870811,714845381.0657108,2022-01-26
244,1643241600000,0.007837494818418497,633929917.0741692,2022-01-27
245,1643328000000,0.005151307259168,413419531.63523614,2022-01-28
246,1643414400000,0.005465507281824266,444268503.53798586,2022-01-29
247,1643500800000,0.007188322653974248,583012376.7526124,2022-01-30
248,1643587200000,0.007463456745362284,610037098.8809584,2022-01-31
249,1643673600000,0.007265751630074594,583951745.7223202,2022-02-01
250,1643760000000,0.006834574140249766,561041582.6883742,2022-02-02
251,1643846400000,0.006111474212699722,501936718.7667234,2022-02-03
252,1643932800000,0.006104955161406079,500823222.9671887,2022-02-04
253,1644019200000,0.006649538335695355,539699497.8038177,2022-02-05
254,1644105600000,0.0067416797700469685,555582202.4585216,2022-02-06
255,1644192000000,0.00695934515138708,571583449.8532778,2022-02-07
256,1644278400000,0.006975001025769401,571381851.7340403,2022-02-08
257,1644364800000,0.007267960344086863,600425486.5070317,2022-02-09
258,1644451200000,0.007434591796422608,613439657.4687123,2022-02-10
259,1644537600000,0.00698295813202357,575958747.3300021,2022-02-11
260,1644624000000,0.006200949607720812,511857485.8778663,2022-02-12
261,1644710400000,0.006151927356818323,506540565.2840794,2022-02-13
262,1644796800000,0.005799626834443685,477307320.90149665,2022-02-14
263,1644883200000,0.005660148833595082,466036385.78076047,2022-02-15
264,1644969600000,0.006120856856841149,505822450.48039246,2022-02-16
265,1645056000000,0.00601813793738553,500832641.7181225,2022-02-17
266,1645142400000,0.00539062597486084,448832580.58991826,2022-02-18
267,1645228800000,0.005182757926038277,429682375.40120286,2022-02-19
268,1645315200000,0.005110120386016784,421721586.62569165,2022-02-20
269,1645401600000,0.0047012189655229845,392150362.4846947,2022-02-21
270,1645488000000,0.004556548122173917,380092234.1214795,2022-02-22
271,1645574400000,0.0045308396791577665,376835249.2566384,2022-02-23
272,1645660800000,0.004504304387317449,375951132.0715724,2022-02-24
273,1645747200000,0.00412361394331776,344751864.2613862,2022-02-25
274,1645833600000,0.004321796255069549,360796926.3728121,2022-02-26
275,1645920000000,0.004304895275602117,358279592.6702573,2022-02-27
276,1646006400000,0.004052661720547113,339075277.031896,2022-02-28
277,1646092800000,0.004358866309658577,363687132.76819867,2022-03-01
278,1646179200000,0.004700386189388777,392335491.6759958,2022-03-02
279,1646265600000,0.004710787406260918,394960950.3413577,2022-03-03
280,1646352000000,0.004555399708360435,380855557.72803485,2022-03-04
281,1646438400000,0.004014514045246769,337506951.11179656,2022-03-05
282,1646524800000,0.004114982837988579,344931241.33079195,2022-03-06
283,1646611200000,0.003778915971291578,317739246.50433487,2022-03-07
284,1646697600000,0.003903194993366672,327576830.95461744,2022-03-08
285,1646784000000,0.0037692067317964166,316572341.2549392,2022-03-09
286,1646870400000,0.0039039033679280854,328001642.77650255,2022-03-10
287,1646956800000,0.0036642349223297483,308948049.0310982,2022-03-11
288,1647043200000,0.003547968737101323,300687504.8311107,2022-03-12
289,1647129600000,0.003525149081470538,298712398.3504178,2022-03-13
290,1647216000000,0.00337280118235933,284507668.16489434,2022-03-14
291,1647302400000,0.003627650963941664,306375466.09636754,2022-03-15
292,1647388800000,0.003443869914052247,290901221.2037555,2022-03-16
293,1647475200000,0.003492424001700764,323674356.6194857,2022-03-17
294,1647561600000,0.003456633112301645,315425386.4098445,2022-03-18
295,1647648000000,0.003565910918715417,324846138.6135433,2022-03-19
296,1647734400000,0.003579050529010857,326763105.76174325,2022-03-20
297,1647820800000,0.0036342856357025285,333059024.2197608,2022-03-21
298,1647907200000,0.00439721756911979,412899776.94027483,2022-03-22
299,1647993600000,0.00428929869581987,392994318.6758058,2022-03-23
300,1648080000000,0.00428389604841887,393388924.4942976,2022-03-24
301,1648166400000,0.00439362707502651,404123536.15200984,2022-03-25
302,1648252800000,0.004222023023816262,388423451.8081983,2022-03-26
303,1648339200000,0.00427221510462977,393557715.1273557,2022-03-27
304,1648425600000,0.0043556804079942614,401176953.1996076,2022-03-28
305,1648512000000,0.004248234110742959,395190315.8183249,2022-03-29
306,1648598400000,0.0043133970415185005,398637648.37454426,2022-03-30
307,1648684800000,0.004601050527816039,424532450.6256178,2022-03-31
308,1648771200000,0.004314638912675483,395591255.9026818,2022-04-01
309,1648857600000,0.004503731512410247,414554476.11098444,2022-04-02
310,1648944000000,0.005036498086027172,466388140.8395034,2022-04-03
311,1649030400000,0.00594847999819496,551377557.7848297,2022-04-04
312,1649116800000,0.00550204124834015,508319998.31250644,2022-04-05
313,1649203200000,0.005091483909661242,431575736.352017,2022-04-06
314,1649289600000,0.004807091286167223,408588740.3417904,2022-04-07
315,1649376000000,0.005162726267293798,438494123.2617833,2022-04-08
316,1649462400000,0.004637684158442059,391511864.7311275,2022-04-09
317,1649548800000,0.0048736879059008385,412778829.348875,2022-04-10
318,1649635200000,0.004704267650382578,401634922.24271196,2022-04-11
319,1649721600000,0.004152320661047743,353819043.3337199,2022-04-12
320,1649808000000,0.004163103531357259,355736150.73822504,2022-04-13
321,1649894400000,0.00424033867509818,364087225.9224881,2022-04-14
322,1649980800000,0.004077489489895897,352480617.70664126,2022-04-15
323,1650067200000,0.004151346111925466,358560535.7845101,2022-04-16
324,1650153600000,0.004186999814529244,363045337.4317888,2022-04-17
325,1650240000000,0.0040718026341935495,349008451.30694276,2022-04-18
326,1650326400000,0.004036538975666987,348846351.25038075,2022-04-19
327,1650412800000,0.004235158284075298,364358026.2562576,2022-04-20
328,1650499200000,0.004209471599679039,365034560.35499,2022-04-21
329,1650585600000,0.0040425784485584445,350884236.51587886,2022-04-22
330,1650672000000,0.004180602233829836,366132106.66826075,2022-04-23
331,1650758400000,0.004080748593453759,355770514.4630615,2022-04-24
332,1650844800000,0.004022217534180343,352452573.379404,2022-04-25
333,1650931200000,0.003929839768265412,344164209.5213146,2022-04-26
334,1651017600000,0.003647570604702698,318060901.78197944,2022-04-27
335,1651104000000,0.003764512216873763,329241322.89040935,2022-04-28
336,1651190400000,0.00369589000664571,323698888.50115854,2022-04-29
337,1651276800000,0.0034439413623071316,302285429.7165685,2022-04-30
338,1651363200000,0.0030314719043134097,265203843.7349756,2022-05-01
339,1651449600000,0.0031662043049740735,277654243.04377097,2022-05-02
340,1651536000000,0.003095793720005714,275338570.1419367,2022-05-03
341,1651622400000,0.003018164476370351,266649129.8138376,2022-05-04
342,1651708800000,0.003531411073724311,313245418.50483936,2022-05-05
343,1651795200000,0.0031411496990427375,278124960.3048831,2022-05-06
344,1651881600000,0.0031555252283947863,279732234.344384,2022-05-07
345,1651968000000,0.0030865507527486694,274791008.15451914,2022-05-08
346,1652054400000,0.0029680079837886837,263301073.9357984,2022-05-09
347,1652140800000,0.002370757784685999,213193019.83406347,2022-05-10
348,1652227200000,0.0022999976553409124,205695410.70778018,2022-05-11
349,1652313600000,0.0012378927355446477,110852104.76624136,2022-05-12
350,1652400000000,0.0012409643975229776,111826000.78067519,2022-05-13
351,1652486400000,0.0013305417414485906,119764225.65100887,2022-05-14
352,1652572800000,0.001353007024864729,122023471.412028,2022-05-15
353,1652659200000,0.001419093235680712,128395118.57570438,2022-05-16
354,1652745600000,0.0013532972082071963,121762825.53319521,2022-05-17
355,1652832000000,0.0014432137194315534,130721093.53990106,2022-05-18
356,1652918400000,0.0012879163339346636,117748407.74598101,2022-05-19
357,1653004800000,0.0013737514305538691,124439428.50171818,2022-05-20
358,1653091200000,0.0013202143177235726,119567690.41173463,2022-05-21
359,1653177600000,0.001455308995491806,132962767.22139089,2022-05-22
360,1653264000000,0.0014822681018703873,134493749.9853244,2022-05-23
361,1653350400000,0.0014089073053225112,128009501.16069978,2022-05-24
362,1653436800000,0.0014048218349550694,128142612.88191852,2022-05-25
363,1653523200000,0.0013661634662872073,125162518.49776028,2022-05-26
364,1653609600000,0.0012602852335601023,114889321.64165697,2022-05-27
365,1653696000000,0.0012208101880548273,111455606.03474228,2022-05-28
366,1653782400000,0.001247438260632923,113944527.35183096,2022-05-29
367,1653868800000,0.0012870954859362962,118523471.35127686,2022-05-30
368,1653955200000,0.0013722457578678722,125599272.9615371,2022-05-31
369,1654041600000,0.0013322161537003773,122324479.34828784,2022-06-01
370,1654128000000,0.001235930940607315,113781450.58714965,2022-06-02
371,1654214400000,0.0012657815072969608,116891664.02622345,2022-06-03
372,1654300800000,0.001254752800589206,114938876.39619617,2022-06-04
373,1654387200000,0.0012705236972776082,116258032.61299802,2022-06-05
374,1654473600000,0.0012625475817703835,116239324.61269248,2022-06-06
375,1654560000000,0.0012769278359270068,117888956.83313082,2022-06-07
376,1654646400000,0.001241760251144136,114730957.56028748,2022-06-08
377,1654732800000,0.0012054859975831438,111172008.5345543,2022-06-09
378,1654819200000,0.0011848535787318062,109330218.96587199,2022-06-10
379,1654905600000,0.0011061133197142721,101846448.84129491,2022-06-11
380,1654992000000,0.0010205451111386606,94335634.60657401,2022-06-12
381,1655078400000,0.0008410398451935264,77947900.81277041,2022-06-13
382,1655164800000,0.0008095722328516955,74928219.70294121,2022-06-14
383,1655251200000,0.0008332884151825078,77852032.02731445,2022-06-15
384,1655337600000,0.0008734716392763105,81300808.9142296,2022-06-16
385,1655424000000,0.0007869208048689051,74110919.90057647,2022-06-17
386,1655510400000,0.000796065129714202,75701706.00825672,2022-06-18
387,1655596800000,0.0007101578278361142,66632233.067362554,2022-06-19
388,1655683200000,0.000745825737175846,69768439.3484414,2022-06-20
389,1655769600000,0.0007730653060660946,72276654.0539373,2022-06-21
390,1655856000000,0.0007990704514176701,75007021.47066346,2022-06-22
391,1655942400000,0.0007686328747300678,72116404.91383402,2022-06-23
392,1656028800000,0.0008120918660799865,76328292.13076936,2022-06-24
393,1656115200000,0.0008459029110822027,79590052.97090875,2022-06-25
394,1656201600000,0.0008460120200158901,79387925.84102677,2022-06-26
395,1656288000000,0.0010553997536548155,99573148.40491818,2022-06-27
396,1656374400000,0.0009656177579688833,90978814.21583827,2022-06-28
397,1656460800000,0.0008931820343838668,83955133.400699,2022-06-29
398,1656547200000,0.0009801486796601868,92849652.7734305,2022-06-30
399,1656633600000,0.0009450789157446858,88149001.7467716,2022-07-01
400,1656720000000,0.0009405167134883891,89558827.62102567,2022-07-02
401,1656806400000,0.0009542633709762742,90003995.59178329,2022-07-03
402,1656892800000,0.0009695640600592092,91752039.20392483,2022-07-04
403,1656979200000,0.000991757026631195,93571199.4447342,2022-07-05
404,1657065600000,0.000954914802090178,90249420.91201816,2022-07-06
405,1657152000000,0.0009594086730592919,90939095.10266799,2022-07-07
406,1657238400000,0.0010001849821198343,94815593.26007368,2022-07-08
407,1657324800000,0.0009711471713991437,92092892.53532112,2022-07-09
408,1657411200000,0.0009914984174934462,93947181.14671318,2022-07-10
409,1657497600000,0.0010145073662268032,96217200.96358207,2022-07-11
410,1657584000000,0.000946079146258672,89699903.85518187,2022-07-12
411,1657670400000,0.0009088913438724681,86373985.8765157,2022-07-13
412,1657756800000,0.0009425005878862589,90113362.78405091,2022-07-14
413,1657843200000,0.0009549823342929701,90854208.01419087,2022-07-15
414,1657929600000,0.0009720382669569721,92492967.60717921,2022-07-16
415,1658016000000,0.0010143440127399444,96214726.23302759,2022-07-17
416,1658102400000,0.0009940642945114602,95426257.67460811,2022-07-18
417,1658188800000,0.001034566990263892,99179817.66259032,2022-07-19
418,1658275200000,0.0011508743049160346,110941839.56051378,2022-07-20
419,1658361600000,0.001077836088325664,104502212.8710651,2022-07-21
420,1658448000000,0.0011123202470798062,106946123.41325393,2022-07-22
421,1658534400000,0.0010773041288877504,103735764.87437366,2022-07-23
422,1658620800000,0.00106493145928874,102441940.62010658,2022-07-24
423,1658707200000,0.0010652205640788847,102870684.42419232,2022-07-25
424,1658793600000,0.0009957845053947534,96833467.87582548,2022-07-26
425,1658880000000,0.0009736652811845409,93687314.39168705,2022-07-27
426,1658966400000,0.0010703470425572558,103120505.45372356,2022-07-28
427,1659052800000,0.0010943219129941437,105648472.83435486,2022-07-29
428,1659139200000,0.00108587618116417,105685940.72189476,2022-07-30
429,1659225600000,0.0010965124412975072,106199025.06343627,2022-07-31
430,1659312000000,0.0010953569505416905,105138933.36959381,2022-08-01
431,1659398400000,0.001099516162716483,106203782.17060742,2022-08-02
432,1659484800000,0.0010909441519429163,106009104.3595929,2022-08-03
433,1659571200000,0.0010911068440706217,105748552.94736162,2022-08-04
434,1659657600000,0.0010935933553352449,106153912.86743654,2022-08-05
435,1659744000000,0.0011235416330953286,108964834.49084759,2022-08-06
436,1659830400000,0.001121304341557487,108551507.72403975,2022-08-07
437,1659916800000,0.001192350543752148,115867352.68550108,2022-08-08
438,1660003200000,0.0011933873484258127,116067732.98277336,2022-08-09
439,1660089600000,0.0014618405426768954,141418512.22822508,2022-08-10
440,1660176000000,0.0014950756691604317,145372919.8559798,2022-08-11
441,1660262400000,0.0015191749759007104,147928516.5298557,2022-08-12
442,1660348800000,0.0015096363172373718,147203185.84535515,2022-08-13
443,1660435200000,0.0014762821830463745,144316419.04377183,2022-08-14
444,1660521600000,0.0014348817775193606,140180645.35860223,2022-08-15
445,1660608000000,0.0016223688399321006,159283002.59560367,2022-08-16
446,1660694400000,0.0015948574422598714,155574021.610935,2022-08-17
447,1660780800000,0.0015491542162745732,151492924.80724406,2022-08-18
448,1660867200000,0.001544865283164876,151864044.64080343,2022-08-19
449,1660953600000,0.0014545007566635015,142313251.36120474,2022-08-20
450,1661040000000,0.0015223761151913638,149196023.43737957,2022-08-21
451,1661126400000,0.0015321551643384499,150071108.2811445,2022-08-22
452,1661212800000,0.0014842339587332254,145018364.1117435,2022-08-23
453,1661299200000,0.0015973356352248298,157279152.474486,2022-08-24
454,1661385600000,0.001540067002949013,151258372.03140888,2022-08-25
455,1661472000000,0.0015311377759343423,150386827.15984485,2022-08-26
456,1661558400000,0.0013858821960067158,135779612.3822856,2022-08-27
457,1661644800000,0.001379926079885966,135283424.99503103,2022-08-28
458,1661731200000,0.0013632342972279506,134240077.66793936,2022-08-29
459,1661817600000,0.0014047244758378305,137988980.50710467,2022-08-30
460,1661904000000,0.001351265272227622,133727703.83869691,2022-08-31
461,1661990400000,0.0013388536057544135,132764373.75238489,2022-09-01
462,1662076800000,0.0013490549262287755,133981849.24280049,2022-09-02
463,1662163200000,0.0013587789113571453,134973455.65363953,2022-09-03
464,1662249600000,0.0013334420948997803,132730849.01731944,2022-09-04
465,1662336000000,0.001340386160399638,133065364.26051632,2022-09-05
466,1662422400000,0.0013345747090820384,132748271.37860577,2022-09-06
467,1662508800000,0.00127788042320856,127974721.22117741,2022-09-07
468,1662595200000,0.0013141420334636994,131887749.4036956,2022-09-08
469,1662681600000,0.0013393811244353697,134907990.99265122,2022-09-09
470,1662768000000,0.001386428658984535,139380950.10454792,2022-09-10
471,1662854400000,0.0013837572230342222,139624297.73092523,2022-09-11
472,1662940800000,0.0013693064665223722,137558172.89993685,2022-09-12
473,1663027200000,0.0013248847194738292,133044059.85986187,2022-09-13
474,1663113600000,0.0012423032597304693,124996905.07828686,2022-09-14
475,1663200000000,0.0012288220446541322,123822946.79780942,2022-09-15
476,1663286400000,0.0011631220416206869,117263686.99992676,2022-09-16
477,1663372800000,0.0012043767546652685,121622394.93126327,2022-09-17
478,1663459200000,0.0012102053336700488,122520202.7468205,2022-09-18
479,1663545600000,0.001083208318944118,109524918.0724169,2022-09-19
480,1663632000000,0.0011073507393994531,111729091.00433843,2022-09-20
481,1663718400000,0.0010601818903366203,107037525.83294943,2022-09-21
482,1663804800000,0.0010257060390777017,103915230.29253455,2022-09-22
483,1663891200000,0.001076492230382017,109046369.48876669,2022-09-23
484,1663977600000,0.0010714982901244762,108803970.08313966,2022-09-24
485,1664064000000,0.0010592553758076322,107474830.87814416,2022-09-25
486,1664150400000,0.0010334869940057995,104704944.00483556,2022-09-26
487,1664236800000,0.0010518636090204826,106777567.87404625,2022-09-27
488,1664323200000,0.001035915965665624,105317423.67627819,2022-09-28
489,1664409600000,0.0010294697485223455,105000659.25965683,2022-09-29
490,1664496000000,0.0010193382200581727,103890187.52545081,2022-09-30
491,1664582400000,0.0010188766076691081,103855252.80225074,2022-10-01
492,1664668800000,0.001022413873630668,104303748.17406282,2022-10-02
493,1664755200000,0.001002266384848761,102883401.73556438,2022-10-03
494,1664841600000,0.0010119599876073548,103806383.67710488,2022-10-04
495,1664928000000,0.001023563159894952,104657526.40474705,2022-10-05
496,1665014400000,0.0010190417588756006,104488745.21630394,2022-10-06
497,1665100800000,0.0010026059243597495,102815111.50422746,2022-10-07
498,1665187200000,0.0009977913101925787,102331059.50587176,2022-10-08
499,1665273600000,0.0009996148426050866,102488314.34341146,2022-10-09
500,1665360000000,0.0009991710435089138,102315876.5239868,2022-10-10
501,1665446400000,0.0009449547540850314,97346566.85641254,2022-10-11
502,1665532800000,0.0009287104818969955,95622988.92348492,2022-10-12
503,1665619200000,0.0009211017667539363,94904818.9508878,2022-10-13
504,1665705600000,0.0008961977784277201,92269986.35356845,2022-10-14
505,1665792000000,0.0008953414127385763,91957627.8193803,2022-10-15
506,1665878400000,0.0008849137158462021,91172817.9096747,2022-10-16
507,1665964800000,0.0008900404900089211,91675761.54408649,2022-10-17
508,1666051200000,0.0009121637878907733,93928967.4404304,2022-10-18
509,1666137600000,0.0008881098233980277,91824434.52148072,2022-10-19
510,1666224000000,0.0008490525745027072,88008291.26715487,2022-10-20
511,1666310400000,0.0008371256026766895,86658651.29646735,2022-10-21
512,1666396800000,0.0008444984558486494,87510075.54164375,2022-10-22
513,1666483200000,0.0008309127950080486,85997002.89913292,2022-10-23
514,1666569600000,0.0008480414681963541,87677239.71420369,2022-10-24
515,1666656000000,0.000822997032861982,85418904.2637268,2022-10-25
516,1666742400000,0.0008500346310167632,88297607.14917734,2022-10-26
517,1666828800000,0.0008642312326152827,89722140.72670402,2022-10-27
518,1666915200000,0.0008494962652274781,88305668.45241933,2022-10-28
519,1667001600000,0.0008611717696995137,89568153.66075176,2022-10-29
520,1667088000000,0.0008906444555618853,92325162.14909787,2022-10-30
521,1667174400000,0.0008749184692877714,91267508.62822141,2022-10-31
522,1667260800000,0.0008685960659891401,90562523.34178998,2022-11-01
523,1667347200000,0.0008579718508691323,89626416.34299473,2022-11-02
524,1667433600000,0.0008404473260307123,88022663.67990272,2022-11-03
525,1667520000000,0.00085365401971698,89286618.63399221,2022-11-04
526,1667606400000,0.001018429495599854,106507533.68642591,2022-11-05
527,1667692800000,0.0009830631666225753,103317590.44820942,2022-11-06
528,1667779200000,0.0009096929546887944,95312649.83028659,2022-11-07
529,1667865600000,0.0009056632352680613,94945057.28578675,2022-11-08
530,1667952000000,0.0007474007162638754,79245450.33643988,2022-11-09
531,1668038400000,0.000613729450302578,65169043.24329489,2022-11-10
532,1668124800000,0.0007187067625999123,76328616.77629532,2022-11-11
533,1668211200000,0.0006932569638965355,73447000.27469967,2022-11-12
534,1668297600000,0.0007025392474375803,74587513.40473157,2022-11-13
535,1668384000000,0.0006667080837076958,70897386.28113997,2022-11-14
536,1668470400000,0.0006575605659461238,70109746.30675441,2022-11-15
537,1668556800000,0.0006781566486107894,72145216.16427755,2022-11-16
538,1668643200000,0.0006634794740078295,70650998.02661668,2022-11-17
539,1668729600000,0.0006651443424610985,70899812.2435802,2022-11-18
540,1668816000000,0.0006652884609557855,70832437.09566742,2022-11-19
541,1668902400000,0.000670948237025483,71597734.9591042,2022-11-20
