,Time,open,mktcap,Date
0,1572048000000,0.3746082358279005,0.0,2019-10-26
1,1572134400000,0.26477358784522864,0.0,2019-10-27
2,1572220800000,0.2091738202407092,0.0,2019-10-28
3,1572307200000,0.2128086531240306,0.0,2019-10-29
4,1572393600000,0.211245267369952,0.0,2019-10-30
5,1572480000000,0.19687782962330266,0.0,2019-10-31
6,1572566400000,0.19231627424702175,0.0,2019-11-01
7,1572652800000,0.19117920829600277,0.0,2019-11-02
8,1572739200000,0.19490273453320334,0.0,2019-11-03
9,1572825600000,0.23355713892029112,0.0,2019-11-04
10,1572912000000,0.22174674141493061,0.0,2019-11-05
11,1572998400000,0.2206934746283289,0.0,2019-11-06
12,1573084800000,0.20280614902738167,78696403.185827,2019-11-07
13,1573171200000,0.21933514680289531,84631236.23155582,2019-11-08
14,1573257600000,0.21503505825859318,83008021.7079316,2019-11-09
15,1573344000000,0.2049894844883965,79113057.78574376,2019-11-10
16,1573430400000,0.19986388241680877,76963823.26936342,2019-11-11
17,1573516800000,0.19516005116039264,75431103.68303828,2019-11-12
18,1573603200000,0.19188488025667827,74127332.27849926,2019-11-13
19,1573689600000,0.19339716680236865,74663303.87135349,2019-11-14
20,1573776000000,0.18293791558378986,70712159.36552106,2019-11-15
21,1573862400000,0.18435033081478702,71016507.02856702,2019-11-16
22,1573948800000,0.18271371702008166,70783036.99336201,2019-11-17
23,1574035200000,0.17857897903123848,68960131.17123742,2019-11-18
24,1574121600000,0.16749541888903619,71620223.93449917,2019-11-19
25,1574208000000,0.1571629601843169,66948573.87724619,2019-11-20
26,1574294400000,0.14658296662732892,62529243.94269818,2019-11-21
27,1574380800000,0.1297934652733863,55336136.290077105,2019-11-22
28,1574467200000,0.11382170763258796,48516093.888653144,2019-11-23
29,1574553600000,0.12305399495547452,52511879.01854249,2019-11-24
30,1574640000000,0.12568803135228915,54330453.98635247,2019-11-25
31,1574726400000,0.11577935370010288,49380582.32461233,2019-11-26
32,1574812800000,0.1143117044509531,48879121.44852997,2019-11-27
33,1574899200000,0.11325955482530523,48485687.3680556,2019-11-28
34,1574985600000,0.11527560600167133,49164363.21676866,2019-11-29
35,1575072000000,0.11618536783550107,49640783.529499084,2019-11-30
36,1575158400000,0.1100685478335075,46964509.80885587,2019-12-01
37,1575244800000,0.10678192542201444,45742704.331698395,2019-12-02
38,1575331200000,0.10496784582329259,44685641.55171053,2019-12-03
39,1575417600000,0.10154651609945854,43350222.09752786,2019-12-04
40,1575504000000,0.09684980176401647,41292894.620046124,2019-12-05
41,1575590400000,0.09347990288458251,39866069.85767429,2019-12-06
42,1575676800000,0.09879338306478115,42054417.22712967,2019-12-07
43,1575763200000,0.09467590772041218,40407572.709347986,2019-12-08
44,1575849600000,0.09979366500372297,42803451.183967195,2019-12-09
45,1575936000000,0.09855319668643737,41967549.31075814,2019-12-10
46,1576022400000,0.09048196354785058,38614326.33346428,2019-12-11
47,1576108800000,0.08841705500969589,38129396.061951905,2019-12-12
48,1576195200000,0.08442994232293954,36000653.933738135,2019-12-13
49,1576281600000,0.08559367661388698,36502452.38376331,2019-12-14
50,1576368000000,0.08211972099048777,35020753.901574664,2019-12-15
51,1576454400000,0.09161789810183853,39217769.192946866,2019-12-16
52,1576540800000,0.08549880161504143,38726294.00721085,2019-12-17
53,1576627200000,0.08078826221531926,37785150.7279888,2019-12-18
54,1576713600000,0.09624515884872446,44887001.46699197,2019-12-19
55,1576800000000,0.11837709135521936,55527711.2837363,2019-12-20
56,1576886400000,0.11218033309309869,52361397.53361921,2019-12-21
57,1576972800000,0.10603025354603984,49650376.93250085,2019-12-22
58,1577059200000,0.12265671245868427,57666365.85279939,2019-12-23
59,1577145600000,0.12300965174334037,57560730.02717243,2019-12-24
60,1577232000000,0.12660576475634763,59310123.21243201,2019-12-25
61,1577318400000,0.11527615157591958,54078617.126398966,2019-12-26
62,1577404800000,0.11387109081481091,53684594.708197385,2019-12-27
63,1577491200000,0.11003799207939154,51442579.72667173,2019-12-28
64,1577577600000,0.1099505378574161,51423590.69960588,2019-12-29
65,1577664000000,0.10115118587101052,47280813.51673417,2019-12-30
66,1577750400000,0.10140535068968173,47322971.89100292,2019-12-31
67,1577836800000,0.09514016081539023,44456248.69398133,2020-01-01
68,1577923200000,0.09829444363809127,45938227.892319255,2020-01-02
69,1578009600000,0.08972580580999774,42058468.96959405,2020-01-03
70,1578096000000,0.09422154866467823,44084673.062256455,2020-01-04
71,1578182400000,0.09428426386628351,44033128.794350736,2020-01-05
72,1578268800000,0.09181527831482128,42795949.79506628,2020-01-06
73,1578355200000,0.0961921143302326,45059401.784751505,2020-01-07
74,1578441600000,0.09638693088111008,45182179.17500065,2020-01-08
75,1578528000000,0.09112549387857341,42748468.51516824,2020-01-09
76,1578614400000,0.0910234239641374,42514113.332943685,2020-01-10
77,1578700800000,0.09127443341807523,42410231.49669313,2020-01-11
78,1578787200000,0.08983614239646495,42025383.06566573,2020-01-12
79,1578873600000,0.09778735638643136,45834881.7453496,2020-01-13
80,1578960000000,0.09454028727994715,44210062.96272831,2020-01-14
81,1579046400000,0.09590705618733307,48560602.63193906,2020-01-15
82,1579132800000,0.09612902273689687,48896162.79833376,2020-01-16
83,1579219200000,0.09855061005211795,50103901.18188209,2020-01-17
84,1579305600000,0.10164796391379184,51905870.20636746,2020-01-18
85,1579392000000,0.10019515626531438,50929249.883316346,2020-01-19
86,1579478400000,0.10629849244398695,53899931.76632565,2020-01-20
87,1579564800000,0.1079787086921501,55127983.17180102,2020-01-21
88,1579651200000,0.10269350088224885,52300323.52879488,2020-01-22
89,1579737600000,0.10362998933656549,52865630.438152425,2020-01-23
90,1579824000000,0.09926882706089846,50530071.000817046,2020-01-24
91,1579910400000,0.09688861445694784,49283596.01743646,2020-01-25
92,1579996800000,0.09364410331422982,47673671.23981565,2020-01-26
93,1580083200000,0.09759659667569758,49614511.91855846,2020-01-27
94,1580169600000,0.09776876990649454,49619245.28340894,2020-01-28
95,1580256000000,0.09643232628580439,49227541.84814323,2020-01-29
96,1580342400000,0.09259547660859742,47195490.821043216,2020-01-30
97,1580428800000,0.0916971185324913,46477517.4848802,2020-01-31
98,1580515200000,0.09512574737689213,48609703.35440991,2020-02-01
99,1580601600000,0.09510370655532957,48441908.48643414,2020-02-02
100,1580688000000,0.09543944535792884,48577570.27601774,2020-02-03
101,1580774400000,0.1015111493077185,51655236.28467534,2020-02-04
102,1580860800000,0.10826855652926064,54955516.771899045,2020-02-05
103,1580947200000,0.10472843296063748,53263438.02404237,2020-02-06
104,1581033600000,0.14873537456866393,78319975.16020015,2020-02-07
105,1581120000000,0.14831363910563394,74569614.24902482,2020-02-08
106,1581206400000,0.1484974017670755,75571247.60206342,2020-02-09
107,1581292800000,0.1662830968222433,83596465.33716094,2020-02-10
108,1581379200000,0.15744570280059975,80320400.56235635,2020-02-11
109,1581465600000,0.17975049963775896,90300699.44381379,2020-02-12
110,1581552000000,0.19771184279697107,106120493.3652701,2020-02-13
111,1581638400000,0.17902582646790727,98742135.56213509,2020-02-14
112,1581724800000,0.18510204848189235,101167089.97758128,2020-02-15
113,1581811200000,0.17193438293964128,94655365.59001815,2020-02-16
114,1581897600000,0.1629808659330758,89691913.74523501,2020-02-17
115,1581984000000,0.1627841692494997,88892258.42066865,2020-02-18
116,1582070400000,0.16776391023818563,92330271.00935113,2020-02-19
117,1582156800000,0.15271563993629217,83716120.71446203,2020-02-20
118,1582243200000,0.1642416478287453,91516044.72157277,2020-02-21
119,1582329600000,0.1561251727662338,85852967.93102758,2020-02-22
120,1582416000000,0.15724910887060117,86444637.68282504,2020-02-23
121,1582502400000,0.1690401469256886,92913106.77998163,2020-02-24
122,1582588800000,0.148264219531725,81193881.48324135,2020-02-25
123,1582675200000,0.1423320015193203,78511701.60043444,2020-02-26
124,1582761600000,0.12893545859499217,70690548.32332487,2020-02-27
125,1582848000000,0.1294217400473633,71358136.75447,2020-02-28
126,1582934400000,0.12508722755701399,68892058.8637968,2020-02-29
127,1583020800000,0.12177889844920635,68013308.97515564,2020-03-01
128,1583107200000,0.11806857457233892,64717209.22381801,2020-03-02
129,1583193600000,0.13011115041975177,71480823.91617471,2020-03-03
130,1583280000000,0.13458656915467976,73734665.35104854,2020-03-04
131,1583366400000,0.14872687481911676,81792988.41469865,2020-03-05
132,1583452800000,0.14552876186999275,79779780.57031071,2020-03-06
133,1583539200000,0.14541503007386317,79682423.71129881,2020-03-07
134,1583625600000,0.13637059372710503,74893269.5924491,2020-03-08
135,1583712000000,0.11669728226459497,64196716.84628502,2020-03-09
136,1583798400000,0.11577119174622383,63306580.82302656,2020-03-10
137,1583884800000,0.13748543369118685,75750357.62624823,2020-03-11
138,1583971200000,0.13832503076821165,76154616.2969704,2020-03-12
139,1584057600000,0.0652512732380333,37155536.92708568,2020-03-13
140,1584144000000,0.07565611599445313,44211619.92348521,2020-03-14
141,1584230400000,0.06966827462218399,40621307.965162896,2020-03-15
142,1584316800000,0.06823074236486747,41136598.08872897,2020-03-16
143,1584403200000,0.05899972790181023,34812862.77092646,2020-03-17
144,1584489600000,0.06892634823017642,41177551.70576829,2020-03-18
145,1584576000000,0.06854507520077403,40438129.286397874,2020-03-19
146,1584662400000,0.08309969822127744,49226227.32859277,2020-03-20
147,1584748800000,0.08142303054692536,48601042.18304771,2020-03-21
148,1584835200000,0.08697614975455396,51560889.86378307,2020-03-22
149,1584921600000,0.07921156187938526,46906092.80187482,2020-03-23
150,1585008000000,0.08569283278530349,50232254.64818134,2020-03-24
151,1585094400000,0.08473495578441792,50117618.347640246,2020-03-25
152,1585180800000,0.0838525805030726,49539308.35280448,2020-03-26
153,1585267200000,0.08655450722797176,51024978.79524773,2020-03-27
154,1585353600000,0.08730444469256055,51186443.055093914,2020-03-28
155,1585440000000,0.08707434889215658,51404892.47674802,2020-03-29
156,1585526400000,0.08046211794427136,47539673.12391508,2020-03-30
157,1585612800000,0.08996004600837232,53316528.48366959,2020-03-31
158,1585699200000,0.08715343479739343,51827942.412815295,2020-04-01
159,1585785600000,0.09369349488324603,55594942.055053815,2020-04-02
160,1585872000000,0.09392360973389917,55357434.87010459,2020-04-03
161,1585958400000,0.09449642608467554,55768900.11325228,2020-04-04
162,1586044800000,0.09902840190346907,58459248.99849338,2020-04-05
163,1586131200000,0.09594890131419581,56840944.27124908,2020-04-06
164,1586217600000,0.10243880030167733,60446100.17543333,2020-04-07
165,1586304000000,0.10133385517832816,59771946.06160497,2020-04-08
166,1586390400000,0.10152154505500478,59956577.89424265,2020-04-09
167,1586476800000,0.10437616892305909,61751029.78747337,2020-04-10
168,1586563200000,0.09185069872702581,54318365.53709143,2020-04-11
169,1586649600000,0.09216896884320983,54362648.78040713,2020-04-12
170,1586736000000,0.09137220138948898,54437626.72407589,2020-04-13
171,1586822400000,0.08883437322538464,56154556.56914826,2020-04-14
172,1586908800000,0.08880523714233879,56125610.48662143,2020-04-15
173,1586995200000,0.08561845889502888,54131415.63236693,2020-04-16
174,1587081600000,0.0922260164055327,58311861.04604019,2020-04-17
175,1587168000000,0.09006606809338996,57116619.657250784,2020-04-18
176,1587254400000,0.09478429365993088,59855900.56982342,2020-04-19
177,1587340800000,0.09221776307548651,58246424.037907764,2020-04-20
178,1587427200000,0.08639238509427637,54571659.10955577,2020-04-21
179,1587513600000,0.08797324947667182,55654717.2593749,2020-04-22
180,1587600000000,0.09433917812394613,60100880.94125787,2020-04-23
181,1587686400000,0.09845281584946776,61943004.54986705,2020-04-24
182,1587772800000,0.1069663478319655,67609099.01681243,2020-04-25
183,1587859200000,0.10567727429308305,66722625.74425894,2020-04-26
184,1587945600000,0.11023834332492795,69698786.16330524,2020-04-27
185,1588032000000,0.10857134470139859,68858300.276304,2020-04-28
186,1588118400000,0.10630987448827851,67229130.28969726,2020-04-29
187,1588204800000,0.10953701505773956,69003173.81847358,2020-04-30
188,1588291200000,0.10291639820220468,65313149.36869365,2020-05-01
189,1588377600000,0.11025317807060543,69590764.9820658,2020-05-02
190,1588464000000,0.11116448509856866,71294614.3333521,2020-05-03
191,1588550400000,0.10572586578030753,66942349.83033027,2020-05-04
192,1588636800000,0.10414806921127762,65728376.90861805,2020-05-05
193,1588723200000,0.10556844321544467,66552992.26614935,2020-05-06
194,1588809600000,0.09885786381245774,63093242.87957807,2020-05-07
195,1588896000000,0.09767088748170766,61923036.62268697,2020-05-08
196,1588982400000,0.11155245754515243,70375428.0532957,2020-05-09
197,1589068800000,0.10954124252930857,69659437.12522745,2020-05-10
198,1589155200000,0.09475562486204846,59804947.14988983,2020-05-11
199,1589241600000,0.09230204625989637,60781969.75908032,2020-05-12
200,1589328000000,0.09756626353528347,65735111.832529895,2020-05-13
201,1589414400000,0.10806589686567507,72470301.05685513,2020-05-14
202,1589500800000,0.10812703485161804,73098936.6534847,2020-05-15
203,1589587200000,0.10531861181401048,70726606.94749095,2020-05-16
204,1589673600000,0.1136127668958251,76071594.57821783,2020-05-17
205,1589760000000,0.12216039225923547,82000677.8030887,2020-05-18
206,1589846400000,0.118103090573034,79457401.6945193,2020-05-19
207,1589932800000,0.11829516059620489,79687753.27731729,2020-05-20
208,1590019200000,0.11780702184389268,78936495.42056032,2020-05-21
209,1590105600000,0.11570699087753884,77304357.72087704,2020-05-22
210,1590192000000,0.12228463481309551,82364529.28810118,2020-05-23
211,1590278400000,0.12185898350367715,82225034.78392729,2020-05-24
212,1590364800000,0.12502547762297084,84466597.40244955,2020-05-25
213,1590451200000,0.13149546875997095,88565926.65854466,2020-05-26
214,1590537600000,0.12966472810257987,87059098.29483676,2020-05-27
215,1590624000000,0.1308722322225391,87782485.40421161,2020-05-28
216,1590710400000,0.14990946026516133,101559302.68352024,2020-05-29
217,1590796800000,0.15734477897273064,108263805.48016581,2020-05-30
218,1590883200000,0.15202763572814074,101671911.6810289,2020-05-31
219,1590969600000,0.13604219917490468,89935631.4859685,2020-06-01
220,1591056000000,0.13729094594874905,95522793.71841799,2020-06-02
221,1591142400000,0.13313505252311666,89329597.46376507,2020-06-03
222,1591228800000,0.14537205976017886,99341405.70957875,2020-06-04
223,1591315200000,0.14540951202062896,97630509.52464737,2020-06-05
224,1591401600000,0.13946389822396552,95021816.0407163,2020-06-06
225,1591488000000,0.13739868248779677,92751525.67282578,2020-06-07
226,1591574400000,0.13832947332698067,93250676.66125846,2020-06-08
227,1591660800000,0.14683041195844462,99285271.7340374,2020-06-09
228,1591747200000,0.1466320978033087,98923951.14950709,2020-06-10
229,1591833600000,0.15152817470526653,101772701.63484077,2020-06-11
230,1591920000000,0.13709950371308113,93514151.43603039,2020-06-12
231,1592006400000,0.16094931449348904,114786914.98919378,2020-06-13
232,1592092800000,0.16265683048382937,114708976.89149351,2020-06-14
233,1592179200000,0.14317593573330972,102068867.54948676,2020-06-15
234,1592265600000,0.1427650262608569,102053556.50396852,2020-06-16
235,1592352000000,0.1429973530572184,102163547.18646634,2020-06-17
236,1592438400000,0.14626382998803866,104491480.98176166,2020-06-18
237,1592524800000,0.14847179744573974,105941862.30346191,2020-06-19
238,1592611200000,0.1419292143955765,102099988.50125487,2020-06-20
239,1592697600000,0.1393517971920697,99596679.49140094,2020-06-21
240,1592784000000,0.1424510664764233,101451596.94408493,2020-06-22
241,1592870400000,0.14556011126953775,103770146.05540498,2020-06-23
242,1592956800000,0.14962142784203802,106664257.2333809,2020-06-24
243,1593043200000,0.1408993120962076,100570515.75876477,2020-06-25
244,1593129600000,0.13839223582480106,99086130.94370133,2020-06-26
245,1593216000000,0.13827802292481636,98782084.5389438,2020-06-27
246,1593302400000,0.12312689681792738,87926483.61017008,2020-06-28
247,1593388800000,0.1311065395041937,93478044.49142727,2020-06-29
248,1593475200000,0.1342354891380692,95894207.59488942,2020-06-30
249,1593561600000,0.13295258774203264,95416409.14650662,2020-07-01
250,1593648000000,0.1346050426355672,96192458.69977064,2020-07-02
251,1593734400000,0.13112495579824562,93617292.83446145,2020-07-03
252,1593820800000,0.13329743571472655,95260104.33152322,2020-07-04
253,1593907200000,0.131563766232515,93916366.93138753,2020-07-05
254,1593993600000,0.1271852026548538,90338988.14630695,2020-07-06
255,1594080000000,0.1333704270355201,95165276.07685095,2020-07-07
256,1594166400000,0.13064585929472963,93349469.87347695,2020-07-08
257,1594252800000,0.13962451467422443,100009676.36323713,2020-07-09
258,1594339200000,0.1508534834471581,107788281.88187076,2020-07-10
259,1594425600000,0.1444615848367014,107076976.19780347,2020-07-11
260,1594512000000,0.1517040033496189,114832519.79169326,2020-07-12
261,1594598400000,0.14906283986732524,112911274.1989731,2020-07-13
262,1594684800000,0.14289936985321125,109130123.9167103,2020-07-14
263,1594771200000,0.14212504563423153,108529008.28353047,2020-07-15
264,1594857600000,0.13973350654825645,107217306.58329833,2020-07-16
265,1594944000000,0.14005156282566203,107459642.39636585,2020-07-17
266,1595030400000,0.15134667446052835,115476986.70588154,2020-07-18
267,1595116800000,0.1491483471464901,114291128.32873628,2020-07-19
268,1595203200000,0.14426109318095431,111536098.03295907,2020-07-20
269,1595289600000,0.14633941419708485,111062447.34145477,2020-07-21
270,1595376000000,0.16264079976929008,124255895.62186854,2020-07-22
271,1595462400000,0.17020703926204123,130102080.79629704,2020-07-23
272,1595548800000,0.16495975301178925,126240897.05682163,2020-07-24
273,1595635200000,0.17062147723940715,131228855.43191276,2020-07-25
274,1595721600000,0.17777945261129613,135190011.21884432,2020-07-26
275,1595808000000,0.17240341994952904,131951775.88156769,2020-07-27
276,1595894400000,0.14511870584962466,111068973.89911747,2020-07-28
277,1595980800000,0.15666754200899075,119896032.1098659,2020-07-29
278,1596067200000,0.15645653147680388,119956061.38107745,2020-07-30
279,1596153600000,0.15940633945550658,122117307.53998165,2020-07-31
280,1596240000000,0.17293361681908337,132924197.06682879,2020-08-01
281,1596326400000,0.17021356300603283,130569400.00328554,2020-08-02
282,1596412800000,0.17273202561524448,132087525.37403136,2020-08-03
283,1596499200000,0.17778176403905044,136142255.18979812,2020-08-04
284,1596585600000,0.1896157392423667,145367074.93527365,2020-08-05
285,1596672000000,0.18474075925316394,141471335.52278617,2020-08-06
286,1596758400000,0.2044381065518002,156486285.24326482,2020-08-07
287,1596844800000,0.210449075273723,161208161.58208868,2020-08-08
288,1596931200000,0.2352743416797637,179821039.41959095,2020-08-09
289,1597017600000,0.2347910060493078,185969611.57362023,2020-08-10
290,1597104000000,0.2620649733327789,211820062.0627404,2020-08-11
291,1597190400000,0.24582027242869234,199167426.43345672,2020-08-12
292,1597276800000,0.2698170627114812,217542029.95708957,2020-08-13
293,1597363200000,0.2687877023331976,217085389.18068498,2020-08-14
294,1597449600000,0.3138660571396719,252205671.48751757,2020-08-15
295,1597536000000,0.2872243319994719,232374296.2470769,2020-08-16
296,1597622400000,0.27718349745013865,224167914.52758828,2020-08-17
297,1597708800000,0.26672254007790624,216311903.2268235,2020-08-18
298,1597795200000,0.25923114120947316,209465204.85281056,2020-08-19
299,1597881600000,0.24425256651734156,195944264.5226529,2020-08-20
300,1597968000000,0.2847660901360383,229439731.0735758,2020-08-21
301,1598054400000,0.2609282885283278,212072196.67391476,2020-08-22
302,1598140800000,0.28645408706832176,231341040.77874216,2020-08-23
303,1598227200000,0.29581698409335644,241295860.94804922,2020-08-24
304,1598313600000,0.2816826842837746,229103348.90289152,2020-08-25
305,1598400000000,0.2593946737241659,210426330.5729449,2020-08-26
306,1598486400000,0.24733539468353966,199980614.02476376,2020-08-27
307,1598572800000,0.2456819674974711,198149170.39633664,2020-08-28
308,1598659200000,0.25120647495750426,203272541.7384261,2020-08-29
309,1598745600000,0.2525851715428125,205301950.33135188,2020-08-30
310,1598832000000,0.24820536343520103,201021327.47767696,2020-08-31
311,1598918400000,0.2504117844550583,204771466.79402,2020-09-01
312,1599004800000,0.23909854397888983,193921222.14739138,2020-09-02
313,1599091200000,0.21731454791389274,176314147.24369684,2020-09-03
314,1599177600000,0.18187603422652843,150879948.47686836,2020-09-04
315,1599264000000,0.18753007394678603,151922308.59366167,2020-09-05
316,1599350400000,0.15428765583919232,124556177.71297416,2020-09-06
317,1599436800000,0.19185967477555874,155429815.0930343,2020-09-07
318,1599523200000,0.20893447141653573,169380410.8807102,2020-09-08
319,1599609600000,0.22161360787504983,184875393.3002415,2020-09-09
320,1599696000000,0.20960344894523075,178529851.57507223,2020-09-10
321,1599782400000,0.20675131296703694,176011439.48777533,2020-09-11
322,1599868800000,0.2106694448743299,179464147.00723764,2020-09-12
323,1599955200000,0.22775434986299856,194081558.09154183,2020-09-13
324,1600041600000,0.1993381410767937,169835201.01399413,2020-09-14
325,1600128000000,0.20357077836429402,173490941.54100642,2020-09-15
326,1600214400000,0.18333082011361068,156156019.53196335,2020-09-16
327,1600300800000,0.19633931144828456,167324967.23147413,2020-09-17
328,1600387200000,0.18744206602489139,159472544.94720557,2020-09-18
329,1600473600000,0.18533338132258342,157161943.98718733,2020-09-19
330,1600560000000,0.19056045493611712,162452963.93500125,2020-09-20
331,1600646400000,0.19620436879207015,166824493.47768858,2020-09-21
332,1600732800000,0.1846789407872634,158243611.42131793,2020-09-22
333,1600819200000,0.16719987128342145,142921201.23998043,2020-09-23
334,1600905600000,0.1541953636044933,131260270.97905509,2020-09-24
335,1600992000000,0.1666627092743465,142923352.6966456,2020-09-25
336,1601078400000,0.16554945200142196,141263272.05653572,2020-09-26
337,1601164800000,0.1614481007647728,137424201.61130133,2020-09-27
338,1601251200000,0.1565740764801595,133274286.44378293,2020-09-28
339,1601337600000,0.1506033727872573,127074708.73546456,2020-09-29
340,1601424000000,0.15350409326558387,132238121.10072641,2020-09-30
341,1601510400000,0.16093463827847684,137288842.97507074,2020-10-01
342,1601596800000,0.1552499932479656,132744760.1620762,2020-10-02
343,1601683200000,0.148522710942377,127078138.49742007,2020-10-03
344,1601769600000,0.15598551001150887,133231789.212986,2020-10-04
345,1601856000000,0.1573498112179109,135206184.75313196,2020-10-05
346,1601942400000,0.15536379703562367,132910611.40503894,2020-10-06
347,1602028800000,0.14121341010175054,121401145.71291764,2020-10-07
348,1602115200000,0.14934516530828576,132105380.63060392,2020-10-08
349,1602201600000,0.15202072281248213,134357225.09645143,2020-10-09
350,1602288000000,0.1631234926725728,144320727.03547826,2020-10-10
351,1602374400000,0.1585602409293552,141841199.72534338,2020-10-11
352,1602460800000,0.16245874757779918,143847776.21058428,2020-10-12
353,1602547200000,0.1663105481424054,147555829.28137898,2020-10-13
354,1602633600000,0.168902750908768,150003722.1429232,2020-10-14
355,1602720000000,0.16598685454181208,146740384.58105204,2020-10-15
356,1602806400000,0.17817122591867382,158093896.75659043,2020-10-16
357,1602892800000,0.17122047129751752,152175630.45788354,2020-10-17
358,1602979200000,0.16977795581092414,150800182.6606824,2020-10-18
359,1603065600000,0.17072857512032186,151221536.49976856,2020-10-19
360,1603152000000,0.16553525541272876,146641583.11216402,2020-10-20
361,1603238400000,0.1644850290764551,145861238.70425358,2020-10-21
362,1603324800000,0.16213822810556175,143612675.27368447,2020-10-22
363,1603411200000,0.1637889513574457,145243522.60272583,2020-10-23
364,1603497600000,0.1585865852301566,140941822.93821323,2020-10-24
365,1603584000000,0.15756327934980022,139291473.77405712,2020-10-25
366,1603670400000,0.14901182983793498,132213227.1040538,2020-10-26
367,1603756800000,0.1465895395458394,129702275.96642397,2020-10-27
368,1603843200000,0.1480136136337536,132219315.30689198,2020-10-28
369,1603929600000,0.15300931210091467,135608786.9252632,2020-10-29
370,1604016000000,0.14256644628384782,126467067.93435758,2020-10-30
371,1604102400000,0.15317064639573685,135551159.0200031,2020-10-31
372,1604188800000,0.16031176117901735,142043571.62804416,2020-11-01
373,1604275200000,0.15829665156900272,140649054.47720987,2020-11-02
374,1604361600000,0.14888711941222862,132009471.16994362,2020-11-03
375,1604448000000,0.1520216103195326,134780666.89939335,2020-11-04
376,1604534400000,0.15243756831164262,135542240.4112702,2020-11-05
377,1604620800000,0.15301657849604305,135313097.54496068,2020-11-06
378,1604707200000,0.16881607528902565,149689233.26758072,2020-11-07
379,1604793600000,0.17149407569133418,152306307.8042193,2020-11-08
380,1604880000000,0.19202797792146203,175969857.94057003,2020-11-09
381,1604966400000,0.18605875425862467,170784568.84223625,2020-11-10
382,1605052800000,0.21656047154755542,198419754.6762965,2020-11-11
383,1605139200000,0.19576084484221573,179979956.25896677,2020-11-12
384,1605225600000,0.2787354869836111,260112275.03911602,2020-11-13
385,1605312000000,0.26840603923198264,247483859.77447155,2020-11-14
386,1605398400000,0.25106271236512906,230764985.1055374,2020-11-15
387,1605484800000,0.23976568565543924,221632254.98208165,2020-11-16
388,1605571200000,0.25008256934682666,229254970.3872877,2020-11-17
389,1605657600000,0.2425626410212706,222690207.58420694,2020-11-18
390,1605744000000,0.2208555261197831,203291428.02665582,2020-11-19
391,1605830400000,0.20569639376084872,188903012.985164,2020-11-20
392,1605916800000,0.21500757199851056,197141246.58784202,2020-11-21
393,1606003200000,0.2281273719184437,209413992.13244307,2020-11-22
394,1606089600000,0.21152058262515905,195562996.02658024,2020-11-23
395,1606176000000,0.23388548732107214,214024426.88918585,2020-11-24
396,1606262400000,0.22676917209412703,208092054.62675497,2020-11-25
397,1606348800000,0.24213848653280318,220859205.4582678,2020-11-26
398,1606435200000,0.2546742928007569,233637680.94868338,2020-11-27
399,1606521600000,0.23855453161387952,218769693.6448893,2020-11-28
400,1606608000000,0.23531751597125478,215816087.76055163,2020-11-29
401,1606694400000,0.2378409144720929,218450330.42019913,2020-11-30
402,1606780800000,0.24064626125204155,221499597.77905783,2020-12-01
403,1606867200000,0.23921406847176882,219623419.0003662,2020-12-02
404,1606953600000,0.2457765084137628,225875644.88727042,2020-12-03
405,1607040000000,0.24556070051524448,225003167.85867074,2020-12-04
406,1607126400000,0.22559988488004115,207847884.88746905,2020-12-05
407,1607212800000,0.2302244594950016,211347880.80454862,2020-12-06
408,1607299200000,0.24699526108951042,227235672.65700015,2020-12-07
409,1607385600000,0.2656306250713657,243480489.52170646,2020-12-08
410,1607472000000,0.2864877091934405,264374686.3689424,2020-12-09
411,1607558400000,0.2767890724598899,253878105.82678926,2020-12-10
412,1607644800000,0.2613278529184305,240178624.19006684,2020-12-11
413,1607731200000,0.27578084858622876,253729669.3028666,2020-12-12
414,1607817600000,0.2948714989909384,271323564.28268164,2020-12-13
415,1607904000000,0.32419926444567376,296634745.9596225,2020-12-14
416,1607990400000,0.3198349358258863,294981256.32355905,2020-12-15
417,1608076800000,0.3039022358388595,279751905.7384478,2020-12-16
418,1608163200000,0.30079678721272374,275910927.94651383,2020-12-17
419,1608249600000,0.296534743450335,272878357.6691879,2020-12-18
420,1608336000000,0.3169632390263056,290054777.068522,2020-12-19
421,1608422400000,0.3034890535669942,276610953.11918795,2020-12-20
422,1608508800000,0.2923082897910397,269386152.6783398,2020-12-21
423,1608595200000,0.2798413405382579,256896571.3460559,2020-12-22
424,1608681600000,0.2836195352904089,259244710.82782325,2020-12-23
425,1608768000000,0.2622851552431869,240563713.03922874,2020-12-24
426,1608854400000,0.28175278764129286,260357619.1786472,2020-12-25
427,1608940800000,0.30304106686928023,278562331.84940726,2020-12-26
428,1609027200000,0.31901269873449306,293870449.2047689,2020-12-27
429,1609113600000,0.415772858718742,387435091.6700528,2020-12-28
430,1609200000000,0.38920109403707076,355722006.74892366,2020-12-29
431,1609286400000,0.40736860358315563,377548938.45849514,2020-12-30
432,1609372800000,0.3970226609126368,363818139.1733333,2020-12-31
433,1609459200000,0.39660185885822763,363630027.503725,2021-01-01
434,1609545600000,0.43453744745213824,399655530.811085,2021-01-02
435,1609632000000,0.45497924419538427,416436204.47899354,2021-01-03
436,1609718400000,0.48270197854575086,447385898.68158925,2021-01-04
437,1609804800000,0.48142086095591147,440081547.21057695,2021-01-05
438,1609891200000,0.5241155315068995,479010289.8121018,2021-01-06
439,1609977600000,0.523491250211067,481330898.35684747,2021-01-07
440,1610064000000,0.5416620170587484,491128987.59162235,2021-01-08
441,1610150400000,0.4956732523597909,454317368.70438194,2021-01-09
442,1610236800000,0.5018226160341439,460264340.8550943,2021-01-10
443,1610323200000,0.47576084268272434,436108041.5705562,2021-01-11
444,1610409600000,0.49569367798079655,456302548.5822144,2021-01-12
445,1610496000000,0.48488638269067313,443186901.15416044,2021-01-13
446,1610582400000,0.5562085890730089,508565090.36059463,2021-01-14
447,1610668800000,0.5088294106747769,464651104.14037126,2021-01-15
448,1610755200000,0.48931142107368797,451340057.53271717,2021-01-16
449,1610841600000,0.4767567588214958,439231020.360485,2021-01-17
450,1610928000000,0.49179351921651754,453451232.00894064,2021-01-18
451,1611014400000,0.48576029122618747,445011409.1464482,2021-01-19
452,1611100800000,0.504825477992157,462309248.40420794,2021-01-20
453,1611187200000,0.4929902407286109,448106348.8342706,2021-01-21
454,1611273600000,0.4545146874303882,421743527.5252129,2021-01-22
455,1611360000000,0.4793192017357829,436646496.2619711,2021-01-23
456,1611446400000,0.4835010798224596,442837873.63753825,2021-01-24
457,1611532800000,0.4922943473948672,453674363.03190756,2021-01-25
458,1611619200000,0.46919487444641383,432359237.96500945,2021-01-26
459,1611705600000,0.47148434816839047,432705048.43778557,2021-01-27
460,1611792000000,0.42808575621201117,392474999.53612906,2021-01-28
461,1611878400000,0.4435782325642769,407063133.30047303,2021-01-29
462,1611964800000,0.4399056931156167,403193962.2789345,2021-01-30
463,1612051200000,0.4280689750507812,392502895.2348467,2021-01-31
464,1612137600000,0.42720005829138247,389989527.0431121,2021-02-01
465,1612224000000,0.4417095522191765,405867219.47896415,2021-02-02
466,1612310400000,0.46142579899847125,425455708.1838765,2021-02-03
467,1612396800000,0.4617514253556652,423891472.78905153,2021-02-04
468,1612483200000,0.4472414664028488,412653920.5078494,2021-02-05
469,1612569600000,0.4660530058671813,427196458.4713632,2021-02-06
470,1612656000000,0.4464845937016816,409128676.94260603,2021-02-07
471,1612742400000,0.4697683311639797,429273037.93205315,2021-02-08
472,1612828800000,0.48266624423353555,440722087.07319236,2021-02-09
473,1612915200000,0.536984066027113,495847910.3971767,2021-02-10
474,1613001600000,0.5697758287930818,525790786.13299245,2021-02-11
475,1613088000000,0.6439367329558225,587734922.2756982,2021-02-12
476,1613174400000,0.7327130188547617,673620659.3683459,2021-02-13
477,1613260800000,0.698072829431059,639828302.2960554,2021-02-14
478,1613347200000,0.6734445899059357,617331161.8364154,2021-02-15
479,1613433600000,0.6911820430063779,628058659.6568811,2021-02-16
480,1613520000000,0.6788845702671457,622056292.3549795,2021-02-17
481,1613606400000,0.7148462416948203,660003613.4429027,2021-02-18
482,1613692800000,0.7891348190067783,724189710.0101142,2021-02-19
483,1613779200000,0.8420706588346855,770160369.2088029,2021-02-20
484,1613865600000,0.7770169710445871,709835211.1624807,2021-02-21
485,1613952000000,0.8173333252935083,750319328.4140162,2021-02-22
486,1614038400000,0.7803392989162374,716585052.9326137,2021-02-23
487,1614124800000,0.8399183436086526,772237821.3971694,2021-02-24
488,1614211200000,1.0835093072162447,1002683911.2868966,2021-02-25
489,1614297600000,1.048382167317031,969434257.1388533,2021-02-26
490,1614384000000,1.0173897293935714,927922589.8119348,2021-02-27
491,1614470400000,1.0125208310070908,913950339.9836155,2021-02-28
492,1614556800000,0.9456152954656837,869077876.4716777,2021-03-01
493,1614643200000,0.989014449717186,908337056.7553144,2021-03-02
494,1614729600000,1.0167165855134872,1065226768.6993266,2021-03-03
495,1614816000000,1.0480420015520333,1105217979.672141,2021-03-04
496,1614902400000,1.2216997730172996,1287159288.221059,2021-03-05
497,1614988800000,1.2182570554433223,1274165644.3412805,2021-03-06
498,1615075200000,1.1800662323843025,1239758005.1316483,2021-03-07
499,1615161600000,1.2010561955970525,1259366170.3169496,2021-03-08
500,1615248000000,1.2055951489824623,1265720059.912465,2021-03-09
501,1615334400000,1.2304494841637221,1292634898.7760463,2021-03-10
502,1615420800000,1.119500822733085,1180553377.150436,2021-03-11
503,1615507200000,1.0993951671951443,1158488063.7475257,2021-03-12
504,1615593600000,1.1569182039429875,1226450896.5841756,2021-03-13
505,1615680000000,1.2655020696077826,1334014115.9427974,2021-03-14
506,1615766400000,1.1508817751759253,1213902810.8811603,2021-03-15
507,1615852800000,1.1241412390715089,1195202400.4816844,2021-03-16
508,1615939200000,1.13389490387817,1190937809.3841245,2021-03-17
509,1616025600000,1.2171851180732032,1271985281.6352222,2021-03-18
510,1616112000000,1.3221555476425335,1393247598.848224,2021-03-19
511,1616198400000,1.365826612254951,1441534043.991226,2021-03-20
512,1616284800000,1.2548720340818846,1322352586.733542,2021-03-21
513,1616371200000,1.277215162059118,1352777346.9195375,2021-03-22
514,1616457600000,1.2590070898240509,1334868588.4947937,2021-03-23
515,1616544000000,1.2717713286535939,1341191879.3874395,2021-03-24
516,1616630400000,1.2024881678362118,1269585997.3354194,2021-03-25
517,1616716800000,1.1771397326211137,1239548513.0077026,2021-03-26
518,1616803200000,1.2268008552999163,1284518303.5302205,2021-03-27
519,1616889600000,1.2647536876044174,1332245677.674094,2021-03-28
520,1616976000000,1.2526637664298663,1312100017.0705764,2021-03-29
521,1617062400000,1.2443037121724858,1310588843.336419,2021-03-30
522,1617148800000,1.238863243806125,1303272589.4267561,2021-03-31
523,1617235200000,1.2159135316595264,1277786309.7563012,2021-04-01
524,1617321600000,1.2566564664738373,1324953925.1858335,2021-04-02
525,1617408000000,1.217743724422525,1279006128.781188,2021-04-03
526,1617494400000,1.1159947150076852,1182071640.1462784,2021-04-04
527,1617580800000,1.1566960723634345,1218543339.7066023,2021-04-05
528,1617667200000,2.751203581406238,2858422154.8694124,2021-04-06
529,1617753600000,1.9717722055069693,2088742373.5669014,2021-04-07
530,1617840000000,1.720293129581538,1805920149.651875,2021-04-08
531,1617926400000,1.9063938407233378,1993139905.6745603,2021-04-09
532,1618012800000,1.96773137440072,2054204441.2322927,2021-04-10
533,1618099200000,1.917807947566382,2035744618.9170482,2021-04-11
534,1618185600000,1.8785281196301775,1978105166.3346665,2021-04-12
535,1618272000000,2.0803395889766696,2190424293.4083986,2021-04-13
536,1618358400000,2.3093588705698713,2429049585.1921444,2021-04-14
537,1618444800000,2.6344069509787618,2717706350.076468,2021-04-15
538,1618531200000,2.6635548020002036,2814274789.788118,2021-04-16
539,1618617600000,2.3718842138198037,2501757631.94691,2021-04-17
540,1618704000000,2.287220434714783,2410655379.862289,2021-04-18
541,1618790400000,1.9873583290153456,2088241715.2413912,2021-04-19
542,1618876800000,2.2870103811386797,2486373713.0637965,2021-04-20
543,1618963200000,2.448584582551303,2554532591.3339796,2021-04-21
544,1619049600000,2.233216747661868,2383277196.376311,2021-04-22
545,1619136000000,2.137643571621529,2181452578.405709,2021-04-23
546,1619222400000,1.9654124655802336,2022557664.4542809,2021-04-24
547,1619308800000,1.77045170507677,1870984697.061586,2021-04-25
548,1619395200000,1.7625340437334813,1857311168.6731231,2021-04-26
549,1619481600000,2.029831462420681,2132581918.1582894,2021-04-27
550,1619568000000,2.231508774161116,2345866056.2633333,2021-04-28
551,1619654400000,2.237496436187071,2368434014.9856606,2021-04-29
552,1619740800000,2.134780549886539,2246987735.971197,2021-04-30
553,1619827200000,2.1796717776417807,2298078060.8412914,2021-05-01
554,1619913600000,2.140136174049095,2252518923.304946,2021-05-02
555,1620000000000,2.077479563548479,2191887125.034267,2021-05-03
556,1620086400000,2.0674879115219373,2177150508.189005,2021-05-04
557,1620172800000,2.006232419926635,2147571829.258168,2021-05-05
558,1620259200000,2.125047793101985,2240088125.5301514,2021-05-06
559,1620345600000,2.0178087842785013,2120273942.6123178,2021-05-07
560,1620432000000,2.0067440033101835,2110987104.549333,2021-05-08
561,1620518400000,2.0195797187838798,2116455399.6392205,2021-05-09
562,1620604800000,1.9313228490080439,2033391837.6512609,2021-05-10
563,1620691200000,1.7437587789195343,1845077378.3167505,2021-05-11
564,1620777600000,1.8835395244844488,1994494575.160189,2021-05-12
565,1620864000000,1.6397265335908375,1752394656.3432157,2021-05-13
566,1620950400000,1.5925524211573623,1668073455.3249805,2021-05-14
567,1621036800000,1.6785588050228184,1769048050.33308,2021-05-15
568,1621123200000,1.5688635270687272,1650825832.3028872,2021-05-16
569,1621209600000,1.5234307210374192,1603504466.5151992,2021-05-17
570,1621296000000,1.3608252271619967,1430155029.8879006,2021-05-18
571,1621382400000,1.3827562755570835,1437533114.931409,2021-05-19
572,1621468800000,0.9259978162984337,985653344.2582927,2021-05-20
573,1621555200000,1.0715458717705717,1126689022.3589194,2021-05-21
574,1621641600000,1.0018415397387368,1061532013.4636884,2021-05-22
575,1621728000000,0.9806153897469297,1017970908.2737896,2021-05-23
576,1621814400000,0.9244522065944635,957347993.0042278,2021-05-24
577,1621900800000,1.067447070856643,1130327530.6051822,2021-05-25
578,1621987200000,1.016376481553713,1069344329.8663464,2021-05-26
579,1622073600000,1.0795353193443635,1132305873.4150176,2021-05-27
580,1622160000000,1.106510936145971,1159352001.2013,2021-05-28
581,1622246400000,0.9704643184902169,1021473341.5858883,2021-05-29
582,1622332800000,0.9674179612780281,1028960465.6671335,2021-05-30
583,1622419200000,0.9567171130302798,1010034198.8069509,2021-05-31
584,1622505600000,0.9977563194353886,1048440589.5135655,2021-06-01
585,1622592000000,0.9775270974602892,1029371926.8171995,2021-06-02
586,1622678400000,1.0061991332606262,1061156844.1245921,2021-06-03
587,1622764800000,1.0492371139230854,1107459006.1077676,2021-06-04
588,1622851200000,1.0223343366847613,1075390719.2661045,2021-06-05
589,1622937600000,0.9684216815333977,1015665998.900972,2021-06-06
590,1623024000000,1.000937890490574,1055422159.3612919,2021-06-07
591,1623110400000,0.9166762252638321,976525608.0462035,2021-06-08
592,1623196800000,0.9104273022343408,959646245.9092475,2021-06-09
593,1623283200000,0.9338107219955116,984030956.3806447,2021-06-10
594,1623369600000,0.9176985951531437,984468564.2774726,2021-06-11
595,1623456000000,0.8872771333019804,934215004.2144091,2021-06-12
596,1623542400000,0.8414018096343886,902921946.704643,2021-06-13
597,1623628800000,0.9009801588969192,953572041.0760975,2021-06-14
598,1623715200000,0.9019158480812616,951441543.4422094,2021-06-15
599,1623801600000,0.8915166139365489,944989709.0876287,2021-06-16
600,1623888000000,0.9293672150637112,972499491.7174109,2021-06-17
601,1623974400000,0.9015871012115674,945976280.6399405,2021-06-18
602,1624060800000,0.8373569253614475,869035537.6769679,2021-06-19
603,1624147200000,0.8283195487046475,858614154.7302091,2021-06-20
604,1624233600000,0.8010551884426449,843794952.631811,2021-06-21
605,1624320000000,0.5974339255442638,630826900.1090107,2021-06-22
606,1624406400000,0.6084565783075881,638558697.088864,2021-06-23
607,1624492800000,0.6479005154441277,681955113.5641307,2021-06-24
608,1624579200000,0.7227658764134329,759880634.1441574,2021-06-25
609,1624665600000,0.6457282192797232,680627027.3426194,2021-06-26
610,1624752000000,0.6419633476049162,672105954.1581209,2021-06-27
611,1624838400000,0.6931242648257749,727613417.8692306,2021-06-28
612,1624924800000,0.7073358501682524,744218457.9359169,2021-06-29
613,1625011200000,0.7529671449449933,792944227.963069,2021-06-30
614,1625097600000,0.8105285378508664,852634199.0342056,2021-07-01
615,1625184000000,0.7730901341829297,820604654.9757404,2021-07-02
616,1625270400000,0.8239770102784706,867633524.9468415,2021-07-03
617,1625356800000,0.846871978013855,886284699.9637926,2021-07-04
618,1625443200000,0.8632177993243285,909012822.6820997,2021-07-05
619,1625529600000,0.8219361046685174,866522212.5836158,2021-07-06
620,1625616000000,0.8689339272868175,912373908.8397512,2021-07-07
621,1625702400000,0.9932636901799041,1045661245.6579775,2021-07-08
622,1625788800000,1.2205482676440762,1311583165.241034,2021-07-09
623,1625875200000,1.1995808700134873,1241753365.3397353,2021-07-10
624,1625961600000,1.2516274024721232,1325424174.089077,2021-07-11
625,1626048000000,1.3621585198120578,1431478928.492054,2021-07-12
626,1626134400000,1.1946985156598027,1282153847.2678242,2021-07-13
627,1626220800000,1.1920402349959929,1248237081.472544,2021-07-14
628,1626307200000,1.2416240490300836,1308516593.5731392,2021-07-15
629,1626393600000,1.2516558172223344,1348702393.396963,2021-07-16
630,1626480000000,1.0902856587206284,1144083883.345054,2021-07-17
631,1626566400000,1.0382727219328445,1091297946.0192287,2021-07-18
632,1626652800000,1.022939633200206,1074281128.646369,2021-07-19
633,1626739200000,0.9245097635362557,971814004.1840812,2021-07-20
634,1626825600000,0.8230043167703305,859674138.6126343,2021-07-21
635,1626912000000,0.9660956039993159,1021609596.9656506,2021-07-22
636,1626998400000,1.0430492573506733,1111065704.8632967,2021-07-23
637,1627084800000,1.176060004073752,1225798329.138075,2021-07-24
638,1627171200000,1.206855514283444,1267262621.5578387,2021-07-25
639,1627257600000,1.1963284315642568,1257823857.2457604,2021-07-26
640,1627344000000,1.1501039613717359,1211197697.046627,2021-07-27
641,1627430400000,1.1565445688850973,1216155364.2325466,2021-07-28
642,1627516800000,1.127161686133219,1188456446.8594596,2021-07-29
643,1627603200000,1.1470318627240494,1206975857.9837918,2021-07-30
644,1627689600000,1.2300984311776222,1302390557.702938,2021-07-31
645,1627776000000,1.277934033879509,1346206016.2064493,2021-08-01
646,1627862400000,1.2091445675317982,1265334628.580703,2021-08-02
647,1627948800000,1.2636071697086138,1331178136.6667883,2021-08-03
648,1628035200000,1.3718859611805747,1439459154.1128857,2021-08-04
649,1628121600000,1.3686766798717205,1438242754.7401097,2021-08-05
650,1628208000000,1.3456664460346985,1410505725.3634636,2021-08-06
651,1628294400000,1.3526642240742472,1424540623.0410383,2021-08-07
652,1628380800000,1.3993481357313862,1457419623.931394,2021-08-08
653,1628467200000,1.2935567181696657,1361191448.5234852,2021-08-09
654,1628553600000,1.336817758644028,1401510353.5256975,2021-08-10
655,1628640000000,1.4095646884987365,1481923957.939532,2021-08-11
656,1628726400000,1.4268939151956463,1505148558.2117925,2021-08-12
657,1628812800000,1.354112576204713,1425341632.427294,2021-08-13
658,1628899200000,1.4113786147187126,1479675459.922835,2021-08-14
659,1628985600000,1.4301643771735206,1502898460.255417,2021-08-15
660,1629072000000,1.4227741981811313,1490734011.692883,2021-08-16
661,1629158400000,1.4982266744109316,1597583581.9968994,2021-08-17
662,1629244800000,1.3680875059971616,1462955149.9342055,2021-08-18
663,1629331200000,1.3708315958888724,1440684827.3420825,2021-08-19
664,1629417600000,1.3821085811318259,1434752983.0057094,2021-08-20
665,1629504000000,1.434924944938326,1518800318.777999,2021-08-21
666,1629590400000,1.4611637084777997,1537779599.0102358,2021-08-22
667,1629676800000,1.4437555189176148,1519251695.058277,2021-08-23
668,1629763200000,1.4979461024893972,1573441615.0669415,2021-08-24
669,1629849600000,1.4277979679955892,1499659267.9072106,2021-08-25
670,1629936000000,1.4872926820712506,1565157214.831727,2021-08-26
671,1630022400000,1.3787762015483958,1450966685.3353403,2021-08-27
672,1630108800000,1.4268116709908512,1501358442.888028,2021-08-28
673,1630195200000,1.4194459984877592,1481555993.6758866,2021-08-29
674,1630281600000,1.4925555455104802,1570811461.8371272,2021-08-30
675,1630368000000,1.4234046862509042,1491414566.4611397,2021-08-31
676,1630454400000,1.4639533409771326,1528154938.239164,2021-09-01
677,1630540800000,1.5091535269899663,1585742508.4653575,2021-09-02
678,1630627200000,1.5955145256110548,1682734237.4971945,2021-09-03
679,1630713600000,1.648293413412876,1748779425.2413843,2021-09-04
680,1630800000000,1.690086327573844,1774064870.330874,2021-09-05
681,1630886400000,1.6806968038703232,1764342974.947244,2021-09-06
682,1630972800000,1.6907856005411022,1779425403.0271378,2021-09-07
683,1631059200000,1.3836630851619391,1456036653.2904084,2021-09-08
684,1631145600000,1.4075290793874085,1483301986.6666317,2021-09-09
685,1631232000000,1.449770839887939,1526623215.5124414,2021-09-10
686,1631318400000,1.4104667883822295,1478086814.7219255,2021-09-11
687,1631404800000,1.4107088042735592,1481443002.5868034,2021-09-12
688,1631491200000,1.440937696467309,1534494539.0578473,2021-09-13
689,1631577600000,1.5485548793362838,1628942393.8056376,2021-09-14
690,1631664000000,1.564938143946806,1641281057.51602,2021-09-15
691,1631750400000,1.5688374920858075,1648825217.8128173,2021-09-16
692,1631836800000,1.5114163977308037,1591870944.9122903,2021-09-17
693,1631923200000,1.453535431389702,1522071892.8613672,2021-09-18
694,1632009600000,1.4660779155842094,1542537213.02967,2021-09-19
695,1632096000000,1.4079839516745494,1481655899.527914,2021-09-20
696,1632182400000,1.1876404849962807,1241862786.3960044,2021-09-21
697,1632268800000,1.208433063799615,1266543910.0864491,2021-09-22
698,1632355200000,1.366893224419093,1445881261.19852,2021-09-23
699,1632441600000,1.4317668216674018,1492541442.1912332,2021-09-24
700,1632528000000,1.2692756169114758,1334888804.1915493,2021-09-25
701,1632614400000,1.252695813546352,1322014836.2197213,2021-09-26
702,1632700800000,1.2415601302197283,1306001470.6765506,2021-09-27
703,1632787200000,1.2028902695044292,1276410068.6754222,2021-09-28
704,1632873600000,1.1489450756849555,1194402655.3967807,2021-09-29
705,1632960000000,1.1448117701875848,1206334574.8085496,2021-09-30
706,1633046400000,1.202406461888055,1265715842.5255098,2021-10-01
707,1633132800000,1.3132642900712879,1375056345.8550756,2021-10-02
708,1633219200000,1.3286191421271871,1428698110.6983926,2021-10-03
709,1633305600000,1.3348822402277911,1405986772.959452,2021-10-04
710,1633392000000,1.426831786207984,1497674809.7903357,2021-10-05
711,1633478400000,1.4357471938046837,1508111463.7755978,2021-10-06
712,1633564800000,1.3717213853260808,1441424109.3897185,2021-10-07
713,1633651200000,1.4021408580346806,1471029680.1070092,2021-10-08
714,1633737600000,1.432948346547752,1508277127.4313078,2021-10-09
715,1633824000000,1.8633717641072787,1946321266.347095,2021-10-10
716,1633910400000,2.132346629771709,2246810601.713473,2021-10-11
717,1633996800000,1.9666662511982835,2062209422.8553908,2021-10-12
718,1634083200000,2.044533996416628,2147206895.5127616,2021-10-13
719,1634169600000,2.272732468372985,2411855394.162662,2021-10-14
720,1634256000000,2.2423947893647496,2329255131.1306095,2021-10-15
721,1634342400000,2.002222056880253,2107996685.6702302,2021-10-16
722,1634428800000,1.965220519737235,2059908436.4970045,2021-10-17
723,1634515200000,2.197006045026563,2312545539.9771323,2021-10-18
724,1634601600000,2.5413240879613657,2649432207.4031897,2021-10-19
725,1634688000000,2.343017083185706,2504063211.2784705,2021-10-20
726,1634774400000,2.402591029553154,2515015915.1933193,2021-10-21
727,1634860800000,2.2994983214139095,2422968768.260502,2021-10-22
728,1634947200000,2.206966647155803,2323226921.0444055,2021-10-23
729,1635033600000,2.2336976881107207,2348349678.6640797,2021-10-24
730,1635120000000,2.21094334297615,2330013420.268247,2021-10-25
731,1635206400000,2.224825485877488,2343226198.469608,2021-10-26
732,1635292800000,2.155365740157043,2281163639.2616253,2021-10-27
733,1635379200000,1.874207609526519,1976810265.1982384,2021-10-28
734,1635465600000,1.9501160211797484,2025069534.941686,2021-10-29
735,1635552000000,1.988678817243366,2084750399.9510942,2021-10-30
736,1635638400000,1.9005363986983592,2002520326.9516358,2021-10-31
737,1635724800000,1.8527419327702324,1936663202.4812047,2021-11-01
738,1635811200000,1.9615852483463947,2040228631.385338,2021-11-02
739,1635897600000,1.968364825786188,2081070491.781507,2021-11-03
740,1635984000000,1.9741575560138582,2077922162.759902,2021-11-04
741,1636070400000,1.9363375710541373,2021100244.4053516,2021-11-05
742,1636156800000,1.9928786570809576,2102829007.1326458,2021-11-06
743,1636243200000,2.0023082603007736,2092208351.2845347,2021-11-07
744,1636329600000,2.2046020495074665,2315901944.3950806,2021-11-08
745,1636416000000,2.3101797691362855,2461687043.969559,2021-11-09
746,1636502400000,2.224212072068064,2341525520.9064655,2021-11-10
747,1636588800000,2.1111880226363633,2212413410.3542914,2021-11-11
748,1636675200000,2.210464539938302,2327012570.825561,2021-11-12
749,1636761600000,2.2648866429440173,2372618857.7290225,2021-11-13
750,1636848000000,2.3075100453173674,2428293117.945858,2021-11-14
751,1636934400000,2.3383200377556106,2445703461.2217174,2021-11-15
752,1637020800000,2.4270055057237476,2557824866.8639655,2021-11-16
753,1637107200000,2.1804616104556063,2303097000.669449,2021-11-17
754,1637193600000,2.149879936564979,2248258912.6365685,2021-11-18
755,1637280000000,1.9121974095931917,2002683309.0558112,2021-11-19
756,1637366400000,2.0645401426828887,2162926249.9899817,2021-11-20
757,1637452800000,2.127323098038332,2236884581.0965986,2021-11-21
758,1637539200000,2.180172281150975,2300331754.7793617,2021-11-22
759,1637625600000,2.1291090435943696,2245331925.9644675,2021-11-23
760,1637712000000,2.081289040612847,2194314958.32183,2021-11-24
761,1637798400000,1.969991228936492,2073409007.6657515,2021-11-25
762,1637884800000,2.0676839386462365,2170870656.7225733,2021-11-26
763,1637971200000,1.8382728839036677,1933162724.5720525,2021-11-27
764,1638057600000,1.8696971331083285,1971485327.4549892,2021-11-28
765,1638144000000,1.9237459885794794,2025406674.71983,2021-11-29
766,1638230400000,2.151713786472368,2272206753.6579475,2021-11-30
767,1638316800000,2.6679798291940555,2786829574.6496696,2021-12-01
768,1638403200000,3.005353175951735,3085365896.0988917,2021-12-02
769,1638489600000,2.5448026699861512,2680505033.6624002,2021-12-03
770,1638576000000,2.662739717829244,2588831344.6880326,2021-12-04
771,1638662400000,2.2103197033050153,2330921823.0759916,2021-12-05
772,1638748800000,2.0763068536246334,2181126190.3308887,2021-12-06
773,1638835200000,2.2602254519453395,2379963484.893485,2021-12-07
774,1638921600000,2.2874813788187516,2412108749.213774,2021-12-08
775,1639008000000,2.302166526249023,2415370406.930527,2021-12-09
776,1639094400000,2.128039359956573,2259722549.3918896,2021-12-10
777,1639180800000,1.9637627216712692,2083483038.7294326,2021-12-11
778,1639267200000,2.1241773669756094,2235827234.2679257,2021-12-12
779,1639353600000,2.122661013336687,2230203590.4342046,2021-12-13
780,1639440000000,1.8639632702405946,1962230447.1534727,2021-12-14
781,1639526400000,1.951892954996654,2051168728.7772906,2021-12-15
782,1639612800000,2.314717455969321,2446553800.096352,2021-12-16
783,1639699200000,2.212791872607166,2319699187.5128264,2021-12-17
784,1639785600000,2.136645877465852,2256109393.890829,2021-12-18
785,1639872000000,2.153768228098864,2265364295.8267035,2021-12-19
786,1639958400000,2.134923814009186,2263814291.6304226,2021-12-20
787,1640044800000,2.066949776970292,2183307106.071828,2021-12-21
788,1640131200000,2.1753234991544077,2292940987.572321,2021-12-22
789,1640217600000,2.2508758834242286,2352408108.2003317,2021-12-23
790,1640304000000,2.386275420612849,2519271914.6296644,2021-12-24
791,1640390400000,2.287560743523293,2412052691.721509,2021-12-25
792,1640476800000,2.3353360501784,2464378750.0275445,2021-12-26
793,1640563200000,2.3809675808115243,2516342048.409559,2021-12-27
794,1640649600000,2.6533406123080403,2799584297.25333,2021-12-28
795,1640736000000,2.3399026095075173,2484578786.429934,2021-12-29
796,1640822400000,2.1909778701858142,2285115547.767218,2021-12-30
797,1640908800000,2.234384648797525,2358282675.783195,2021-12-31
798,1640995200000,2.214086278242963,2357112973.856459,2022-01-01
799,1641081600000,2.315700948432517,2433284281.426303,2022-01-02
800,1641168000000,2.444703715670734,2558439001.177829,2022-01-03
801,1641254400000,2.329912420597202,2468106231.1422224,2022-01-04
802,1641340800000,2.3854022164611357,2503942880.3399887,2022-01-05
803,1641427200000,2.2956365062308626,2426836612.5353637,2022-01-06
804,1641513600000,2.2285060320710466,2343668992.9878683,2022-01-07
805,1641600000000,2.1416110298236384,2252370242.8322926,2022-01-08
806,1641686400000,2.1021804575593204,2218139316.4632163,2022-01-09
807,1641772800000,2.111768785379617,2217500733.8877516,2022-01-10
808,1641859200000,2.0128919233088793,2119911230.1282976,2022-01-11
809,1641945600000,2.140670576100255,2252221346.7423315,2022-01-12
810,1642032000000,2.2064828324552037,2323995210.025165,2022-01-13
811,1642118400000,2.0933895673494836,2204160262.6228404,2022-01-14
812,1642204800000,2.114683340629252,2224789948.8907633,2022-01-15
813,1642291200000,2.170360344554833,2281850906.2474113,2022-01-16
814,1642377600000,2.1510583060648583,2274338196.5225677,2022-01-17
815,1642464000000,2.0978002950081938,2213797391.5277123,2022-01-18
816,1642550400000,2.3659992076513925,2483070152.445144,2022-01-19
817,1642636800000,2.1009515781091577,2208888233.8353033,2022-01-20
818,1642723200000,1.9682579380022138,2090046208.2436733,2022-01-21
819,1642809600000,1.7088964878352713,1800235514.0657732,2022-01-22
820,1642896000000,1.4500922354099581,1507167388.7171822,2022-01-23
821,1642982400000,1.483458255649828,1558387604.9502804,2022-01-24
822,1643068800000,1.3802407244260662,1454374913.1528418,2022-01-25
823,1643155200000,1.3686096418944866,1451422972.2466283,2022-01-26
824,1643241600000,1.3950038847483177,1472446928.859173,2022-01-27
825,1643328000000,1.4154426616678488,1481623175.39225,2022-01-28
826,1643414400000,1.4771659652959983,1556389902.3493412,2022-01-29
827,1643500800000,1.5342141943490712,1615566659.9253726,2022-01-30
828,1643587200000,1.5217726164690815,1607494358.0526984,2022-01-31
829,1643673600000,1.5133025058403586,1589103852.0459569,2022-02-01
830,1643760000000,1.513881005861598,1593828913.4509223,2022-02-02
831,1643846400000,1.4296843483337398,1507148088.2931328,2022-02-03
832,1643932800000,1.433801042114771,1502064432.293357,2022-02-04
833,1644019200000,1.5589493058643167,1634809106.840356,2022-02-05
834,1644105600000,1.6055845272265863,1693455339.067794,2022-02-06
835,1644192000000,1.6987046366522638,1790129533.8701093,2022-02-07
836,1644278400000,1.741449093441519,1837142312.4831104,2022-02-08
837,1644364800000,1.7135353448790631,1803189529.372918,2022-02-09
838,1644451200000,1.7372866641802014,1828631774.910595,2022-02-10
839,1644537600000,1.6454901104857897,1730733131.9468236,2022-02-11
840,1644624000000,1.525631683237436,1603829075.9491298,2022-02-12
841,1644710400000,1.5437842023521577,1631056489.376878,2022-02-13
842,1644796800000,1.4845163323298687,1568088146.4209108,2022-02-14
843,1644883200000,1.4786034695610792,1558493545.0397058,2022-02-15
844,1644969600000,1.5936323336177023,1680975894.159973,2022-02-16
845,1645056000000,1.5693120896862132,1654471065.2514482,2022-02-17
846,1645142400000,1.4045105156052249,1484997260.4905174,2022-02-18
847,1645228800000,1.3578321847076862,1430276042.34574,2022-02-19
848,1645315200000,1.3346234193324198,1402984031.439549,2022-02-20
849,1645401600000,1.2472469282818963,1322683822.178209,2022-02-21
850,1645488000000,1.1298704423740105,1189080919.8346114,2022-02-22
851,1645574400000,1.1678217914663285,1222540161.1040244,2022-02-23
852,1645660800000,1.1556004711699857,1215986748.7777445,2022-02-24
853,1645747200000,1.1208231556352963,1175803272.3920767,2022-02-25
854,1645833600000,1.1747922159158255,1237130013.3189132,2022-02-26
855,1645920000000,1.1975480099859335,1259491435.3881183,2022-02-27
856,1646006400000,1.1375062105515361,1196757549.240131,2022-02-28
857,1646092800000,1.250257092479712,1316001892.1078293,2022-03-01
858,1646179200000,1.2868036325848766,1351974815.0244963,2022-03-02
859,1646265600000,1.2450316528833367,1312822945.8737237,2022-03-03
860,1646352000000,1.2090215988879176,1272170392.7222927,2022-03-04
861,1646438400000,1.1215675404131518,1181762896.2071092,2022-03-05
862,1646524800000,1.1423127528167645,1200132140.8247192,2022-03-06
863,1646611200000,1.0896573979002644,1141191929.9759395,2022-03-07
864,1646697600000,1.0548708008931944,1108199641.2972977,2022-03-08
865,1646784000000,1.06486345126696,1122682808.8044174,2022-03-09
866,1646870400000,1.1261492233743073,1184905845.1522608,2022-03-10
867,1646956800000,1.4894290677070898,1545348620.5776546,2022-03-11
868,1647043200000,1.3636352711235713,1443388290.6782238,2022-03-12
869,1647129600000,1.3347008445077395,1407701088.073682,2022-03-13
870,1647216000000,1.2392400586460688,1303430120.9149847,2022-03-14
871,1647302400000,1.2666008728417353,1336131486.3748467,2022-03-15
872,1647388800000,1.2235720066404754,1287613699.1321356,2022-03-16
873,1647475200000,1.2735034686194124,1336328433.4252567,2022-03-17
874,1647561600000,1.2786191116652086,1344578875.981305,2022-03-18
875,1647648000000,1.2965914960010931,1371963826.1977391,2022-03-19
876,1647734400000,1.3148952681886108,1382225423.1599066,2022-03-20
877,1647820800000,1.2676651805094952,1336529273.4594114,2022-03-21
878,1647907200000,1.2954827273999565,1360870215.545992,2022-03-22
879,1647993600000,1.3122878303469525,1379296577.6294165,2022-03-23
880,1648080000000,1.334801915463617,1404431112.8266766,2022-03-24
881,1648166400000,1.3643481543849096,1436698394.3859806,2022-03-25
882,1648252800000,1.3482484662878906,1417125805.2804093,2022-03-26
883,1648339200000,1.3649167731830436,1438427748.7291028,2022-03-27
884,1648425600000,1.426371460038889,1511641874.107704,2022-03-28
885,1648512000000,1.4234457941928766,1503038574.3529744,2022-03-29
886,1648598400000,1.4511762850075933,1520853035.0176716,2022-03-30
887,1648684800000,1.5061566424994517,1594664353.952507,2022-03-31
888,1648771200000,1.443576454731516,1514420762.8386872,2022-04-01
889,1648857600000,1.4676592460427293,1546111845.7381246,2022-04-02
890,1648944000000,1.4990124698368417,1583889822.5522273,2022-04-03
891,1649030400000,1.534355090501978,1610015592.3391821,2022-04-04
892,1649116800000,1.4662337842091733,1538389248.4431808,2022-04-05
893,1649203200000,1.4156185500452474,1494424325.7722256,2022-04-06
894,1649289600000,1.259765807707254,1325980939.9446216,2022-04-07
895,1649376000000,1.3067458047422602,1376407959.7378044,2022-04-08
896,1649462400000,1.2466761208918988,1308874068.902568,2022-04-09
897,1649548800000,1.2887395114190037,1353020730.8537138,2022-04-10
898,1649635200000,1.2395542582165608,1311524861.9401908,2022-04-11
899,1649721600000,1.1321083697282528,1196706812.6537046,2022-04-12
900,1649808000000,1.172239180763424,1233853785.5520236,2022-04-13
901,1649894400000,1.2191110911326102,1283060721.377731,2022-04-14
902,1649980800000,1.203320413448912,1265335959.6760373,2022-04-15
903,1650067200000,1.195250155307065,1258548486.1662376,2022-04-16
904,1650153600000,1.1833442265728555,1246354979.3762636,2022-04-17
905,1650240000000,1.1436272833041745,1202318546.9341002,2022-04-18
906,1650326400000,1.2229421886180307,1282808894.1092937,2022-04-19
907,1650412800000,1.2227141853180257,1286370795.9979699,2022-04-20
908,1650499200000,1.1883732440634245,1251320668.9247363,2022-04-21
909,1650585600000,1.1569293217014365,1216805724.262757,2022-04-22
910,1650672000000,1.1485891741335033,1204972446.0723662,2022-04-23
911,1650758400000,1.132563943654148,1197476444.9465096,2022-04-24
912,1650844800000,1.12716711041065,1194050661.2116933,2022-04-25
913,1650931200000,1.1129143959744927,1171465009.6130383,2022-04-26
914,1651017600000,1.0400652635273755,1091549488.1978652,2022-04-27
915,1651104000000,1.0524352446434595,1107029345.2712584,2022-04-28
916,1651190400000,1.0508989639562323,1102260662.4817963,2022-04-29
917,1651276800000,1.0194106250677026,1073944347.8655384,2022-04-30
918,1651363200000,0.9369667478181145,982790745.0201317,2022-05-01
919,1651449600000,0.9555227091262386,1001426821.4556202,2022-05-02
920,1651536000000,0.9428925098997264,995344102.9490243,2022-05-03
921,1651622400000,0.9247950152167635,973367372.8515468,2022-05-04
922,1651708800000,0.9962771729345213,1044369861.1978375,2022-05-05
923,1651795200000,0.8896607768467945,937139778.5503695,2022-05-06
924,1651881600000,0.8720944526795654,916908764.5478088,2022-05-07
925,1651968000000,0.8266934028444737,871765386.4658232,2022-05-08
926,1652054400000,0.7880781961266992,831398225.0048554,2022-05-09
927,1652140800000,0.6603948127234933,700472163.9909563,2022-05-10
928,1652227200000,0.6829281739941018,719150686.4849024,2022-05-11
929,1652313600000,0.5960838885116507,616340154.3454384,2022-05-12
930,1652400000000,0.5151813319104535,548108798.6758225,2022-05-13
931,1652486400000,0.5450385721500111,570767554.7779526,2022-05-14
932,1652572800000,0.573327770729052,604183917.9896065,2022-05-15
933,1652659200000,0.6214256892778458,652628042.6262509,2022-05-16
934,1652745600000,0.5594614976458496,590560783.9875209,2022-05-17
935,1652832000000,0.5807626336083,611469687.0263801,2022-05-18
936,1652918400000,0.5046789151608807,533269257.87254274,2022-05-19
937,1653004800000,0.5382233802338707,568663550.34378,2022-05-20
938,1653091200000,0.5124387036081124,540310834.2417307,2022-05-21
939,1653177600000,0.5295151454022603,557347235.4304152,2022-05-22
940,1653264000000,0.5584735002215974,589969128.4069985,2022-05-23
941,1653350400000,0.6216880864450435,632446073.871987,2022-05-24
942,1653436800000,0.601505214367587,630815675.2127504,2022-05-25
943,1653523200000,0.5946266801248835,625473916.2693422,2022-05-26
944,1653609600000,0.5474509526082603,576599032.1376104,2022-05-27
945,1653696000000,0.5207770817070012,548692101.4885223,2022-05-28
946,1653782400000,0.5217757021344669,552166118.8630757,2022-05-29
947,1653868800000,0.5290422133812558,556797839.0810729,2022-05-30
948,1653955200000,0.5760044136056328,605632578.2887863,2022-05-31
949,1654041600000,0.5681449894774133,598007520.5749289,2022-06-01
950,1654128000000,0.5345316790492287,564304225.8775942,2022-06-02
951,1654214400000,0.573648379896725,604671656.9733012,2022-06-03
952,1654300800000,0.5410068534456537,568555884.897324,2022-06-04
953,1654387200000,0.533804171398406,560881360.2618431,2022-06-05
954,1654473600000,0.5410647543796981,571467058.4639736,2022-06-06
955,1654560000000,0.5651910856920561,593508110.3920909,2022-06-07
956,1654646400000,0.5449128159106572,574184468.4307084,2022-06-08
957,1654732800000,0.5527962325945053,581852010.595165,2022-06-09
958,1654819200000,0.539023671758291,568197129.7090954,2022-06-10
959,1654905600000,0.49994193091486305,526871640.080594,2022-06-11
960,1654992000000,0.47106787697264885,495023711.8786458,2022-06-12
961,1655078400000,0.4229304404736804,447011698.88349324,2022-06-13
962,1655164800000,0.34566265879947927,362814145.66202486,2022-06-14
963,1655251200000,0.3454173651227161,362353980.03617287,2022-06-15
964,1655337600000,0.36409651070378823,382871728.80808616,2022-06-16
965,1655424000000,0.3311189890749849,347214010.73336416,2022-06-17
966,1655510400000,0.38449004905060424,408726369.6938439,2022-06-18
967,1655596800000,0.34229548302986645,359087337.1939815,2022-06-19
968,1655683200000,0.35686148897997305,374023236.429516,2022-06-20
969,1655769600000,0.37532590532611293,394599376.32788837,2022-06-21
970,1655856000000,0.405116411160552,427815442.5108429,2022-06-22
971,1655942400000,0.38297777698727903,402882172.28819376,2022-06-23
972,1656028800000,0.40227466216843955,422989965.6681575,2022-06-24
973,1656115200000,0.41531163622853173,437260245.98230875,2022-06-25
974,1656201600000,0.4101064146412618,431028953.6798447,2022-06-26
975,1656288000000,0.4050633953043275,427791952.7341459,2022-06-27
976,1656374400000,0.4454904728374802,468948018.70096713,2022-06-28
977,1656460800000,0.42112385548037046,442610158.2716853,2022-06-29
978,1656547200000,0.4509860126087229,590280624.3590896,2022-06-30
979,1656633600000,0.4101938315021711,535410121.28541136,2022-07-01
980,1656720000000,0.39398905870847256,524396631.6551245,2022-07-02
981,1656806400000,0.3909765936018986,516232289.5420059,2022-07-03
982,1656892800000,0.3876431849686096,511636712.60951513,2022-07-04
983,1656979200000,0.39549338031509534,523640009.3194824,2022-07-05
984,1657065600000,0.40128377105479784,529761209.78503716,2022-07-06
985,1657152000000,0.40014178157344416,528507338.7010174,2022-07-07
986,1657238400000,0.4126164396874004,545575901.0796622,2022-07-08
987,1657324800000,0.41116130962198544,542075309.3427072,2022-07-09
988,1657411200000,0.4162660200754957,550795375.3005787,2022-07-10
989,1657497600000,0.4098231313125054,541920968.5159416,2022-07-11
990,1657584000000,0.3770302439805351,500127661.49476624,2022-07-12
991,1657670400000,0.36354482123227155,483685216.2282381,2022-07-13
992,1657756800000,0.3782204078263161,499626398.7686851,2022-07-14
993,1657843200000,0.3802248167914783,503404956.6679767,2022-07-15
994,1657929600000,0.38374371672644886,506624837.8764777,2022-07-16
995,1658016000000,0.39340845233212574,521573326.6126462,2022-07-17
996,1658102400000,0.3870303292255093,514234177.01627237,2022-07-18
997,1658188800000,0.4238290483622088,558289542.2363025,2022-07-19
998,1658275200000,0.44883849506574963,591848532.9378904,2022-07-20
999,1658361600000,0.41523514015431867,552165384.5266724,2022-07-21
1000,1658448000000,0.4308543325200016,571228634.4907877,2022-07-22
1001,1658534400000,0.431144660155113,568619864.8933865,2022-07-23
1002,1658620800000,0.42878793122280673,567362555.8864083,2022-07-24
1003,1658707200000,0.4394024166806712,585869481.5299035,2022-07-25
1004,1658793600000,0.4067429760185031,542696892.8301162,2022-07-26
1005,1658880000000,0.3992765273368732,527971672.06938815,2022-07-27
1006,1658966400000,0.4195074221784477,556315305.7019683,2022-07-28
1007,1659052800000,0.4368630500072111,578559278.4923955,2022-07-29
1008,1659139200000,0.4369719404881422,583442941.9624331,2022-07-30
1009,1659225600000,0.4383921078847929,580276633.2022911,2022-07-31
1010,1659312000000,0.44413525047180447,590046111.2883762,2022-08-01
1011,1659398400000,0.4661062580678159,615993382.3445406,2022-08-02
1012,1659484800000,0.4456286535071056,591808280.2892413,2022-08-03
1013,1659571200000,0.47686203916755265,630473604.0451978,2022-08-04
1014,1659657600000,0.48332955750912615,637831754.4669086,2022-08-05
1015,1659744000000,0.49508073560083643,655675509.4592875,2022-08-06
1016,1659830400000,0.49115110210071156,651074922.3815538,2022-08-07
1017,1659916800000,0.493704663134258,654437050.7865262,2022-08-08
1018,1660003200000,0.5146036304868605,683780283.8859639,2022-08-09
1019,1660089600000,0.4848055870959967,645286227.2022907,2022-08-10
1020,1660176000000,0.5018712336554777,665263489.2556584,2022-08-11
1021,1660262400000,0.507319615785327,672334254.4682786,2022-08-12
1022,1660348800000,0.5142306647205587,683000324.1051425,2022-08-13
1023,1660435200000,0.5166988766484579,686074519.308915,2022-08-14
1024,1660521600000,0.5000735509097107,664368442.2137121,2022-08-15
1025,1660608000000,0.4943011330218401,656272140.0693403,2022-08-16
1026,1660694400000,0.4813807265917721,639771549.430506,2022-08-17
1027,1660780800000,0.465657026222736,617048793.3868839,2022-08-18
1028,1660867200000,0.45105046738801363,604143033.8056324,2022-08-19
1029,1660953600000,0.39677211547322083,527675728.9096837,2022-08-20
1030,1661040000000,0.3940747013771776,524101516.6618742,2022-08-21
1031,1661126400000,0.3999655947990445,533986768.1560686,2022-08-22
1032,1661212800000,0.3893662577534608,516636820.10231405,2022-08-23
1033,1661299200000,0.3917071332033767,521281303.8297886,2022-08-24
1034,1661385600000,0.38937324716214206,517891391.1789687,2022-08-25
1035,1661472000000,0.4019164726044081,535531607.72616816,2022-08-26
1036,1661558400000,0.3638387736170073,482534857.995782,2022-08-27
1037,1661644800000,0.3665892818556845,487736361.732469,2022-08-28
1038,1661731200000,0.3592834673419339,482813508.5775422,2022-08-29
1039,1661817600000,0.3738601152834298,496477614.87743855,2022-08-30
1040,1661904000000,0.36384249122325707,485282843.800487,2022-08-31
1041,1661990400000,0.36560086062155667,486335785.5820221,2022-09-01
1042,1662076800000,0.3641019572608471,484517904.5207119,2022-09-02
1043,1662163200000,0.3636423709604917,484179556.4579418,2022-09-03
1044,1662249600000,0.3624415488883907,482485505.25340205,2022-09-04
1045,1662336000000,0.368296062085427,490427058.05830085,2022-09-05
1046,1662422400000,0.36958696750359815,495582918.9715689,2022-09-06
1047,1662508800000,0.34375847218097255,458361755.5679169,2022-09-07
1048,1662595200000,0.3516691012784499,469755722.517857,2022-09-08
1049,1662681600000,0.3620140572901418,481467845.7192545,2022-09-09
1050,1662768000000,0.3809561272966002,507879447.71043915,2022-09-10
1051,1662854400000,0.38394143625299326,511515633.6310097,2022-09-11
1052,1662940800000,0.38934414255655675,521265411.01614714,2022-09-12
1053,1663027200000,0.386582667449561,515451479.61205256,2022-09-13
1054,1663113600000,0.3501445643434838,467596462.17718774,2022-09-14
1055,1663200000000,0.3540127071796935,471625519.0807395,2022-09-15
1056,1663286400000,0.3450688581351731,460311490.70167136,2022-09-16
1057,1663372800000,0.34897391346199497,463596652.22294617,2022-09-17
1058,1663459200000,0.3573227084328315,476869342.713415,2022-09-18
1059,1663545600000,0.32906720896590896,438871721.6409101,2022-09-19
1060,1663632000000,0.3325291803516462,444021243.3967193,2022-09-20
1061,1663718400000,0.336948247959551,449683990.00252646,2022-09-21
1062,1663804800000,0.32390089220202095,434752447.5290021,2022-09-22
1063,1663891200000,0.33893990101200716,454422323.0325656,2022-09-23
1064,1663977600000,0.33924278115098677,453146518.92909163,2022-09-24
1065,1664064000000,0.3329574013327789,444542106.8212843,2022-09-25
1066,1664150400000,0.32792816932708363,436057683.0851577,2022-09-26
1067,1664236800000,0.32796629808615924,438081809.6187622,2022-09-27
1068,1664323200000,0.331152127452328,441311977.3702317,2022-09-28
1069,1664409600000,0.3270335814681587,436734933.0999241,2022-09-29
1070,1664496000000,0.3280271016834833,439376276.97776836,2022-09-30
1071,1664582400000,0.3249981497116093,434404716.59430444,2022-10-01
1072,1664668800000,0.32328199711654876,432477767.6756694,2022-10-02
1073,1664755200000,0.3174747313734241,425216120.495289,2022-10-03
1074,1664841600000,0.3223148827745178,431176906.982488,2022-10-04
1075,1664928000000,0.33050761983997684,441015022.4446807,2022-10-05
1076,1665014400000,0.3274939526499118,437333696.7548186,2022-10-06
1077,1665100800000,0.3241475110244433,433376588.14526355,2022-10-07
1078,1665187200000,0.3241330022525788,434024372.1311495,2022-10-08
1079,1665273600000,0.3280344498604687,440029042.10652244,2022-10-09
1080,1665360000000,0.33913913619135283,453363810.16808367,2022-10-10
1081,1665446400000,0.3213040948447773,431309382.0051695,2022-10-11
1082,1665532800000,0.3129670990753577,416200312.0762973,2022-10-12
1083,1665619200000,0.31126845173466416,416671621.5156041,2022-10-13
1084,1665705600000,0.3013024820264807,402958983.9726328,2022-10-14
1085,1665792000000,0.29979684776689364,400617635.5260346,2022-10-15
1086,1665878400000,0.29852283125140167,399793078.3361429,2022-10-16
1087,1665964800000,0.3010149618199456,402726436.47104985,2022-10-17
1088,1666051200000,0.30911261079250424,413955668.3430386,2022-10-18
1089,1666137600000,0.3061925541759644,410392476.92058396,2022-10-19
1090,1666224000000,0.2947877306319143,395137343.5882642,2022-10-20
1091,1666310400000,0.2993252479314126,400690005.27424586,2022-10-21
1092,1666396800000,0.2986877923143727,400870643.74301815,2022-10-22
1093,1666483200000,0.3017286763370593,403754946.31147146,2022-10-23
1094,1666569600000,0.3053880034192973,408182289.5597288,2022-10-24
1095,1666656000000,0.30113751055072047,403410993.8909267,2022-10-25
1096,1666742400000,0.31006361187133535,415881418.142651,2022-10-26
1097,1666828800000,0.3174065197284784,425199506.3666986,2022-10-27
1098,1666915200000,0.3079981674464483,413258825.7374009,2022-10-28
1099,1667001600000,0.3134342607566281,420721647.4221687,2022-10-29
1100,1667088000000,0.3168653863466745,424572635.3252833,2022-10-30
1101,1667174400000,0.3153606525586996,422723137.1097585,2022-10-31
1102,1667260800000,0.31667579170479,424995750.51758385,2022-11-01
1103,1667347200000,0.31513390773719835,422661094.8972778,2022-11-02
1104,1667433600000,0.306446469622456,411875931.2532382,2022-11-03
1105,1667520000000,0.3156963554806724,422885727.67003816,2022-11-04
1106,1667606400000,0.3335197722882277,447336579.70249254,2022-11-05
1107,1667692800000,0.33505934689176625,449168875.75634,2022-11-06
1108,1667779200000,0.31913969778847795,427921938.6905384,2022-11-07
1109,1667865600000,0.3179895807788576,426136916.6180607,2022-11-08
1110,1667952000000,0.27863399957731055,376657180.63511366,2022-11-09
1111,1668038400000,0.2161590880207277,289081391.75031877,2022-11-10
1112,1668124800000,0.25201485473034857,338785461.7306195,2022-11-11
1113,1668211200000,0.2369616262872944,317723347.21283114,2022-11-12
1114,1668297600000,0.24211124368573525,325572759.7134957,2022-11-13
1115,1668384000000,0.22325875398170478,299724676.7467695,2022-11-14
1116,1668470400000,0.22428259755527008,302293711.9559197,2022-11-15
1117,1668556800000,0.25061370199209393,335814570.20572644,2022-11-16
1118,1668643200000,0.24074797133757675,323632603.23363346,2022-11-17
1119,1668729600000,0.232572760594358,312230924.28969246,2022-11-18
1120,1668816000000,0.24687757468573096,332604784.65616333,2022-11-19
1121,1668902400000,0.24166837284500256,324862910.6101763,2022-11-20
