,Time,open,mktcap,Date
0,1566604800000,0.24030127336384027,0.0,2019-08-24
1,1566691200000,0.24710886986395536,0.0,2019-08-25
2,1566777600000,0.23881440281722421,0.0,2019-08-26
3,1566864000000,0.2373508455574449,14273309.363524925,2019-08-27
4,1566950400000,0.22930227978392712,13789301.527158089,2019-08-28
5,1567036800000,0.21878351243631478,13467362.658748636,2019-08-29
6,1567123200000,0.22618460070064067,13631568.096081525,2019-08-30
7,1567209600000,0.20948199822856456,12597390.83634913,2019-08-31
8,1567296000000,0.24029552792297965,14450390.520763373,2019-09-01
9,1567382400000,0.23257055980126523,13985842.524035774,2019-09-02
10,1567468800000,0.23654851436986146,14225060.446595266,2019-09-03
11,1567555200000,0.23332446062036688,14031179.03672125,2019-09-04
12,1567641600000,0.24595630511304487,14322890.678062936,2019-09-05
13,1567728000000,0.33910358088806225,20387423.372387458,2019-09-06
14,1567814400000,0.341266740763879,20361320.754416663,2019-09-07
15,1567900800000,0.3814135462013375,22857132.837586768,2019-09-08
16,1567987200000,0.3785199938176158,22762644.72277101,2019-09-09
17,1568073600000,0.359945144165642,21645629.21417811,2019-09-10
18,1568160000000,0.3547114812366093,21219029.430123385,2019-09-11
19,1568246400000,0.3523924196437977,21331654.61644001,2019-09-12
20,1568332800000,0.3625815220612626,21804170.201109156,2019-09-13
21,1568419200000,0.4158383243588817,25006816.533064004,2019-09-14
22,1568505600000,0.41699079911420517,25076121.652571194,2019-09-15
23,1568592000000,0.5025538585303797,30215798.75242001,2019-09-16
24,1568678400000,0.5322229818545335,31403335.529794287,2019-09-17
25,1568764800000,0.555751287297082,33763125.90521331,2019-09-18
26,1568851200000,0.5742899771253129,33302612.007036224,2019-09-19
27,1568937600000,0.6438412302212366,38717979.02559244,2019-09-20
28,1569024000000,0.8828710369027767,51589801.32800839,2019-09-21
29,1569110400000,1.0470731174107513,62800751.88691103,2019-09-22
30,1569196800000,1.069603436363301,64321577.231991805,2019-09-23
31,1569283200000,1.116775421668297,67158307.5498169,2019-09-24
32,1569369600000,1.0466901779665236,62469577.36790141,2019-09-25
33,1569456000000,1.129002956733088,67932654.42354248,2019-09-26
34,1569542400000,1.1119585883298508,66868642.88807468,2019-09-27
35,1569628800000,1.1571841663538276,70290253.55458352,2019-09-28
36,1569715200000,1.3156787233165743,79119538.8283618,2019-09-29
37,1569801600000,1.3512130712731873,81256429.2204224,2019-09-30
38,1569888000000,1.461454270912923,87981364.63521765,2019-10-01
39,1569974400000,1.4628440488644354,87969459.77222343,2019-10-02
40,1570060800000,1.468546219278805,88312364.98571537,2019-10-03
41,1570147200000,1.7050986907879717,102537663.39848839,2019-10-04
42,1570233600000,1.7004708659303498,102309409.54949313,2019-10-05
43,1570320000000,1.8180769862883992,109331716.14038816,2019-10-06
44,1570406400000,1.8759219051509,112729989.68903114,2019-10-07
45,1570492800000,1.8348290529290732,110339116.93173864,2019-10-08
46,1570579200000,1.715735208980829,103312296.16631112,2019-10-09
47,1570665600000,1.6436410952784517,98841854.89445193,2019-10-10
48,1570752000000,1.697932913787684,102038049.24328712,2019-10-11
49,1570838400000,1.809862897077976,108822393.0786813,2019-10-12
50,1570924800000,1.8140602254222362,109103442.94172843,2019-10-13
51,1571011200000,1.9049516566941394,114672292.24936545,2019-10-14
52,1571097600000,1.9181159241878172,115743494.69444689,2019-10-15
53,1571184000000,1.9920534333437838,119793948.3054871,2019-10-16
54,1571270400000,1.9544551072166334,117532938.70551445,2019-10-17
55,1571356800000,1.948181922717304,117108135.15452139,2019-10-18
56,1571443200000,1.9410114688703803,116725131.65686123,2019-10-19
57,1571529600000,1.9320742983857608,116187048.3738379,2019-10-20
58,1571616000000,2.112741663677687,126881022.43588202,2019-10-21
59,1571702400000,2.106274847324361,126865909.45930523,2019-10-22
60,1571788800000,2.106371664627619,126654984.90056865,2019-10-23
61,1571875200000,1.922385414981786,115950585.85252647,2019-10-24
62,1571961600000,1.8758415848159675,112794947.30716133,2019-10-25
63,1572048000000,1.862232420733096,111806322.50163959,2019-10-26
64,1572134400000,1.7746820602142472,106354241.16383095,2019-10-27
65,1572220800000,1.7085414917716963,102744699.37260783,2019-10-28
66,1572307200000,1.6666433671633345,99799886.95490953,2019-10-29
67,1572393600000,1.4921785421633293,90506368.56337553,2019-10-30
68,1572480000000,1.31080867968742,78826674.31730443,2019-10-31
69,1572566400000,1.1096751294078948,67103232.549677484,2019-11-01
70,1572652800000,1.1374177827627168,68399654.74284744,2019-11-02
71,1572739200000,1.1473242749882175,68965765.73071952,2019-11-03
72,1572825600000,1.1650029875476278,70146043.44026987,2019-11-04
73,1572912000000,1.1080580720785957,66695345.1427739,2019-11-05
74,1572998400000,1.0931649893886257,65738472.69165575,2019-11-06
75,1573084800000,1.2371645528723936,74396907.10069852,2019-11-07
76,1573171200000,1.224044825599167,73617108.58339906,2019-11-08
77,1573257600000,1.3095072591787142,78748412.20920329,2019-11-09
78,1573344000000,1.283814798833475,77257055.47141862,2019-11-10
79,1573430400000,1.3511783978542509,81254344.10278144,2019-11-11
80,1573516800000,1.3119105011376655,79258078.53037369,2019-11-12
81,1573603200000,1.3054825216021133,78483811.8296738,2019-11-13
82,1573689600000,1.3183638367437405,79455345.2915875,2019-11-14
83,1573776000000,1.2767369630665504,77057969.35234955,2019-11-15
84,1573862400000,1.271010757677143,76527852.21127434,2019-11-16
85,1573948800000,1.3461541668407775,81013974.4760748,2019-11-17
86,1574035200000,1.3407587494969744,80665540.4300289,2019-11-18
87,1574121600000,1.3152704208100403,79242917.44313581,2019-11-19
88,1574208000000,1.264463920481362,76219364.74743608,2019-11-20
89,1574294400000,1.2173483800119036,73370020.80713144,2019-11-21
90,1574380800000,1.197516219701076,72488840.57387277,2019-11-22
91,1574467200000,1.126262691362938,67666866.67833354,2019-11-23
92,1574553600000,1.1982996315488132,72352679.77311711,2019-11-24
93,1574640000000,1.1394034450835675,69190003.56403801,2019-11-25
94,1574726400000,1.1093463999142803,66815389.08658546,2019-11-26
95,1574812800000,1.0973949057739076,66181690.80452728,2019-11-27
96,1574899200000,1.2033894720017333,74505647.54469171,2019-11-28
97,1574985600000,1.1967512541470458,72128188.90623409,2019-11-29
98,1575072000000,1.19995235121652,72825348.6363335,2019-11-30
99,1575158400000,1.189964747732236,71930567.43544956,2019-12-01
100,1575244800000,1.1763216617097187,70933413.75340079,2019-12-02
101,1575331200000,1.1784867489385291,71008672.03170513,2019-12-03
102,1575417600000,1.1474030990414592,69475705.13836646,2019-12-04
103,1575504000000,1.125515387760533,68052818.8651261,2019-12-05
104,1575590400000,1.1316901938390822,68442557.24197978,2019-12-06
105,1575676800000,1.1527648019720844,69560913.66548777,2019-12-07
106,1575763200000,1.1153593631239351,67277985.85698591,2019-12-08
107,1575849600000,1.1222291121164107,69528623.69052286,2019-12-09
108,1575936000000,1.1120503289182169,66312473.93895061,2019-12-10
109,1576022400000,1.0935619130971883,66052186.58512699,2019-12-11
110,1576108800000,1.097905342243191,65287192.82245988,2019-12-12
111,1576195200000,1.10457584835957,66640764.965869054,2019-12-13
112,1576281600000,1.1111137462968779,66936269.06783684,2019-12-14
113,1576368000000,1.102496503474108,66587963.414730735,2019-12-15
114,1576454400000,1.1169729085721396,66547206.13026238,2019-12-16
115,1576540800000,1.0503661734982446,63826000.58624306,2019-12-17
116,1576627200000,1.0294455851369069,62241281.3159485,2019-12-18
117,1576713600000,1.0928530870509283,65405941.71193141,2019-12-19
118,1576800000000,1.1252628552385124,68831436.93651813,2019-12-20
119,1576886400000,1.1164627896883004,67325118.60673483,2019-12-21
120,1576972800000,1.0819570419533289,66411956.18566512,2019-12-22
121,1577059200000,1.1563562063326178,69420138.10530283,2019-12-23
122,1577145600000,1.0821105937995217,68145273.12548237,2019-12-24
123,1577232000000,1.1046804696814287,65848026.0241388,2019-12-25
124,1577318400000,1.088330158234868,65603785.37115285,2019-12-26
125,1577404800000,1.120317095151037,66893613.7054488,2019-12-27
126,1577491200000,1.1006309152335405,67000071.394507416,2019-12-28
127,1577577600000,1.0934358635942807,66626808.44078696,2019-12-29
128,1577664000000,1.1177973270661046,66620951.77436974,2019-12-30
129,1577750400000,1.08980784414168,65790299.679163985,2019-12-31
130,1577836800000,1.1287433474459099,70503500.4919396,2020-01-01
131,1577923200000,1.3419036033639087,80736561.77641864,2020-01-02
132,1578009600000,1.3690262430950344,82905206.95176168,2020-01-03
133,1578096000000,1.3516982762067546,82021112.13285768,2020-01-04
134,1578182400000,1.4064338956672566,85644276.56862365,2020-01-05
135,1578268800000,1.4798118216187195,89758886.39934039,2020-01-06
136,1578355200000,1.4885067838631307,91027409.89113368,2020-01-07
137,1578441600000,1.5146695769165264,91576328.2830259,2020-01-08
138,1578528000000,1.4453173640104167,89293458.59528749,2020-01-09
139,1578614400000,1.4089068036581196,85832854.53278193,2020-01-10
140,1578700800000,1.4577175380649945,89139380.46506418,2020-01-11
141,1578787200000,1.4697594695691472,89269607.15629348,2020-01-12
142,1578873600000,1.4330428237635964,87781078.61749722,2020-01-13
143,1578960000000,1.4130076177710433,87401688.37557961,2020-01-14
144,1579046400000,1.4711720683336127,88241182.67367378,2020-01-15
145,1579132800000,1.5062241972037835,92277838.83083296,2020-01-16
146,1579219200000,1.410534864313601,85938386.92518617,2020-01-17
147,1579305600000,1.4146524112153889,86515729.61889796,2020-01-18
148,1579392000000,1.546144266670202,94526463.99737506,2020-01-19
149,1579478400000,1.552519043308743,94851044.19824418,2020-01-20
150,1579564800000,1.5140959300743353,92656756.61949016,2020-01-21
151,1579651200000,1.529638852283835,93515283.53392144,2020-01-22
152,1579737600000,1.8249065019664061,112129010.60784839,2020-01-23
153,1579824000000,1.801498492137464,109795618.12518784,2020-01-24
154,1579910400000,1.8073317672907454,110409344.52535519,2020-01-25
155,1579996800000,1.7665175774214723,109131962.43322465,2020-01-26
156,1580083200000,1.8491788006073429,113061663.67574891,2020-01-27
157,1580169600000,1.903890966417441,115623031.92002487,2020-01-28
158,1580256000000,2.049337022738077,124530280.79997042,2020-01-29
159,1580342400000,1.9967725026999121,123583658.5956346,2020-01-30
160,1580428800000,2.088112199760052,129023159.88047569,2020-01-31
161,1580515200000,1.8702530762615608,114199084.09804717,2020-02-01
162,1580601600000,2.0020774722219676,122300064.92280516,2020-02-02
163,1580688000000,1.883358491226568,114939441.29048087,2020-02-03
164,1580774400000,1.6946066483630224,104582298.02510862,2020-02-04
165,1580860800000,1.679429786576212,104674674.7397002,2020-02-05
166,1580947200000,1.681201093721744,101772037.13933365,2020-02-06
167,1581033600000,1.5855524756914612,96892403.15590844,2020-02-07
168,1581120000000,1.5568300984806884,95146740.74019869,2020-02-08
169,1581206400000,1.5371080699375979,93289660.84715487,2020-02-09
170,1581292800000,1.4697043086479349,89814160.17544225,2020-02-10
171,1581379200000,1.4428060350759455,88241307.95212136,2020-02-11
172,1581465600000,1.446240734699949,88473917.96357583,2020-02-12
173,1581552000000,1.4244258143338928,86878197.26974039,2020-02-13
174,1581638400000,1.3987915347683335,87562283.2129922,2020-02-14
175,1581724800000,1.3870432596982392,86744918.53108327,2020-02-15
176,1581811200000,1.3700808009186494,85814105.30915819,2020-02-16
177,1581897600000,1.3550880023630014,85077203.52718005,2020-02-17
178,1581984000000,1.3297421671018301,82824743.68538092,2020-02-18
179,1582070400000,1.3188813517911007,82647643.67236878,2020-02-19
180,1582156800000,1.2018956542414265,75226147.1489759,2020-02-20
181,1582243200000,1.085416653630592,73070449.10771476,2020-02-21
182,1582329600000,1.183178345350651,74289429.46268459,2020-02-22
183,1582416000000,1.2109140761050878,75708639.57862516,2020-02-23
184,1582502400000,1.1516011423728172,72133223.01430845,2020-02-24
185,1582588800000,1.015273610310512,62922471.48269623,2020-02-25
186,1582675200000,1.1211993196897159,70056955.9948631,2020-02-26
187,1582761600000,1.0316032311413665,64656567.107486084,2020-02-27
188,1582848000000,1.050764400063189,65801928.21496871,2020-02-28
189,1582934400000,1.0544831913303323,65963195.9042234,2020-02-29
190,1583020800000,1.0790484303991028,66147681.18396866,2020-03-01
191,1583107200000,1.1732165127477787,74720231.04574041,2020-03-02
192,1583193600000,1.156195867207498,72699736.45731334,2020-03-03
193,1583280000000,1.1502404904334258,72239577.92811127,2020-03-04
194,1583366400000,1.1680895055859795,74236988.24369235,2020-03-05
195,1583452800000,1.1954583202900386,74877667.31310415,2020-03-06
196,1583539200000,1.2762263684591577,79578266.58096857,2020-03-07
197,1583625600000,1.3981375223244508,86388723.75028351,2020-03-08
198,1583712000000,0.9389500423053412,58706800.81510431,2020-03-09
199,1583798400000,0.8414269853713007,52771606.621957734,2020-03-10
200,1583884800000,0.8097853396608666,50510240.497826114,2020-03-11
201,1583971200000,0.724374468864633,45970539.21018944,2020-03-12
202,1584057600000,0.19852109688560177,11545336.219542265,2020-03-13
203,1584144000000,0.3141024156137727,19613188.341231965,2020-03-14
204,1584230400000,0.2524574889729141,15728047.123018827,2020-03-15
205,1584316800000,0.24269359930605872,15207010.331269125,2020-03-16
206,1584403200000,0.16678845188137417,10368455.32120738,2020-03-17
207,1584489600000,0.18592578741724813,11645631.073271671,2020-03-18
208,1584576000000,0.17475337943543262,10462412.545474118,2020-03-19
209,1584662400000,0.6338136717658098,39628056.61892114,2020-03-20
210,1584748800000,0.43467836859035,26925578.70511289,2020-03-21
211,1584835200000,0.6107174581843922,38118994.88864213,2020-03-22
212,1584921600000,0.5966720347860681,37272852.512805134,2020-03-23
213,1585008000000,0.6048144184928584,36774377.899148,2020-03-24
214,1585094400000,0.5792666357429104,36574977.752774425,2020-03-25
215,1585180800000,0.5359719663336064,33470426.142978348,2020-03-26
216,1585267200000,0.5092214657016012,31835650.19442949,2020-03-27
217,1585353600000,0.4048429206310153,25800978.621526994,2020-03-28
218,1585440000000,0.4161550899267638,26399677.727829993,2020-03-29
219,1585526400000,0.35509026485845707,22131577.933329787,2020-03-30
220,1585612800000,0.39644598946417253,24719163.074852817,2020-03-31
221,1585699200000,0.3867525027038798,24540063.298733458,2020-04-01
222,1585785600000,0.3829154239481421,23995257.318201605,2020-04-02
223,1585872000000,0.6672569505108706,41882115.015802525,2020-04-03
224,1585958400000,0.829693046135623,52607935.12547869,2020-04-04
225,1586044800000,0.8154586508396937,51315329.71540327,2020-04-05
226,1586131200000,0.7945198194381565,48689925.330405265,2020-04-06
227,1586217600000,0.7820181013528003,48912623.871311165,2020-04-07
228,1586304000000,0.7092573887454156,44624107.0089513,2020-04-08
229,1586390400000,0.7272365940865176,45551260.77884253,2020-04-09
230,1586476800000,0.7684623085303829,47465897.51009695,2020-04-10
231,1586563200000,0.6795668831743376,42774714.17956747,2020-04-11
232,1586649600000,0.6815765934876256,42682379.48835253,2020-04-12
233,1586736000000,0.6573067024441481,41855767.31666072,2020-04-13
234,1586822400000,0.6417145333046795,40208163.98961954,2020-04-14
235,1586908800000,0.6713226398477653,41828453.09478631,2020-04-15
236,1586995200000,0.6396926541164657,38140996.994654484,2020-04-16
237,1587081600000,0.6091668111813784,37120782.89372532,2020-04-17
238,1587168000000,0.6657638262837171,41136931.2462337,2020-04-18
239,1587254400000,0.6468397468293139,40519080.87415399,2020-04-19
240,1587340800000,0.6166783132446942,38599152.857757084,2020-04-20
241,1587427200000,0.5984339324300105,36466026.32862165,2020-04-21
242,1587513600000,0.603448409063671,37820421.01755772,2020-04-22
243,1587600000000,0.5992262521111552,37396213.663887605,2020-04-23
244,1587686400000,0.571181607774569,35737079.616693236,2020-04-24
245,1587772800000,0.6033519646869254,38115782.351027906,2020-04-25
246,1587859200000,0.590954173784677,37051830.85149666,2020-04-26
247,1587945600000,0.5652700325262264,35498178.79548571,2020-04-27
248,1588032000000,0.5767271249060281,37164371.44428284,2020-04-28
249,1588118400000,0.5786930759139368,36302424.39265334,2020-04-29
250,1588204800000,0.5705513097179334,35698531.98234165,2020-04-30
251,1588291200000,0.5726242881428661,35845984.85549528,2020-05-01
252,1588377600000,0.5881103455224697,37089896.205335215,2020-05-02
253,1588464000000,0.5861761785428277,36139337.83612847,2020-05-03
254,1588550400000,0.57423703899909,35584285.33015848,2020-05-04
255,1588636800000,0.5523944247627633,34601058.1605624,2020-05-05
256,1588723200000,0.5139910304472713,32144067.004428573,2020-05-06
257,1588809600000,0.512491276428705,32404425.076867465,2020-05-07
258,1588896000000,0.5064295429608519,33129850.155893352,2020-05-08
259,1588982400000,0.5274126073043828,33034969.13139527,2020-05-09
260,1589068800000,0.5152335934805184,32235180.754934415,2020-05-10
261,1589155200000,0.476913394094123,29870537.290785197,2020-05-11
262,1589241600000,0.5158411622340722,32290202.051476326,2020-05-12
263,1589328000000,0.4708195549681518,29319297.30285834,2020-05-13
264,1589414400000,0.48503181400007844,30246837.983565588,2020-05-14
265,1589500800000,0.4792695665363307,29304729.126848176,2020-05-15
266,1589587200000,0.46127212070283996,28850195.290366907,2020-05-16
267,1589673600000,0.47529869668270963,29155404.698622398,2020-05-17
268,1589760000000,0.4664811177011099,29025179.833911274,2020-05-18
269,1589846400000,0.4644978718858344,29119199.937703576,2020-05-19
270,1589932800000,0.4549902729314412,29139677.586076215,2020-05-20
271,1590019200000,0.45573808159734486,28370832.118724644,2020-05-21
272,1590105600000,0.45068892316039466,28558110.19983237,2020-05-22
273,1590192000000,0.49857376696733713,31028247.075997934,2020-05-23
274,1590278400000,0.49103597700037327,30756485.75319343,2020-05-24
275,1590364800000,0.4576751186920767,28713095.29663176,2020-05-25
276,1590451200000,0.47871557944868137,31219331.70320354,2020-05-26
277,1590537600000,0.4583406290648329,29417052.720114224,2020-05-27
278,1590624000000,0.474295890728688,29211246.38173213,2020-05-28
279,1590710400000,0.4613266639556918,28870617.299331326,2020-05-29
280,1590796800000,0.4694083948372268,29469901.6598103,2020-05-30
281,1590883200000,0.482820362539884,29560926.04735668,2020-05-31
282,1590969600000,0.4731346397664772,29620123.98075043,2020-06-01
283,1591056000000,0.4777398057135155,29918925.06076095,2020-06-02
284,1591142400000,0.48089002604268416,29916785.619477008,2020-06-03
285,1591228800000,0.48738005060815304,30484845.69326909,2020-06-04
286,1591315200000,0.4787083179960008,30813728.46897308,2020-06-05
287,1591401600000,0.500733371483009,31395055.8882161,2020-06-06
288,1591488000000,0.5001425044185168,31196983.30791666,2020-06-07
289,1591574400000,0.5064580775048152,31728692.97490589,2020-06-08
290,1591660800000,0.5108037539501782,32239193.344784666,2020-06-09
291,1591747200000,0.5162619490612778,32181782.27934791,2020-06-10
292,1591833600000,0.5184594855843988,32451954.468027517,2020-06-11
293,1591920000000,0.46671355643284773,29294337.24931701,2020-06-12
294,1592006400000,0.4750122229425791,29749099.706079606,2020-06-13
295,1592092800000,0.477089911046112,29800891.782732826,2020-06-14
296,1592179200000,0.4783308683332292,29882878.11211966,2020-06-15
297,1592265600000,0.4676171933047361,29564572.96538591,2020-06-16
298,1592352000000,0.4911702838472708,30763999.8408133,2020-06-17
299,1592438400000,0.49527121788376544,31003244.566344775,2020-06-18
300,1592524800000,0.47852156992518174,30010440.67333802,2020-06-19
301,1592611200000,0.48481228627306533,30422720.081181314,2020-06-20
302,1592697600000,0.480734658019036,30101984.89750883,2020-06-21
303,1592784000000,0.47189902855297877,30186871.32265719,2020-06-22
304,1592870400000,0.48020965874421867,30057680.33938696,2020-06-23
305,1592956800000,0.48248295470815267,30213503.20217377,2020-06-24
306,1593043200000,0.45933008697218125,28788280.61842477,2020-06-25
307,1593129600000,0.46445515409619864,29402105.541580107,2020-06-26
308,1593216000000,0.4573200550633197,28821928.424090046,2020-06-27
309,1593302400000,0.4506035318082761,28223962.71462885,2020-06-28
310,1593388800000,0.4476496267826283,28027197.36783632,2020-06-29
311,1593475200000,0.4612839746597932,28799189.685008664,2020-06-30
312,1593561600000,0.5124171808605934,32073384.84630566,2020-07-01
313,1593648000000,0.5422306197726543,34028419.629786305,2020-07-02
314,1593734400000,0.6040004692113959,37666744.75039103,2020-07-03
315,1593820800000,0.5671944139045347,35576880.19110294,2020-07-04
316,1593907200000,0.543964625278463,33983511.31775862,2020-07-05
317,1593993600000,0.5602955307018884,35168376.65674244,2020-07-06
318,1594080000000,0.5648207999407278,35353411.86723031,2020-07-07
319,1594166400000,0.5807947309337992,36992239.68406242,2020-07-08
320,1594252800000,0.57920292660535,36486563.19169092,2020-07-09
321,1594339200000,0.5685904421092656,35592491.81056462,2020-07-10
322,1594425600000,0.5629792195549743,35252765.70768129,2020-07-11
323,1594512000000,0.5731771164345841,35890069.99314661,2020-07-12
324,1594598400000,0.5524409970082401,35111030.11258382,2020-07-13
325,1594684800000,0.6049744364455789,38001630.213466085,2020-07-14
326,1594771200000,0.7658588665574902,47801313.33481836,2020-07-15
327,1594857600000,0.812334446269555,51486396.67042279,2020-07-16
328,1594944000000,0.7702004992916436,48550964.09306917,2020-07-17
329,1595030400000,1.0136583514783613,63362305.692053795,2020-07-18
330,1595116800000,1.1905694267113633,74610356.91052382,2020-07-19
331,1595203200000,1.6112883395370097,101509438.19143942,2020-07-20
332,1595289600000,1.6578195735505648,103785471.96336529,2020-07-21
333,1595376000000,1.658583783673849,109451834.42557347,2020-07-22
334,1595462400000,1.5381803670525547,101509254.23256223,2020-07-23
335,1595548800000,1.6288081237314693,107633164.39577386,2020-07-24
336,1595635200000,1.9848232523264342,130682593.85887092,2020-07-25
337,1595721600000,1.983281674010119,129622485.1937228,2020-07-26
338,1595808000000,1.8945959203088674,126294488.22160827,2020-07-27
339,1595894400000,1.5069671424443283,99560315.53186959,2020-07-28
340,1595980800000,1.621064805799662,107510025.91762272,2020-07-29
341,1596067200000,1.573290002523373,103886650.47210522,2020-07-30
342,1596153600000,1.5270327603792175,100835045.3360415,2020-07-31
343,1596240000000,1.7618989228930337,116620329.42511941,2020-08-01
344,1596326400000,1.6310801771507524,108066959.0434254,2020-08-02
345,1596412800000,1.7289947071492886,113553072.50820436,2020-08-03
346,1596499200000,1.936570027197255,127853727.35172316,2020-08-04
347,1596585600000,1.8449796379599583,121119443.59950204,2020-08-05
348,1596672000000,1.7960219555645316,118722983.94629955,2020-08-06
349,1596758400000,1.9010406684070973,125442406.17306232,2020-08-07
350,1596844800000,1.8327257118031575,120753526.91350445,2020-08-08
351,1596931200000,2.139143752484497,141079832.398739,2020-08-09
352,1597017600000,2.3413903339148194,155311855.07312918,2020-08-10
353,1597104000000,2.5340999749245663,167624827.06326023,2020-08-11
354,1597190400000,3.1678118717375767,208010999.7400615,2020-08-12
355,1597276800000,3.809288703805299,251985329.70915347,2020-08-13
356,1597363200000,4.302141440451082,283996398.17806774,2020-08-14
357,1597449600000,3.734522100226275,247129874.27976692,2020-08-15
358,1597536000000,3.3615571720112376,221780792.99471205,2020-08-16
359,1597622400000,3.3666283156670365,222006548.06379345,2020-08-17
360,1597708800000,3.098550013006129,205066868.4962477,2020-08-18
361,1597795200000,3.609089669031662,238068919.8711886,2020-08-19
362,1597881600000,3.089120704295295,203520477.54824576,2020-08-20
363,1597968000000,3.2003965995984496,210788323.74733478,2020-08-21
364,1598054400000,2.5888497690137613,171670408.55696622,2020-08-22
365,1598140800000,2.8213288779491714,183053949.6882869,2020-08-23
366,1598227200000,2.860305174842812,188461056.33645123,2020-08-24
367,1598313600000,2.9443229619663653,194271745.56217644,2020-08-25
368,1598400000000,2.6558525762338556,176260389.85663822,2020-08-26
369,1598486400000,2.851043768210103,189752025.389208,2020-08-27
370,1598572800000,2.754853400786011,182162145.9181586,2020-08-28
371,1598659200000,2.8841767036295285,190278205.43756512,2020-08-29
372,1598745600000,3.0581888049514063,201231689.0624529,2020-08-30
373,1598832000000,2.949828776290415,194448357.18635038,2020-08-31
374,1598918400000,2.8601709228881043,188849789.91906762,2020-09-01
375,1599004800000,2.5731673134293027,172760098.97161752,2020-09-02
376,1599091200000,2.402925018980683,158378799.2737187,2020-09-03
377,1599177600000,1.825582620531042,121114781.03995948,2020-09-04
378,1599264000000,2.046643699773473,135532452.65660185,2020-09-05
379,1599350400000,1.6761154443781066,109944795.8065029,2020-09-06
380,1599436800000,1.8230609997664688,120575263.23345977,2020-09-07
381,1599523200000,1.7505173543766768,115579550.72105181,2020-09-08
382,1599609600000,1.6589289110564522,109840199.65617564,2020-09-09
383,1599696000000,1.7903092128151692,118380134.38390642,2020-09-10
384,1599782400000,1.7871766395150968,118069629.53592429,2020-09-11
385,1599868800000,1.788263533914739,118093678.18619621,2020-09-12
386,1599955200000,1.8232510174368877,119769798.72347642,2020-09-13
387,1600041600000,1.722501459807167,114874729.3430992,2020-09-14
388,1600128000000,1.836406443912425,121139649.33662957,2020-09-15
389,1600214400000,1.6113110742241905,106313609.80056384,2020-09-16
390,1600300800000,1.5130519620486738,99862167.12335847,2020-09-17
391,1600387200000,1.5028996298570436,99411977.75297576,2020-09-18
392,1600473600000,1.5316869726455233,100716730.45454556,2020-09-19
393,1600560000000,1.5838669033642843,104506748.09665166,2020-09-20
394,1600646400000,1.5308535279682434,101435356.51329501,2020-09-21
395,1600732800000,1.26826755748543,84649348.19464527,2020-09-22
396,1600819200000,1.2701605751518121,83391736.12736596,2020-09-23
397,1600905600000,1.0734549382453078,71397285.16807331,2020-09-24
398,1600992000000,1.225414473701021,80854573.09317413,2020-09-25
399,1601078400000,1.2583708441846357,83661785.09967448,2020-09-26
400,1601164800000,1.3413682436418617,89071037.04921786,2020-09-27
401,1601251200000,1.6921205498318093,111549467.54912144,2020-09-28
402,1601337600000,1.5442525391627573,101526294.78425458,2020-09-29
403,1601424000000,1.5888052395198606,104896776.25069787,2020-09-30
404,1601510400000,1.7373229373340418,115397931.02515168,2020-10-01
405,1601596800000,1.5499870260644875,102091753.69444205,2020-10-02
406,1601683200000,1.4070171910190612,105584125.61222903,2020-10-03
407,1601769600000,1.382624908596087,103536241.78532578,2020-10-04
408,1601856000000,1.3600316532684118,101960148.42175801,2020-10-05
409,1601942400000,1.3676115086014193,102121824.80260453,2020-10-06
410,1602028800000,1.1567196126318247,86384842.84986176,2020-10-07
411,1602115200000,1.1856294906585338,88871602.4169124,2020-10-08
412,1602201600000,1.3078798082681775,97143579.4704898,2020-10-09
413,1602288000000,1.3603992929973387,101819480.92359775,2020-10-10
414,1602374400000,1.277395241092234,95872077.08322282,2020-10-11
415,1602460800000,1.304564688006936,97675549.12948759,2020-10-12
416,1602547200000,1.3013421735055493,97618153.30695727,2020-10-13
417,1602633600000,1.259561824365293,96664358.59701811,2020-10-14
418,1602720000000,1.210828806747546,92942724.66189437,2020-10-15
419,1602806400000,1.209722437323442,92832155.09935358,2020-10-16
420,1602892800000,1.1872723997110193,91367648.06231311,2020-10-17
421,1602979200000,1.2082101152097566,92509370.60931395,2020-10-18
422,1603065600000,1.2233589997227385,93851107.95528533,2020-10-19
423,1603152000000,1.1912673340264837,91376462.1893142,2020-10-20
424,1603238400000,1.1079461336711065,84595726.4508316,2020-10-21
425,1603324800000,1.1509749904002213,88015872.57441169,2020-10-22
426,1603411200000,1.157223395582738,88707389.42340471,2020-10-23
427,1603497600000,1.1263565372090603,86257453.55097996,2020-10-24
428,1603584000000,1.1194550125812246,85779650.68346255,2020-10-25
429,1603670400000,1.0843442851531686,83222338.46250635,2020-10-26
430,1603756800000,1.012019033971827,77819697.91798855,2020-10-27
431,1603843200000,1.004628197579918,74641955.89459851,2020-10-28
432,1603929600000,0.8740727639396826,66991807.73417007,2020-10-29
433,1604016000000,0.8715371939821756,67038653.24837235,2020-10-30
434,1604102400000,0.845227563223956,64993571.536551334,2020-10-31
435,1604188800000,0.8179355354818296,62639727.26675455,2020-11-01
436,1604275200000,0.8264678181303851,63294873.83180068,2020-11-02
437,1604361600000,0.8073737490919631,61943576.59172962,2020-11-03
438,1604448000000,0.7693349270383493,59306898.57765029,2020-11-04
439,1604534400000,0.7668195861338767,58763527.82996307,2020-11-05
440,1604620800000,0.8110138797624181,62292950.00163375,2020-11-06
441,1604707200000,0.9401597483428957,72245658.81767204,2020-11-07
442,1604793600000,0.9941247588747043,76080574.52856801,2020-11-08
443,1604880000000,0.9842733137732541,75400611.3145351,2020-11-09
444,1604966400000,0.9517015431919421,73015145.51985052,2020-11-10
445,1605052800000,1.0113310820305141,78592506.58054131,2020-11-11
446,1605139200000,0.9519900667475574,73244549.75529145,2020-11-12
447,1605225600000,0.8995057010778391,69282255.60275589,2020-11-13
448,1605312000000,0.950830324980178,73148688.78909545,2020-11-14
449,1605398400000,0.9380473879465686,72278086.62060368,2020-11-15
450,1605484800000,0.9212994214348695,71012658.91213034,2020-11-16
451,1605571200000,1.0319494162658822,78998182.23128618,2020-11-17
452,1605657600000,1.0438542691528583,80329891.39952639,2020-11-18
453,1605744000000,0.9786573868542652,75343891.55503203,2020-11-19
454,1605830400000,0.9523115270404569,73216025.2338216,2020-11-20
455,1605916800000,0.9780362621293615,75010081.88561563,2020-11-21
456,1606003200000,1.1336483485731113,86966071.1673964,2020-11-22
457,1606089600000,1.0270724944953906,79131571.2623262,2020-11-23
458,1606176000000,1.1350196028096804,86625009.86976539,2020-11-24
459,1606262400000,1.1691880447861869,90368645.14049682,2020-11-25
460,1606348800000,1.121121255846917,86212953.44368084,2020-11-26
461,1606435200000,0.9511125495544963,72729296.2836289,2020-11-27
462,1606521600000,0.9659096334826276,73969896.055114,2020-11-28
463,1606608000000,0.9627656536694206,73959050.04810135,2020-11-29
464,1606694400000,0.9451003537856968,72613211.67867367,2020-11-30
465,1606780800000,0.9714744585052205,75460891.54224671,2020-12-01
466,1606867200000,0.9447790345380688,72504212.94415604,2020-12-02
467,1606953600000,0.9671775075215546,74314196.81728789,2020-12-03
468,1607040000000,0.9629129607906399,73966969.68940856,2020-12-04
469,1607126400000,0.8777878768174424,67092060.568895966,2020-12-05
470,1607212800000,0.9189977018555274,70640244.29140496,2020-12-06
471,1607299200000,0.9067641027068143,69663048.32736439,2020-12-07
472,1607385600000,0.9108790361082277,70018012.98637071,2020-12-08
473,1607472000000,0.8517795362913638,65906129.48577918,2020-12-09
474,1607558400000,0.8565141545919784,66342003.518469125,2020-12-10
475,1607644800000,0.8419329216109921,64858063.449519634,2020-12-11
476,1607731200000,0.8084215444559966,62177041.32498268,2020-12-12
477,1607817600000,0.862747547824926,66500978.157827795,2020-12-13
478,1607904000000,0.8479799720801078,65226011.70092771,2020-12-14
479,1607990400000,0.8564517954459968,65989091.85697268,2020-12-15
480,1608076800000,0.9330789489759159,71577298.06152363,2020-12-16
481,1608163200000,0.932241611394677,71450998.86557464,2020-12-17
482,1608249600000,0.9180237216235959,70591400.76370744,2020-12-18
483,1608336000000,0.9267055214809057,71224258.58481486,2020-12-19
484,1608422400000,0.930172607948883,71508993.57215723,2020-12-20
485,1608508800000,0.9133952615078166,70374809.32149157,2020-12-21
486,1608595200000,0.8576614123207515,65962702.46186677,2020-12-22
487,1608681600000,0.841675149648623,64511042.467809536,2020-12-23
488,1608768000000,0.6332792926782432,49956452.48395132,2020-12-24
489,1608854400000,0.7288530201973709,55549803.87357569,2020-12-25
490,1608940800000,0.7096538358115345,54682636.00131795,2020-12-26
491,1609027200000,0.6894446378791234,52705694.63594053,2020-12-27
492,1609113600000,0.6716917210625336,52049013.1411727,2020-12-28
493,1609200000000,0.6710515692868466,51761994.49444408,2020-12-29
494,1609286400000,0.6399864190982861,49427665.82946333,2020-12-30
495,1609372800000,0.6777126765439921,52143573.81112928,2020-12-31
496,1609459200000,0.7462402607486199,57315683.76095841,2021-01-01
497,1609545600000,0.7175949273405747,55240867.894705564,2021-01-02
498,1609632000000,0.7469168662225113,57392021.12978607,2021-01-03
499,1609718400000,0.776415511121198,60049113.909940384,2021-01-04
500,1609804800000,0.7154533290214764,54745541.974362694,2021-01-05
501,1609891200000,0.7610399431650686,58075602.07922021,2021-01-06
502,1609977600000,0.8269274965688955,63294212.26821263,2021-01-07
503,1610064000000,0.8726814466735854,66171232.11614946,2021-01-08
504,1610150400000,0.9594600843941169,72556507.24316609,2021-01-09
505,1610236800000,1.0571617348440825,81000571.79736358,2021-01-10
506,1610323200000,1.0308806966910322,78895192.77563056,2021-01-11
507,1610409600000,0.8511551787256999,64806469.39639624,2021-01-12
508,1610496000000,0.8110402234597107,61470869.92763596,2021-01-13
509,1610582400000,0.8901765886340369,68169100.24926734,2021-01-14
510,1610668800000,0.8789390073093083,66685129.2601732,2021-01-15
511,1610755200000,0.9095205063845198,68544436.80619833,2021-01-16
512,1610841600000,0.9579025936834918,71565139.86127418,2021-01-17
513,1610928000000,1.013570290106176,76744294.58668041,2021-01-18
514,1611014400000,1.139326669671,83479228.27923235,2021-01-19
515,1611100800000,1.0068841858981588,75845359.38394228,2021-01-20
516,1611187200000,1.0252952616231243,76396614.12027365,2021-01-21
517,1611273600000,0.8545825404221395,64240677.98941339,2021-01-22
518,1611360000000,0.8913613460828034,66408202.262227334,2021-01-23
519,1611446400000,0.9783202550440478,72873588.69169164,2021-01-24
520,1611532800000,0.9858953648444334,73728564.16735291,2021-01-25
521,1611619200000,0.9857057719353732,74121218.5752398,2021-01-26
522,1611705600000,1.0269743323773743,76577640.73095268,2021-01-27
523,1611792000000,1.2655969637163493,94256501.23363271,2021-01-28
524,1611878400000,1.2092809168985499,90224901.10305335,2021-01-29
525,1611964800000,1.2184838049426856,90001497.60199775,2021-01-30
526,1612051200000,1.2474681419097158,92638944.64892009,2021-01-31
527,1612137600000,1.3495095849767733,100481985.31659655,2021-02-01
528,1612224000000,1.2727670932911346,95266102.78062634,2021-02-02
529,1612310400000,1.322708019148362,98673359.81375623,2021-02-03
530,1612396800000,1.5237581929154669,113158856.63199736,2021-02-04
531,1612483200000,1.7323814889538551,129726288.54225437,2021-02-05
532,1612569600000,1.7788618523427997,151882300.68174952,2021-02-06
533,1612656000000,1.7404274757424714,148504433.28925982,2021-02-07
534,1612742400000,1.978319513739115,168976415.36695668,2021-02-08
535,1612828800000,2.2127384586607306,187269410.24493715,2021-02-09
536,1612915200000,2.430834122327477,209642011.52681348,2021-02-10
537,1613001600000,2.366347083427394,200980125.8123959,2021-02-11
538,1613088000000,2.6122463769320285,222489409.98735487,2021-02-12
539,1613174400000,2.8216693506018826,240712014.08066672,2021-02-13
540,1613260800000,2.682287476215213,232343997.1405263,2021-02-14
541,1613347200000,2.324975084507483,198862014.35214636,2021-02-15
542,1613433600000,2.2039260185401,188119404.85385287,2021-02-16
543,1613520000000,2.228310683618419,188948222.65587518,2021-02-17
544,1613606400000,2.4654158969823086,210690852.42977124,2021-02-18
545,1613692800000,3.0461630773798083,258246587.2838581,2021-02-19
546,1613779200000,3.435825460828855,290319728.36589915,2021-02-20
547,1613865600000,3.031684323777857,253691703.35239598,2021-02-21
548,1613952000000,3.0833138590056497,263057501.72588235,2021-02-22
549,1614038400000,2.84617601874418,241514433.77611056,2021-02-23
550,1614124800000,2.2654194198970847,193444694.2934828,2021-02-24
551,1614211200000,2.3257528065899735,198727246.88175797,2021-02-25
552,1614297600000,2.365612574482244,202363938.37321582,2021-02-26
553,1614384000000,2.2370855376358807,191771046.86171508,2021-02-27
554,1614470400000,2.2585633960411773,192114591.41676217,2021-02-28
555,1614556800000,1.9766243362182307,171830059.81918082,2021-03-01
556,1614643200000,2.259734574754726,196451473.93290958,2021-03-02
557,1614729600000,2.2496828118625594,195633541.88463163,2021-03-03
558,1614816000000,2.6309041505095827,230792815.71246013,2021-03-04
559,1614902400000,2.423730306597659,211267400.95939872,2021-03-05
560,1614988800000,2.3930490120988366,208468841.00607067,2021-03-06
561,1615075200000,2.3919385292116675,208117372.2902604,2021-03-07
562,1615161600000,2.5996320700022415,226117275.73999214,2021-03-08
563,1615248000000,2.8892161989706993,252117137.0460362,2021-03-09
564,1615334400000,3.000033101327182,261557355.15508404,2021-03-10
565,1615420800000,3.1523714427541987,276718309.43006665,2021-03-11
566,1615507200000,3.402924634346879,295678252.9149081,2021-03-12
567,1615593600000,3.3054893036223385,288488239.41713965,2021-03-13
568,1615680000000,3.0441589969832403,265745582.85413516,2021-03-14
569,1615766400000,3.105316834423245,272899637.7553317,2021-03-15
570,1615852800000,2.914925901614118,256027713.35424757,2021-03-16
571,1615939200000,3.1672378240606247,274482925.8121286,2021-03-17
572,1616025600000,3.223577063513381,280390972.6754091,2021-03-18
573,1616112000000,3.4026556046925007,297942760.9878665,2021-03-19
574,1616198400000,3.9456697395818083,343034142.371151,2021-03-20
575,1616284800000,3.5861364113399907,318811698.09543437,2021-03-21
576,1616371200000,3.853079489769928,336079360.6659659,2021-03-22
577,1616457600000,3.446591723329389,302308303.2145356,2021-03-23
578,1616544000000,3.269985428394186,284705513.5946167,2021-03-24
579,1616630400000,2.904897757586627,254955597.53038496,2021-03-25
580,1616716800000,2.7638167113095458,240768995.8956222,2021-03-26
581,1616803200000,3.0309390808832277,262975192.49790713,2021-03-27
582,1616889600000,3.1578114843472838,275751253.38028824,2021-03-28
583,1616976000000,3.096008720551919,269542952.24247354,2021-03-29
584,1617062400000,3.2857453896680973,284581800.06686705,2021-03-30
585,1617148800000,3.6531852602756443,318306041.08784395,2021-03-31
586,1617235200000,3.4794359598080935,303287922.1433698,2021-04-01
587,1617321600000,3.6747365979225974,323684962.48349404,2021-04-02
588,1617408000000,3.725469697431186,326783150.5883386,2021-04-03
589,1617494400000,3.4012098684857888,301274341.0330871,2021-04-04
590,1617580800000,4.426816937943771,378676786.3766718,2021-04-05
591,1617667200000,4.697141533587023,407769049.9131045,2021-04-06
592,1617753600000,4.6337252792847075,405790110.15805674,2021-04-07
593,1617840000000,4.112222325508505,363376513.47451043,2021-04-08
594,1617926400000,4.682714317083646,407663934.7746908,2021-04-09
595,1618012800000,4.746733541567351,411446358.776702,2021-04-10
596,1618099200000,5.206905584680323,451167845.1469388,2021-04-11
597,1618185600000,5.058327747553426,438588213.00531393,2021-04-12
598,1618272000000,4.759623137939967,413142333.33059657,2021-04-13
599,1618358400000,4.622670632435705,401170386.88760304,2021-04-14
600,1618444800000,4.500367163451192,390638272.3548101,2021-04-15
601,1618531200000,4.708911257352622,408017395.45812255,2021-04-16
602,1618617600000,4.880540100455464,423003777.77349544,2021-04-17
603,1618704000000,4.647357979125763,401904511.72392815,2021-04-18
604,1618790400000,4.159575272368078,360802611.61436146,2021-04-19
605,1618876800000,3.7500830361413153,324384381.6210964,2021-04-20
606,1618963200000,3.8438846964360023,331435623.58014196,2021-04-21
607,1619049600000,3.7808929915005494,328501614.85097384,2021-04-22
608,1619136000000,3.459206896266342,303900920.70760614,2021-04-23
609,1619222400000,3.1076909317074994,268479458.46702033,2021-04-24
610,1619308800000,3.0210649785843104,262969966.15366954,2021-04-25
611,1619395200000,2.9214236320447147,252504318.04030526,2021-04-26
612,1619481600000,3.5873542124318205,308456202.27278703,2021-04-27
613,1619568000000,4.100277684887966,354445629.5534045,2021-04-28
614,1619654400000,4.13301942543226,357096397.14852864,2021-04-29
615,1619740800000,4.607671312821746,398985607.8580106,2021-04-30
616,1619827200000,5.270131819383943,455060054.09593785,2021-05-01
617,1619913600000,5.066969874047189,437923782.70009816,2021-05-02
618,1620000000000,5.423292449825349,468586248.1292952,2021-05-03
619,1620086400000,5.480826236256128,475004856.67510456,2021-05-04
620,1620172800000,4.797374929336995,415147454.5203722,2021-05-05
621,1620259200000,5.02770061629659,433731102.8961216,2021-05-06
622,1620345600000,4.896259984557218,426120076.2561767,2021-05-07
623,1620432000000,4.811132338884084,415547175.5431733,2021-05-08
624,1620518400000,4.852600288637565,418768429.8470949,2021-05-09
625,1620604800000,5.100288948466023,442356105.01268965,2021-05-10
626,1620691200000,4.470911326875503,387717426.4837384,2021-05-11
627,1620777600000,4.78101285894849,411991659.96367484,2021-05-12
628,1620864000000,3.9917312276958046,360400894.6379339,2021-05-13
629,1620950400000,3.9239552515828224,336094851.70284206,2021-05-14
630,1621036800000,4.060008749657438,351164480.60876167,2021-05-15
631,1621123200000,3.666122486271685,318237100.3529517,2021-05-16
632,1621209600000,3.7878125124113726,325168175.73053217,2021-05-17
633,1621296000000,3.772602802629946,326597364.96353567,2021-05-18
634,1621382400000,3.841228670189329,330096886.08264905,2021-05-19
635,1621468800000,2.0300736769359626,179183830.87540817,2021-05-20
636,1621555200000,2.557446551496672,218638962.67602545,2021-05-21
637,1621641600000,2.196532405235481,189586617.72228882,2021-05-22
638,1621728000000,2.0101574667933018,173786300.5686549,2021-05-23
639,1621814400000,1.7073928491844743,146365321.50844106,2021-05-24
640,1621900800000,2.1254271168135936,182356214.97226152,2021-05-25
641,1621987200000,2.1889979443700858,188949112.48607776,2021-05-26
642,1622073600000,2.438315039942459,208601988.38388592,2021-05-27
643,1622160000000,2.265382558852919,195331678.1971757,2021-05-28
644,1622246400000,2.0171452783687425,174106859.5852386,2021-05-29
645,1622332800000,1.8660652120909709,162941962.77223635,2021-05-30
646,1622419200000,1.9607551071519107,170123744.46891668,2021-05-31
647,1622505600000,2.1210184140365897,183179148.28535572,2021-06-01
648,1622592000000,2.040287948928125,176819126.50491545,2021-06-02
649,1622678400000,2.1780417055724683,189452230.70647895,2021-06-03
650,1622764800000,2.3261838169310645,202454528.6789851,2021-06-04
651,1622851200000,2.097289857878625,181156065.84918082,2021-06-05
652,1622937600000,2.006591805225614,172957109.43951204,2021-06-06
653,1623024000000,2.1325791037446753,184056388.96381316,2021-06-07
654,1623110400000,1.9254725469931313,168494062.35850805,2021-06-08
655,1623196800000,1.909388475287794,165040384.94148818,2021-06-09
656,1623283200000,2.02542996918534,175337736.59494823,2021-06-10
657,1623369600000,1.8704890490830393,162405638.7246903,2021-06-11
658,1623456000000,1.753099005168951,151379728.08307135,2021-06-12
659,1623542400000,1.6993369999991046,147689009.93285498,2021-06-13
660,1623628800000,1.9260869099425633,165532383.45863736,2021-06-14
661,1623715200000,2.0787504184250185,178753033.77596495,2021-06-15
662,1623801600000,2.205195158069175,191130908.63505405,2021-06-16
663,1623888000000,2.324804889224491,200861698.9451399,2021-06-17
664,1623974400000,2.231514659560918,191902097.5635847,2021-06-18
665,1624060800000,2.061471401377617,178454819.02812353,2021-06-19
666,1624147200000,2.0805258422574573,180577562.3409956,2021-06-20
667,1624233600000,2.2078485016945666,190739555.454357,2021-06-21
668,1624320000000,1.8910445198201875,163782090.88636073,2021-06-22
669,1624406400000,1.6819419118141437,145168498.63315237,2021-06-23
670,1624492800000,1.8785506487809067,162161566.109348,2021-06-24
671,1624579200000,1.9080642580986513,164946906.0954379,2021-06-25
672,1624665600000,1.7354008845900453,150174949.29139626,2021-06-26
673,1624752000000,1.7366628115374476,150025165.4417181,2021-06-27
674,1624838400000,1.8711902094953388,161818272.61639565,2021-06-28
675,1624924800000,1.9033971029965076,164451250.85117587,2021-06-29
676,1625011200000,2.0159003642158626,173868801.43491477,2021-06-30
677,1625097600000,2.035738292412282,176033735.07883057,2021-07-01
678,1625184000000,1.9191926543234312,165786265.9487641,2021-07-02
679,1625270400000,1.893709390581843,163275533.74797407,2021-07-03
680,1625356800000,1.9410425534629407,167636918.17572528,2021-07-04
681,1625443200000,2.0292695476412907,175755405.2381459,2021-07-05
682,1625529600000,1.9676394625180573,170002667.31237838,2021-07-06
683,1625616000000,2.0846358082950256,179997723.52922052,2021-07-07
684,1625702400000,2.100291373700777,181531337.0617311,2021-07-08
685,1625788800000,1.9452902723558763,168088461.3444874,2021-07-09
686,1625875200000,1.9729639162853456,169757426.70596746,2021-07-10
687,1625961600000,1.9218402749229118,166142745.66265765,2021-07-11
688,1626048000000,1.9518942802736758,168715793.60700598,2021-07-12
689,1626134400000,1.9137104654719228,165132675.90415615,2021-07-13
690,1626220800000,1.828601088882091,158356766.76716363,2021-07-14
691,1626307200000,1.8309012807320995,158155505.7567998,2021-07-15
692,1626393600000,1.7244562690656957,149118275.59238428,2021-07-16
693,1626480000000,1.6574825630901193,143278415.70108128,2021-07-17
694,1626566400000,1.6768441049125904,145180010.11030072,2021-07-18
695,1626652800000,1.7312637829206357,149441926.654441,2021-07-19
696,1626739200000,1.575181707874312,136230935.49999788,2021-07-20
697,1626825600000,1.4429118960965897,124571032.5573281,2021-07-21
698,1626912000000,1.5360905634367281,132267527.07947738,2021-07-22
699,1626998400000,1.558433999665101,134435066.6357232,2021-07-23
700,1627084800000,1.5881142540615214,137166876.05015233,2021-07-24
701,1627171200000,1.6375308784991736,141482116.4902958,2021-07-25
702,1627257600000,1.6529969996316258,142900801.3903047,2021-07-26
703,1627344000000,1.671998804836156,144893441.51118723,2021-07-27
704,1627430400000,1.7551966512589554,151250880.75764397,2021-07-28
705,1627516800000,1.8077214110633169,156176670.44240317,2021-07-29
706,1627603200000,1.9960217846912436,173388637.54986405,2021-07-30
707,1627689600000,2.0512894690693035,177150573.78061146,2021-07-31
708,1627776000000,2.169995216469678,187641613.051144,2021-08-01
709,1627862400000,2.0905330424223236,180574993.97781292,2021-08-02
710,1627948800000,2.239413972382774,194119032.85466427,2021-08-03
711,1628035200000,2.1750696628931907,187873372.20536634,2021-08-04
712,1628121600000,2.2908547142271236,198643762.08239627,2021-08-05
713,1628208000000,2.3505102220766863,203068086.56806946,2021-08-06
714,1628294400000,2.567599929586829,221871921.93046454,2021-08-07
715,1628380800000,2.6267343186388534,226610822.46350387,2021-08-08
716,1628467200000,2.4708227205995974,214667312.13104516,2021-08-09
717,1628553600000,2.980056960099178,261571745.36103278,2021-08-10
718,1628640000000,3.0610440716418763,572333558.1120222,2021-08-11
719,1628726400000,3.2258727413535424,603597475.6307325,2021-08-12
720,1628812800000,3.21414733795961,601658596.1068277,2021-08-13
721,1628899200000,3.576281861360568,669403229.3290609,2021-08-14
722,1628985600000,3.478257425306697,652812681.6608673,2021-08-15
723,1629072000000,3.459048536813717,647553685.7940924,2021-08-16
724,1629158400000,3.2716085533323804,620541171.0518222,2021-08-17
725,1629244800000,3.041842810368654,572574270.7441348,2021-08-18
726,1629331200000,3.2257227691406727,605546566.8466436,2021-08-19
727,1629417600000,3.5902071154006494,663082993.9852314,2021-08-20
728,1629504000000,3.69971621511669,691119655.208415,2021-08-21
729,1629590400000,3.74775657590283,702152975.5795304,2021-08-22
730,1629676800000,3.6549193671168707,686275699.881628,2021-08-23
731,1629763200000,3.802282336187205,713960440.9203387,2021-08-24
732,1629849600000,3.9347851600304184,738357412.7582253,2021-08-25
733,1629936000000,4.003935545952909,750309608.7963138,2021-08-26
734,1630022400000,3.7962896688392695,712036597.4327134,2021-08-27
735,1630108800000,3.9830015823722333,745914107.9107068,2021-08-28
736,1630195200000,3.8463582383734543,721495927.4189553,2021-08-29
737,1630281600000,3.747195267443055,701547159.2659329,2021-08-30
738,1630368000000,3.5184572665807257,659374535.4743938,2021-08-31
739,1630454400000,3.536407740102071,662527806.8945214,2021-09-01
740,1630540800000,3.6808900972365115,690090611.1216114,2021-09-02
741,1630627200000,3.641316609418358,681256167.2048559,2021-09-03
742,1630713600000,3.669529533750788,686074300.6257637,2021-09-04
743,1630800000000,3.7064334612040972,694683616.0256057,2021-09-05
744,1630886400000,3.8546708918619794,722578244.9270551,2021-09-06
745,1630972800000,3.8403053265275044,719001358.7448179,2021-09-07
746,1631059200000,2.718357871703155,507419833.5621488,2021-09-08
747,1631145600000,2.786003044580136,523599818.0963074,2021-09-09
748,1631232000000,2.859420303910025,536899742.620959,2021-09-10
749,1631318400000,2.696175815883289,503317138.5372676,2021-09-11
750,1631404800000,2.7635340133800588,517616424.1804478,2021-09-12
751,1631491200000,2.8272437457854833,533547636.0394438,2021-09-13
752,1631577600000,2.622908175667118,491265822.23819536,2021-09-14
753,1631664000000,2.6899753062385923,503572796.10644877,2021-09-15
754,1631750400000,2.889960629490142,541712816.4435467,2021-09-16
755,1631836800000,2.7551737954349784,516508251.715965,2021-09-17
756,1631923200000,2.6333026150616456,492766101.62858653,2021-09-18
757,1632009600000,2.6423388762917313,494921937.35327303,2021-09-19
758,1632096000000,2.502796490869797,469335440.1102892,2021-09-20
759,1632182400000,2.1754208954568397,405557297.5921298,2021-09-21
760,1632268800000,1.9912187109933552,372139644.11673385,2021-09-22
761,1632355200000,2.299169402052504,430593309.08119315,2021-09-23
762,1632441600000,2.3732751073221063,444053376.4497589,2021-09-24
763,1632528000000,2.169903278585841,410452730.81882775,2021-09-25
764,1632614400000,2.123103263795493,396843471.17705595,2021-09-26
765,1632700800000,2.097107562918482,392308295.62030095,2021-09-27
766,1632787200000,2.0749951320877447,390582667.22176903,2021-09-28
767,1632873600000,2.012565256248834,377530728.55006117,2021-09-29
768,1632960000000,2.0653454607760757,386417582.1149814,2021-09-30
769,1633046400000,2.1809848056336785,408779490.8596058,2021-10-01
770,1633132800000,2.371308580317411,443562166.99404645,2021-10-02
771,1633219200000,2.3844593994578793,446662602.094454,2021-10-03
772,1633305600000,2.4502286182913253,459299367.14207375,2021-10-04
773,1633392000000,2.347269597389842,441368638.4384712,2021-10-05
774,1633478400000,2.5209459267086607,472814193.0152803,2021-10-06
775,1633564800000,2.474851359612507,465642439.9755781,2021-10-07
776,1633651200000,2.440790879791589,455672539.7643126,2021-10-08
777,1633737600000,2.4764862934424787,463286806.44547606,2021-10-09
778,1633824000000,2.5719870678666155,481898764.5029633,2021-10-10
779,1633910400000,2.5313240525699747,474376903.427878,2021-10-11
780,1633996800000,2.4358160511622593,454861872.52595115,2021-10-12
781,1634083200000,2.304139498948067,431210260.01373804,2021-10-13
782,1634169600000,2.406885415339528,450370241.51099396,2021-10-14
783,1634256000000,2.4524022857391787,459323224.9832244,2021-10-15
784,1634342400000,2.370553269928364,444388722.0594739,2021-10-16
785,1634428800000,2.4340130114556753,456759036.6327117,2021-10-17
786,1634515200000,2.306637815273706,432241908.7436709,2021-10-18
787,1634601600000,2.284997591903184,440750026.8931615,2021-10-19
788,1634688000000,2.2906439334226256,439473583.12800103,2021-10-20
789,1634774400000,2.389328342656656,461024172.6728834,2021-10-21
790,1634860800000,2.281619447448421,438340620.3202034,2021-10-22
791,1634947200000,2.3130301366608546,444357544.4524965,2021-10-23
792,1635033600000,2.3055573752658733,443439804.09297884,2021-10-24
793,1635120000000,2.239097303488137,429427012.8970202,2021-10-25
794,1635206400000,2.2825348411371014,438513481.6626505,2021-10-26
795,1635292800000,2.26136529217076,435957236.7570513,2021-10-27
796,1635379200000,2.025886115402267,389207187.14678574,2021-10-28
797,1635465600000,2.1258643802435406,408413992.38913006,2021-10-29
798,1635552000000,2.21954474920495,426662661.3111632,2021-10-30
799,1635638400000,2.2377089055802295,427688339.45306367,2021-10-31
800,1635724800000,2.4468423030692894,472685446.66161734,2021-11-01
801,1635811200000,2.435230358117933,467988497.19937515,2021-11-02
802,1635897600000,2.4764661547873272,474358357.59608877,2021-11-03
803,1635984000000,2.4328991416730155,466779807.43120587,2021-11-04
804,1636070400000,2.3905308992481547,457869586.0541324,2021-11-05
805,1636156800000,2.4594411323639886,473159559.75138164,2021-11-06
806,1636243200000,2.4239582740044607,465933344.3226962,2021-11-07
807,1636329600000,2.3993994721989913,462529329.95711935,2021-11-08
808,1636416000000,2.534887695771919,490390290.6045721,2021-11-09
809,1636502400000,2.6163468506828953,506096298.7914929,2021-11-10
810,1636588800000,2.384660204792573,458490765.4998372,2021-11-11
811,1636675200000,2.4272895755363035,467905671.3952625,2021-11-12
812,1636761600000,2.397959159335386,461774868.63762045,2021-11-13
813,1636848000000,2.595661917558895,500169177.1906527,2021-11-14
814,1636934400000,2.5563985581217783,489937598.7338999,2021-11-15
815,1637020800000,2.797538199852469,539278050.2370206,2021-11-16
816,1637107200000,2.649910574512336,507598190.2857048,2021-11-17
817,1637193600000,2.5602005890237964,491442725.7097945,2021-11-18
818,1637280000000,2.3117584688248867,445438567.9441976,2021-11-19
819,1637366400000,2.4703493107125496,473875734.1226962,2021-11-20
820,1637452800000,2.5655267241055366,494433631.15109754,2021-11-21
821,1637539200000,2.656736325328089,515108684.0841005,2021-11-22
822,1637625600000,2.4699597725053613,476719388.7584387,2021-11-23
823,1637712000000,2.4540022577122116,472981071.65097165,2021-11-24
824,1637798400000,2.3886458291965242,461382967.71872425,2021-11-25
825,1637884800000,2.4966378079026272,481735797.8654674,2021-11-26
826,1637971200000,2.3043192945312385,443771670.8211833,2021-11-27
827,1638057600000,2.2434682375119537,431586522.0279683,2021-11-28
828,1638144000000,2.256705591968769,435156015.2986333,2021-11-29
829,1638230400000,2.2877248197521998,441651573.27294,2021-11-30
830,1638316800000,2.268941860088865,439264195.3056595,2021-12-01
831,1638403200000,2.3366242577560734,449977043.00817984,2021-12-02
832,1638489600000,2.271081406604081,437476822.2878208,2021-12-03
833,1638576000000,2.170610438234977,418590724.6686607,2021-12-04
834,1638662400000,1.7366045168502795,333014952.85187477,2021-12-05
835,1638748800000,1.5823934559149522,303038791.15595365,2021-12-06
836,1638835200000,1.6332544365145432,314958957.46440554,2021-12-07
837,1638921600000,1.631011659605918,314099175.9145739,2021-12-08
838,1639008000000,1.7080026479145618,329308921.8601402,2021-12-09
839,1639094400000,1.563565911305284,302136322.7852971,2021-12-10
840,1639180800000,1.500684605620516,291494544.43517154,2021-12-11
841,1639267200000,1.5605737688834844,300635705.734469,2021-12-12
842,1639353600000,1.5716237282419374,302101054.68337935,2021-12-13
843,1639440000000,1.396268535070525,269152383.3493121,2021-12-14
844,1639526400000,1.4665802401024013,282250205.11061084,2021-12-15
845,1639612800000,1.521122628230683,292794978.6624447,2021-12-16
846,1639699200000,1.4826368603804878,284851518.0528156,2021-12-17
847,1639785600000,1.4680250401930466,282610441.55547374,2021-12-18
848,1639872000000,1.4847139185866878,286055741.57956916,2021-12-19
849,1639958400000,1.5419991315963157,297650380.6604418,2021-12-20
850,1640044800000,1.5083973235139738,292032036.75119585,2021-12-21
851,1640131200000,1.545403566489326,298072351.8570485,2021-12-22
852,1640217600000,1.5659958782205516,305234759.73808134,2021-12-23
853,1640304000000,1.67966734703271,322572190.26491517,2021-12-24
854,1640390400000,1.637296576695808,316107922.3360728,2021-12-25
855,1640476800000,1.661023061344791,320241936.8947073,2021-12-26
856,1640563200000,1.652346822163777,318620623.13924485,2021-12-27
857,1640649600000,1.6754707952831382,323944891.66223866,2021-12-28
858,1640736000000,1.5378355251761444,297466462.89235026,2021-12-29
859,1640822400000,1.5459767628947148,296667251.1697551,2021-12-30
860,1640908800000,1.9494011323627585,373493937.87489206,2021-12-31
861,1640995200000,2.0495699325641974,394358267.0462971,2022-01-01
862,1641081600000,2.284346307042848,438367469.50569785,2022-01-02
863,1641168000000,2.1634772624636724,416999919.75310045,2022-01-03
864,1641254400000,1.9703264695771265,380500256.98556346,2022-01-04
865,1641340800000,1.8755007038176683,366634703.5631732,2022-01-05
866,1641427200000,1.695626320316241,327323791.13354546,2022-01-06
867,1641513600000,1.7149539261549398,331359997.262197,2022-01-07
868,1641600000000,1.6065844627732369,310053977.8668451,2022-01-08
869,1641686400000,1.5315449643404135,295977059.02383435,2022-01-09
870,1641772800000,1.5703949607001548,301810569.3881228,2022-01-10
871,1641859200000,1.503352117132871,289211524.1790942,2022-01-11
872,1641945600000,1.6028762082170722,311167988.31881535,2022-01-12
873,1642032000000,1.7098503427191998,331700720.66641843,2022-01-13
874,1642118400000,1.6422077104714683,320649854.2712393,2022-01-14
875,1642204800000,1.7949237086532621,347444306.6635749,2022-01-15
876,1642291200000,1.7887631612204018,347004296.99980026,2022-01-16
877,1642377600000,1.7493499180689738,339584906.5863016,2022-01-17
878,1642464000000,1.6826840506609353,326441472.1000111,2022-01-18
879,1642550400000,1.634926131244111,316570851.52634305,2022-01-19
880,1642636800000,1.584715186895229,308192849.3042043,2022-01-20
881,1642723200000,1.5311946400285008,298364374.4182989,2022-01-21
882,1642809600000,1.4581110680663316,282825857.7673315,2022-01-22
883,1642896000000,1.2968570873330587,251056063.01301742,2022-01-23
884,1642982400000,1.3320222478579202,258135088.05735862,2022-01-24
885,1643068800000,1.275747885458672,248021007.1425525,2022-01-25
886,1643155200000,1.2677343677657302,245563934.8346591,2022-01-26
887,1643241600000,1.2958029655376069,252937837.20818418,2022-01-27
888,1643328000000,1.3211167297058537,255862954.12194166,2022-01-28
889,1643414400000,1.352944050255692,262217137.65002963,2022-01-29
890,1643500800000,1.3844050458086645,268071300.24910286,2022-01-30
891,1643587200000,1.3397530672238223,259872401.01707244,2022-01-31
892,1643673600000,1.3743532953822801,266588927.8650027,2022-02-01
893,1643760000000,1.382227544304805,268272820.59090534,2022-02-02
894,1643846400000,1.336677862596264,259742988.71686634,2022-02-03
895,1643932800000,1.386030597407871,269456582.74584943,2022-02-04
896,1644019200000,1.5180364952468852,294941012.9481677,2022-02-05
897,1644105600000,1.5511614168650192,301747000.275317,2022-02-06
898,1644192000000,1.5415007408847632,299492211.46000916,2022-02-07
899,1644278400000,1.5814974595870122,306668047.23753154,2022-02-08
900,1644364800000,1.519548913019931,295008543.23953986,2022-02-09
901,1644451200000,1.5527030057456108,301175921.29609036,2022-02-10
902,1644537600000,1.4733944814044504,285499135.9448935,2022-02-11
903,1644624000000,1.3739369513506052,266121979.29591447,2022-02-12
904,1644710400000,1.3880881199630224,269229496.7320503,2022-02-13
905,1644796800000,1.3583359797027368,263638527.4853808,2022-02-14
906,1644883200000,1.393955636792917,270139317.9719964,2022-02-15
907,1644969600000,1.4985445314901997,291158746.11038256,2022-02-16
908,1645056000000,1.4827965998250943,288481904.37733215,2022-02-17
909,1645142400000,1.3431413069801905,261790008.68067217,2022-02-18
910,1645228800000,1.3189594000853102,257375722.861767,2022-02-19
911,1645315200000,1.309000932390917,254410503.41682088,2022-02-20
912,1645401600000,1.2691114558218108,246942634.56209123,2022-02-21
913,1645488000000,1.18218477004896,230217280.728522,2022-02-22
914,1645574400000,1.2454678888077049,242455629.42283803,2022-02-23
915,1645660800000,1.261304392392711,245415204.48143533,2022-02-24
916,1645747200000,1.2074581145859118,234577378.28737268,2022-02-25
917,1645833600000,1.3048532255790681,253012515.48211494,2022-02-26
918,1645920000000,1.2908072195809817,250852912.23427567,2022-02-27
919,1646006400000,1.2994248182424522,252708991.17094302,2022-02-28
920,1646092800000,1.4188422611271283,275933257.00055444,2022-03-01
921,1646179200000,1.439479217366694,279971729.37370944,2022-03-02
922,1646265600000,1.3986990189487292,271704590.7064139,2022-03-03
923,1646352000000,1.4127857090740898,275341315.818315,2022-03-04
924,1646438400000,1.4027155798039586,273575572.3443721,2022-03-05
925,1646524800000,1.4206484197174858,276111505.6447992,2022-03-06
926,1646611200000,1.3420935826822769,261232541.03551084,2022-03-07
927,1646697600000,1.2844989087566703,249562336.11646694,2022-03-08
928,1646784000000,1.2887650385603084,250683320.5945026,2022-03-09
929,1646870400000,1.3448415232901632,261539377.38245443,2022-03-10
930,1646956800000,1.2829981176546306,249349500.85749793,2022-03-11
931,1647043200000,1.2478902068611508,243159900.48487404,2022-03-12
932,1647129600000,1.2450358715649532,242453117.3779321,2022-03-13
933,1647216000000,1.201300569183629,233734025.60768688,2022-03-14
934,1647302400000,1.2443449925521681,242083781.83659297,2022-03-15
935,1647388800000,1.2562362190244825,245183181.39125335,2022-03-16
936,1647475200000,1.3457223680732326,261190025.5748111,2022-03-17
937,1647561600000,1.3921068031431583,270894952.6781037,2022-03-18
938,1647648000000,1.4672291866378586,285757936.2244054,2022-03-19
939,1647734400000,1.5365500616691259,299420885.8913638,2022-03-20
940,1647820800000,1.4263653511594652,277645334.94346356,2022-03-21
941,1647907200000,1.445831549779047,280950477.9448186,2022-03-22
942,1647993600000,1.5200260409094815,295878985.3919109,2022-03-23
943,1648080000000,1.5895731589500663,309388619.6409113,2022-03-24
944,1648166400000,1.6239951480118031,314965741.9237969,2022-03-25
945,1648252800000,1.5749932445228039,306208057.94277495,2022-03-26
946,1648339200000,1.6339516182001181,318282330.1148312,2022-03-27
947,1648425600000,1.6925417482972283,329186138.8365094,2022-03-28
948,1648512000000,1.6264094887051155,787245966.0263722,2022-03-29
949,1648598400000,1.6290378104349497,780388170.703274,2022-03-30
950,1648684800000,1.6438940060300193,789349374.8195275,2022-03-31
951,1648771200000,1.5764228809582415,754887376.4858826,2022-04-01
952,1648857600000,1.6022042775874432,768177081.1114922,2022-04-02
953,1648944000000,1.6092474423660719,774144709.6490186,2022-04-03
954,1649030400000,1.698514518887395,814797455.1733221,2022-04-04
955,1649116800000,1.5915717091681088,764530752.1179711,2022-04-05
956,1649203200000,1.5108997517294385,728004529.3730736,2022-04-06
957,1649289600000,1.3345827932869716,645397299.7443041,2022-04-07
958,1649376000000,1.3908520203482824,668382772.4943656,2022-04-08
959,1649462400000,1.3034563301487592,626270560.1738646,2022-04-09
960,1649548800000,1.3466310659597684,647271307.8782083,2022-04-10
961,1649635200000,1.3117748348459293,631750909.4213192,2022-04-11
962,1649721600000,1.1900639787700849,573565613.7214773,2022-04-12
963,1649808000000,1.2466140778868717,598325520.3857374,2022-04-13
964,1649894400000,1.281241657044859,615957602.6451772,2022-04-14
965,1649980800000,1.235351954913374,594948287.6369207,2022-04-15
966,1650067200000,1.259301951643698,606133109.9959602,2022-04-16
967,1650153600000,1.2623452783513265,608089079.2823844,2022-04-17
968,1650240000000,1.203048026601553,578183596.1289365,2022-04-18
969,1650326400000,1.375921743775568,661569294.7504737,2022-04-19
970,1650412800000,1.3985419233047913,669013650.5175009,2022-04-20
971,1650499200000,1.3366117000462345,643334896.249342,2022-04-21
972,1650585600000,1.268544122209561,611225173.5724394,2022-04-22
973,1650672000000,1.2406907487433936,596877024.0095922,2022-04-23
974,1650758400000,1.2315329801439487,593248166.6187105,2022-04-24
975,1650844800000,1.2028861792130967,582612664.8291817,2022-04-25
976,1650931200000,1.1850436128922426,572941868.286832,2022-04-26
977,1651017600000,1.0732591865336725,516917453.98286545,2022-04-27
978,1651104000000,1.1119058699225626,536641152.2034056,2022-04-28
979,1651190400000,1.1088733381251403,533312266.8351105,2022-04-29
980,1651276800000,1.060042937016649,513407067.2061771,2022-04-30
981,1651363200000,0.96037938627804,462843485.4765226,2022-05-01
982,1651449600000,0.9985463191911067,481620231.80814606,2022-05-02
983,1651536000000,1.0234674752714537,492736938.7005864,2022-05-03
984,1651622400000,1.0404350811562912,501836762.5117674,2022-05-04
985,1651708800000,1.1046791254937895,533686390.2540093,2022-05-05
986,1651795200000,0.9747003266822651,469584896.7992672,2022-05-06
987,1651881600000,0.9552465508201753,462508982.00146055,2022-05-07
988,1651968000000,0.9210804770116743,445820138.759754,2022-05-08
989,1652054400000,0.8622117079870317,416580910.3645476,2022-05-09
990,1652140800000,0.7009244727443326,345208450.75183517,2022-05-10
991,1652227200000,0.6919267087126422,333067673.7865171,2022-05-11
992,1652313600000,0.43470659098547487,200728176.5762591,2022-05-12
993,1652400000000,0.3947833748208055,191414597.93671083,2022-05-13
994,1652486400000,0.44368641200552,214895799.83602747,2022-05-14
995,1652572800000,0.4871556104197331,235499075.11173546,2022-05-15
996,1652659200000,0.5063596844570852,245488028.1461172,2022-05-16
997,1652745600000,0.4581466096119496,221999414.05732954,2022-05-17
998,1652832000000,0.49097070322242453,237484883.7567117,2022-05-18
999,1652918400000,0.4225733666163519,205728825.92806002,2022-05-19
1000,1653004800000,0.4582133921199593,222322098.47609136,2022-05-20
1001,1653091200000,0.4479042577750128,217757928.4691959,2022-05-21
1002,1653177600000,0.46542834108569786,226069302.6156227,2022-05-22
1003,1653264000000,0.49906625712778263,242281970.5592836,2022-05-23
1004,1653350400000,0.4854910852115154,235486635.44420192,2022-05-24
1005,1653436800000,0.5091036219968638,246559359.3238448,2022-05-25
1006,1653523200000,0.5320537225350231,256765380.05594012,2022-05-26
1007,1653609600000,0.4764096686795194,231045311.75714928,2022-05-27
1008,1653696000000,0.4549311787933885,220762223.9696601,2022-05-28
1009,1653782400000,0.4694152404471639,228520909.16145018,2022-05-29
1010,1653868800000,0.4841858400210391,235425462.113296,2022-05-30
1011,1653955200000,0.5225661780770154,253849945.22851646,2022-05-31
1012,1654041600000,0.5176418277891636,252346501.79043472,2022-06-01
1013,1654128000000,0.5176773294089949,252369687.7978146,2022-06-02
1014,1654214400000,0.5394058186762807,261929517.35771975,2022-06-03
1015,1654300800000,0.6029047697159303,287672957.2247839,2022-06-04
1016,1654387200000,0.5894821967939381,285772511.0086748,2022-06-05
1017,1654473600000,0.5690431144303022,277833256.8082522,2022-06-06
1018,1654560000000,0.5817158335333864,283058710.666302,2022-06-07
1019,1654646400000,0.5516865093058381,269486490.07362556,2022-06-08
1020,1654732800000,0.5496252865340463,267749290.26949057,2022-06-09
1021,1654819200000,0.5362217441756598,261242194.12231436,2022-06-10
1022,1654905600000,0.47652702573062117,232307017.84036747,2022-06-11
1023,1654992000000,0.4320668047164123,210871972.56336167,2022-06-12
1024,1655078400000,0.3899495458291192,191703432.98258674,2022-06-13
1025,1655164800000,0.34255246767837605,166234149.95075122,2022-06-14
1026,1655251200000,0.3523559912349879,171454103.50067845,2022-06-15
1027,1655337600000,0.3803021590428488,185557346.2914127,2022-06-16
1028,1655424000000,0.34986899226240464,171061147.01693672,2022-06-17
1029,1655510400000,0.36896461980038875,180482913.6185036,2022-06-18
1030,1655596800000,0.3417859234889038,166465031.5847021,2022-06-19
1031,1655683200000,0.37286602572639893,181782889.86667708,2022-06-20
1032,1655769600000,0.41646525601476775,204981116.58380368,2022-06-21
1033,1655856000000,0.41511632585174,202793308.38216886,2022-06-22
1034,1655942400000,0.40335588784708853,197513532.9808084,2022-06-23
1035,1656028800000,0.42467269113041584,207822144.85116044,2022-06-24
1036,1656115200000,0.43467342208052034,213675935.88183978,2022-06-25
1037,1656201600000,0.4408425820153497,215160337.54987797,2022-06-26
1038,1656288000000,0.413328108514611,202319461.4562955,2022-06-27
1039,1656374400000,0.4325170801723584,210994268.5191275,2022-06-28
1040,1656460800000,0.41241230960701186,201069743.1443521,2022-06-29
1041,1656547200000,0.40667011871766273,199450813.84194514,2022-06-30
1042,1656633600000,0.3839296506012009,186705657.9798668,2022-07-01
1043,1656720000000,0.37610539037654567,185306541.17593908,2022-07-02
1044,1656806400000,0.3862901502938748,188871780.42047283,2022-07-03
1045,1656892800000,0.3901035593497718,190992036.24551705,2022-07-04
1046,1656979200000,0.40216188128460933,197115594.8603979,2022-07-05
1047,1657065600000,0.390903962228737,191638192.3624958,2022-07-06
1048,1657152000000,0.39463158797744247,193629028.006555,2022-07-07
1049,1657238400000,0.40669893748662367,199585819.7605501,2022-07-08
1050,1657324800000,0.40559632626340836,198654219.082037,2022-07-09
1051,1657411200000,0.408642822168813,200764650.23165527,2022-07-10
1052,1657497600000,0.39545103383050906,193883198.23636857,2022-07-11
1053,1657584000000,0.36676292102881963,179722877.49652714,2022-07-12
1054,1657670400000,0.35081501117344877,172395294.93415657,2022-07-13
1055,1657756800000,0.35699559339004583,175152589.02153382,2022-07-14
1056,1657843200000,0.36674100306564195,179983020.432141,2022-07-15
1057,1657929600000,0.36966248270421204,181629317.54816324,2022-07-16
1058,1658016000000,0.3856048606168927,189311144.75869995,2022-07-17
1059,1658102400000,0.3786867598761897,186304107.32126606,2022-07-18
1060,1658188800000,0.40348942029236823,197685017.59868637,2022-07-19
1061,1658275200000,0.4181930232472226,205749525.00860882,2022-07-20
1062,1658361600000,0.4011420081214978,197393463.03720587,2022-07-21
1063,1658448000000,0.404952063089189,199514948.6392431,2022-07-22
1064,1658534400000,0.39753362273545434,195500437.75308743,2022-07-23
1065,1658620800000,0.3990600811183812,195956215.392722,2022-07-24
1066,1658707200000,0.40227324929252023,198408048.12822914,2022-07-25
1067,1658793600000,0.3717077971675265,183077422.55783373,2022-07-26
1068,1658880000000,0.3672755204996274,180907094.72917908,2022-07-27
1069,1658966400000,0.3962151383574175,194358000.42948592,2022-07-28
1070,1659052800000,0.41320499890662027,203587049.11359268,2022-07-29
1071,1659139200000,0.42998669726577327,213020130.24207592,2022-07-30
1072,1659225600000,0.4217306651812639,207321022.46105805,2022-07-31
1073,1659312000000,0.44107126126028184,217900461.51546317,2022-08-01
1074,1659398400000,0.4497070751108042,221142611.79758444,2022-08-02
1075,1659484800000,0.4302957868214037,212535297.2562472,2022-08-03
1076,1659571200000,0.4235559532911013,208703970.3832191,2022-08-04
1077,1659657600000,0.43804410905964186,216076682.4868695,2022-08-05
1078,1659744000000,0.4518521003727358,222876789.7321535,2022-08-06
1079,1659830400000,0.47458952661750303,234085964.47047508,2022-08-07
1080,1659916800000,0.4661840252903218,230031316.3244331,2022-08-08
1081,1660003200000,0.4741667017184713,234134048.90131468,2022-08-09
1082,1660089600000,0.448745462215233,221819712.30255404,2022-08-10
1083,1660176000000,0.4703835881102217,231924427.46402907,2022-08-11
1084,1660262400000,0.4805243374820325,237204937.7900361,2022-08-12
1085,1660348800000,0.5024748474906408,248037757.08005983,2022-08-13
1086,1660435200000,0.5102518494053863,252180447.4873237,2022-08-14
1087,1660521600000,0.49316116340858923,243775793.10883343,2022-08-15
1088,1660608000000,0.5059405423109208,249976961.4453241,2022-08-16
1089,1660694400000,0.4835929798409908,239060108.68780634,2022-08-17
1090,1660780800000,0.4592805988328775,227529362.27802294,2022-08-18
1091,1660867200000,0.4367595433766922,216258055.25700808,2022-08-19
1092,1660953600000,0.38773399633584593,191467763.35221514,2022-08-20
1093,1661040000000,0.39041425991409046,193157982.0314167,2022-08-21
1094,1661126400000,0.39981904131362156,198064385.21257904,2022-08-22
1095,1661212800000,0.3968690780748703,196069661.69668767,2022-08-23
1096,1661299200000,0.40878190638187706,202612498.6574318,2022-08-24
1097,1661385600000,0.4073124748674724,201609405.5562203,2022-08-25
1098,1661472000000,0.40883344187552056,202509875.26113307,2022-08-26
1099,1661558400000,0.3661027606826316,180811435.76354495,2022-08-27
1100,1661644800000,0.36386224418978513,180161078.46616137,2022-08-28
1101,1661731200000,0.3600933951290749,178480021.8190293,2022-08-29
1102,1661817600000,0.37866119438983953,187762088.0881557,2022-08-30
1103,1661904000000,0.36764755504290614,182647685.45287278,2022-08-31
1104,1661990400000,0.36931826474628093,183645714.24545452,2022-09-01
1105,1662076800000,0.37619806314968046,186394344.11711648,2022-09-02
1106,1662163200000,0.37161148843055625,184491193.32929298,2022-09-03
1107,1662249600000,0.37267666287412266,185370570.67262343,2022-09-04
1108,1662336000000,0.3828547086882461,190170269.25302756,2022-09-05
1109,1662422400000,0.3746281826299235,185835509.19151583,2022-09-06
1110,1662508800000,0.3447043689755299,171803984.53731367,2022-09-07
1111,1662595200000,0.3567162479198876,177664953.66949373,2022-09-08
1112,1662681600000,0.3690764556861775,183331299.7583627,2022-09-09
1113,1662768000000,0.38626226941075076,192019360.0306241,2022-09-10
1114,1662854400000,0.3896978722891943,193899780.5834552,2022-09-11
1115,1662940800000,0.3858944070929887,191989959.4337242,2022-09-12
1116,1663027200000,0.39000646883487433,194073054.4285255,2022-09-13
1117,1663113600000,0.353542902911189,176043893.9976471,2022-09-14
1118,1663200000000,0.35814255444476595,178206313.61405912,2022-09-15
1119,1663286400000,0.3430149013246781,170863302.54245535,2022-09-16
1120,1663372800000,0.34651377614173556,172524631.93417308,2022-09-17
1121,1663459200000,0.35911636153710924,178570795.05687585,2022-09-18
1122,1663545600000,0.3283819818513938,163670693.120778,2022-09-19
1123,1663632000000,0.3320659055338328,165690341.35987,2022-09-20
1124,1663718400000,0.33422654682031266,166795879.71028566,2022-09-21
1125,1663804800000,0.32426751023122524,161676813.27847442,2022-09-22
1126,1663891200000,0.3458837452562647,172118977.65529105,2022-09-23
1127,1663977600000,0.3576407404147484,178436020.9239489,2022-09-24
1128,1664064000000,0.34692892380788654,173113388.3784348,2022-09-25
1129,1664150400000,0.3411570943548269,169952943.82835418,2022-09-26
1130,1664236800000,0.3471839419604153,173148291.8744372,2022-09-27
1131,1664323200000,0.3542647072904113,176920084.0774647,2022-09-28
1132,1664409600000,0.3563465659526823,177896450.05717313,2022-09-29
1133,1664496000000,0.3564608664827647,178057345.96364975,2022-09-30
1134,1664582400000,0.35515795779684123,177233157.47648126,2022-10-01
1135,1664668800000,0.3495330476935992,174538343.75739744,2022-10-02
1136,1664755200000,0.34249208534928643,171902609.41061133,2022-10-03
1137,1664841600000,0.3554629599720823,177654174.13662001,2022-10-04
1138,1664928000000,0.36135156035453175,180613785.99479836,2022-10-05
1139,1665014400000,0.35723583584452234,178713128.50655302,2022-10-06
1140,1665100800000,0.35245285466954485,176070006.2056215,2022-10-07
1141,1665187200000,0.34800254606105796,174270373.14750144,2022-10-08
1142,1665273600000,0.34764984734465226,173911867.02612174,2022-10-09
1143,1665360000000,0.3495424809401934,174505759.82836238,2022-10-10
1144,1665446400000,0.3374617499235096,168925555.15139228,2022-10-11
1145,1665532800000,0.32472256761463336,162377605.13534173,2022-10-12
1146,1665619200000,0.3219587366193252,161082044.40072763,2022-10-13
1147,1665705600000,0.31275334558186446,156589238.89117754,2022-10-14
1148,1665792000000,0.30972761865194254,154871703.8148795,2022-10-15
1149,1665878400000,0.31153214690694414,156128402.0946505,2022-10-16
1150,1665964800000,0.31538490049320544,158025067.07584715,2022-10-17
1151,1666051200000,0.32019024985610245,160713326.7749342,2022-10-18
1152,1666137600000,0.3179542442134475,159260195.0273371,2022-10-19
1153,1666224000000,0.3074313686427572,154328646.0404097,2022-10-20
1154,1666310400000,0.3058128702141939,153512047.80314973,2022-10-21
1155,1666396800000,0.3086153994034043,154830054.80384186,2022-10-22
1156,1666483200000,0.3116767224055074,156201977.14276743,2022-10-23
1157,1666569600000,0.31807255036731213,159474052.4708493,2022-10-24
1158,1666656000000,0.30852568175692846,154696474.3218537,2022-10-25
1159,1666742400000,0.32162074293816795,161313771.376616,2022-10-26
1160,1666828800000,0.32643789798146566,163486021.81907785,2022-10-27
1161,1666915200000,0.3227858682310495,162606237.93881702,2022-10-28
1162,1667001600000,0.3309540369501768,166205373.2333539,2022-10-29
1163,1667088000000,0.33552652380681786,168369888.55140442,2022-10-30
1164,1667174400000,0.3278426978345251,164712213.53251106,2022-10-31
1165,1667260800000,0.32903507099279283,165449252.1818461,2022-11-01
1166,1667347200000,0.3281676488601516,164967505.10499004,2022-11-02
1167,1667433600000,0.3141801812897293,158101662.31222534,2022-11-03
1168,1667520000000,0.3232790552905207,162340615.9714681,2022-11-04
1169,1667606400000,0.342489397121047,172326145.3370887,2022-11-05
1170,1667692800000,0.34523941624817794,173790864.36944842,2022-11-06
1171,1667779200000,0.3260406841787146,164601323.748971,2022-11-07
1172,1667865600000,0.3197270901694038,160808229.0693127,2022-11-08
1173,1667952000000,0.25783557127256307,130141840.2812075,2022-11-09
1174,1668038400000,0.20652106416943888,104110645.45354909,2022-11-10
1175,1668124800000,0.2441503838989329,123021110.62638545,2022-11-11
1176,1668211200000,0.23114715648549114,116281685.82152584,2022-11-12
1177,1668297600000,0.2205801492041868,111102811.45346403,2022-11-13
1178,1668384000000,0.24598618328302183,122590172.58008151,2022-11-14
1179,1668470400000,0.2859050466094203,144198736.10483727,2022-11-15
1180,1668556800000,0.2638851203327337,133439089.85144731,2022-11-16
1181,1668643200000,0.25230271626502093,127269586.67955911,2022-11-17
1182,1668729600000,0.24322206346836867,122757960.62364207,2022-11-18
1183,1668816000000,0.2405740602584941,121427047.46903236,2022-11-19
1184,1668902400000,0.23887524892730902,120830777.02612671,2022-11-20
