,Time,open,mktcap,Date
0,1630281600000,1.0596818698277353,0.0,2021-08-30
1,1630368000000,1.0596818698277353,0.0,2021-08-31
2,1630454400000,0.9066508737880867,0.0,2021-09-01
3,1630540800000,0.8624867755816622,0.0,2021-09-02
4,1630627200000,0.8532999840436727,0.0,2021-09-03
5,1630713600000,0.6265350147500471,0.0,2021-09-04
6,1630800000000,0.5885373412730021,0.0,2021-09-05
7,1630886400000,0.6413085335424682,0.0,2021-09-06
8,1630972800000,0.6442147017659875,0.0,2021-09-07
9,1631059200000,0.5441674487885585,0.0,2021-09-08
10,1631145600000,0.514786301586805,0.0,2021-09-09
11,1631232000000,0.5546340344985035,0.0,2021-09-10
12,1631318400000,0.5461095541387949,0.0,2021-09-11
13,1631404800000,0.5663194689280767,0.0,2021-09-12
14,1631491200000,0.6214588882019878,0.0,2021-09-13
15,1631577600000,0.6126567249660739,0.0,2021-09-14
16,1631664000000,0.8217055968501485,0.0,2021-09-15
17,1631750400000,0.926590073252884,0.0,2021-09-16
18,1631836800000,0.7901932866594322,0.0,2021-09-17
19,1631923200000,0.6815852494079356,0.0,2021-09-18
20,1632009600000,0.6494095781588543,0.0,2021-09-19
21,1632096000000,0.6716500532921403,0.0,2021-09-20
22,1632182400000,0.4776640546168622,0.0,2021-09-21
23,1632268800000,0.42453175551181077,0.0,2021-09-22
24,1632355200000,0.6441701344411763,0.0,2021-09-23
25,1632441600000,0.9101797125958115,0.0,2021-09-24
26,1632528000000,2.081457894118532,0.0,2021-09-25
27,1632614400000,2.1400489682214454,0.0,2021-09-26
28,1632700800000,2.102614247447373,0.0,2021-09-27
29,1632787200000,1.5394004157441412,0.0,2021-09-28
30,1632873600000,1.4329508437693452,0.0,2021-09-29
31,1632960000000,1.3267795691546533,0.0,2021-09-30
32,1633046400000,1.6039955253720615,0.0,2021-10-01
33,1633132800000,1.5294819645557547,0.0,2021-10-02
34,1633219200000,1.6376852189567865,0.0,2021-10-03
35,1633305600000,1.5281938945195912,0.0,2021-10-04
36,1633392000000,2.204866360694279,0.0,2021-10-05
37,1633478400000,2.5034383633508557,0.0,2021-10-06
38,1633564800000,2.9573683986749377,0.0,2021-10-07
39,1633651200000,2.8941268252310266,0.0,2021-10-08
40,1633737600000,3.46495265741547,0.0,2021-10-09
41,1633824000000,3.998094168446538,0.0,2021-10-10
42,1633910400000,2.8707317965423207,0.0,2021-10-11
43,1633996800000,2.954081992756457,0.0,2021-10-12
44,1634083200000,2.9022809972770705,210473614.39680085,2021-10-13
45,1634169600000,3.086624171952643,251523601.24267143,2021-10-14
46,1634256000000,3.007284432071409,475230980.92340416,2021-10-15
47,1634342400000,2.7476335439135138,432703506.8380418,2021-10-16
48,1634428800000,2.479212912460994,395028725.4611107,2021-10-17
49,1634515200000,2.7365958938340285,430388854.94473964,2021-10-18
50,1634601600000,3.051709833409128,488793907.6644971,2021-10-19
51,1634688000000,3.4121810546267057,538936792.670462,2021-10-20
52,1634774400000,3.491656784360749,549895935.8093573,2021-10-21
53,1634860800000,3.2292716719602,511242659.66140836,2021-10-22
54,1634947200000,4.603546824758121,727488967.9303688,2021-10-23
55,1635033600000,4.776270994480769,754777940.4090637,2021-10-24
56,1635120000000,4.513694333045904,722346735.2888236,2021-10-25
57,1635206400000,4.235416558511472,683017288.2530385,2021-10-26
58,1635292800000,4.016232804307161,647323085.2764684,2021-10-27
59,1635379200000,3.7039623200788423,606115407.4370927,2021-10-28
60,1635465600000,3.4818398373209845,562047808.7052648,2021-10-29
61,1635552000000,3.5144062937968172,567290034.5667613,2021-10-30
62,1635638400000,3.0996704071504824,499223204.0604324,2021-10-31
63,1635724800000,3.248723175272455,524787124.76904666,2021-11-01
64,1635811200000,3.6059481835804146,562683034.0356613,2021-11-02
65,1635897600000,3.707436477174973,596153968.8778318,2021-11-03
66,1635984000000,3.4931344469868675,563942229.4157821,2021-11-04
67,1636070400000,3.6836239110856583,594182300.0607312,2021-11-05
68,1636156800000,3.2483790670100725,524115362.48665446,2021-11-06
69,1636243200000,3.034828564717121,506475690.0940241,2021-11-07
70,1636329600000,2.9235603458976778,471429361.8493201,2021-11-08
71,1636416000000,3.0388291706223507,491293872.82771933,2021-11-09
72,1636502400000,2.8564519378534587,462494839.1526813,2021-11-10
73,1636588800000,2.4853739305461877,397691038.4689818,2021-11-11
74,1636675200000,2.8545257533856963,461519922.6796852,2021-11-12
75,1636761600000,3.285198233458339,530814563.7338787,2021-11-13
76,1636848000000,3.4298515649474397,554188092.6216416,2021-11-14
77,1636934400000,2.8912723158804656,466863528.20413923,2021-11-15
78,1637020800000,2.8276504112095013,457200011.7936489,2021-11-16
79,1637107200000,2.6926683133543334,437900634.2500307,2021-11-17
80,1637193600000,2.640392519478218,423205767.9779088,2021-11-18
81,1637280000000,2.371021709699801,383505444.99810076,2021-11-19
82,1637366400000,2.9086653935199065,460757680.7415077,2021-11-20
83,1637452800000,3.1445032511643665,508390688.92891324,2021-11-21
84,1637539200000,2.8222699070912745,458861730.4845725,2021-11-22
85,1637625600000,2.473896926604253,399121977.6885521,2021-11-23
86,1637712000000,2.4763573730051287,422720305.08545107,2021-11-24
87,1637798400000,2.117513768511523,376349548.9424664,2021-11-25
88,1637884800000,2.177788597500888,353718865.0617846,2021-11-26
89,1637971200000,1.8731006741638467,303445641.49254966,2021-11-27
90,1638057600000,1.8434798268890984,298615493.9768915,2021-11-28
91,1638144000000,1.991785326270645,323009286.0412425,2021-11-29
92,1638230400000,2.607561289707212,421134105.038781,2021-11-30
93,1638316800000,2.357101147606679,382594952.9281207,2021-12-01
94,1638403200000,2.2602227415637666,381723737.6624499,2021-12-02
95,1638489600000,2.1102955744004674,356470287.4448941,2021-12-03
96,1638576000000,1.9827003424613219,333915202.6126171,2021-12-04
97,1638662400000,1.8367548026513325,310274423.19189066,2021-12-05
98,1638748800000,1.8928652267423063,320225481.0465545,2021-12-06
99,1638835200000,1.9287331210975818,323892054.51804096,2021-12-07
100,1638921600000,2.002372702348012,338403236.418273,2021-12-08
101,1639008000000,2.0370016343636754,344928974.5265706,2021-12-09
102,1639094400000,1.8687335987528755,319611856.1725242,2021-12-10
103,1639180800000,1.8118473185229713,307191190.60789394,2021-12-11
104,1639267200000,1.6777879378212492,284266551.17465127,2021-12-12
105,1639353600000,1.8244427293935248,308968248.90913373,2021-12-13
106,1639440000000,1.7395534628014309,295412179.90094024,2021-12-14
107,1639526400000,1.682499394054567,284818673.1207289,2021-12-15
108,1639612800000,1.7966196835126533,304158846.922003,2021-12-16
109,1639699200000,1.747707857677212,295874909.15080875,2021-12-17
110,1639785600000,1.7041743450218199,288514630.7285001,2021-12-18
111,1639872000000,1.6929548923880415,287322010.8607794,2021-12-19
112,1639958400000,1.61642118234947,275400960.9008786,2021-12-20
113,1640044800000,1.5617298911838104,265810848.69171724,2021-12-21
114,1640131200000,2.1448064069056443,363742518.6708115,2021-12-22
115,1640217600000,2.0268119073746163,346834964.99206406,2021-12-23
116,1640304000000,2.588888518383235,438088077.3628653,2021-12-24
117,1640390400000,2.7178114181302675,460196571.2309499,2021-12-25
118,1640476800000,2.5479125733066352,432183132.8615162,2021-12-26
119,1640563200000,2.501884730521444,422661663.1772612,2021-12-27
120,1640649600000,2.9730087557264993,504129812.8408974,2021-12-28
121,1640736000000,2.4987652840236008,424224139.42886156,2021-12-29
122,1640822400000,2.6260538620147256,443215434.70473415,2021-12-30
123,1640908800000,2.5988780841335077,440002172.16996723,2021-12-31
124,1640995200000,2.8593936889367972,484626064.3646462,2022-01-01
125,1641081600000,3.211877252598055,541790079.3176621,2022-01-02
126,1641168000000,3.420188647276605,578253115.3018643,2022-01-03
127,1641254400000,3.4682983187361627,586092357.2795056,2022-01-04
128,1641340800000,3.576568622115798,601732299.0448117,2022-01-05
129,1641427200000,3.2853533500639696,545394496.3364416,2022-01-06
130,1641513600000,2.881714559370678,489682732.76410156,2022-01-07
131,1641600000000,2.8675115252040593,485631169.8012812,2022-01-08
132,1641686400000,2.6562929684725702,451196984.4957042,2022-01-09
133,1641772800000,2.6484338098170266,449054627.1000896,2022-01-10
134,1641859200000,2.4457421920990075,414334682.78215396,2022-01-11
135,1641945600000,2.6559889165077597,450398622.55301505,2022-01-12
136,1642032000000,2.72536661292258,461776865.1423514,2022-01-13
137,1642118400000,2.9792665349384957,505819989.66797894,2022-01-14
138,1642204800000,3.0769393608538187,520853508.9232698,2022-01-15
139,1642291200000,3.4287967801641064,582671667.6925744,2022-01-16
140,1642377600000,3.810065767033999,646310948.7349598,2022-01-17
141,1642464000000,3.624755068277158,613098122.4981045,2022-01-18
142,1642550400000,3.3553860309816907,568573740.3838007,2022-01-19
143,1642636800000,3.104804214862632,528177917.88124585,2022-01-20
144,1642723200000,2.910053233064639,499275954.4350735,2022-01-21
145,1642809600000,2.1538566039782716,365882268.247304,2022-01-22
146,1642896000000,2.0027240559453867,350725028.28798574,2022-01-23
147,1642982400000,2.3546077138030888,411986768.145949,2022-01-24
148,1643068800000,2.051757820391999,380759241.3225026,2022-01-25
149,1643155200000,2.2488021777511658,393089328.7995856,2022-01-26
150,1643241600000,2.171898949349031,381546073.57036465,2022-01-27
151,1643328000000,2.0091815039871657,351061954.27047986,2022-01-28
152,1643414400000,2.1145933249354734,369581547.7250154,2022-01-29
153,1643500800000,2.3079554996149727,402851991.94977254,2022-01-30
154,1643587200000,2.2210492380686118,388064451.07379407,2022-01-31
155,1643673600000,2.6199898822087544,456144306.078138,2022-02-01
156,1643760000000,2.9289628335853055,513383021.1349145,2022-02-02
157,1643846400000,2.579925743458373,451973265.0850311,2022-02-03
158,1643932800000,2.4794042675110632,433659235.3712482,2022-02-04
159,1644019200000,3.3130932024332354,574456461.2042629,2022-02-05
160,1644105600000,3.083934652499894,542420923.585791,2022-02-06
161,1644192000000,3.0933568555432482,540860082.015509,2022-02-07
162,1644278400000,3.139843484492799,551944483.5345318,2022-02-08
163,1644364800000,2.992762988949815,526007153.9113312,2022-02-09
164,1644451200000,3.158376327042079,555714413.9652668,2022-02-10
165,1644537600000,2.75642745163477,484828950.3460776,2022-02-11
166,1644624000000,2.526357575258001,444432857.5524553,2022-02-12
167,1644710400000,2.477152964216242,434971028.18331236,2022-02-13
168,1644796800000,2.470646922709636,434244678.9573869,2022-02-14
169,1644883200000,2.5411028439289445,446498025.8240056,2022-02-15
170,1644969600000,2.976877479009267,523547255.2933412,2022-02-16
171,1645056000000,2.802271539010212,494121878.1454005,2022-02-17
172,1645142400000,2.604089641459035,458125550.2435756,2022-02-18
173,1645228800000,2.583139537061268,446496520.4319088,2022-02-19
174,1645315200000,2.3205940709526893,405137702.0972182,2022-02-20
175,1645401600000,2.2334129725809264,392673296.59472024,2022-02-21
176,1645488000000,2.1353877843683,375530221.9956549,2022-02-22
177,1645574400000,2.1680412810366088,380769236.6019029,2022-02-23
178,1645660800000,2.247185864146787,395084747.03813577,2022-02-24
179,1645747200000,2.3071659056271376,396338307.8086665,2022-02-25
180,1645833600000,2.7341094612968835,479629749.66206217,2022-02-26
181,1645920000000,2.6626834090348557,467723147.533755,2022-02-27
182,1646006400000,2.612211609983686,459008360.80124265,2022-02-28
183,1646092800000,2.7328600191057437,479543021.796491,2022-03-01
184,1646179200000,2.806850564000483,493464429.78322977,2022-03-02
185,1646265600000,2.7770312453814645,492200649.1066731,2022-03-03
186,1646352000000,2.602124192007948,457790964.0936576,2022-03-04
187,1646438400000,2.3052709366536583,405208136.4378112,2022-03-05
188,1646524800000,2.2698736532183648,398593166.4624773,2022-03-06
189,1646611200000,2.064428019988896,363311155.5614196,2022-03-07
190,1646697600000,2.03319042249099,359484981.7098866,2022-03-08
191,1646784000000,2.1741848230617244,381452534.2541627,2022-03-09
192,1646870400000,2.4444648742956656,429887714.56802464,2022-03-10
193,1646956800000,2.3160346550286413,407239113.1950738,2022-03-11
194,1647043200000,2.2590901257975204,397278697.2148288,2022-03-12
195,1647129600000,2.644737207530075,467112974.51368684,2022-03-13
196,1647216000000,2.470413086018466,433420532.86815757,2022-03-14
197,1647302400000,2.467143082029176,433469375.1233666,2022-03-15
198,1647388800000,2.3141611929385975,408670398.87050945,2022-03-16
199,1647475200000,2.2272728817546907,389304126.1209362,2022-03-17
200,1647561600000,2.3523924655504227,414243883.42044514,2022-03-18
201,1647648000000,2.3814533804386366,420634342.0639756,2022-03-19
202,1647734400000,2.3426389491775717,413966467.1234304,2022-03-20
203,1647820800000,2.267045488727787,400612480.27229804,2022-03-21
204,1647907200000,2.26693813719764,406770152.27705556,2022-03-22
205,1647993600000,2.25673884732172,405783907.3842646,2022-03-23
206,1648080000000,2.154450670660867,386733666.9300817,2022-03-24
207,1648166400000,2.0563281046190327,369779657.90914077,2022-03-25
208,1648252800000,2.0717368003038255,372798458.69647425,2022-03-26
209,1648339200000,2.099634587344321,378854574.2276768,2022-03-27
210,1648425600000,2.1033091062780143,378328192.1255209,2022-03-28
211,1648512000000,2.131890395815336,382652949.979807,2022-03-29
212,1648598400000,2.643767646380801,476108263.15876436,2022-03-30
213,1648684800000,2.6664677904980114,480144331.8588301,2022-03-31
214,1648771200000,2.971473757817291,532841143.13917077,2022-04-01
215,1648857600000,3.4861391007315725,630101467.7226486,2022-04-02
216,1648944000000,3.586226667586731,654338012.2268355,2022-04-03
217,1649030400000,3.346334938046125,603006226.6514482,2022-04-04
218,1649116800000,3.1861001468556926,580932291.2259259,2022-04-05
219,1649203200000,3.9182812805853184,709772775.014027,2022-04-06
220,1649289600000,3.4331520373051667,625044386.3898345,2022-04-07
221,1649376000000,3.731868116758411,674899533.8485286,2022-04-08
222,1649462400000,2.9723247442029495,538867255.3612409,2022-04-09
223,1649548800000,3.050276061674481,553730938.0369691,2022-04-10
224,1649635200000,3.141796671153892,573657759.9024683,2022-04-11
225,1649721600000,2.5554205591166883,465980188.5147246,2022-04-12
226,1649808000000,2.6889178652254335,486570878.6059592,2022-04-13
227,1649894400000,2.8049439425626512,510815928.25451404,2022-04-14
228,1649980800000,2.77809539173004,502694291.5898662,2022-04-15
229,1650067200000,2.6859560922524537,489068478.90283763,2022-04-16
230,1650153600000,2.791013834921874,509166493.06997603,2022-04-17
231,1650240000000,2.68220224593547,489243809.0618844,2022-04-18
232,1650326400000,2.657001068878881,487712669.8691859,2022-04-19
233,1650412800000,3.3382714435960588,609441236.1126448,2022-04-20
234,1650499200000,3.5306410955823218,643989767.6327299,2022-04-21
235,1650585600000,3.198657087365665,583403411.2278852,2022-04-22
236,1650672000000,2.9850421208729276,544418617.9315279,2022-04-23
237,1650758400000,2.9326056306701074,533155257.9003359,2022-04-24
238,1650844800000,2.817047073366602,514150448.52374494,2022-04-25
239,1650931200000,3.1191156322142404,566623287.7886688,2022-04-26
240,1651017600000,2.9122396994539126,530770243.23265845,2022-04-27
241,1651104000000,2.895209709226878,527523044.2230415,2022-04-28
242,1651190400000,3.0387946549925706,554502153.4174964,2022-04-29
243,1651276800000,2.7691503028585194,505413308.71652514,2022-04-30
244,1651363200000,2.735687951184146,498093896.0193494,2022-05-01
245,1651449600000,2.771360584124399,507207550.1601787,2022-05-02
246,1651536000000,3.0662157085538198,561279565.0415615,2022-05-03
247,1651622400000,2.9549710566279788,544459113.5644939,2022-05-04
248,1651708800000,3.5400434052516667,648225755.519297,2022-05-05
249,1651795200000,3.0681332858348385,562211694.617871,2022-05-06
250,1651881600000,3.3250930058634145,615371693.5227482,2022-05-07
251,1651968000000,3.110936347003749,574569912.9944631,2022-05-08
252,1652054400000,3.10681658726841,572860504.2303292,2022-05-09
253,1652140800000,2.543439373557313,473548236.2835744,2022-05-10
254,1652227200000,2.6874212571770073,491422806.4713948,2022-05-11
255,1652313600000,2.029218372193571,379148483.01785886,2022-05-12
256,1652400000000,1.6371056246127995,304431423.8330825,2022-05-13
257,1652486400000,1.7188117769881535,317777875.3589368,2022-05-14
258,1652572800000,1.4099151992184573,259834941.92922726,2022-05-15
259,1652659200000,1.6519140337276494,303971169.74878705,2022-05-16
260,1652745600000,1.4884223081341401,274433161.5807765,2022-05-17
261,1652832000000,1.5307788716916089,280330167.02469546,2022-05-18
262,1652918400000,1.3392749751115758,246849031.42584538,2022-05-19
263,1653004800000,1.350249829368642,248956568.53095266,2022-05-20
264,1653091200000,1.2077492717089837,222384611.8881719,2022-05-21
265,1653177600000,1.1416531862646841,210605281.49207595,2022-05-22
266,1653264000000,1.1083982032636466,206822104.25785735,2022-05-23
267,1653350400000,1.2222415034663603,225451023.23060626,2022-05-24
268,1653436800000,1.2286213842552745,226856592.6483617,2022-05-25
269,1653523200000,1.309713155113817,241370933.27327737,2022-05-26
270,1653609600000,1.3054295033856627,241498734.90762055,2022-05-27
271,1653696000000,1.2732490213282766,234874965.99912778,2022-05-28
272,1653782400000,1.2861137504191649,236562047.8002402,2022-05-29
273,1653868800000,1.285163145258356,237233477.5513633,2022-05-30
274,1653955200000,1.404572153072708,258746059.10609293,2022-05-31
275,1654041600000,1.3422447693520885,247795949.3051502,2022-06-01
276,1654128000000,1.29574191157448,239883986.30252093,2022-06-02
277,1654214400000,1.2672382082012812,234316020.44381103,2022-06-03
278,1654300800000,1.1754720974615602,217275585.4417448,2022-06-04
279,1654387200000,1.1525216845272785,212721504.12546778,2022-06-05
280,1654473600000,1.1266715852042657,208612798.20013252,2022-06-06
281,1654560000000,1.083089670594813,200344011.13130575,2022-06-07
282,1654646400000,0.9175913223530157,169779980.51380098,2022-06-08
283,1654732800000,0.9854189582252814,182277537.64142403,2022-06-09
284,1654819200000,0.9847519945344049,182434716.44180372,2022-06-10
285,1654905600000,0.8828284950016371,163415931.0860726,2022-06-11
286,1654992000000,0.7431118080034893,137574853.4463055,2022-06-12
287,1655078400000,0.6593901968472299,122824960.07823843,2022-06-13
288,1655164800000,0.5539633282174556,102663789.6160012,2022-06-14
289,1655251200000,0.6238019596755169,115756137.26834106,2022-06-15
290,1655337600000,0.6023602642091489,111286811.64318284,2022-06-16
291,1655424000000,0.5322905641796951,98183120.99330671,2022-06-17
292,1655510400000,0.6805541331582426,126422608.76556884,2022-06-18
293,1655596800000,0.6261044391426591,116528540.76893196,2022-06-19
294,1655683200000,0.6586889005152633,122366322.34828722,2022-06-20
295,1655769600000,0.7218048762836293,133587346.07655235,2022-06-21
296,1655856000000,0.6827033694132673,131053579.21049917,2022-06-22
297,1655942400000,0.5852654728225904,108541554.1070762,2022-06-23
298,1656028800000,0.6407244299585934,118798368.21802084,2022-06-24
299,1656115200000,0.638733574384987,118574788.94576095,2022-06-25
300,1656201600000,0.6645252927264338,123015031.10145545,2022-06-26
301,1656288000000,0.8055702140551468,146079196.61695194,2022-06-27
302,1656374400000,0.7586803842652999,140976196.38751414,2022-06-28
303,1656460800000,0.7998278085258677,148199550.7043513,2022-06-29
304,1656547200000,0.663700894192927,122994833.11251083,2022-06-30
305,1656633600000,0.5727260627151685,104910314.3522431,2022-07-01
306,1656720000000,0.5433750490779212,100695096.44571811,2022-07-02
307,1656806400000,0.597808427691109,110525209.96157715,2022-07-03
308,1656892800000,0.586463187942986,108582805.58985679,2022-07-04
309,1656979200000,0.6690626045323433,124162966.08374962,2022-07-05
310,1657065600000,0.6625896625852667,123461353.61431076,2022-07-06
311,1657152000000,0.7523033803798976,139820679.80710816,2022-07-07
312,1657238400000,0.8973610416180844,167046496.79249886,2022-07-08
313,1657324800000,0.8987477074523759,166786533.17983225,2022-07-09
314,1657411200000,0.8976497851280975,166919506.6652666,2022-07-10
315,1657497600000,0.8796866110343324,163757304.28564644,2022-07-11
316,1657584000000,0.7705667949796047,143242300.2400325,2022-07-12
317,1657670400000,0.8097477193294867,149785430.6811743,2022-07-13
318,1657756800000,1.048735033570901,195138884.73184103,2022-07-14
319,1657843200000,1.0535889563832674,194066094.48753166,2022-07-15
320,1657929600000,1.1277202668829822,209593900.59827793,2022-07-16
321,1658016000000,1.1714470865485525,217570981.2629294,2022-07-17
322,1658102400000,1.108878256621528,207245293.9110543,2022-07-18
323,1658188800000,1.1857814790667724,219068556.28420174,2022-07-19
324,1658275200000,1.2214406779901932,227072447.7225561,2022-07-20
325,1658361600000,1.1685110991110046,218134628.9537473,2022-07-21
326,1658448000000,1.1106525680580916,205945882.42802304,2022-07-22
327,1658534400000,1.1302023610944478,211164725.10689288,2022-07-23
328,1658620800000,1.107450879041634,205679713.4615718,2022-07-24
329,1658707200000,1.1404647046471819,212392076.08868113,2022-07-25
330,1658793600000,1.0328816723802186,195672239.9447605,2022-07-26
331,1658880000000,0.9982837340579365,185456813.8797519,2022-07-27
332,1658966400000,1.2679220340434776,233359761.3848507,2022-07-28
333,1659052800000,1.68325789255111,313642132.4830217,2022-07-29
334,1659139200000,1.6206431759163484,304739152.5524375,2022-07-30
335,1659225600000,1.590177816892417,296073039.4278811,2022-07-31
336,1659312000000,1.4132508292846033,265457604.0650037,2022-08-01
337,1659398400000,1.3240514707609339,246835414.2542985,2022-08-02
338,1659484800000,1.1429811519775466,213429452.23562822,2022-08-03
339,1659571200000,1.2990530482437614,242477309.2773034,2022-08-04
340,1659657600000,1.3623242961753874,254292769.21198666,2022-08-05
341,1659744000000,1.399180656932408,260253126.40367043,2022-08-06
342,1659830400000,1.3457382113437806,251633998.19286102,2022-08-07
343,1659916800000,1.418338867611916,265360174.31446317,2022-08-08
344,1660003200000,1.4515513410849676,270665926.73405045,2022-08-09
345,1660089600000,1.3202571057584345,246575973.853749,2022-08-10
346,1660176000000,1.4827730351673052,274232544.9282133,2022-08-11
347,1660262400000,1.5068358819414733,281628274.38968205,2022-08-12
348,1660348800000,1.6567596626687078,310260473.7573127,2022-08-13
349,1660435200000,1.624907294337852,303444506.0918969,2022-08-14
350,1660521600000,1.5817617203219436,295764753.8185095,2022-08-15
351,1660608000000,1.5162910965777807,283184500.3865673,2022-08-16
352,1660694400000,1.4753078562910502,275306961.39332193,2022-08-17
353,1660780800000,1.4814158104639759,277194695.5242934,2022-08-18
354,1660867200000,1.5330012663531216,285953649.6758305,2022-08-19
355,1660953600000,1.3196051628559538,247420957.20944384,2022-08-20
356,1661040000000,1.3269450638142715,248086723.7377996,2022-08-21
357,1661126400000,1.339991294126658,250481799.15118083,2022-08-22
358,1661212800000,1.2195637995447943,229672094.05333132,2022-08-23
359,1661299200000,1.2788212974500697,239627029.88435334,2022-08-24
360,1661385600000,1.2870203068704207,241125280.20295703,2022-08-25
361,1661472000000,1.3648188349499408,255596738.25453162,2022-08-26
362,1661558400000,1.2120711785352183,226443221.63956892,2022-08-27
363,1661644800000,1.19243620611642,223519977.76722935,2022-08-28
364,1661731200000,1.1324331288807452,212047937.4718535,2022-08-29
365,1661817600000,1.2969444439033146,243530506.71009356,2022-08-30
366,1661904000000,1.242976134242538,232582554.96522036,2022-08-31
367,1661990400000,1.2317368197123761,230759356.0033019,2022-09-01
368,1662076800000,1.2887033126002019,241211253.29940313,2022-09-02
369,1662163200000,1.2842799875348123,240900478.76841122,2022-09-03
370,1662249600000,1.2655719393621032,237585616.38349584,2022-09-04
371,1662336000000,1.284917996055412,241039933.0967005,2022-09-05
372,1662422400000,1.626944663079416,304575366.93307585,2022-09-06
373,1662508800000,1.4423545292987003,270733203.60156363,2022-09-07
374,1662595200000,1.514039655750318,284810702.9211662,2022-09-08
375,1662681600000,1.6353916765606489,306664142.37406456,2022-09-09
376,1662768000000,1.7668093573477004,330757293.7505755,2022-09-10
377,1662854400000,1.889772564504921,354019692.3461688,2022-09-11
378,1662940800000,1.9120453108809,359268504.74872553,2022-09-12
379,1663027200000,1.8164898282415172,340008892.9271293,2022-09-13
380,1663113600000,1.550629270934721,290536675.6735768,2022-09-14
381,1663200000000,1.4919602929826086,279636010.93834454,2022-09-15
382,1663286400000,1.405622419032626,263667768.91378966,2022-09-16
383,1663372800000,1.428895724286034,268333467.21787944,2022-09-17
384,1663459200000,1.512826876487754,284756503.69370097,2022-09-18
385,1663545600000,1.3103681303203236,247419632.93988746,2022-09-19
386,1663632000000,1.4589550708130743,275266696.8132823,2022-09-20
387,1663718400000,1.2111481139337004,227908910.5582652,2022-09-21
388,1663804800000,1.1983659342369823,224257374.7851208,2022-09-22
389,1663891200000,1.3364661226174124,250675315.580948,2022-09-23
390,1663977600000,1.386202917167892,260911793.02918392,2022-09-24
391,1664064000000,1.3147781186647196,246822798.81557238,2022-09-25
392,1664150400000,1.3555037244624057,255414663.4028662,2022-09-26
393,1664236800000,1.3192767966401568,248786573.70253313,2022-09-27
394,1664323200000,1.3179569819098498,247456453.5165188,2022-09-28
395,1664409600000,1.3631176390679125,256567998.6428684,2022-09-29
396,1664496000000,1.3760118799778285,257535689.1798835,2022-09-30
397,1664582400000,1.3179554910920654,247561445.4594127,2022-10-01
398,1664668800000,1.285663878165922,241620188.77686405,2022-10-02
399,1664755200000,1.176556129742378,221264512.7439285,2022-10-03
400,1664841600000,1.2471734016309537,233827718.33827123,2022-10-04
401,1664928000000,1.279316861255549,240462078.2032463,2022-10-05
402,1665014400000,1.2841352355595321,242004473.93130493,2022-10-06
403,1665100800000,1.2501567959652886,236106278.19003907,2022-10-07
404,1665187200000,1.2235141149906468,230871997.33928418,2022-10-08
405,1665273600000,1.178449806012769,221755651.00112218,2022-10-09
406,1665360000000,1.19501171472834,224378922.68444207,2022-10-10
407,1665446400000,1.1117728969264649,209590167.50657663,2022-10-11
408,1665532800000,1.0884629524314196,204625377.20208544,2022-10-12
409,1665619200000,1.021676271618642,192792870.86641797,2022-10-13
410,1665705600000,0.9658557555657695,182257908.81390238,2022-10-14
411,1665792000000,0.9709746695121213,183389867.1933668,2022-10-15
412,1665878400000,0.9786531235353034,185553607.23260596,2022-10-16
413,1665964800000,0.9821971073575938,185744624.51125485,2022-10-17
414,1666051200000,1.170343991892742,220308152.35168728,2022-10-18
415,1666137600000,1.1120849170648597,209895208.07952857,2022-10-19
416,1666224000000,1.0661020585163412,201414015.21020147,2022-10-20
417,1666310400000,1.031840492068151,195312108.98328888,2022-10-21
418,1666396800000,1.0172647531475938,192284449.27555785,2022-10-22
419,1666483200000,1.0480550426296775,198186233.7700898,2022-10-23
420,1666569600000,1.1147201778515528,210152951.8327536,2022-10-24
421,1666656000000,1.0975626170525496,207286189.2712613,2022-10-25
422,1666742400000,1.1397768668876893,215756855.8480875,2022-10-26
423,1666828800000,1.1722164458813051,222317802.43575633,2022-10-27
424,1666915200000,1.0666255069576265,201665686.57349128,2022-10-28
425,1667001600000,1.0941790488526013,206408767.5797133,2022-10-29
426,1667088000000,1.0795974354821742,204131822.36704278,2022-10-30
427,1667174400000,1.0777329687042372,203754385.0413874,2022-10-31
428,1667260800000,1.0013855076005362,189393209.59857908,2022-11-01
429,1667347200000,0.9544470729306379,180879580.3747499,2022-11-02
430,1667433600000,0.9285575994584319,176026825.4679599,2022-11-03
431,1667520000000,0.9417105441204328,178123047.95976067,2022-11-04
432,1667606400000,1.0217027526695421,193793612.4987921,2022-11-05
433,1667692800000,0.9881697586573351,188975455.84348032,2022-11-06
434,1667779200000,0.9918293496069254,187793724.88036507,2022-11-07
435,1667865600000,0.9687911096604432,183605536.96875554,2022-11-08
436,1667952000000,0.7548685376903063,142659028.78059345,2022-11-09
437,1668038400000,0.5358069116644175,101883820.97388023,2022-11-10
438,1668124800000,0.6648559272281952,125930374.35902123,2022-11-11
439,1668211200000,0.6299370827722629,119560426.2704312,2022-11-12
440,1668297600000,0.6087924449836423,114985910.94760926,2022-11-13
441,1668384000000,0.6024292114678116,114013506.61080943,2022-11-14
442,1668470400000,0.6212837284049177,117778998.63690738,2022-11-15
443,1668556800000,0.6982221809614446,132489584.15753359,2022-11-16
444,1668643200000,0.6847310436593014,129942514.82277751,2022-11-17
445,1668729600000,0.6283398773664987,119335645.87241453,2022-11-18
446,1668816000000,0.6377236262581575,121250417.53874223,2022-11-19
447,1668902400000,0.6615289142943143,125545401.62664728,2022-11-20
