,Time,open,mktcap,Date
0,1664330521848,0.024966281138487874,0.0,2022-09-28
1,1664334046942,0.02473746912032867,0.0,2022-09-28
2,1664337629882,0.024074459704006856,0.0,2022-09-28
3,1664341381987,0.02437178022871928,0.0,2022-09-28
4,1664344873647,0.024204818026736036,0.0,2022-09-28
5,1664348517184,0.02401564518566078,0.0,2022-09-28
6,1664352070042,0.02182609723066261,0.0,2022-09-28
7,1664355640175,0.022855092046489892,0.0,2022-09-28
8,1664359270474,0.023107821702963428,0.0,2022-09-28
9,1664362963294,0.02376423336144082,0.0,2022-09-28
10,1664366442519,0.023379597233188505,0.0,2022-09-28
11,1664370178884,0.02358246303410156,0.0,2022-09-28
12,1664373653318,0.02399606258810845,0.0,2022-09-28
13,1664377392354,0.023349054145764027,0.0,2022-09-28
14,1664380896721,0.02353821010279488,0.0,2022-09-28
15,1664384441045,0.023882810660593945,0.0,2022-09-28
16,1664388031608,0.02363457701928642,0.0,2022-09-28
17,1664391735374,0.024181213930889112,0.0,2022-09-28
18,1664395235557,0.023914475584612398,0.0,2022-09-28
19,1664398912270,0.02336482401477447,0.0,2022-09-28
20,1664402426760,0.022834786440146578,0.0,2022-09-29
21,1664406141932,0.022152285674374717,0.0,2022-09-29
22,1664409757538,0.022220288975488348,0.0,2022-09-29
23,1664413492826,0.022487143676171394,0.0,2022-09-29
24,1664416831086,0.02146438130366386,0.0,2022-09-29
25,1664420574542,0.021604476617032693,0.0,2022-09-29
26,1664424179200,0.021785619299137818,0.0,2022-09-29
27,1664427652215,0.02253352093407003,0.0,2022-09-29
28,1664431292533,0.022659315789869378,0.0,2022-09-29
29,1664434909315,0.022310462125337726,0.0,2022-09-29
30,1664438612763,0.02222230141412563,0.0,2022-09-29
31,1664442217991,0.022087573950386293,0.0,2022-09-29
32,1664445807176,0.022170719816743935,0.0,2022-09-29
33,1664449232666,0.022101398417855883,0.0,2022-09-29
34,1664452948410,0.022128870611838495,0.0,2022-09-29
35,1664453375081,0.021713684059179793,0.0,2022-09-29
36,1664453862225,0.02181665538295976,0.0,2022-09-29
37,1664456519109,0.021934135928959615,0.0,2022-09-29
38,1664460071552,0.0215172166558171,0.0,2022-09-29
39,1664463685647,0.021160554967479928,0.0,2022-09-29
40,1664467268914,0.02160120674053228,0.0,2022-09-29
41,1664470850977,0.021417029815717744,0.0,2022-09-29
42,1664474492129,0.02139302087659685,0.0,2022-09-29
43,1664478051267,0.02131671783632562,0.0,2022-09-29
44,1664481657251,0.021010166746214004,0.0,2022-09-29
45,1664485473336,0.020825649558071375,0.0,2022-09-29
46,1664488902673,0.02074285393588793,0.0,2022-09-30
47,1664492531293,0.020721326956808537,0.0,2022-09-30
48,1664496108870,0.020375784353725737,0.0,2022-09-30
49,1664499712985,0.020421337774580727,0.0,2022-09-30
50,1664503279985,0.020341393815194647,0.0,2022-09-30
51,1664506887740,0.01946450368475241,0.0,2022-09-30
52,1664510439835,0.019477485193069587,0.0,2022-09-30
53,1664514165701,0.019841680685736794,0.0,2022-09-30
54,1664517734298,0.01989820544781538,0.0,2022-09-30
55,1664521314478,0.0215260178543869,0.0,2022-09-30
56,1664524853291,0.021443189199976422,0.0,2022-09-30
57,1664528466594,0.022058848883377544,0.0,2022-09-30
58,1664532055725,0.02277209134988496,0.0,2022-09-30
59,1664535790585,0.024188974720713623,0.0,2022-09-30
60,1664539235597,0.02338683485808363,0.0,2022-09-30
61,1664542807423,0.023310493528612416,0.0,2022-09-30
62,1664546477953,0.023636392665318976,0.0,2022-09-30
63,1664550038216,0.02387006945824012,0.0,2022-09-30
64,1664553703703,0.02402376384598635,0.0,2022-09-30
65,1664557301948,0.02446147057301737,0.0,2022-09-30
66,1664560970517,0.02470861271105758,0.0,2022-09-30
67,1664564510564,0.025367849560218557,0.0,2022-09-30
68,1664568072634,0.026753373485280913,0.0,2022-09-30
69,1664571672290,0.0277384875018947,0.0,2022-09-30
70,1664575324177,0.026822749926646676,0.0,2022-10-01
71,1664578945813,0.02676390642847277,0.0,2022-10-01
72,1664582542424,0.025286472024372026,0.0,2022-10-01
73,1664586051867,0.025676911479566487,0.0,2022-10-01
74,1664589668749,0.02562536200820185,0.0,2022-10-01
75,1664593272925,0.02723721449351453,0.0,2022-10-01
76,1664596865150,0.02870036742094174,0.0,2022-10-01
77,1664600497850,0.02964794463170698,0.0,2022-10-01
78,1664604152754,0.02945426650392159,0.0,2022-10-01
79,1664607712641,0.029179768976120214,0.0,2022-10-01
80,1664611288087,0.029909108268501513,0.0,2022-10-01
81,1664615153092,0.034338825471222884,0.0,2022-10-01
82,1664618420421,0.03860113017039675,0.0,2022-10-01
83,1664622169063,0.03637659746185921,0.0,2022-10-01
84,1664625676148,0.037334341741855834,0.0,2022-10-01
85,1664629280261,0.03939016873040981,0.0,2022-10-01
86,1664632937990,0.04121574230500814,0.0,2022-10-01
87,1664636510339,0.049599900162658445,0.0,2022-10-01
88,1664640160974,0.047421334552705176,0.0,2022-10-01
89,1664643734295,0.04173770042130074,0.0,2022-10-01
90,1664647341927,0.04614124788963831,0.0,2022-10-01
91,1664651052871,0.04444448928635093,0.0,2022-10-01
92,1664654469943,0.04833441815444958,0.0,2022-10-01
93,1664658040642,0.05099077892435549,0.0,2022-10-01
94,1664661778847,0.05354952029819591,0.0,2022-10-02
95,1664665349316,0.05598461810907431,0.0,2022-10-02
96,1664668896227,0.05842248346582048,0.0,2022-10-02
97,1664672454294,0.063228676283087,0.0,2022-10-02
98,1664676041587,0.06695684474302958,0.0,2022-10-02
99,1664679703082,0.072161923438601,0.0,2022-10-02
100,1664683356221,0.07373819598537132,0.0,2022-10-02
101,1664686926273,0.06540376534414975,0.0,2022-10-02
102,1664690469146,0.07340670339281131,0.0,2022-10-02
103,1664694118489,0.07966844940013684,0.0,2022-10-02
104,1664697740325,0.08377625653332146,0.0,2022-10-02
105,1664701217257,0.08300549689580847,0.0,2022-10-02
106,1664704868657,0.06598226174504145,0.0,2022-10-02
107,1664708460460,0.07146694940249845,0.0,2022-10-02
108,1664712004674,0.07343260930582632,0.0,2022-10-02
109,1664715696112,0.07078829473538457,0.0,2022-10-02
110,1664719349345,0.06533305517307934,0.0,2022-10-02
111,1664722921158,0.06627842455954903,0.0,2022-10-02
112,1664726497103,0.06848932610802431,0.0,2022-10-02
113,1664730042259,0.07510358605571965,0.0,2022-10-02
114,1664733861705,0.07484746059049012,0.0,2022-10-02
115,1664737474109,0.07280442263258019,0.0,2022-10-02
116,1664740898303,0.07328581988116221,0.0,2022-10-02
117,1664744447014,0.07522693651582854,0.0,2022-10-02
118,1664748180061,0.07389639900612882,0.0,2022-10-03
119,1664751659518,0.07192571143391029,0.0,2022-10-03
120,1664755483214,0.0682726989176122,0.0,2022-10-03
121,1664759166978,0.07072601766443083,0.0,2022-10-03
122,1664762519705,0.07101083788826792,0.0,2022-10-03
123,1664766052574,0.06633536312084999,69488785.16301331,2022-10-03
124,1664769725110,0.06946106825320172,72240130.39440517,2022-10-03
125,1664773414229,0.07346709384493702,76903221.14512426,2022-10-03
126,1664776862665,0.07046266946356167,74824417.12795104,2022-10-03
127,1664780427206,0.07224081839652416,75682803.82793656,2022-10-03
128,1664784118717,0.07456538203337083,77822018.07250291,2022-10-03
129,1664787677550,0.0734682758842537,77210169.15004787,2022-10-03
130,1664791369682,0.0738146204952052,78047400.96716124,2022-10-03
131,1664794881963,0.07407311271622347,77267309.92995495,2022-10-03
132,1664798483876,0.08252795959778589,86011781.19706899,2022-10-03
133,1664802166866,0.08214191103705064,86669085.02428494,2022-10-03
134,1664805673531,0.08846015822578636,91286923.07582012,2022-10-03
135,1664809376930,0.08701745902651346,91834010.70262663,2022-10-03
136,1664812945613,0.08572355823841081,91073839.32798664,2022-10-03
137,1664816557426,0.08838527608995586,92363107.62414335,2022-10-03
138,1664820546055,0.08926321991364701,95103003.26323088,2022-10-03
139,1664823679900,0.0925877806845382,97357563.02523863,2022-10-03
140,1664827307968,0.09309368999022771,99531282.5700876,2022-10-03
141,1664830917710,0.09624755953197227,102553281.98411591,2022-10-03
142,1664834506216,0.09899530968627793,102812563.19855312,2022-10-04
143,1664838062000,0.09957476919098626,103682855.99814531,2022-10-04
144,1664841759962,0.11647433315975854,121330577.16151297,2022-10-04
145,1664845308654,0.123323745031839,128177594.65249012,2022-10-04
146,1664848899173,0.13182802370206093,136965541.34460136,2022-10-04
147,1664852481338,0.1552626766575381,157794102.40583292,2022-10-04
148,1664856286220,0.13068838673105634,136455581.0517868,2022-10-04
149,1664859998974,0.14673623383031315,149772409.45159766,2022-10-04
150,1664863727317,0.12512747286364376,131167402.85489896,2022-10-04
151,1664867384032,0.12317298457126849,129117552.8263369,2022-10-04
152,1664871126546,0.13808215040838512,144678508.3042854,2022-10-04
153,1664874614851,0.14220070052894596,149981423.88899115,2022-10-04
154,1664877818278,0.1471258759197284,153409393.2254615,2022-10-04
155,1664881630693,0.1614909798700359,166595620.0045274,2022-10-04
156,1664885331148,0.1727800287072832,170400354.63497505,2022-10-04
157,1664889147275,0.18295405371969214,176755478.46485522,2022-10-04
158,1664892725199,0.18625149683770165,187534191.27756473,2022-10-04
159,1664896597367,0.1940901899093674,200897738.2488943,2022-10-04
160,1664900112201,0.1536507257650599,176101327.2651332,2022-10-04
161,1664907269149,0.17541149743895443,186117223.69498208,2022-10-04
162,1664910456907,0.1861808449978799,193360906.7222084,2022-10-04
163,1664913717810,0.17586122170957322,181236058.8826713,2022-10-04
164,1664917284687,0.16947272466613958,180816098.98309636,2022-10-04
165,1664920852057,0.15809084807373347,164336501.5033609,2022-10-05
166,1664924491982,0.16940406066891636,177490961.27545172,2022-10-05
167,1664928084664,0.1612331496959331,170789975.97649097,2022-10-05
168,1664931686545,0.1648820440266483,168936070.29547557,2022-10-05
169,1664935250769,0.1598602812509603,171339115.59984544,2022-10-05
170,1664938822475,0.15190893365133182,161454612.34020478,2022-10-05
171,1664942506875,0.14294238559460992,151168315.40819174,2022-10-05
172,1664946146057,0.14660437777522475,153737218.84483007,2022-10-05
173,1664949818709,0.14412433460680318,149901675.37789452,2022-10-05
174,1664953463230,0.15175917122302593,160218177.83211333,2022-10-05
175,1664953487358,0.15175917122302593,160218177.83211333,2022-10-05
176,1664957215952,0.15180866490200748,156620654.82699645,2022-10-05
177,1664961328295,0.15392904350722886,158890672.42692706,2022-10-05
178,1664964432635,0.1582369194365006,166161691.4121564,2022-10-05
179,1664967937645,0.18082131950505284,189370388.19566303,2022-10-05
180,1664971613856,0.1595401694813575,159854457.36381704,2022-10-05
181,1664975382307,0.1398757082548919,154947958.47909155,2022-10-05
182,1664978458742,0.13458832431053344,141448615.39245182,2022-10-05
183,1664982248917,0.12130019786778325,126572118.32793559,2022-10-05
184,1664986036059,0.12074940481287284,127039976.59794652,2022-10-05
185,1664989745031,0.11909555755428664,124797777.25375257,2022-10-05
186,1664993477337,0.11253509230069758,118669442.35152486,2022-10-05
187,1664997065134,0.10939038365093662,114878412.63946883,2022-10-05
188,1665000631115,0.08028946667243247,88715842.71507657,2022-10-05
189,1665004166584,0.07511691622869675,80288869.52790265,2022-10-05
190,1665007846398,0.06972541877494888,75119290.41662747,2022-10-06
191,1665011386430,0.07795576790084521,84700421.30355635,2022-10-06
192,1665014873326,0.09361470617812384,98270477.53417763,2022-10-06
193,1665018539094,0.10263591550734892,109061750.48139687,2022-10-06
194,1665022205203,0.08267256658796625,89230093.57388456,2022-10-06
195,1665025560047,0.08658738469776307,91575167.7007436,2022-10-06
196,1665029462384,0.09060811285957779,95334343.81351715,2022-10-06
197,1665032663154,0.09034285346287725,98777452.05425683,2022-10-06
198,1665036607210,0.09321409602201698,97849943.69977392,2022-10-06
199,1665039962644,0.10116343196663086,105215328.34069565,2022-10-06
200,1665043860370,0.1162901717781966,118331752.14119561,2022-10-06
201,1665047296388,0.1058368379960551,111100456.70377997,2022-10-06
202,1665050488051,0.11770242607011372,120885310.56398933,2022-10-06
203,1665054594358,0.11170172637193417,116193842.08263877,2022-10-06
204,1665058276259,0.09426824268084283,98956516.58541399,2022-10-06
205,1665061784195,0.09280114693458387,97360514.04750746,2022-10-06
206,1665064911240,0.08980276808638353,94286249.88087429,2022-10-06
207,1665069082637,0.08956242786881344,93955997.75980906,2022-10-06
208,1665072599564,0.08787872673788806,92480460.75528933,2022-10-06
209,1665076247222,0.08658263045386584,91385665.02923085,2022-10-06
210,1665079862297,0.08028162945818872,82780966.67131504,2022-10-06
211,1665083312143,0.08252914747957502,86542161.60754822,2022-10-06
212,1665087051831,0.09014829292619209,94578502.67067094,2022-10-06
213,1665090495382,0.0844932261167543,88405211.70710438,2022-10-06
214,1665094324214,0.08707244692452318,91938460.51041664,2022-10-07
215,1665097290185,0.08551762495567893,89761245.83856252,2022-10-07
216,1665101481427,0.0844622510004803,88239016.67820258,2022-10-07
217,1665104966457,0.08423329432831339,89143181.43258618,2022-10-07
218,1665108902069,0.084644422910689,90411694.03838828,2022-10-07
219,1665112378483,0.07714120968682849,80977699.15620635,2022-10-07
220,1665115304234,0.07687190447821257,81499257.37368369,2022-10-07
221,1665119473365,0.07160594566962715,74756307.38801807,2022-10-07
222,1665123142040,0.0733735802483267,77022692.94821896,2022-10-07
223,1665126577426,0.0716047123847447,76147635.79294415,2022-10-07
224,1665130067066,0.06544637238122447,69979644.34642631,2022-10-07
225,1665133962651,0.06369970035573579,66867698.765527815,2022-10-07
226,1665137651080,0.0522956074928297,60533616.57522323,2022-10-07
227,1665141152737,0.051492343272472214,54053229.12739238,2022-10-07
228,1665144387531,0.04595928561360349,43704581.409988195,2022-10-07
229,1665148542378,0.05299837430849398,55040650.11777795,2022-10-07
230,1665152083946,0.056631816706054196,58367743.991963886,2022-10-07
231,1665155337256,0.05727429281093154,59074481.549065314,2022-10-07
232,1665158785577,0.053339322145452395,58631483.71562171,2022-10-07
233,1665162263906,0.05260549678803072,57675287.936239064,2022-10-07
234,1665166541322,0.05063907215824828,51871305.8099187,2022-10-07
235,1665169769801,0.05143007482370044,55216207.73829255,2022-10-07
236,1665213141894,0.057463056455746606,60320885.77765805,2022-10-08
237,1665216127774,0.05544938726772664,59075184.43891022,2022-10-08
238,1665219950321,0.05479415743523521,57201281.57952184,2022-10-08
239,1665223769312,0.05379646483374714,56460071.103422,2022-10-08
240,1665227148261,0.05535191952227171,58527285.80788291,2022-10-08
241,1665230804899,0.05717807186712998,60022996.40607616,2022-10-08
242,1665234618755,0.05585863335340974,58536464.83054093,2022-10-08
243,1665237685437,0.056392428716585015,58949440.233263314,2022-10-08
244,1665241256232,0.056142255325973146,58869970.90008086,2022-10-08
245,1665245388220,0.05433469770647032,57096051.61902538,2022-10-08
246,1665249152459,0.054308181679206355,57499848.76060052,2022-10-08
247,1665252340895,0.054000572938259946,56960216.20195896,2022-10-08
248,1665256051085,0.05291487091359785,56279250.63121243,2022-10-08
249,1665259678186,0.051887033127224376,54106387.03967516,2022-10-08
250,1665263572113,0.05369826648368234,56912926.58666678,2022-10-08
251,1665266427870,0.05323792722253638,56597994.98718886,2022-10-09
252,1665270550467,0.053184059439438755,55807526.17135542,2022-10-09
253,1665274040683,0.053062384544259954,55772477.56866486,2022-10-09
254,1665277558927,0.05318871883943006,56313802.059826285,2022-10-09
255,1665280926550,0.05302361715028369,55956850.51993886,2022-10-09
256,1665284536203,0.05329259032007655,55854587.618985415,2022-10-09
257,1665288098819,0.05443811002615778,57413387.490082234,2022-10-09
258,1665291825047,0.05340030606661231,55781892.3414349,2022-10-09
259,1665295640302,0.05373928246227755,56411916.09215506,2022-10-09
260,1665299266330,0.053328047548320386,55972088.38276719,2022-10-09
261,1665302650291,0.051982492931279684,54980044.9552056,2022-10-09
262,1665306157770,0.05067374373034887,53760996.25905471,2022-10-09
263,1665309748981,0.048030706727883135,50899069.90093714,2022-10-09
264,1665313622178,0.04574950265135329,47958639.63299027,2022-10-09
265,1665317254844,0.045572610778781206,47085156.3689886,2022-10-09
266,1665320922554,0.04704962003491072,49569184.88624188,2022-10-09
267,1665324129099,0.04667305756760925,48945296.45389105,2022-10-09
268,1665327920865,0.0442593858988949,47119846.11479993,2022-10-09
269,1665331513608,0.04406633307024744,46257898.68691897,2022-10-09
270,1665335159037,0.04359349283566312,46149748.313289054,2022-10-09
271,1665338839353,0.04246342777043426,45434823.46540375,2022-10-09
272,1665342616549,0.03556616368517672,38555853.24304324,2022-10-09
273,1665346585542,0.03954699166583975,40439673.64831544,2022-10-09
274,1665350238530,0.03683225029856068,39732313.138293914,2022-10-09
275,1665353116817,0.038885521460424226,39823841.23763343,2022-10-10
276,1665356674105,0.0380374294634216,39929157.60938996,2022-10-10
277,1665360542218,0.0383550889293381,40279657.09808007,2022-10-10
278,1665364125637,0.039247525628556455,40486661.760547444,2022-10-10
279,1665367349143,0.04099498460972086,41576247.1884908,2022-10-10
280,1665371328953,0.04342701924734222,45161334.87454209,2022-10-10
281,1665374494628,0.042063002945572366,43754140.89901121,2022-10-10
282,1665378513805,0.04353792077226828,44650779.18941451,2022-10-10
283,1665381707747,0.047942896243340666,47466694.14353373,2022-10-10
284,1665385651023,0.042532546158456454,46099744.37910791,2022-10-10
285,1665388931632,0.04390338502162375,45136772.28050097,2022-10-10
286,1665393146438,0.04137638235700821,43020352.14371695,2022-10-10
287,1665396604841,0.04169420909862228,43933018.98469246,2022-10-10
288,1665399926438,0.040560121661922036,42544451.687436745,2022-10-10
289,1665403507802,0.04144641922603572,43462680.86869945,2022-10-10
290,1665407331492,0.041233053460848164,43415107.28363685,2022-10-10
291,1665410626215,0.043265676491018125,44984879.272859536,2022-10-10
292,1665414205556,0.042512897153875816,44706762.958295524,2022-10-10
293,1665417660935,0.04187891863348576,44638381.256286226,2022-10-10
294,1665421630841,0.04094925681354433,42896873.97529449,2022-10-10
295,1665424901716,0.03933403544071323,40647875.738463685,2022-10-10
296,1665428935940,0.04137844266837095,42961217.40944835,2022-10-10
297,1665432372669,0.04172938922495761,43458574.49128412,2022-10-10
298,1665435693024,0.04086280605924249,43060514.42620155,2022-10-10
299,1665439368862,0.040667943383845793,42690495.75457974,2022-10-11
300,1665443178028,0.04010385972785151,41829154.49352312,2022-10-11
301,1665446891669,0.03968330907375413,41656892.298461065,2022-10-11
302,1665450441314,0.0378810288349054,40049308.89267888,2022-10-11
303,1665454163269,0.0384127756171308,40365460.03925996,2022-10-11
304,1665457511192,0.03910537208153556,41657322.77289219,2022-10-11
305,1665460988829,0.03741794015941277,39278859.037534915,2022-10-11
306,1665464671905,0.0374485711587795,39609506.445329,2022-10-11
307,1665468376237,0.03548321877274434,37247917.50788108,2022-10-11
308,1665471856518,0.03665787799440342,38533921.415374555,2022-10-11
309,1665475740295,0.03575297300167165,37667452.652983285,2022-10-11
310,1665479259992,0.03720583706253599,39281375.90766627,2022-10-11
311,1665483122139,0.037105801811506946,38779277.275050886,2022-10-11
312,1665486185929,0.03634862160289502,39134236.57337142,2022-10-11
313,1665489837905,0.03607037117446741,37633524.45305316,2022-10-11
314,1665493325798,0.03562933048927244,37466085.62128034,2022-10-11
315,1665497399715,0.03580770465933805,38256204.185405664,2022-10-11
316,1665500850898,0.034069113549124785,36894318.60972014,2022-10-11
317,1665504865502,0.03265071215669114,34274540.89706701,2022-10-11
318,1665508128100,0.03282039253974015,33421304.597480662,2022-10-11
319,1665511785246,0.03274982646255071,34535697.91817084,2022-10-11
320,1665515639068,0.03366323049649829,35264066.12528487,2022-10-11
321,1665518796224,0.03263302358739034,34285595.76820044,2022-10-11
322,1665522738968,0.03190684963194116,33493683.609667417,2022-10-11
323,1665526204314,0.0317405796507927,33245221.51030525,2022-10-12
324,1665529287468,0.031608718391057555,33055263.868766375,2022-10-12
325,1665533021679,0.03187257478189862,33486095.66147172,2022-10-12
326,1665536943209,0.030423858942609044,31955682.412794217,2022-10-12
327,1665540068658,0.030525442388440995,32071473.69737752,2022-10-12
328,1665543784853,0.03077781296825504,32040623.039471354,2022-10-12
329,1665547495094,0.03107659395852147,32862093.243916214,2022-10-12
330,1665551310428,0.0318465126648052,33430345.884052675,2022-10-12
331,1665554993483,0.0343373407084973,36313941.50952493,2022-10-12
332,1665558493263,0.037842532763544205,40145801.47365407,2022-10-12
333,1665562193573,0.0352026103972411,36610067.33321604,2022-10-12
334,1665565757425,0.03557486587661911,37709554.20562453,2022-10-12
335,1665569070579,0.03471669582935862,36450848.89873867,2022-10-12
336,1665572660270,0.035562613606019956,36551247.60622775,2022-10-12
337,1665576150226,0.03498270341092263,37161678.83195732,2022-10-12
338,1665580117909,0.03468806371168253,36234127.84572546,2022-10-12
339,1665583703428,0.03486894275934294,36712517.94766526,2022-10-12
340,1665587711497,0.03483825441481298,36347448.95022042,2022-10-12
341,1665591072761,0.03537358242490063,37217201.60008489,2022-10-12
342,1665594383564,0.03532016784414238,37168227.64868852,2022-10-12
343,1665598500863,0.037465468915307686,39283520.52100809,2022-10-12
344,1665602289442,0.03695402953567484,38727961.45549969,2022-10-12
345,1665605337457,0.0378674266791265,39603714.52978503,2022-10-12
346,1665608507047,0.038542401543456214,40397046.829282306,2022-10-12
347,1665612673358,0.04126096692883122,43236788.64440698,2022-10-13
348,1665615697123,0.04250418430956206,43811140.365279466,2022-10-13
349,1665619449941,0.042127973118411974,44425025.62416244,2022-10-13
350,1665623042863,0.041246505802118354,43093585.197696015,2022-10-13
351,1665626708758,0.03938592020648179,41197898.954548046,2022-10-13
352,1665630144706,0.03791703369334303,39802774.15638628,2022-10-13
353,1665633823391,0.038538866227228456,40954364.30912343,2022-10-13
354,1665637421064,0.04269188906544256,43079295.6488096,2022-10-13
355,1665641359594,0.043721973618078315,46043528.81341518,2022-10-13
356,1665644581671,0.04076974688655176,43230129.210070945,2022-10-13
357,1665648847810,0.0427604289384084,44887047.590025105,2022-10-13
358,1665652465862,0.042910480546663195,45312073.52229107,2022-10-13
359,1665656393697,0.04255710319480222,45087402.828358434,2022-10-13
360,1665660060497,0.03999545985736961,41984567.380944304,2022-10-13
361,1665663783879,0.03858503222616663,40646541.876504675,2022-10-13
362,1665666627029,0.036751136262561525,38753674.87046847,2022-10-13
363,1665670080526,0.03800741258105306,39897647.88741496,2022-10-13
364,1665674055571,0.03736136724573669,39363855.135667,2022-10-13
365,1665677352237,0.040810385318453365,42129500.64336711,2022-10-13
366,1665681384176,0.040306744168946786,42891009.52069083,2022-10-13
367,1665684435461,0.040279388605358075,41633027.77157391,2022-10-13
368,1665688034488,0.039034811032422394,40738176.628996156,2022-10-13
369,1665691481252,0.04004837012563254,42040109.053197876,2022-10-13
370,1665695258894,0.0408812274300841,42914387.127313204,2022-10-13
371,1665699474927,0.040219425403692076,42219671.48036256,2022-10-14
372,1665702415309,0.040202033601642116,42201414.726029776,2022-10-14
373,1665706503273,0.040034522021650476,41765679.90135092,2022-10-14
374,1665709914880,0.041288669732245535,42534343.925889954,2022-10-14
375,1665713513394,0.03992810943513983,42985496.21563497,2022-10-14
376,1665717200043,0.04100289024667666,43268105.05411338,2022-10-14
377,1665721048116,0.040572221912442204,42590013.73536359,2022-10-14
378,1665723894148,0.04147669876598774,43539473.2374573,2022-10-14
379,1665728040003,0.042006574288945386,44329621.37829344,2022-10-14
380,1665731868273,0.040812401435754014,42842138.18688804,2022-10-14
381,1665735426382,0.04098504705640288,43113668.80686761,2022-10-14
382,1665739385670,0.0407588141211458,42707011.40441673,2022-10-14
383,1665742244435,0.040197355408116975,42460517.62543651,2022-10-14
384,1665745779534,0.040374336978032804,42367791.89697814,2022-10-14
385,1665749868927,0.03908986997974764,40889318.09501346,2022-10-14
386,1665753445516,0.039910335038099216,41947814.967597865,2022-10-14
387,1665757083271,0.03961479488077286,41909273.45858448,2022-10-14
388,1665760065081,0.03974750253886269,41724278.318546295,2022-10-14
389,1665763320957,0.03955275487581796,41727905.08607792,2022-10-14
390,1665767005552,0.038041650385972924,40637250.938327886,2022-10-14
391,1665770624402,0.03855920275268603,40516547.98547315,2022-10-14
392,1665774102059,0.03807670963757104,40151213.746278465,2022-10-14
393,1665777978607,0.038280361214287434,40083381.34824465,2022-10-14
394,1665781453157,0.038572714465595834,40612552.34837243,2022-10-14
395,1665785183907,0.03843472291047593,40346209.783745356,2022-10-15
396,1665788690531,0.037374678587533745,39232319.6314207,2022-10-15
397,1665792270391,0.037298260434669446,39142796.819736704,2022-10-15
398,1665795849854,0.03677300029876523,38948801.99537608,2022-10-15
399,1665799494783,0.03647108956229281,38086876.52456683,2022-10-15
400,1665803109493,0.03659282528173725,38473439.527903795,2022-10-15
401,1665806536988,0.0372068117858597,39110460.483317226,2022-10-15
402,1665810161585,0.03759826948048469,39480451.981742606,2022-10-15
403,1665813968776,0.03730309503758328,39539370.31343994,2022-10-15
404,1665817567989,0.037364970176664125,39424201.19193607,2022-10-15
405,1665820914852,0.03760656544402681,39125792.41292024,2022-10-15
406,1665824682573,0.03702432343255265,39031458.74934508,2022-10-15
407,1665828312951,0.03620656078745226,38007233.73187937,2022-10-15
408,1665831874522,0.03552703032294596,37526959.606276944,2022-10-15
409,1665835542791,0.03594824490786405,37290785.55496631,2022-10-15
410,1665838980142,0.035507225792946635,37343432.67970595,2022-10-15
411,1665842529394,0.03566403073365248,37412177.73087863,2022-10-15
412,1665846149294,0.03628628522391495,38074582.33955312,2022-10-15
413,1665849739249,0.03548254229317167,37290659.55984557,2022-10-15
414,1665853276006,0.0353371402452821,37290680.474256426,2022-10-15
415,1665857140276,0.03431488276916001,36773074.754558265,2022-10-15
416,1665860656367,0.03533229381557826,37089486.54956225,2022-10-15
417,1665864288435,0.03430085389148387,36127969.69024209,2022-10-15
418,1665867907593,0.03447744748140156,36192125.85798412,2022-10-15
419,1665871511447,0.034418204578886384,36129936.60847026,2022-10-16
420,1665875109869,0.034456109130446,36049731.77089995,2022-10-16
421,1665878680774,0.034163772972145304,36258587.41223871,2022-10-16
422,1665882376964,0.0345188733762894,36277358.01701175,2022-10-16
423,1665885995565,0.0351663627369978,36109465.2164763,2022-10-16
424,1665889345700,0.035110875629840124,37039414.95905995,2022-10-16
425,1665892845861,0.03518358627919116,36888135.74829907,2022-10-16
426,1665896655761,0.03454222783072858,36422907.825305425,2022-10-16
427,1665900365987,0.0340635616461349,36012916.779434554,2022-10-16
428,1665903646814,0.03370630859143468,35441996.49274228,2022-10-16
429,1665907383533,0.03315611925916858,34819517.86449356,2022-10-16
430,1665911428450,0.03277263842114089,34230137.2676918,2022-10-16
431,1665914546699,0.03313558917810168,34803150.66698486,2022-10-16
432,1665918258121,0.03382205427419711,35251763.09186602,2022-10-16
433,1665921888243,0.03419006400909508,35846491.64667702,2022-10-16
434,1665925553707,0.03408370987928857,35807067.476544164,2022-10-16
435,1665929155663,0.03394726947594568,35719894.30867913,2022-10-16
436,1665932754608,0.03392480909388026,35497445.011060804,2022-10-16
437,1665936313880,0.0337010671958528,35508755.059524454,2022-10-16
438,1665939667203,0.03353823971783895,35260957.49599772,2022-10-16
439,1665943402240,0.03368483884162158,35298061.94328801,2022-10-16
440,1665947116171,0.03373345147639451,35394371.03105801,2022-10-16
441,1665950512279,0.035057512685051195,36169364.108904466,2022-10-16
442,1665954096823,0.03520918962393685,36964150.087194435,2022-10-16
443,1665958081140,0.034458313819467436,36259209.553613245,2022-10-17
444,1665961680884,0.03416309196497419,35840816.141876474,2022-10-17
445,1665965107286,0.034262746900228035,35990147.1901021,2022-10-17
446,1665968510383,0.03408179205097212,35818228.68873907,2022-10-17
447,1665972107524,0.03466062010794736,36235473.54566019,2022-10-17
448,1665976038716,0.03439539552901059,36180646.097874194,2022-10-17
449,1665979626293,0.03397161158839411,35679085.095748775,2022-10-17
450,1665982952397,0.03371549578925118,35453544.40567777,2022-10-17
451,1665986730336,0.033460335904662256,35180603.70878026,2022-10-17
452,1665990513841,0.03331360587051736,35012983.0487519,2022-10-17
453,1665993774410,0.03342051401051937,35065088.75145022,2022-10-17
454,1665997279234,0.0332868412121712,35181538.128340505,2022-10-17
455,1666001244724,0.03296039429514147,34592969.240129165,2022-10-17
456,1666004890161,0.03275263549292142,34447832.111166134,2022-10-17
457,1666008298991,0.032324323011162254,33975717.06411804,2022-10-17
458,1666011918362,0.032455961007982884,34127333.05840967,2022-10-17
459,1666015564450,0.03246677009556977,34081450.784167185,2022-10-17
460,1666019359655,0.03233865826039534,34032652.11604849,2022-10-17
461,1666022618895,0.0316239999756392,33604653.63002676,2022-10-17
462,1666026452205,0.03097495458345415,32108749.562133733,2022-10-17
463,1666030050653,0.030049390167030267,31543944.593802635,2022-10-17
464,1666033605484,0.03331231713884108,34725041.25415512,2022-10-17
465,1666036962051,0.03261215514634426,34281477.4310901,2022-10-17
466,1666040592938,0.03392524507577017,35920452.17949356,2022-10-17
467,1666044246055,0.033491477298697565,35255457.77496776,2022-10-18
468,1666047868841,0.03307597314069447,34599280.332654655,2022-10-18
469,1666051496930,0.033275105636241656,34829952.43999821,2022-10-18
470,1666054952980,0.03199932051892816,33840487.489491716,2022-10-18
471,1666058675597,0.03199055684752089,33625447.73522303,2022-10-18
472,1666062290261,0.030986866565071956,33032650.328304667,2022-10-18
473,1666066050263,0.03013400288181714,31693315.99264767,2022-10-18
474,1666069697431,0.030500963032081656,32203163.321621075,2022-10-18
475,1666072986795,0.030807946017585013,32543777.051123254,2022-10-18
476,1666076847943,0.03060102455692228,32070167.36818433,2022-10-18
477,1666080291739,0.03031791289551309,31771183.255525883,2022-10-18
478,1666083665196,0.030526354082399426,32212831.48246841,2022-10-18
479,1666087414071,0.030185873562225136,32016719.1163128,2022-10-18
480,1666091004519,0.02988673784686319,31525237.43347575,2022-10-18
481,1666094643029,0.030243783666211034,31792614.740597215,2022-10-18
482,1666098033440,0.03085330779714932,32387745.627976444,2022-10-18
483,1666101628849,0.030574521635308757,32061998.93008092,2022-10-18
484,1666105514949,0.03050408280736267,31972925.536174886,2022-10-18
485,1666108883585,0.030286830228494255,32016537.353577893,2022-10-18
486,1666112670869,0.030350695533378082,31860136.781121183,2022-10-18
487,1666116096976,0.03057187367094317,32105892.474331252,2022-10-18
488,1666119751516,0.030385278186298992,31909306.37909916,2022-10-18
489,1666123286308,0.02928297313517202,30540426.995497573,2022-10-18
490,1666127034005,0.028952079106517842,30391962.497764636,2022-10-18
491,1666130544961,0.028068269389679962,29739996.88987043,2022-10-19
492,1666134119143,0.027831195390181866,29154488.01991262,2022-10-19
493,1666137866485,0.028245716168366353,29761520.13336066,2022-10-19
494,1666141320786,0.02685355183759972,28193456.086701225,2022-10-19
495,1666144832828,0.026325633883449256,27871707.671713315,2022-10-19
496,1666148563624,0.026237049134724195,27411430.17903459,2022-10-19
497,1666152094982,0.026124065270334024,27242025.536089234,2022-10-19
498,1666155744845,0.02548780964800462,26548656.541927025,2022-10-19
499,1666159391638,0.02510498400388855,26612268.399139017,2022-10-19
500,1666162845567,0.024345794730296143,25522755.26879307,2022-10-19
501,1666166553923,0.024610254909401965,25578040.19025009,2022-10-19
502,1666170073119,0.024196163701247993,25268847.981623944,2022-10-19
503,1666173641392,0.02361423504068003,24491430.27884068,2022-10-19
504,1666177335324,0.02433080363346991,25590351.39003937,2022-10-19
505,1666181028147,0.0241297512332688,25262814.573764402,2022-10-19
506,1666184899784,0.025145653065366185,26335996.154952053,2022-10-19
507,1666188185946,0.02713130615936508,28263865.408967998,2022-10-19
508,1666191777913,0.026326316181755346,27004806.596551422,2022-10-19
509,1666195435046,0.025612805671394855,26888547.727846224,2022-10-19
510,1666198932155,0.027269178991921494,27945216.874965154,2022-10-19
511,1666202516560,0.026098695503502283,27503232.697349004,2022-10-19
512,1666206255303,0.026365901809879678,27848661.01523933,2022-10-19
513,1666209797445,0.026193574842756855,27496268.6228721,2022-10-19
514,1666213282455,0.027045358123685824,28619619.834126934,2022-10-19
515,1666217052703,0.0283121967341183,29720256.642257717,2022-10-20
516,1666220604376,0.02859611565498012,30706728.138068523,2022-10-20
517,1666224205436,0.02899634847053855,30258871.843507677,2022-10-20
518,1666227641200,0.029974246887849523,31429379.94985607,2022-10-20
519,1666231316083,0.029859479887072583,31162007.384792488,2022-10-20
520,1666234825103,0.02995688962019764,31542344.027145095,2022-10-20
521,1666238456938,0.030688753617665116,31836846.59381,2022-10-20
522,1666242143745,0.02977867646974034,31566353.72712302,2022-10-20
523,1666245671966,0.028914606499711497,30036329.098224536,2022-10-20
524,1666249286396,0.028104707010008115,29408147.107661434,2022-10-20
525,1666252922335,0.028221497344818453,29350583.89187318,2022-10-20
526,1666256444725,0.028505001724812528,29922768.062383566,2022-10-20
527,1666260136538,0.02916583590752209,30604830.832778867,2022-10-20
528,1666263646617,0.029702518790984744,30997322.131745275,2022-10-20
529,1666267210112,0.028862193919205942,30325884.663219247,2022-10-20
530,1666270866614,0.028729760442923167,30106369.61723121,2022-10-20
531,1666274432600,0.0285116045270404,30090029.267962355,2022-10-20
532,1666278125111,0.028970370974399078,30346348.744515438,2022-10-20
533,1666281649282,0.028751547074128768,30144911.11219022,2022-10-20
534,1666285234195,0.028525407160594773,29872625.210172817,2022-10-20
535,1666288824858,0.028917214747909835,29842283.216475755,2022-10-20
536,1666292418954,0.02866350937613843,29986423.2060372,2022-10-20
537,1666296067634,0.028585648361316583,30037064.141917385,2022-10-20
538,1666299671468,0.027803137656056885,28960407.00508882,2022-10-20
539,1666303276926,0.02704987521176215,28446050.814190343,2022-10-21
540,1666306820446,0.026072542319253236,27353038.22810702,2022-10-21
541,1666310504524,0.026707233273302218,27761293.283017304,2022-10-21
542,1666314007982,0.026988523007094627,28198395.431168795,2022-10-21
543,1666317646966,0.026627646437116795,27941147.508346487,2022-10-21
544,1666321249804,0.026371466850944936,27615386.61137135,2022-10-21
545,1666324894439,0.02624655363015833,27684610.71728624,2022-10-21
546,1666328481971,0.02619190066405615,27538010.509870112,2022-10-21
547,1666332076282,0.025658934086850906,27092169.58989514,2022-10-21
548,1666335741923,0.02574064546834729,27015899.105646092,2022-10-21
549,1666339344965,0.02598529376643101,27159205.02642902,2022-10-21
550,1666342904073,0.026168621213402812,27392073.317957923,2022-10-21
551,1666346578524,0.025837797550665544,27007539.192651663,2022-10-21
552,1666350089891,0.0258627032155811,27096199.2841939,2022-10-21
553,1666353692134,0.025801393799363748,27088605.902380608,2022-10-21
554,1666357287086,0.025494219775386375,26802296.16129679,2022-10-21
555,1666360840881,0.025632666934437016,26832559.723822944,2022-10-21
556,1666364483608,0.026624892369035175,28155401.421228163,2022-10-21
557,1666368127985,0.027263285960678296,28761620.89397032,2022-10-21
558,1666371617537,0.026646714327653035,28028171.82946283,2022-10-21
559,1666375349734,0.026416286854986374,27957008.36917828,2022-10-21
560,1666378950062,0.02675712338249429,28094213.79198652,2022-10-21
561,1666382539190,0.026822263513179272,27858154.5592648,2022-10-21
562,1666386057676,0.02647987906626331,27818320.471271552,2022-10-21
563,1666389727771,0.0259740919606688,27212991.014838316,2022-10-22
564,1666393254076,0.025911694713250385,27263105.929945026,2022-10-22
565,1666396851572,0.025735949856571603,27306240.950098407,2022-10-22
566,1666400516675,0.025787283163571914,27060755.942911286,2022-10-22
567,1666404121308,0.02552872966586432,26810867.24590993,2022-10-22
568,1666407729344,0.025178020253321328,26433110.709044363,2022-10-22
569,1666411280242,0.025514310919832806,26754294.2861755,2022-10-22
570,1666414929319,0.02532757959423612,26531194.33482382,2022-10-22
571,1666418420832,0.025201831719365658,26469422.30557691,2022-10-22
572,1666422055996,0.025143113588111568,26432640.094421864,2022-10-22
573,1666425734831,0.025251458476484547,26503238.326749716,2022-10-22
574,1666429234785,0.02516929944284414,26452910.149324935,2022-10-22
575,1666432824200,0.02469509593570136,25972031.160639614,2022-10-22
576,1666436477070,0.024840799719749552,26373493.200349323,2022-10-22
577,1666440073241,0.024994439276820293,26079321.483347684,2022-10-22
578,1666443680948,0.024588639493779423,25804587.875777002,2022-10-22
579,1666447283247,0.024774611190916857,26052294.108745128,2022-10-22
580,1666450842324,0.02481455996348499,26044680.179199044,2022-10-22
581,1666454537921,0.0245545626135026,25838316.24963557,2022-10-22
582,1666458015014,0.023918446068352667,25289811.991275355,2022-10-22
583,1666461867283,0.023546189128344615,24902170.24078948,2022-10-22
584,1666465288713,0.023462743327231715,24541349.82232998,2022-10-22
585,1666468890438,0.023998614619966174,25223134.11221055,2022-10-22
586,1666472548548,0.023667639183240993,24778052.514882006,2022-10-22
587,1666476146396,0.023416218035556383,24739358.63783107,2022-10-23
588,1666479742421,0.023183564836169818,24301660.585896578,2022-10-23
589,1666483280585,0.02335790614199189,24392568.829508405,2022-10-23
590,1666486874587,0.024083373181324863,25174669.697954692,2022-10-23
591,1666490535290,0.02412656454226297,25212868.623129632,2022-10-23
592,1666494140517,0.023697760763871825,24995485.190231793,2022-10-23
593,1666497736829,0.024031313072573345,25143413.38003671,2022-10-23
594,1666501337049,0.024017067218156576,25259275.183615506,2022-10-23
595,1666504938172,0.024036757665654218,25201748.82841876,2022-10-23
596,1666508484799,0.02387616418864047,25187155.489885226,2022-10-23
597,1666512052998,0.023517901821612282,24714468.08555341,2022-10-23
598,1666515713622,0.023500574932424845,24596381.947556775,2022-10-23
599,1666519283214,0.023593861188363777,24935924.308528736,2022-10-23
600,1666522933017,0.023312798801045302,24396111.026059303,2022-10-23
601,1666526450441,0.023332576837343976,24491711.37068973,2022-10-23
602,1666530054231,0.02309016646309101,24239800.031085685,2022-10-23
603,1666533618099,0.023088744416643416,24229601.771817062,2022-10-23
604,1666537225688,0.02290375185912708,23978665.928546254,2022-10-23
605,1666540876401,0.022950353597302034,24070353.10941753,2022-10-23
606,1666544545769,0.02283189947885298,23834850.3975511,2022-10-23
607,1666548107389,0.023014542067797735,24107458.181338493,2022-10-23
608,1666551684310,0.02350563757912513,24752412.27695628,2022-10-23
609,1666555334606,0.023677707607241884,24989511.31863093,2022-10-23
610,1666558888436,0.023615264011140027,24676323.4404361,2022-10-23
611,1666562414313,0.0249762734911128,25589495.867720887,2022-10-24
612,1666566084717,0.02521090471107745,26454942.809070054,2022-10-24
613,1666569738468,0.024434572901277495,25799422.578958638,2022-10-24
614,1666573338327,0.024499976759598658,25738714.252408646,2022-10-24
615,1666576853346,0.024274110873909713,25446454.258811492,2022-10-24
616,1666580477078,0.024765542236632306,26049049.70590575,2022-10-24
617,1666584141234,0.02457424389121254,25751331.211724814,2022-10-24
618,1666587698322,0.02445641178818891,25722144.042517934,2022-10-24
619,1666591344385,0.02492544172754219,26611292.833660852,2022-10-24
620,1666594959641,0.024108587925606155,25403008.303707957,2022-10-24
621,1666598589914,0.023676962663424384,24862097.406273797,2022-10-24
622,1666602070208,0.023654544408806592,25075019.673060413,2022-10-24
623,1666605651416,0.023520492565419483,24778118.15110432,2022-10-24
624,1666609346716,0.023526518666263718,24763486.88683348,2022-10-24
625,1666612891936,0.023766684859155326,24890852.94664176,2022-10-24
626,1666616449804,0.023804103890723096,24956519.056778938,2022-10-24
627,1666620138680,0.023641590978594564,24772346.663339846,2022-10-24
628,1666623698087,0.023952590904435,25222042.49322214,2022-10-24
629,1666627322507,0.023710334563872778,24961573.812196065,2022-10-24
630,1666630941377,0.023826793034297175,24976074.577519953,2022-10-24
631,1666634545929,0.02363612801307973,24823961.868787143,2022-10-24
632,1666638042441,0.02384147861760461,25025960.959970716,2022-10-24
633,1666641738928,0.023877003701569536,24999460.410786264,2022-10-24
634,1666645243223,0.024044924385849778,25290331.781406462,2022-10-24
635,1666648833703,0.0239221420163345,25069790.330282904,2022-10-25
636,1666652544339,0.023802528182489346,25045233.20853829,2022-10-25
637,1666656071846,0.023681263164562604,24838693.388951752,2022-10-25
638,1666659704429,0.02361613562936924,24792784.2140137,2022-10-25
639,1666663327745,0.023259227282928997,24486553.246815562,2022-10-25
640,1666666941309,0.02338126142132367,24559791.394439224,2022-10-25
641,1666670530857,0.023944338993459553,24859860.580005568,2022-10-25
642,1666674095492,0.02391082299848362,25066155.566931438,2022-10-25
643,1666677744610,0.023674138588952797,24813296.597379982,2022-10-25
644,1666681268097,0.02339221489280344,24575330.43402919,2022-10-25
645,1666684890633,0.023420003087427817,24585127.778745532,2022-10-25
646,1666688502648,0.02365033384112016,24810854.173618797,2022-10-25
647,1666692082284,0.023671543300292718,24835085.412117347,2022-10-25
648,1666695722230,0.023864132576875138,24993591.641168937,2022-10-25
649,1666699293926,0.023899216634222956,25098773.63448539,2022-10-25
650,1666702928948,0.023521884111720896,24738115.972313635,2022-10-25
651,1666706528015,0.023815525685320752,24925544.30393945,2022-10-25
652,1666710135580,0.023952600440556495,25161700.237082437,2022-10-25
653,1666713756360,0.02409444723791652,25180919.906040367,2022-10-25
654,1666717286204,0.024045645082059756,25250004.476151917,2022-10-25
655,1666720954546,0.02471876558595588,25908956.901385777,2022-10-25
656,1666724518519,0.02432687476051025,25560828.209857296,2022-10-25
657,1666728153412,0.0244679877533294,25640360.497558836,2022-10-25
658,1666731701700,0.024588533082894517,25705891.3553351,2022-10-25
659,1666735330346,0.024416400103458972,25587311.15050222,2022-10-26
660,1666738826235,0.024130106158230188,25274048.579256333,2022-10-26
661,1666742488107,0.023980103172602362,25217768.224319227,2022-10-26
662,1666746032912,0.023961448690677067,25135896.619503267,2022-10-26
663,1666749680811,0.02411298308170852,25299047.629645843,2022-10-26
664,1666753297295,0.02399652763084847,25216276.340427138,2022-10-26
665,1666756907518,0.023885955048919574,25167616.543673154,2022-10-26
666,1666760619834,0.023954076626671587,25157219.86771316,2022-10-26
667,1666764046025,0.023783155836644355,25027846.086344223,2022-10-26
668,1666767652766,0.023849808510853936,25035951.266848274,2022-10-26
669,1666771306071,0.023883690168675087,25102823.4476801,2022-10-26
670,1666774819371,0.023941266824392564,24822125.48764631,2022-10-26
671,1666778606845,0.024261644144781276,25438020.271117672,2022-10-26
672,1666782124521,0.02419715717567357,25438062.301611256,2022-10-26
673,1666785714980,0.024076000442733614,25272865.457375668,2022-10-26
674,1666789354708,0.023941157232728407,25124288.784465898,2022-10-26
675,1666792984132,0.02387354799013789,25111564.953809675,2022-10-26
676,1666796652802,0.023979786107525568,25225497.785381515,2022-10-26
677,1666800029704,0.024452123557824494,25644640.51581248,2022-10-26
678,1666803633836,0.024195451042069212,25414556.122271575,2022-10-26
679,1666807324126,0.023906441287723065,25129726.890669174,2022-10-26
680,1666810846763,0.0239456924643855,25224742.18981085,2022-10-26
681,1666814560492,0.0241842708020625,25236328.877917517,2022-10-26
682,1666818105300,0.024008651841976678,25258322.318068728,2022-10-26
683,1666821688647,0.02418522338752621,25357130.569995206,2022-10-27
684,1666825287101,0.024138367367791534,25424125.66273631,2022-10-27
685,1666828984745,0.024128186064954434,25344645.105665315,2022-10-27
686,1666832594153,0.024155575301027462,25270928.28116818,2022-10-27
687,1666836119684,0.024165176553611133,25333184.108120188,2022-10-27
688,1666839811804,0.02416651594669103,25381203.922351297,2022-10-27
689,1666843317019,0.024011412649755693,25200961.195979312,2022-10-27
690,1666846955829,0.023940111888105322,25128281.048647635,2022-10-27
691,1666850548803,0.02397482940648516,25096309.503193505,2022-10-27
692,1666854051353,0.023859740361745325,25047385.286340833,2022-10-27
693,1666857622744,0.023933239111001207,25138279.242141835,2022-10-27
694,1666861255203,0.023946217078282716,25145024.42266745,2022-10-27
695,1666864905943,0.023873109514762677,25068198.665603254,2022-10-27
696,1666868551720,0.023850256426741233,25080385.22291285,2022-10-27
697,1666872138441,0.023884652767758235,25095587.115429852,2022-10-27
698,1666875718777,0.023844739335494906,25022652.260898337,2022-10-27
699,1666879277114,0.02385039071538677,24997761.427143257,2022-10-27
700,1666882828311,0.023618027989827567,24949883.253563948,2022-10-27
701,1666886508123,0.02358509690716774,24753354.259268448,2022-10-27
702,1666890136796,0.023700435724572106,24863462.792644847,2022-10-27
703,1666893738424,0.02368774887418809,24901265.41470736,2022-10-27
704,1666897300988,0.023536237578996682,24649322.507587884,2022-10-27
705,1666900895255,0.022917057661366983,24240361.06712,2022-10-27
706,1666904540081,0.022686194490434384,23900634.571241178,2022-10-27
707,1666908141647,0.02295647218695249,24231825.51066765,2022-10-28
708,1666911712695,0.02266725896646293,23816279.415620193,2022-10-28
709,1666915261122,0.022675090798670014,23729061.66862139,2022-10-28
710,1666918887269,0.022857293804986484,23994812.170161363,2022-10-28
711,1666922496674,0.022903083113636268,23941449.7324868,2022-10-28
712,1666926094369,0.023396680447396994,24552579.36024896,2022-10-28
713,1666929710940,0.02408731972764494,25143659.20533627,2022-10-28
714,1666933382499,0.023726563744514012,24870290.077114772,2022-10-28
715,1666936847043,0.023801584636499673,25041787.254081782,2022-10-28
716,1666940504611,0.023885400159966336,25087963.30325475,2022-10-28
717,1666944106537,0.023666900471194553,24844332.547705144,2022-10-28
718,1666947622783,0.02337098858547132,24512632.217028398,2022-10-28
719,1666951335396,0.023253515084000143,24395217.598520532,2022-10-28
720,1666954985507,0.02341707883148697,24587050.554184966,2022-10-28
721,1666958485617,0.023219168893128875,24360633.246545855,2022-10-28
722,1666962067976,0.023054987861326322,24161677.287094854,2022-10-28
723,1666965648881,0.02311033647508112,24142767.37839988,2022-10-28
724,1666969207534,0.02298958378187762,24142009.472939756,2022-10-28
725,1666972932202,0.02269753567226485,23827034.42283446,2022-10-28
726,1666976647658,0.023106096318973486,24248118.61444533,2022-10-28
727,1666980181161,0.023225569669185445,24328005.547465928,2022-10-28
728,1666983820408,0.023135476173374036,24268505.865783777,2022-10-28
729,1666987334007,0.022741120703009165,23920168.956368625,2022-10-28
730,1666990932783,0.02274670402840506,23946721.870444257,2022-10-28
731,1666994531258,0.0226301112174947,23829410.425563645,2022-10-29
732,1666998088584,0.022623852342451026,23646698.79619589,2022-10-29
733,1667001665449,0.022628153240398803,23770588.107043765,2022-10-29
734,1667005415369,0.022795791384426122,23980440.300337642,2022-10-29
735,1667008998673,0.022807531915791483,23942620.69217776,2022-10-29
736,1667012403223,0.022772303196190332,23881685.795452707,2022-10-29
737,1667016011074,0.022739042808533044,23891000.139680997,2022-10-29
738,1667019745904,0.022672031792863676,23811382.948897813,2022-10-29
739,1667023353432,0.022601520647208682,23873069.27623956,2022-10-29
740,1667026946063,0.022515071869274896,23609343.34375478,2022-10-29
741,1667030532308,0.022807812383464344,23875276.81902845,2022-10-29
742,1667034079240,0.023214376175530523,24425677.058558118,2022-10-29
743,1667037740477,0.022855534140800396,24009211.14262219,2022-10-29
744,1667041244709,0.02306558821533288,24212653.582341284,2022-10-29
745,1667044969058,0.023064180558441394,24223804.649889216,2022-10-29
746,1667048421036,0.023096607790039348,24255673.776671547,2022-10-29
747,1667052226321,0.023084210018404196,24265583.693954922,2022-10-29
748,1667055731915,0.022905828731522863,24112016.668315034,2022-10-29
749,1667059367916,0.022651909173594723,23805039.470324844,2022-10-29
750,1667062930793,0.02280419114811424,24396848.589790363,2022-10-29
751,1667066584710,0.022170726496884376,23357340.359382622,2022-10-29
752,1667070161165,0.023193499595539176,24370999.42421783,2022-10-29
753,1667073672196,0.025345573546476024,26645481.696988963,2022-10-29
754,1667077356349,0.025065017041954157,26669056.026207723,2022-10-29
755,1667080941048,0.02502230238222558,26239642.8622405,2022-10-30
756,1667084481444,0.024948958841138808,26165296.36538535,2022-10-30
757,1667088137296,0.024725160602722413,25954098.901534025,2022-10-30
758,1667091862486,0.024936856068353257,26224341.96863599,2022-10-30
759,1667095353448,0.02529254128528941,26514437.72334346,2022-10-30
760,1667098891525,0.0249259185956887,26207914.97299213,2022-10-30
761,1667102527307,0.024802140365810445,25797591.03839118,2022-10-30
762,1667106011046,0.02479183377032137,25960593.976377327,2022-10-30
763,1667109786480,0.024392375307115435,25718510.52442643,2022-10-30
764,1667113426679,0.024282592159211306,25688609.92460752,2022-10-30
765,1667116903183,0.02404803283866262,25327852.159078136,2022-10-30
766,1667120477696,0.02335426507515914,24493837.0532411,2022-10-30
767,1667124153899,0.02389116747850477,25256579.930035777,2022-10-30
768,1667127762050,0.024067221102070678,25318432.40067397,2022-10-30
769,1667131283436,0.024857473955307494,26056535.540093124,2022-10-30
770,1667134955696,0.024608601307900456,25647264.2297158,2022-10-30
771,1667138523741,0.024516858002127093,25432661.564764157,2022-10-30
772,1667142230564,0.02464332640415798,25831731.178476892,2022-10-30
773,1667145791564,0.02458820932339063,25847182.320532013,2022-10-30
774,1667149324502,0.02480497698054002,26136294.63336598,2022-10-30
775,1667152847465,0.024677414674201495,25818035.626853395,2022-10-30
776,1667156607980,0.02495845517633099,26221132.61908591,2022-10-30
777,1667160025697,0.02476011429279175,26020947.49410689,2022-10-30
778,1667163709046,0.02471597607102506,25935182.317314427,2022-10-30
779,1667167216049,0.024490961286450452,25655296.331765316,2022-10-30
780,1667170877071,0.025591606248280784,26838990.84726566,2022-10-31
781,1667174471852,0.026617222379456615,27887282.98246776,2022-10-31
782,1667178081660,0.026239143483898907,27737951.81247298,2022-10-31
783,1667181766105,0.02712004048054336,28627773.983732164,2022-10-31
784,1667185349618,0.02661866548897957,28082556.317128,2022-10-31
785,1667188944114,0.026961831389805412,28302030.039873198,2022-10-31
786,1667192440367,0.027551026820695747,29102259.97921176,2022-10-31
787,1667196168036,0.027787231062737748,29125630.639961325,2022-10-31
788,1667199713945,0.028872518694243683,30307823.90263259,2022-10-31
789,1667203424085,0.02900927475844242,30635954.233398516,2022-10-31
790,1667206951512,0.02787308574099173,29475917.157845754,2022-10-31
791,1667210553523,0.027866315134811033,29381078.87859622,2022-10-31
792,1667214094062,0.028103474010705086,29494493.120591134,2022-10-31
793,1667217682015,0.029238860486732885,30923314.670200735,2022-10-31
794,1667221330369,0.02938818030331826,30829655.585112352,2022-10-31
795,1667224964480,0.03142753932745411,31418947.15087938,2022-10-31
796,1667228582126,0.03687751036627074,37367107.01744528,2022-10-31
797,1667232188718,0.03645210431202868,38186605.72630809,2022-10-31
798,1667235733504,0.037603399587876646,39532590.99369072,2022-10-31
799,1667239363881,0.03436238997960168,37613461.07532317,2022-10-31
800,1667242917857,0.03496613534289125,36691934.812386684,2022-10-31
801,1667246510953,0.03310961163925465,35870593.400978565,2022-10-31
802,1667250081468,0.03154961635883458,33584433.53590242,2022-10-31
803,1667253719030,0.032273036694151803,33860040.49060661,2022-10-31
804,1667257245531,0.03231359217974183,33326880.342233215,2022-11-01
805,1667260946257,0.03321008857593264,35272921.31546937,2022-11-01
806,1667264550859,0.03191200163564336,33352995.049491182,2022-11-01
807,1667268169242,0.03246993696509398,34658727.40451848,2022-11-01
808,1667271727424,0.03324044873504188,34429716.26741621,2022-11-01
809,1667275274111,0.03448504158908076,35179452.05205242,2022-11-01
810,1667278911570,0.03348303654793623,35201962.61436654,2022-11-01
811,1667282530388,0.03421332154133744,35825021.79197014,2022-11-01
812,1667286092862,0.03559916932621797,37268713.98564059,2022-11-01
813,1667289750219,0.03589988027431582,37754269.267483905,2022-11-01
814,1667293226399,0.03692584297396286,38137130.380745634,2022-11-01
815,1667296830686,0.0349830388603332,36733166.22639374,2022-11-01
816,1667300525028,0.03544134824575947,37881106.15511222,2022-11-01
817,1667304045876,0.03346471435246568,35726078.53282656,2022-11-01
818,1667307831895,0.03423458436556651,35928911.74435369,2022-11-01
819,1667311318148,0.03369336774176173,35389654.133212715,2022-11-01
820,1667315024101,0.03372250376975034,35369452.027437255,2022-11-01
821,1667318632825,0.033846908802773405,35474520.97793642,2022-11-01
822,1667322263743,0.03283708442080665,34753064.9637583,2022-11-01
823,1667325776015,0.03213947369343171,33673472.925482154,2022-11-01
824,1667329342819,0.031917833580311465,33501793.640935473,2022-11-01
825,1667333011739,0.030422683163492826,31936915.589861788,2022-11-01
826,1667336506800,0.029893199675294264,30981011.680891983,2022-11-01
827,1667340137714,0.030710948659739352,31980091.218243096,2022-11-01
828,1667343744525,0.032081935469720976,34019906.0529594,2022-11-02
829,1667347287304,0.03084452598992663,32290967.178088527,2022-11-02
830,1667350905137,0.03211552589610547,33451342.669685926,2022-11-02
831,1667354952162,0.03176345384001123,33744514.87357648,2022-11-02
832,1667358449346,0.03227485238729265,33589702.659927756,2022-11-02
833,1667361682515,0.03213818033370618,34054326.94869549,2022-11-02
834,1667365518436,0.030535527667831262,32054161.233666226,2022-11-02
835,1667369134758,0.030956970223485574,32286072.0029569,2022-11-02
836,1667373043668,0.029859747044161018,31370691.53953428,2022-11-02
837,1667376408192,0.029555312035742375,31025206.489827994,2022-11-02
838,1667379626847,0.029185245491145272,30776040.73738448,2022-11-02
839,1667383814772,0.028683673424363947,30113033.230762355,2022-11-02
840,1667387400100,0.028918180140464676,30260597.68810695,2022-11-02
841,1667390521516,0.029203936385998656,30630598.654468324,2022-11-02
842,1667394184425,0.030012002595752225,31530719.052710224,2022-11-02
843,1667397732901,0.029286051458947058,30924322.405617304,2022-11-02
844,1667401361030,0.02905950647140755,30518188.02978407,2022-11-02
845,1667404888094,0.029121656493180492,30604162.59402646,2022-11-02
846,1667408444721,0.02910154875363913,30625590.717721872,2022-11-02
847,1667412123364,0.029086472487783437,30765482.962550234,2022-11-02
848,1667415878602,0.02982680093064826,31597894.740075685,2022-11-02
849,1667419465296,0.029917310132161222,31347225.035752177,2022-11-02
850,1667422837967,0.02926981802152001,30776377.08134797,2022-11-02
851,1667426579238,0.029195661903574335,30653570.509094268,2022-11-02
852,1667430027759,0.029157478794767627,30635886.79433006,2022-11-03
853,1667433801939,0.02927673773484522,30685561.119734574,2022-11-03
854,1667437362231,0.02953143129063706,30984812.72512331,2022-11-03
855,1667440871562,0.029417794386254588,30949236.731917795,2022-11-03
856,1667444489655,0.028954081767310562,30581181.19535496,2022-11-03
857,1667448086612,0.028711001174341628,30117362.610080328,2022-11-03
858,1667451735968,0.02859353548218454,29999172.37965277,2022-11-03
859,1667455795653,0.028852940244848125,30040307.50339879,2022-11-03
860,1667459481499,0.028655925831184825,29876203.252402224,2022-11-03
861,1667463080709,0.028584319799969584,29978720.53749014,2022-11-03
862,1667466893639,0.028523014734905837,29941123.85024814,2022-11-03
863,1667470318092,0.02855432488506246,30019175.38631963,2022-11-03
864,1667473999691,0.02894610412343218,30335664.109314546,2022-11-03
865,1667477629694,0.029132842927286184,30482902.524422973,2022-11-03
866,1667481220184,0.028717880220856973,30482902.524422973,2022-11-03
867,1667484938447,0.02856859175585129,30091024.43576614,2022-11-03
868,1667488223682,0.02861791737839228,30045794.34361027,2022-11-03
869,1667491807722,0.02861526681943552,29959510.076017454,2022-11-03
870,1667495025112,0.02846072282394566,29954664.00275806,2022-11-03
871,1667498646446,0.028781125444816775,30208510.222024623,2022-11-03
872,1667502252019,0.02893160318772175,30374429.533332895,2022-11-03
873,1667505803972,0.02915501185564217,30606776.31619516,2022-11-03
874,1667509323177,0.02884961613490404,30288672.46488972,2022-11-03
875,1667512987458,0.028975862336480415,30457002.92543729,2022-11-03
876,1667516500406,0.028567994262000875,30046185.14962797,2022-11-04
877,1667520190619,0.02875445726889531,30040442.74142147,2022-11-04
878,1667523836129,0.02845453107607067,29952315.506401103,2022-11-04
879,1667527356195,0.028561093159707375,29979140.64007114,2022-11-04
880,1667530902740,0.0285234662659232,29942551.742675174,2022-11-04
881,1667534609083,0.028545997921561504,29933824.866683144,2022-11-04
882,1667538211114,0.028575078689222468,30001574.95423154,2022-11-04
883,1667541815359,0.027085862391079567,28585982.665858828,2022-11-04
884,1667545356876,0.026528250927580637,28025616.651769876,2022-11-04
885,1667549066643,0.026318890674271175,27623422.388978884,2022-11-04
886,1667552749839,0.02683402835828764,28272870.783632077,2022-11-04
887,1667556240614,0.027085186992595104,28356025.08960469,2022-11-04
888,1667559747103,0.028121678669030998,29556643.2967663,2022-11-04
889,1667563426709,0.02822102797704949,29302539.334252752,2022-11-04
890,1667567072585,0.027294261023879482,29086522.32566152,2022-11-04
891,1667570615264,0.027843465873473233,29322615.355640564,2022-11-04
892,1667574242458,0.028410797027986087,29823828.311350085,2022-11-04
893,1667577705980,0.028758630687804675,29859196.474951968,2022-11-04
894,1667581427243,0.03035008485790835,31863304.632426552,2022-11-04
895,1667584988463,0.03043696517375955,31948710.186814524,2022-11-04
896,1667588559846,0.029981124117293027,31318576.03616235,2022-11-04
897,1667592195569,0.029554868489955883,31044534.087561492,2022-11-04
898,1667595826012,0.029765998522678746,31269570.793353155,2022-11-04
899,1667599422564,0.029880344302591566,31385954.640938222,2022-11-04
900,1667603007797,0.030642906416647183,31938857.292473555,2022-11-05
901,1667606575970,0.03021609449888426,31769393.51390068,2022-11-05
902,1667610185429,0.0298332128237452,31316917.93156839,2022-11-05
903,1667613823701,0.029514649527489802,30973859.12527207,2022-11-05
904,1667617531935,0.029709304092201797,31201678.681518786,2022-11-05
905,1667621003462,0.029740456889620556,31267976.870657455,2022-11-05
906,1667624630998,0.029664458153373378,31116239.16158925,2022-11-05
907,1667628115076,0.03032507643562863,31861350.003809042,2022-11-05
908,1667631616955,0.029769783076206643,31250333.61127339,2022-11-05
909,1667635223893,0.030091537944122653,31497587.597466324,2022-11-05
910,1667638844090,0.03099899955526781,32431417.70324447,2022-11-05
911,1667642499024,0.031433073914754736,33147257.05409642,2022-11-05
912,1667646018566,0.03129732275054112,32774840.620940246,2022-11-05
913,1667649688077,0.030941323737817383,32500926.08584063,2022-11-05
914,1667653257066,0.030548620524638116,32095369.58789051,2022-11-05
915,1667656895141,0.03121494776834652,32596896.936009225,2022-11-05
916,1667660412164,0.03140706132682096,33090527.294010036,2022-11-05
917,1667664098406,0.031126102447644313,32683978.555535454,2022-11-05
918,1667667705929,0.031530644661128704,33133516.065287225,2022-11-05
919,1667671305889,0.030878044618346246,32464225.13769553,2022-11-05
920,1667674827453,0.031187846085754197,32656930.036900807,2022-11-05
921,1667678425126,0.03130443552941274,32862969.075016383,2022-11-05
922,1667682024806,0.03089487307021223,32479067.940828037,2022-11-05
923,1667685694957,0.031133577336689897,32662340.581933707,2022-11-05
924,1667689310965,0.03087965615475016,32453001.58248448,2022-11-06
925,1667692922772,0.030820791579896985,32393675.08633876,2022-11-06
926,1667696552062,0.030640321984056685,32128331.342592396,2022-11-06
927,1667700153505,0.030455480828202347,32012830.189297896,2022-11-06
928,1667703747976,0.030556858195476638,32046331.88920501,2022-11-06
929,1667707350578,0.030093293868835736,31588280.75973186,2022-11-06
930,1667710882448,0.030279212977785637,31790815.31246927,2022-11-06
931,1667714485083,0.030263061632546523,31773221.194897886,2022-11-06
932,1667718097433,0.03059565392254081,32055470.756315216,2022-11-06
933,1667721653155,0.030322758154825123,31805781.57908771,2022-11-06
934,1667725289760,0.030356145325278312,31832881.19398498,2022-11-06
935,1667728904630,0.03059964673265791,32052543.739293277,2022-11-06
936,1667732462546,0.030280720841786974,31751572.60314011,2022-11-06
937,1667736034878,0.02988328648980597,31391210.147487395,2022-11-06
938,1667739633646,0.02996213608269464,31431086.26250805,2022-11-06
939,1667743273472,0.030068944447865203,31593007.657802444,2022-11-06
940,1667746864973,0.030263320919694206,31770502.11924429,2022-11-06
941,1667750445031,0.030135083883056298,31645643.67114505,2022-11-06
942,1667754029862,0.029956810707607643,31345085.666379333,2022-11-06
943,1667757610797,0.030139799529100387,31626658.87409102,2022-11-06
944,1667761292304,0.030247536517561294,31681988.711032704,2022-11-06
945,1667764833918,0.03071137280096622,32184097.999057263,2022-11-06
946,1667768434908,0.031271620046194215,32330366.575811017,2022-11-06
947,1667772062009,0.03141859594184768,32967822.407670617,2022-11-06
948,1667775653848,0.03219687628223291,33449266.28571773,2022-11-07
949,1667779257777,0.031246331918645055,32879865.43889339,2022-11-07
950,1667782849017,0.03136665443030901,32897018.985516157,2022-11-07
951,1667786452997,0.03187241663840705,33525511.37712661,2022-11-07
952,1667790056665,0.031550162705823885,33449885.439978775,2022-11-07
953,1667793613250,0.030978424882046135,32521284.505469967,2022-11-07
954,1667797225833,0.03075280566466067,32246958.910143983,2022-11-07
955,1667800903145,0.030858322048759206,32292359.909140762,2022-11-07
956,1667804452327,0.031428519522293655,32938789.90656798,2022-11-07
957,1667808070214,0.031198363134238644,32756933.551396985,2022-11-07
958,1667811699621,0.030670935631755648,32068074.71841724,2022-11-07
959,1667815296970,0.0311086629458702,32615172.39196117,2022-11-07
960,1667818845649,0.03124918452095504,32788251.404865716,2022-11-07
961,1667822401265,0.03128276967740752,32835829.16824977,2022-11-07
962,1667826029995,0.031206120608794498,32756503.154340778,2022-11-07
963,1667829631648,0.0313936889997305,32966239.281253178,2022-11-07
964,1667833271801,0.031571631574581635,33104524.237835586,2022-11-07
965,1667836866048,0.03171564818470169,33259118.95339476,2022-11-07
966,1667840421758,0.031670332849123704,33208430.18815887,2022-11-07
967,1667844058503,0.031520068978902124,33049168.487526525,2022-11-07
968,1667847640136,0.03142996925417885,32980370.37617247,2022-11-07
969,1667851272482,0.03182976077333978,33353050.46916819,2022-11-07
970,1667854861890,0.03164707358723161,33252489.15000892,2022-11-07
971,1667858437482,0.03119963812070491,32855840.311639927,2022-11-07
972,1667862018498,0.03144489429277395,33019185.37038158,2022-11-08
973,1667865621455,0.031220337552351162,32723680.993851822,2022-11-08
974,1667869265078,0.030976372869178564,32302550.264518425,2022-11-08
975,1667872816555,0.030785799452760026,32284334.43349383,2022-11-08
976,1667876417967,0.03097703882363503,32511025.80968435,2022-11-08
977,1667880024863,0.030581225618017894,32178060.84901042,2022-11-08
978,1667883618655,0.029304829892331442,30827455.12614318,2022-11-08
979,1667887222779,0.028871208154840722,30395048.167183086,2022-11-08
980,1667890867360,0.028882948981192893,30212510.34413495,2022-11-08
981,1667894444922,0.02926224397159611,30659191.92788897,2022-11-08
982,1667898067112,0.029242338916856438,30441011.436588712,2022-11-08
983,1667901629828,0.028738857954269878,30321668.95162715,2022-11-08
984,1667905356121,0.029014774351042785,30235876.00744741,2022-11-08
985,1667908817987,0.028759489287387002,30198928.544428952,2022-11-08
986,1667912428287,0.028575637706885246,30158046.86098686,2022-11-08
987,1667916070141,0.028764853855677914,30155442.861999944,2022-11-08
988,1667919687104,0.028926020384521973,30452474.033480864,2022-11-08
989,1667923281896,0.028747982673657458,30417793.413413826,2022-11-08
990,1667926853541,0.02995163190917237,30837104.03560796,2022-11-08
991,1667930517186,0.028778772979941084,30346064.447305202,2022-11-08
992,1667934085971,0.027091423531817434,28584262.53182483,2022-11-08
993,1667937682106,0.02654877785418814,27973195.635549363,2022-11-08
994,1667941275972,0.025711736345382284,27101770.518286187,2022-11-08
995,1667944893660,0.0261477641869168,27158632.94767917,2022-11-08
996,1667948515148,0.02707762865940847,28464135.426671397,2022-11-09
997,1667952102931,0.02752996083582174,28984849.47573752,2022-11-09
998,1667955700310,0.027983879437134825,29456833.81058168,2022-11-09
999,1667959319662,0.028589142517925745,29883653.915559553,2022-11-09
1000,1667962844076,0.02755438892779999,28977833.70152219,2022-11-09
1001,1667966446051,0.027433798088145847,28599047.42951754,2022-11-09
1002,1667970102275,0.02728303191396443,28635880.727745455,2022-11-09
1003,1667973629248,0.028208360750274827,29411696.139777396,2022-11-09
1004,1667977311797,0.02779569983524536,29202772.341987632,2022-11-09
1005,1667980887790,0.027746959832836107,29142553.444600116,2022-11-09
1006,1667984507844,0.026676456783212836,28008809.554280728,2022-11-09
1007,1667988100986,0.026588437764173793,27947692.95133676,2022-11-09
1008,1667991730297,0.025842752114967067,26853772.674058266,2022-11-09
1009,1667995276221,0.025765368293226617,26909231.30382777,2022-11-09
1010,1667998833481,0.025606149215238797,27047528.79471589,2022-11-09
1011,1668002440892,0.025347323439048032,26677308.525486276,2022-11-09
1012,1668006027662,0.025128640314397814,26498759.387236793,2022-11-09
1013,1668009651157,0.02537164422667382,26700059.42452221,2022-11-09
1014,1668013279656,0.024814875401110124,26146521.44537465,2022-11-09
1015,1668016842445,0.025184590661939437,26424441.77450794,2022-11-09
1016,1668020471682,0.023223500085065223,24757076.30203168,2022-11-09
1017,1668024079654,0.02458584394829929,25691131.748908386,2022-11-09
1018,1668027706117,0.024964995912776147,26532431.093590412,2022-11-09
1019,1668031292786,0.02375439509708811,24717953.0673438,2022-11-09
1020,1668034808053,0.023306020924343303,24522127.40782991,2022-11-10
1021,1668038406533,0.023047407878028364,24226848.047175717,2022-11-10
1022,1668042110738,0.02352201913579402,24665235.40261286,2022-11-10
1023,1668045619808,0.024005175261408905,25106589.407971423,2022-11-10
1024,1668049272261,0.024484418245998025,25349392.46899029,2022-11-10
1025,1668052869150,0.025067633160553104,26019047.488137867,2022-11-10
1026,1668056456394,0.02475096340778769,26071431.236351307,2022-11-10
1027,1668060058078,0.0254666664407562,26785952.154843982,2022-11-10
1028,1668063681221,0.02608050022621113,27590682.195046663,2022-11-10
1029,1668067247633,0.02687836783352512,28184151.439001437,2022-11-10
1030,1668070846070,0.028767519806880387,29451213.72195953,2022-11-10
1031,1668074447849,0.0289382451834784,30346828.598551188,2022-11-10
1032,1668078046858,0.025755362700534877,27194513.182317324,2022-11-10
1033,1668081638625,0.02600012330891697,27288728.231960043,2022-11-10
1034,1668085275927,0.027014892020182077,28530684.849557742,2022-11-10
1035,1668088923326,0.027881896139963128,28383456.91855369,2022-11-10
1036,1668092472637,0.027421137955185283,28660755.646812722,2022-11-10
1037,1668096101112,0.02682772115265369,28360856.645033292,2022-11-10
1038,1668099673735,0.02662371191871263,27903742.54233902,2022-11-10
1039,1668103239877,0.026697441129563782,28354273.729728136,2022-11-10
1040,1668106831246,0.02709261263539837,28376337.48649067,2022-11-10
1041,1668110516391,0.027017692020580575,28461166.225545436,2022-11-10
1042,1668114086075,0.02708576067745523,28280420.178772513,2022-11-10
1043,1668117682764,0.027685987051311756,28989702.70696571,2022-11-10
1044,1668121229731,0.02716149866998724,28548816.499346174,2022-11-11
1045,1668124819255,0.027242703137603127,28545810.71492655,2022-11-11
1046,1668128417384,0.027096011846031217,28450794.866913147,2022-11-11
1047,1668132015840,0.02713096234400075,28404595.20366389,2022-11-11
1048,1668135702743,0.02700489015114852,28266592.04731711,2022-11-11
1049,1668139294824,0.026910724837474434,28239225.098560676,2022-11-11
1050,1668142832740,0.027024493350836738,28475958.826669093,2022-11-11
1051,1668146452948,0.027217235125104895,28631700.29197035,2022-11-11
1052,1668150115732,0.027194245427937677,28495896.9612683,2022-11-11
1053,1668153649028,0.027294523631949022,28601894.121856418,2022-11-11
1054,1668157256147,0.027006472024735866,28372128.538291138,2022-11-11
1055,1668160845330,0.026984458248225297,28322314.882706,2022-11-11
1056,1668164408439,0.027217697512665784,28582003.488030873,2022-11-11
1057,1668168023032,0.02721949677434989,28647790.453353833,2022-11-11
1058,1668171690085,0.027212097493166085,28559100.58923104,2022-11-11
1059,1668175248928,0.027034634837060426,28401866.550106414,2022-11-11
1060,1668178834941,0.02666183268147977,28402418.407487977,2022-11-11
1061,1668182411826,0.027034872155820896,28551951.61374801,2022-11-11
1062,1668186068672,0.027056089945512913,28133568.792815894,2022-11-11
1063,1668189708823,0.027042412022288867,28290677.925341975,2022-11-11
1064,1668193300932,0.027031156512991605,28399061.643603325,2022-11-11
1065,1668196891130,0.027040841477705264,28341539.55133064,2022-11-11
1066,1668200450964,0.02710490442477331,28450950.72639583,2022-11-11
1067,1668204069720,0.02724710904834307,28621691.824866634,2022-11-11
1068,1668207700390,0.027178959051305244,28546200.799517937,2022-11-12
1069,1668211262448,0.027333517704508172,28585517.377023637,2022-11-12
1070,1668214844294,0.027333274411459853,28649044.821676135,2022-11-12
1071,1668218438485,0.027255720043562446,28749650.992575917,2022-11-12
1072,1668222041328,0.0273735032073845,28728959.58377703,2022-11-12
1073,1668225711548,0.027243680690934385,28656270.788932893,2022-11-12
1074,1668229284191,0.02737933749891546,28790489.800789118,2022-11-12
1075,1668232874722,0.027071864896900773,28388493.29054621,2022-11-12
1076,1668236407724,0.02711596782583651,28442187.731636934,2022-11-12
1077,1668240052159,0.0269789763611262,28474625.51847616,2022-11-12
1078,1668243649184,0.02698622639103547,28290761.183778167,2022-11-12
1079,1668247245917,0.027013967896361412,28354267.10393106,2022-11-12
1080,1668250879647,0.02698445925863619,28339471.803447142,2022-11-12
1081,1668254505387,0.026995447464076776,28312959.950413078,2022-11-12
1082,1668258090601,0.02697942834415161,28331256.394396063,2022-11-12
1083,1668261605148,0.02680460100007346,28207097.28889353,2022-11-12
1084,1668265278926,0.026439110785438227,27732593.548917677,2022-11-12
1085,1668268814413,0.02692521537690699,28299367.78025986,2022-11-12
1086,1668272507940,0.0269363548629666,28259889.402659964,2022-11-12
1087,1668276012937,0.027015688864342684,28366852.165431898,2022-11-12
1088,1668279722346,0.02704508343759242,28362931.811499752,2022-11-12
1089,1668283297787,0.027005090702073572,28349708.0441881,2022-11-12
1090,1668286813652,0.026920004348358808,28361929.903431706,2022-11-12
1091,1668290428043,0.026987350782123477,28252928.795312125,2022-11-12
1092,1668294085213,0.028098229188717107,28417509.180364415,2022-11-13
1093,1668297701679,0.027930285534365433,29388847.947988864,2022-11-13
1094,1668301270944,0.02776535396976865,29097989.87721869,2022-11-13
1095,1668304827155,0.02775675382002662,29125603.15679633,2022-11-13
1096,1668308459277,0.027596887751606965,28997178.177770723,2022-11-13
1097,1668312071097,0.028041999564864837,29447428.69798162,2022-11-13
1098,1668315669394,0.027806047460363612,29111786.998730987,2022-11-13
1099,1668319249488,0.027667155519524835,29001878.40690024,2022-11-13
1100,1668322851011,0.02770716893869086,28981635.875425875,2022-11-13
1101,1668326507017,0.027576424168034033,29014804.282468047,2022-11-13
1102,1668330102907,0.027682160624774167,29068817.056451645,2022-11-13
1103,1668333719456,0.027009421187973382,28302611.005206976,2022-11-13
1104,1668337281419,0.027094256832866592,28470734.383326538,2022-11-13
1105,1668340858977,0.02711402889281023,28466218.39537216,2022-11-13
1106,1668344425951,0.0271298274087082,28463317.736862905,2022-11-13
1107,1668348021071,0.026849658257588813,28192707.175682146,2022-11-13
1108,1668351641936,0.026943924939610016,28261874.595020227,2022-11-13
1109,1668355248704,0.0268842458962375,28163765.458035182,2022-11-13
1110,1668358845637,0.026932246671768193,28246924.381369777,2022-11-13
1111,1668362480608,0.02670879949056761,28056695.23020824,2022-11-13
1112,1668366094711,0.02668260455176171,28037594.513658527,2022-11-13
1113,1668369712639,0.026725645555034927,28075825.611050915,2022-11-13
1114,1668373288647,0.02669677330605484,28008647.759350713,2022-11-13
1115,1668376920359,0.026490749638469802,27816318.007259026,2022-11-13
1116,1668380479798,0.026412639230687537,27709089.706258837,2022-11-14
1117,1668384076351,0.026086841628632278,27453068.908864483,2022-11-14
1118,1668387686129,0.026053713212854167,27351483.623825956,2022-11-14
1119,1668391273917,0.025992137278477732,27291092.633413814,2022-11-14
1120,1668394890293,0.02561048318028783,26837579.831369866,2022-11-14
1121,1668398476436,0.025257347880983685,26688987.86205193,2022-11-14
1122,1668402063620,0.02491105665590627,26166704.905272022,2022-11-14
1123,1668405704359,0.02436191381970165,26146361.625770498,2022-11-14
1124,1668409314615,0.025487920428962512,25551181.26436166,2022-11-14
1125,1668412897352,0.026184949407645992,27206180.844528046,2022-11-14
1126,1668416504790,0.026079198693432382,27176141.488096785,2022-11-14
1127,1668420128445,0.026059002154309792,27366946.8739183,2022-11-14
1128,1668423625434,0.026019869245265483,27242498.385623004,2022-11-14
1129,1668427306669,0.02606730407113445,27334047.656411026,2022-11-14
1130,1668430833286,0.025452680402569722,26516573.750591885,2022-11-14
1131,1668434506398,0.02635111633869599,27291336.351734698,2022-11-14
1132,1668438102237,0.02557222265486867,27100813.318268616,2022-11-14
1133,1668441657926,0.024983206422730577,26171251.302417807,2022-11-14
1134,1668445306329,0.024697589400909582,26144546.565667428,2022-11-14
1135,1668448905824,0.024725351568409132,25979033.396324858,2022-11-14
1136,1668452411882,0.02475149524227128,25971450.51998862,2022-11-14
1137,1668456117970,0.02445198903880361,25719638.01369755,2022-11-14
1138,1668459669526,0.02426839232241112,25533722.410535578,2022-11-14
1139,1668463290695,0.024151948055665062,25222561.67026993,2022-11-14
1140,1668466889452,0.024433336941014856,25628488.88873549,2022-11-15
1141,1668470445228,0.02449441806280198,25727100.377520505,2022-11-15
1142,1668474087905,0.02416849298745049,25434243.56489202,2022-11-15
1143,1668477743196,0.024127351395772458,25390283.040867604,2022-11-15
1144,1668481273941,0.024159487525236934,25317571.968528718,2022-11-15
1145,1668484884923,0.02426295208808229,25450262.3026974,2022-11-15
1146,1668488533844,0.024323587459030297,25555431.640319776,2022-11-15
1147,1668488723049,0.024323587459030297,25555431.640319776,2022-11-15
1148,1668492060478,0.024323149031421736,25529529.18683261,2022-11-15
1149,1668495750288,0.024366710895502887,25497950.438424926,2022-11-15
1150,1668499324039,0.02447528294093194,25590411.085278373,2022-11-15
1151,1668502836827,0.024493137226372873,25697495.82700716,2022-11-15
1152,1668506429074,0.024496056952180784,25649934.65601271,2022-11-15
1153,1668510087950,0.024568521736227818,25790804.334405623,2022-11-15
1154,1668513899240,0.024581295587976525,25756165.470350973,2022-11-15
1155,1668517299037,0.024722788747033323,25937967.57209544,2022-11-15
1156,1668520876466,0.024810128302408873,26078132.965152655,2022-11-15
1157,1668524560943,0.0248772424289314,26109877.6154125,2022-11-15
1158,1668528094509,0.02481609592103043,26064998.61447575,2022-11-15
1159,1668531713180,0.02489806783919782,26127449.469806008,2022-11-15
1160,1668535301029,0.02486756368520501,26083392.94780124,2022-11-15
1161,1668538904114,0.024706883704688324,26027500.746020764,2022-11-15
1162,1668542500806,0.024290723556464538,25646154.533569857,2022-11-15
1163,1668546073080,0.02443613864312751,25637219.928958315,2022-11-15
1164,1668549682675,0.024386767770561608,25582708.28718679,2022-11-15
1165,1668553329154,0.0242886717428245,25512178.89147255,2022-11-16
1166,1668556864157,0.024302607849579716,25524448.02070777,2022-11-16
1167,1668560477799,0.024662219491584977,25866667.820602905,2022-11-16
1168,1668564094553,0.0246844831487287,25859260.047631152,2022-11-16
1169,1668567671968,0.024658291609548175,25906976.284391593,2022-11-16
1170,1668571258206,0.024622079418015686,25841676.140316445,2022-11-16
1171,1668574852759,0.02465014868344976,25874878.256986596,2022-11-16
1172,1668578456775,0.02464655549534054,25921117.421516933,2022-11-16
1173,1668582045592,0.02454149399222059,25787441.986363962,2022-11-16
1174,1668585663539,0.024676080853546726,25785883.923648383,2022-11-16
1175,1668589307162,0.024637523919755218,25868111.74802069,2022-11-16
1176,1668592817861,0.024543806941699265,25752610.039615646,2022-11-16
1177,1668596446845,0.025037831421858215,26258325.596217915,2022-11-16
1178,1668600018656,0.02476735063006866,25993231.044220485,2022-11-16
1179,1668603645762,0.02456372185107837,25771617.502763413,2022-11-16
1180,1668607271797,0.024277076048575468,25638847.497456506,2022-11-16
1181,1668610859842,0.024304842329059308,25528940.21599864,2022-11-16
1182,1668614477955,0.0243238777850104,25563150.403306883,2022-11-16
1183,1668618075159,0.024301773901072625,25502744.912960183,2022-11-16
1184,1668621696117,0.024400509656935278,25546301.39948132,2022-11-16
1185,1668625209804,0.02431669592328262,25552932.976144448,2022-11-16
1186,1668628853235,0.024228725872432248,25437053.29924096,2022-11-16
1187,1668632493949,0.024235050038406165,25461294.85696529,2022-11-16
1188,1668636086882,0.024260654207924878,25522416.686381318,2022-11-16
1189,1668639630178,0.02421639308968965,25474856.970062762,2022-11-17
1190,1668643294265,0.024252747594058134,25380809.790061004,2022-11-17
1191,1668646884167,0.024236610086530906,25400892.384688914,2022-11-17
1192,1668650509893,0.024200442376434813,25410524.63341059,2022-11-17
1193,1668654032576,0.024210683274654612,25354092.235401705,2022-11-17
1194,1668657629387,0.024142992242298586,25360082.05424607,2022-11-17
1195,1668661285870,0.024129457785148033,25307643.50072361,2022-11-17
1196,1668664862333,0.024010926411412132,25236968.724295944,2022-11-17
1197,1668668472198,0.02394682437112313,25320744.25419335,2022-11-17
1198,1668672081007,0.024026322539689858,25220727.559983846,2022-11-17
1199,1668675695512,0.02400809868196407,25185514.92362361,2022-11-17
1200,1668679283003,0.023874199196036693,25193557.18441633,2022-11-17
1201,1668682879646,0.023794285129153013,24924525.01667816,2022-11-17
1202,1668686567337,0.023693800700126926,24879667.275238376,2022-11-17
1203,1668690033481,0.023546072080821236,24710284.206010558,2022-11-17
1204,1668693612237,0.02362950271361261,24839490.53787043,2022-11-17
1205,1668697276741,0.023280914138683034,24415448.4010534,2022-11-17
1206,1668700872645,0.023435964046736993,24625346.13586054,2022-11-17
1207,1668704461532,0.023492114311625015,24504281.928068746,2022-11-17
1208,1668708075058,0.023314052314396944,24503982.17828619,2022-11-17
1209,1668711651895,0.023365462258401686,24527495.804804176,2022-11-17
1210,1668715249328,0.02329187796173426,24506486.424197633,2022-11-17
1211,1668718846371,0.023155066405117882,24281735.398868196,2022-11-17
1212,1668722500962,0.02330940282945615,24414584.422019005,2022-11-17
1213,1668726115028,0.023522144897300194,24664141.39480573,2022-11-18
1214,1668729671589,0.023550595598364477,24717720.02040012,2022-11-18
1215,1668733284120,0.02357905471373606,24741759.93849701,2022-11-18
1216,1668736886588,0.023599887893359324,24951042.117385905,2022-11-18
1217,1668740520535,0.023658637050684005,24844812.137683254,2022-11-18
1218,1668744106240,0.023618197648108505,24819525.56928984,2022-11-18
1219,1668747680751,0.02352578246167092,24748927.54774692,2022-11-18
1220,1668751208106,0.02353943748019092,24770196.14574381,2022-11-18
1221,1668754845559,0.023561921061871865,24744420.807419505,2022-11-18
1222,1668758445905,0.023586608584514956,24755230.575539522,2022-11-18
1223,1668762044566,0.023468631693613587,24643663.91144189,2022-11-18
1224,1668765649462,0.023507163321960206,24716164.997520607,2022-11-18
1225,1668769241469,0.02346640902828327,24819472.780680288,2022-11-18
1226,1668772849339,0.02334449426399659,24518223.89918105,2022-11-18
1227,1668776421933,0.023093774324580096,24247748.308428086,2022-11-18
1228,1668780086311,0.023143673997926655,24298180.157265298,2022-11-18
1229,1668783656593,0.023152097758482693,24237644.48133984,2022-11-18
1230,1668787309121,0.023345802993001846,24556421.130412277,2022-11-18
1231,1668790845767,0.02324448325039103,24456795.13202003,2022-11-18
1232,1668794470752,0.02324791960367184,24373003.679490108,2022-11-18
1233,1668798075302,0.02328480023115605,24425827.478176683,2022-11-18
1234,1668801667474,0.023322663276057302,24466714.286502033,2022-11-18
1235,1668805289503,0.023546152435873356,24702351.170389306,2022-11-18
1236,1668808899129,0.02362801385681106,24766242.055546463,2022-11-18
1237,1668812481825,0.023603825905155782,24806997.221708637,2022-11-19
1238,1668816063003,0.023641580704312826,24782227.6164198,2022-11-19
1239,1668819674559,0.023690268685041774,24862955.30023632,2022-11-19
1240,1668823299397,0.023463547759914858,24707589.01780505,2022-11-19
1241,1668826889039,0.023336361604018283,24506287.76324107,2022-11-19
1242,1668830427226,0.023229708648174873,24417905.061018985,2022-11-19
1243,1668834066386,0.023318367469921004,24445149.222724777,2022-11-19
1244,1668837662229,0.023339279468309024,24478818.40566034,2022-11-19
1245,1668841264910,0.023236336340912156,24314405.29276559,2022-11-19
1246,1668844911797,0.02324114623706935,24434827.765639488,2022-11-19
1247,1668848461885,0.023204337431011513,24381792.083238386,2022-11-19
1248,1668852102069,0.02328663312037416,24348771.849482667,2022-11-19
1249,1668855675729,0.023274936736676754,24435832.22260175,2022-11-19
1250,1668859274596,0.023331905311855056,24502189.79028661,2022-11-19
1251,1668862840482,0.02323614003818929,24399481.18857857,2022-11-19
1252,1668866434769,0.023189585263426033,24355172.267400093,2022-11-19
1253,1668870113351,0.02309917389786616,24214856.39893567,2022-11-19
1254,1668873617053,0.02264635608446822,23741624.134461977,2022-11-19
1255,1668877277129,0.022550643478594014,23655513.26061647,2022-11-19
1256,1668880804558,0.02209598327943807,23146367.57858839,2022-11-19
1257,1668884403410,0.022186853594804927,23304851.909623608,2022-11-19
1258,1668888013898,0.022248588378529,23309241.940730955,2022-11-19
1259,1668891619348,0.022233938777301197,23345613.09453743,2022-11-19
1260,1668895284536,0.022178932834434586,23271475.224766716,2022-11-19
1261,1668898891267,0.022145717925000915,23294371.166575026,2022-11-20
1262,1668902458296,0.022070099717120793,23166908.547448568,2022-11-20
1263,1668906089171,0.022233672407501154,23329263.827362146,2022-11-20
1264,1668909695113,0.022165152298198588,23298768.341066,2022-11-20
1265,1668913269949,0.022152600014941452,23175002.043918338,2022-11-20
1266,1668916886250,0.022126052254748143,23206913.014513373,2022-11-20
1267,1668920486192,0.022226489964846073,23265757.544661593,2022-11-20
1268,1668924087172,0.022835580835658047,23985806.217352595,2022-11-20
1269,1668927665564,0.022897672671265565,23978734.115648206,2022-11-20
1270,1668931242864,0.02343622689122873,24184819.892736245,2022-11-20
1271,1668934900008,0.024768106036260822,26082082.874496456,2022-11-20
1272,1668938433718,0.024988913867012828,26341850.188466754,2022-11-20
1273,1668942067808,0.02394020293805434,25036867.092129935,2022-11-20
1274,1668945689198,0.023590146026514977,24651879.513910078,2022-11-20
1275,1668949251823,0.02367737340770536,24865915.628763385,2022-11-20
1276,1668952889974,0.023730315968186047,24971854.035618607,2022-11-20
1277,1668956444864,0.023920006182576913,25106987.178648353,2022-11-20
1278,1668960079411,0.023666212964309524,24796695.961878397,2022-11-20
1279,1668963731341,0.023473268476218875,24615995.948270008,2022-11-20
