,Time,open,mktcap,Date
0,1608163200000,0.12090320886073201,148533348.89953634,2020-12-17
1,1608249600000,0.12090320886073201,148533348.89953634,2020-12-18
2,1608336000000,0.26126895319207416,316635793.9194058,2020-12-19
3,1608422400000,0.4826978020454193,582798809.899085,2020-12-20
4,1608508800000,0.7497980849352759,901632901.026967,2020-12-21
5,1608595200000,0.4802369987178718,577508741.1402067,2020-12-22
6,1608681600000,0.5342998925509658,654517068.0983934,2020-12-23
7,1608768000000,0.40856502625166335,516332242.92339766,2020-12-24
8,1608854400000,0.41261777614343237,501062453.30416423,2020-12-25
9,1608940800000,0.35733915084569456,444295979.4638916,2020-12-26
10,1609027200000,0.48311384419010417,587413059.5586258,2020-12-27
11,1609113600000,0.39631375676322217,483938259.6802182,2020-12-28
12,1609200000000,0.38201806342754874,471107660.7265802,2020-12-29
13,1609286400000,0.37112752703574076,446226899.1669494,2020-12-30
14,1609372800000,0.3748375647176249,461509269.9330805,2020-12-31
15,1609459200000,0.35083089348560426,429990212.63158315,2021-01-01
16,1609545600000,0.3625663593229014,443664944.1979385,2021-01-02
17,1609632000000,0.327937277427722,399666458.1085417,2021-01-03
18,1609718400000,0.2971985411880418,369799836.48396796,2021-01-04
19,1609804800000,0.30086466104266046,368971702.87880087,2021-01-05
20,1609891200000,0.3343369927062414,409181587.03700656,2021-01-06
21,1609977600000,0.3708021325870961,459045307.95562315,2021-01-07
22,1610064000000,0.34747863219571423,424344646.29718494,2021-01-08
23,1610150400000,0.32967384846232506,403865136.5683111,2021-01-09
24,1610236800000,0.35031799216508624,432094381.74239373,2021-01-10
25,1610323200000,0.32805884136802416,400968791.67887783,2021-01-11
26,1610409600000,0.2901849562044731,354423042.43226254,2021-01-12
27,1610496000000,0.2763008107431417,338041139.2607624,2021-01-13
28,1610582400000,0.32666802645539833,399420524.5758694,2021-01-14
29,1610668800000,0.3337795884479543,407302298.68955016,2021-01-15
30,1610755200000,0.3382201438363142,415520594.2876502,2021-01-16
31,1610841600000,0.4691126530107781,574246496.3193585,2021-01-17
32,1610928000000,0.52480628619807,653914358.2801067,2021-01-18
33,1611014400000,0.6186069498009007,764038641.3393757,2021-01-19
34,1611100800000,0.5392483074794595,659083306.0467894,2021-01-20
35,1611187200000,0.5244481220564519,637036288.7513814,2021-01-21
36,1611273600000,0.44031433975373463,545805085.893474,2021-01-22
37,1611360000000,0.5092727916368516,626727349.1872367,2021-01-23
38,1611446400000,0.5856224340568974,711542155.2265086,2021-01-24
39,1611532800000,0.5574040601006033,683754466.486257,2021-01-25
40,1611619200000,0.5313986780902848,653233876.9412552,2021-01-26
41,1611705600000,0.5363825408644367,657517731.293615,2021-01-27
42,1611792000000,0.48660167683409883,592958346.5431087,2021-01-28
43,1611878400000,0.5652879317430903,701298033.8840876,2021-01-29
44,1611964800000,0.5535763736015822,679014559.1033908,2021-01-30
45,1612051200000,0.6356639511411759,778687982.9047999,2021-01-31
46,1612137600000,0.7974154278497956,983970518.7903799,2021-02-01
47,1612224000000,0.7788477324485616,954452928.7997241,2021-02-02
48,1612310400000,0.7574952274867071,930576746.9934144,2021-02-03
49,1612396800000,0.8269461691910601,1015994986.0206879,2021-02-04
50,1612483200000,0.8121773828746445,997624281.814528,2021-02-05
51,1612569600000,0.9467702523420479,1162485238.4982002,2021-02-06
52,1612656000000,0.8655992344270244,1057428970.2051176,2021-02-07
53,1612742400000,0.9134215196720211,1115734884.9775012,2021-02-08
54,1612828800000,0.9737531671135511,1185948731.9932952,2021-02-09
55,1612915200000,1.0543594924362496,1294499919.2512958,2021-02-10
56,1613001600000,1.258921072013489,1518013599.395835,2021-02-11
57,1613088000000,2.046628946749041,2492621450.6668987,2021-02-12
58,1613174400000,2.2541213636837973,2788080075.0201344,2021-02-13
59,1613260800000,2.344028601426727,2878164921.147251,2021-02-14
60,1613347200000,2.1864778698411307,2678080347.3063235,2021-02-15
61,1613433600000,2.126541816193975,2575637720.5003276,2021-02-16
62,1613520000000,2.0694250024664766,2539272893.8933387,2021-02-17
63,1613606400000,2.186576833899654,2672242440.076456,2021-02-18
64,1613692800000,2.2995654386337403,2815683191.0304856,2021-02-19
65,1613779200000,2.180627955360301,2640763907.6763563,2021-02-20
66,1613865600000,2.3188116951366564,2771467854.4268217,2021-02-21
67,1613952000000,2.281794308749336,2792862802.1127086,2021-02-22
68,1614038400000,2.0294784131436447,2473689361.080102,2021-02-23
69,1614124800000,1.6926715867387596,2038196885.7282705,2021-02-24
70,1614211200000,1.8991188004894395,2305020295.5114,2021-02-25
71,1614297600000,1.7185332248255656,2107347735.6528494,2021-02-26
72,1614384000000,1.730389859128349,2105436962.7326834,2021-02-27
73,1614470400000,1.6968898440264266,2082799539.3117723,2021-02-28
74,1614556800000,1.574870751496423,1929983574.4877796,2021-03-01
75,1614643200000,1.9117923456709827,2320697237.9847307,2021-03-02
76,1614729600000,1.8330852977787055,2237801593.6735516,2021-03-03
77,1614816000000,1.9763175869188556,2429881929.4333878,2021-03-04
78,1614902400000,1.8647531691385686,2288592306.1024427,2021-03-05
79,1614988800000,1.841687513100611,2246696167.71788,2021-03-06
80,1615075200000,1.8007529950600139,2205921406.925334,2021-03-07
81,1615161600000,1.8832424051007008,2307525129.6573734,2021-03-08
82,1615248000000,1.9070899216593824,2335150868.5215178,2021-03-09
83,1615334400000,2.130912400642977,2610663679.272117,2021-03-10
84,1615420800000,2.0311610767609825,2486948342.060618,2021-03-11
85,1615507200000,1.9121524683887943,2337434530.5589104,2021-03-12
86,1615593600000,1.730998759635155,2108257744.8455036,2021-03-13
87,1615680000000,1.79488563999977,2197845857.795792,2021-03-14
88,1615766400000,1.7421039272707433,2153761026.425063,2021-03-15
89,1615852800000,1.7159964843461226,2110190648.8036,2021-03-16
90,1615939200000,1.7193489666365855,2089978723.1417685,2021-03-17
91,1616025600000,1.7308979843746846,2116247970.851672,2021-03-18
92,1616112000000,1.687572726476467,2073807993.2149048,2021-03-19
93,1616198400000,1.698170207918864,2080033025.0166535,2021-03-20
94,1616284800000,1.7207711745056795,2112548009.0074084,2021-03-21
95,1616371200000,1.698818329138674,2076698107.6348042,2021-03-22
96,1616457600000,1.5582726103697548,1919245676.6075857,2021-03-23
97,1616544000000,1.5107629593956267,1847384873.420298,2021-03-24
98,1616630400000,1.3800373771274341,1719852735.119425,2021-03-25
99,1616716800000,1.3355923792851503,1629392919.919835,2021-03-26
100,1616803200000,1.556663219363838,1907867268.6660635,2021-03-27
101,1616889600000,1.4656590741040751,1798952184.5721498,2021-03-28
102,1616976000000,1.8079169449055792,2218790269.840703,2021-03-29
103,1617062400000,1.770697089071797,2165433197.849228,2021-03-30
104,1617148800000,1.7645227723435029,2160502754.6177735,2021-03-31
105,1617235200000,1.717220172828534,2103712374.364874,2021-04-01
106,1617321600000,1.776094789306529,2181654244.489084,2021-04-02
107,1617408000000,1.8844255378406152,2314924270.624263,2021-04-03
108,1617494400000,1.6814048988573151,2074361331.1046317,2021-04-04
109,1617580800000,1.7616378857864738,2160284063.5338945,2021-04-05
110,1617667200000,1.817286818161656,2226353919.8061166,2021-04-06
111,1617753600000,1.7634725535465055,2156542071.767474,2021-04-07
112,1617840000000,1.6589451561317101,2055052659.1236742,2021-04-08
113,1617926400000,1.7519066660561105,2141575616.1561346,2021-04-09
114,1618012800000,1.7389581647789678,2133544432.7311697,2021-04-10
115,1618099200000,1.8960593713756047,2330731473.000869,2021-04-11
116,1618185600000,1.9021777329479117,2321444018.5965204,2021-04-12
117,1618272000000,2.020429039618286,2481726806.3798537,2021-04-13
118,1618358400000,1.9295010570217175,2365767579.7912507,2021-04-14
119,1618444800000,2.025427224075948,2485747655.9842496,2021-04-15
120,1618531200000,2.092442087825763,2562988254.1056857,2021-04-16
121,1618617600000,1.9986840258665415,2453562984.3680987,2021-04-17
122,1618704000000,1.9438631154373802,2381292841.8411827,2021-04-18
123,1618790400000,1.7056711770864426,2089446233.343691,2021-04-19
124,1618876800000,1.5630132058675643,1934114220.8725104,2021-04-20
125,1618963200000,1.574542738260787,1933927377.0243893,2021-04-21
126,1619049600000,1.5318948779159633,1890382089.5981855,2021-04-22
127,1619136000000,1.4257616353531508,1749679005.6296935,2021-04-23
128,1619222400000,1.3925528204721014,1697763201.5999458,2021-04-24
129,1619308800000,1.2543014729922504,1551398624.1267598,2021-04-25
130,1619395200000,1.2551530946184544,1532208351.8219938,2021-04-26
131,1619481600000,1.4539100885124627,1776020768.8719585,2021-04-27
132,1619568000000,1.55170678772846,1892940581.0319417,2021-04-28
133,1619654400000,1.5335333751397702,1867147953.2022812,2021-04-29
134,1619740800000,1.4960137512000544,1838926954.7804742,2021-04-30
135,1619827200000,1.555763112462966,1902559775.4845018,2021-05-01
136,1619913600000,1.6600216014416638,2034152734.7427626,2021-05-02
137,1620000000000,1.6108462148875022,1973399129.4191575,2021-05-03
138,1620086400000,1.5909911542410613,1953678052.256833,2021-05-04
139,1620172800000,1.426779167177445,1768772850.8628697,2021-05-05
140,1620259200000,1.538496296715391,1888492760.4007428,2021-05-06
141,1620345600000,1.6027553978062186,1966374986.7364368,2021-05-07
142,1620432000000,1.5983292789512802,1957893274.6871476,2021-05-08
143,1620518400000,1.5808270669909124,1929423023.5147414,2021-05-09
144,1620604800000,1.5352984596889656,1880271344.1184368,2021-05-10
145,1620691200000,1.3875339855393116,1704424204.0652308,2021-05-11
146,1620777600000,1.4630934954712733,1797440996.724546,2021-05-12
147,1620864000000,1.2817306849453476,1630747385.7792037,2021-05-13
148,1620950400000,1.3101861254956078,1597993386.2830813,2021-05-14
149,1621036800000,1.3625515866653088,1668696555.5478036,2021-05-15
150,1621123200000,1.311377146116983,1613019067.6958032,2021-05-16
151,1621209600000,1.30173419790451,1581754684.8736036,2021-05-17
152,1621296000000,1.1947550237745619,1475835790.0082285,2021-05-18
153,1621382400000,1.2280967999836645,1496465971.0560231,2021-05-19
154,1621468800000,0.7648931404415356,947901563.5982659,2021-05-20
155,1621555200000,0.9031875937659885,1096641757.5442674,2021-05-21
156,1621641600000,0.8368107139434969,1032429397.9604092,2021-05-22
157,1621728000000,0.7922738575798308,969355613.2760755,2021-05-23
158,1621814400000,0.6579180877911169,798414313.7957075,2021-05-24
159,1621900800000,0.8209995281878578,1002481250.8258045,2021-05-25
160,1621987200000,0.819169727238466,1004830802.0257888,2021-05-26
161,1622073600000,0.8432666608108633,1031527627.1767669,2021-05-27
162,1622160000000,0.7690749344822104,944364468.4905775,2021-05-28
163,1622246400000,0.652541941480488,800329162.7309309,2021-05-29
164,1622332800000,0.6278676201123023,774436823.984646,2021-05-30
165,1622419200000,0.7375615283218804,904907402.2241611,2021-05-31
166,1622505600000,0.7927610055419337,973801080.0802964,2021-06-01
167,1622592000000,0.7672520440787538,941088758.5741662,2021-06-02
168,1622678400000,0.7684248935108314,941012986.2497014,2021-06-03
169,1622764800000,0.9557217335517312,1172040112.2860544,2021-06-04
170,1622851200000,0.8057796379922695,990791525.9759288,2021-06-05
171,1622937600000,0.7535517692438106,917869640.4419258,2021-06-06
172,1623024000000,0.7808752691859693,956563232.1658281,2021-06-07
173,1623110400000,0.6906647458043389,852134190.688024,2021-06-08
174,1623196800000,0.6963061507068119,855237643.844582,2021-06-09
175,1623283200000,0.7100016519843966,870401037.5633174,2021-06-10
176,1623369600000,0.6650664773455399,815558038.3039693,2021-06-11
177,1623456000000,0.6145807250174995,752265014.0109357,2021-06-12
178,1623542400000,0.6048091270857081,744252902.3521241,2021-06-13
179,1623628800000,0.6898823879774348,838673302.9346433,2021-06-14
180,1623715200000,0.6826246725360617,834419579.1142434,2021-06-15
181,1623801600000,0.7216016032973417,885514925.5886683,2021-06-16
182,1623888000000,0.6772023386994743,828413764.7930945,2021-06-17
183,1623974400000,0.6867482842061737,837308107.5629375,2021-06-18
184,1624060800000,0.6127467728524579,752808926.3545743,2021-06-19
185,1624147200000,0.605060779755478,1749670490.1524243,2021-06-20
186,1624233600000,0.6435038274376145,1867017395.3609855,2021-06-21
187,1624320000000,0.5097361607592847,1494449683.0589104,2021-06-22
188,1624406400000,0.49026038236336084,1420521840.1808565,2021-06-23
189,1624492800000,0.6047563955788657,1742075562.216529,2021-06-24
190,1624579200000,0.6008317412644901,1742315777.8135521,2021-06-25
191,1624665600000,0.5369215384268905,1557977617.1388996,2021-06-26
192,1624752000000,0.541936845887373,1565006978.560637,2021-06-27
193,1624838400000,0.5583786034220222,1615261416.8711996,2021-06-28
194,1624924800000,0.5709470239682546,1655169574.964196,2021-06-29
195,1625011200000,0.5786294203909497,1681226870.5844808,2021-06-30
196,1625097600000,0.5894868890410061,1708266542.661784,2021-07-01
197,1625184000000,0.5427371957343236,1571006964.5301054,2021-07-02
198,1625270400000,0.5966645379839131,1726029665.8780758,2021-07-03
199,1625356800000,0.6776505416691954,1954486645.238093,2021-07-04
200,1625443200000,0.7193505943949067,2087549034.863576,2021-07-05
201,1625529600000,0.7429333762786116,2160632778.3781476,2021-07-06
202,1625616000000,0.7048732196005232,2042654515.1565137,2021-07-07
203,1625702400000,0.7096509319712495,2056499864.1849732,2021-07-08
204,1625788800000,0.6531992237695852,1892255592.7890477,2021-07-09
205,1625875200000,0.6929874486934617,2008271320.8307488,2021-07-10
206,1625961600000,0.6861796609504136,1988696116.8206658,2021-07-11
207,1626048000000,0.7117748562571755,2063662990.3317435,2021-07-12
208,1626134400000,0.6775512352370373,1960561927.7413957,2021-07-13
209,1626220800000,0.6321935863126562,1830995753.079251,2021-07-14
210,1626307200000,0.6379281581271005,1844294938.2348404,2021-07-15
211,1626393600000,0.5964136254180264,1722753305.3526833,2021-07-16
212,1626480000000,0.5798610757558543,1677404653.518483,2021-07-17
213,1626566400000,0.5592277749673056,1621078137.4790022,2021-07-18
214,1626652800000,0.555824773346695,1612985149.0952294,2021-07-19
215,1626739200000,0.5084893658894116,1489249077.0701065,2021-07-20
216,1626825600000,0.4963278087852721,1438427837.9017715,2021-07-21
217,1626912000000,0.5555296597827929,1604199619.094616,2021-07-22
218,1626998400000,0.5560852957407555,1611481481.4510174,2021-07-23
219,1627084800000,0.5537503697822196,1603006257.93112,2021-07-24
220,1627171200000,0.549512858226331,1592449417.6856759,2021-07-25
221,1627257600000,0.5434576608577973,1574887931.511908,2021-07-26
222,1627344000000,0.5495511276293648,1600014758.9169424,2021-07-27
223,1627430400000,0.5654611391969657,1635630007.238088,2021-07-28
224,1627516800000,0.5591572077128826,2636837326.745352,2021-07-29
225,1627603200000,0.5895028071978583,2784189333.549731,2021-07-30
226,1627689600000,0.5970999840461011,2816778093.4014807,2021-07-31
227,1627776000000,0.6304894629966208,2980506343.87292,2021-08-01
228,1627862400000,0.6598788314665908,3103421917.063246,2021-08-02
229,1627948800000,0.6948885988431875,3264100218.9289355,2021-08-03
230,1628035200000,0.6485123944242086,3059271937.084597,2021-08-04
231,1628121600000,0.6680880811158199,3161950910.4921703,2021-08-05
232,1628208000000,0.7002381834720888,3301858895.4268684,2021-08-06
233,1628294400000,0.7019491227266617,3313176562.3190923,2021-08-07
234,1628380800000,0.7303767965178481,3436749371.9004,2021-08-08
235,1628467200000,0.6697749146821048,3163453402.37562,2021-08-09
236,1628553600000,0.7085074936847148,3319937066.5142164,2021-08-10
237,1628640000000,0.7466497029439596,3511789990.3627205,2021-08-11
238,1628726400000,0.7987769538508231,3767543971.5469313,2021-08-12
239,1628812800000,0.8757341237396757,4087575516.6635823,2021-08-13
240,1628899200000,0.9247153259168952,4330120159.453843,2021-08-14
241,1628985600000,0.8991332549972092,4238508973.6460958,2021-08-15
242,1629072000000,0.8988958672483965,4238271716.223499,2021-08-16
243,1629158400000,0.8580173434363535,4089972923.7979217,2021-08-17
244,1629244800000,0.8678585300058274,4134074789.450907,2021-08-18
245,1629331200000,0.8611187511167531,4075456466.795959,2021-08-19
246,1629417600000,0.9640101434568847,4626688887.045411,2021-08-20
247,1629504000000,1.0384923795765595,5119600347.3997755,2021-08-21
248,1629590400000,0.9923523173578741,4937315705.516461,2021-08-22
249,1629676800000,1.066816567304107,5297817632.46828,2021-08-23
250,1629763200000,1.0250070434498852,5094225429.574017,2021-08-24
251,1629849600000,0.9273962551631193,4597638624.577446,2021-08-25
252,1629936000000,0.9530183444477175,4737613146.600581,2021-08-26
253,1630022400000,0.8784402206712048,4371961447.961371,2021-08-27
254,1630108800000,0.9209399938594488,4571415315.179832,2021-08-28
255,1630195200000,0.9157806276917263,4530240721.685674,2021-08-29
256,1630281600000,0.9212263301099493,4583570963.326087,2021-08-30
257,1630368000000,0.8525138324729717,4188716391.1306796,2021-08-31
258,1630454400000,0.8570876216523535,4246111745.121623,2021-09-01
259,1630540800000,0.9212416980089426,4555590169.121108,2021-09-02
260,1630627200000,0.9106832559299423,4512563575.040532,2021-09-03
261,1630713600000,0.913851574386887,4530089171.151117,2021-09-04
262,1630800000000,0.9538221256760167,4726675335.385851,2021-09-05
263,1630886400000,1.021864960542838,5056481501.71771,2021-09-06
264,1630972800000,1.0681302247265405,5287346620.058974,2021-09-07
265,1631059200000,0.8292848379582012,4111661981.336596,2021-09-08
266,1631145600000,0.8200503556710512,4073348283.3635607,2021-09-09
267,1631232000000,0.8541687008702407,4242015149.201824,2021-09-10
268,1631318400000,0.8077852562093963,4000468637.18833,2021-09-11
269,1631404800000,0.8707852676436711,4305218150.720841,2021-09-12
270,1631491200000,0.9216541475548804,4571942205.37037,2021-09-13
271,1631577600000,0.8421748460281618,4152184018.2441397,2021-09-14
272,1631664000000,0.8587967094517187,4252195724.0382276,2021-09-15
273,1631750400000,0.9050270241352757,4491409940.47577,2021-09-16
274,1631836800000,0.8599811863905525,4256794380.5019174,2021-09-17
275,1631923200000,0.8185521888660798,4065309296.7581143,2021-09-18
276,1632009600000,0.8330034043259936,4127140095.8118844,2021-09-19
277,1632096000000,0.8138998297335202,4034142812.1485987,2021-09-20
278,1632182400000,0.7007051887787976,3455638873.1547537,2021-09-21
279,1632268800000,0.6516099248968552,3215358228.6366596,2021-09-22
280,1632355200000,0.7369066578503694,3643041859.9307265,2021-09-23
281,1632441600000,0.7324929125187559,3630825442.4458976,2021-09-24
282,1632528000000,0.6905788154465123,3425995225.859909,2021-09-25
283,1632614400000,0.6846830790300955,3390832633.792123,2021-09-26
284,1632700800000,0.6728776146471103,3335146267.038363,2021-09-27
285,1632787200000,0.6611005973394576,3299267232.3833632,2021-09-28
286,1632873600000,0.6261093159522644,3109291168.030406,2021-09-29
287,1632960000000,0.63522220427447,3145674288.4015055,2021-09-30
288,1633046400000,0.6459031643075711,3205374124.4913745,2021-10-01
289,1633132800000,0.7075489034544002,3505733086.1966295,2021-10-02
290,1633219200000,0.7275719273120844,3604486689.4568996,2021-10-03
291,1633305600000,0.7376420958038596,3659089472.467145,2021-10-04
292,1633392000000,0.7148195911074425,3554448323.3507795,2021-10-05
293,1633478400000,0.7584474336172908,3758083795.470213,2021-10-06
294,1633564800000,0.7189734017882208,3564361973.0103602,2021-10-07
295,1633651200000,0.720525601490637,3570389341.7112117,2021-10-08
296,1633737600000,0.7115920346536769,3526220594.8304396,2021-10-09
297,1633824000000,0.7453078198507295,3697205195.3723555,2021-10-10
298,1633910400000,0.682277533014329,3384033676.95796,2021-10-11
299,1633996800000,0.6792537099573529,3364341279.103594,2021-10-12
300,1634083200000,0.6747836671518496,3348801075.7180233,2021-10-13
301,1634169600000,0.7040239021592731,3490716736.101821,2021-10-14
302,1634256000000,0.7156855170548552,3543841683.8340397,2021-10-15
303,1634342400000,0.8115454816044111,4026434060.954011,2021-10-16
304,1634428800000,0.8027767136568704,3994585784.8158536,2021-10-17
305,1634515200000,0.7780459209575584,3855353324.1934094,2021-10-18
306,1634601600000,0.7690816835868461,3797559208.190444,2021-10-19
307,1634688000000,0.7821797867055518,3865917582.5832314,2021-10-20
308,1634774400000,0.8784895164882117,4355463121.97286,2021-10-21
309,1634860800000,0.934543695545794,4656738410.07726,2021-10-22
310,1634947200000,0.9063873755783515,4494179314.679126,2021-10-23
311,1635033600000,0.8905264506409963,4404299971.011893,2021-10-24
312,1635120000000,0.942560728240194,4667415359.165798,2021-10-25
313,1635206400000,1.0369834253866255,5144590673.902815,2021-10-26
314,1635292800000,1.0787129015452683,5365041205.914518,2021-10-27
315,1635379200000,0.933983314228447,4643858114.847239,2021-10-28
316,1635465600000,0.9450877024428196,4667975015.433603,2021-10-29
317,1635552000000,0.9697745150078372,4833061048.265902,2021-10-30
318,1635638400000,0.9194442630967564,4549635897.468797,2021-10-31
319,1635724800000,1.0329832095361822,5133298178.074355,2021-11-01
320,1635811200000,0.9951838590689096,4931988044.996032,2021-11-02
321,1635897600000,0.9908937722074498,4883634243.364392,2021-11-03
322,1635984000000,0.9912331672274651,4918654258.947243,2021-11-04
323,1636070400000,1.0498902629676574,5145911117.920463,2021-11-05
324,1636156800000,1.0719413308077856,5318132422.8780365,2021-11-06
325,1636243200000,1.0663916057088616,5270899019.02141,2021-11-07
326,1636329600000,1.1108652441921687,5471326854.334947,2021-11-08
327,1636416000000,1.1305566256495956,5567399408.42326,2021-11-09
328,1636502400000,1.2098342960684878,6046696211.781388,2021-11-10
329,1636588800000,1.088058554960517,5378114592.984778,2021-11-11
330,1636675200000,1.114978318105321,5524497293.837329,2021-11-12
331,1636761600000,1.0774596581022649,5322434951.5024185,2021-11-13
332,1636848000000,1.10112560259062,5465937174.3707905,2021-11-14
333,1636934400000,1.0713662848735004,5305192015.655664,2021-11-15
334,1637020800000,1.027632211479622,5112948029.2327,2021-11-16
335,1637107200000,0.9293478766957539,4618257893.745703,2021-11-17
336,1637193600000,0.9369745540531835,4624134259.640876,2021-11-18
337,1637280000000,0.8664204732178006,4295988369.933013,2021-11-19
338,1637366400000,0.9557777044333032,4719701899.735028,2021-11-20
339,1637452800000,0.9686949903008181,4802184076.445719,2021-11-21
340,1637539200000,0.9301427911465079,4634264365.373903,2021-11-22
341,1637625600000,0.877384352293192,4345905178.996922,2021-11-23
342,1637712000000,0.9012239848037693,4470514220.062671,2021-11-24
343,1637798400000,0.8663994954435952,4295645188.840384,2021-11-25
344,1637884800000,0.9193577315467184,4561710173.414672,2021-11-26
345,1637971200000,0.8526539873612858,4241256599.4501867,2021-11-27
346,1638057600000,1.0162490070037626,4958967517.929175,2021-11-28
347,1638144000000,1.0006721274691466,4959633652.175155,2021-11-29
348,1638230400000,0.9650327645829898,4799982640.10199,2021-11-30
349,1638316800000,0.9183227536727194,4562938989.5421715,2021-12-01
350,1638403200000,0.9205055932890528,4565397225.695879,2021-12-02
351,1638489600000,0.8981661699444319,4457454018.0885315,2021-12-03
352,1638576000000,0.8618365653644031,4282691914.940479,2021-12-04
353,1638662400000,0.7311644587862294,3610398335.8592806,2021-12-05
354,1638748800000,0.6872872781551271,3398855517.8054957,2021-12-06
355,1638835200000,0.7043776463047157,3492498530.923093,2021-12-07
356,1638921600000,0.6895419813379781,3412533471.6148696,2021-12-08
357,1639008000000,0.7552323337564282,3725769562.588221,2021-12-09
358,1639094400000,0.6874404858704711,3439036681.8804793,2021-12-10
359,1639180800000,0.6419459751256021,3219202410.2657905,2021-12-11
360,1639267200000,0.6692110103154978,3312039482.7079034,2021-12-12
361,1639353600000,0.6850189416408534,3389300477.401711,2021-12-13
362,1639440000000,0.5988941747146784,2961763622.199525,2021-12-14
363,1639526400000,0.6357139659239088,3147440586.258363,2021-12-15
364,1639612800000,0.6414227170497471,3361965563.2866893,2021-12-16
365,1639699200000,0.6145750264014314,3221892629.6600647,2021-12-17
366,1639785600000,0.5908203459042385,3108079242.816617,2021-12-18
367,1639872000000,0.6082238168176431,3192257745.2496023,2021-12-19
368,1639958400000,0.6408317043396174,3379758566.893042,2021-12-20
369,1640044800000,0.6222436415320899,3283041008.368543,2021-12-21
370,1640131200000,0.7106544428996115,3732968799.457012,2021-12-22
371,1640217600000,0.6950349721337177,3653363666.4963746,2021-12-23
372,1640304000000,0.736034827095792,3866101047.4023576,2021-12-24
373,1640390400000,0.6969834152525397,3654485092.6419854,2021-12-25
374,1640476800000,0.7221528709270741,3804420911.386368,2021-12-26
375,1640563200000,0.7367836724050648,3859290062.7427397,2021-12-27
376,1640649600000,0.7379121581679099,3891088746.0212774,2021-12-28
377,1640736000000,0.6658556874563049,3516785129.4378967,2021-12-29
378,1640822400000,0.6325294876354471,3283194334.0720043,2021-12-30
379,1640908800000,0.6449953536187095,3382956953.3561387,2021-12-31
380,1640995200000,0.6453769859709776,3412594969.190235,2022-01-01
381,1641081600000,0.666871300731878,3482458842.3172917,2022-01-02
382,1641168000000,0.6765271171968533,3558812347.2770247,2022-01-03
383,1641254400000,0.658870012237446,3474118492.0812035,2022-01-04
384,1641340800000,0.6804989933747868,3647285299.765865,2022-01-05
385,1641427200000,0.6352596532484125,3352283693.730049,2022-01-06
386,1641513600000,0.6378026247655136,3366414971.461148,2022-01-07
387,1641600000000,0.5952737087347448,3138758168.688735,2022-01-08
388,1641686400000,0.5732005444788594,3032018729.9365873,2022-01-09
389,1641772800000,0.5850704613242498,3071077902.995598,2022-01-10
390,1641859200000,0.5434912723844564,2852979999.885163,2022-01-11
391,1641945600000,0.568884708857885,2988679348.775546,2022-01-12
392,1642032000000,0.5948712426187959,3123779465.578135,2022-01-13
393,1642118400000,0.5749807369577712,3035446897.688841,2022-01-14
394,1642204800000,0.5803908135207776,3046052584.397429,2022-01-15
395,1642291200000,0.5959257593846178,3137317135.131563,2022-01-16
396,1642377600000,0.5890493621481182,3095133321.87331,2022-01-17
397,1642464000000,0.5490843616855994,2885491622.0992947,2022-01-18
398,1642550400000,0.5313930538096047,2794493269.6495447,2022-01-19
399,1642636800000,0.5244081614784053,2765855065.2198052,2022-01-20
400,1642723200000,0.49982073549058836,2654725110.158661,2022-01-21
401,1642809600000,0.43335607437255824,2279584276.1045604,2022-01-22
402,1642896000000,0.4163082221219201,2182881143.6484704,2022-01-23
403,1642982400000,0.414422012314845,2176375085.7826533,2022-01-24
404,1643068800000,0.3932714284943864,2073197804.2830014,2022-01-25
405,1643155200000,0.4154407032460493,2567553063.4437447,2022-01-26
406,1643241600000,0.4042191281645874,2500200397.0383344,2022-01-27
407,1643328000000,0.4054126976841924,2479659255.328777,2022-01-28
408,1643414400000,0.41465850638172713,2548591285.7813263,2022-01-29
409,1643500800000,0.4103071242454623,2519238418.011592,2022-01-30
410,1643587200000,0.3995617119852694,2457910566.9750643,2022-01-31
411,1643673600000,0.4104398997350924,2523114595.67135,2022-02-01
412,1643760000000,0.4401467204053896,2720553026.4857683,2022-02-02
413,1643846400000,0.4057981941649416,2495318786.5627317,2022-02-03
414,1643932800000,0.40557749227758616,2486326427.313622,2022-02-04
415,1644019200000,0.4398237831157405,2690900339.031076,2022-02-05
416,1644105600000,0.4495961176267445,2780817910.206242,2022-02-06
417,1644192000000,0.4730637617794664,2901868920.989988,2022-02-07
418,1644278400000,0.5060614618485728,3123990597.894534,2022-02-08
419,1644364800000,0.47485586221799175,2925312098.5335846,2022-02-09
420,1644451200000,0.48775686990162226,3009925611.5236945,2022-02-10
421,1644537600000,0.4619106007727765,2841523036.5248647,2022-02-11
422,1644624000000,0.4183224141754926,2574853295.770427,2022-02-12
423,1644710400000,0.4187778361643868,2567413686.436939,2022-02-13
424,1644796800000,0.40887383798906496,2521790586.0705647,2022-02-14
425,1644883200000,0.4055896568827415,2499579102.3548317,2022-02-15
426,1644969600000,0.4920621602697113,3073596085.33412,2022-02-16
427,1645056000000,0.48721779883791744,3019221515.6461177,2022-02-17
428,1645142400000,0.4366011877018998,2689476311.5174494,2022-02-18
429,1645228800000,0.4136641306053914,2553811544.1386504,2022-02-19
430,1645315200000,0.4183364716316375,2566629037.3450933,2022-02-20
431,1645401600000,0.3942282817445613,2433778424.909848,2022-02-21
432,1645488000000,0.3573955694697414,2203338954.320604,2022-02-22
433,1645574400000,0.3834894514156936,2358749433.196718,2022-02-23
434,1645660800000,0.35594192661349405,2198928808.1670427,2022-02-24
435,1645747200000,0.3597788376231425,2212830455.6593475,2022-02-25
436,1645833600000,0.3604620771528754,2218813002.2482934,2022-02-26
437,1645920000000,0.34746320946766635,2126389475.4114687,2022-02-27
438,1646006400000,0.3378589151148507,2081301789.5335426,2022-02-28
439,1646092800000,0.3767168543369715,2316668755.6769333,2022-03-01
440,1646179200000,0.3761095586290407,2318029766.001863,2022-03-02
441,1646265600000,0.3737908393652517,2303495832.7138686,2022-03-03
442,1646352000000,0.36557836478840905,2253978809.523384,2022-03-04
443,1646438400000,0.3397305927702431,2090640401.8167245,2022-03-05
444,1646524800000,0.3476662195748317,2139395271.3006546,2022-03-06
445,1646611200000,0.329680694515609,2031782064.7409446,2022-03-07
446,1646697600000,0.33025302032879733,2039088452.7171907,2022-03-08
447,1646784000000,0.3351250248201962,2064216696.1420841,2022-03-09
448,1646870400000,0.3469502569556756,2139102021.4252768,2022-03-10
449,1646956800000,0.32606803572721066,2007491342.3182297,2022-03-11
450,1647043200000,0.31963839187774107,1973881770.4669304,2022-03-12
451,1647129600000,0.3196002656711509,1972945143.8098087,2022-03-13
452,1647216000000,0.335616158731327,2068052229.8116827,2022-03-14
453,1647302400000,0.3657681754238538,2237343736.0812206,2022-03-15
454,1647388800000,0.42368099105336426,2626582540.886875,2022-03-16
455,1647475200000,0.4535335767873203,2681042205.196239,2022-03-17
456,1647561600000,0.40958760139134065,2525497091.8584046,2022-03-18
457,1647648000000,0.4122855211962036,2538452603.357306,2022-03-19
458,1647734400000,0.4105374955131778,2523608570.2984147,2022-03-20
459,1647820800000,0.3901138149196209,2410020788.925927,2022-03-21
460,1647907200000,0.41404127097141497,2552235131.684663,2022-03-22
461,1647993600000,0.40957135242880377,2520285555.608231,2022-03-23
462,1648080000000,0.42415102889760914,2611001377.142193,2022-03-24
463,1648166400000,0.4362219570922635,2687702025.385293,2022-03-25
464,1648252800000,0.40936728605904127,2520823082.005526,2022-03-26
465,1648339200000,0.41058104513096794,2535577319.595597,2022-03-27
466,1648425600000,0.4297356064897925,2640648585.120624,2022-03-28
467,1648512000000,0.4356568184910801,2934151422.5752525,2022-03-29
468,1648598400000,0.48970249855491144,3257614903.4412265,2022-03-30
469,1648684800000,0.48063600500928316,3226330854.3774834,2022-03-31
470,1648771200000,0.46958447555929694,3123937330.3095255,2022-04-01
471,1648857600000,0.4843467789759436,3237892083.1349926,2022-04-02
472,1648944000000,0.5115855625455987,3467655888.6821394,2022-04-03
473,1649030400000,0.5168675989601815,3458174620.075767,2022-04-04
474,1649116800000,0.49347406055258364,3305897074.240178,2022-04-05
475,1649203200000,0.46033079761217277,3119532714.803651,2022-04-06
476,1649289600000,0.4124208062312693,2790706717.412782,2022-04-07
477,1649376000000,0.43201052481531294,2897608846.0195065,2022-04-08
478,1649462400000,0.39453490752079384,2617747754.382558,2022-04-09
479,1649548800000,0.4064099732743976,2718713433.4909987,2022-04-10
480,1649635200000,0.38687815587135044,2608862868.037271,2022-04-11
481,1649721600000,0.347293432848757,2328420635.087559,2022-04-12
482,1649808000000,0.3738231765628526,2494064278.9648314,2022-04-13
483,1649894400000,0.3837354061593587,2573048092.8238955,2022-04-14
484,1649980800000,0.36395839605686575,2436587604.376218,2022-04-15
485,1650067200000,0.3691493922707828,2478291557.8412027,2022-04-16
486,1650153600000,0.3635486114988199,2438218010.23339,2022-04-17
487,1650240000000,0.34978469753051444,2332499134.9154553,2022-04-18
488,1650326400000,0.36232665352848403,2421773010.346031,2022-04-19
489,1650412800000,0.36214085352584646,2425440593.261402,2022-04-20
490,1650499200000,0.36255009660895093,2426297800.686785,2022-04-21
491,1650585600000,0.35407180340440514,2448273690.668391,2022-04-22
492,1650672000000,0.35394090066159595,2451103149.039816,2022-04-23
493,1650758400000,0.3545933647130679,2462674868.017264,2022-04-24
494,1650844800000,0.3573939272514214,2493592326.5318027,2022-04-25
495,1650931200000,0.3590488620776914,2473997620.7741103,2022-04-26
496,1651017600000,0.33828626398230843,2345101541.6699,2022-04-27
497,1651104000000,0.36672166459405603,2535824752.377574,2022-04-28
498,1651190400000,0.3593801705667111,2476879104.93213,2022-04-29
499,1651276800000,0.34954281454630803,2409499253.6610365,2022-04-30
500,1651363200000,0.3098313391854931,2132709380.1205761,2022-05-01
501,1651449600000,0.3163679000321164,2188965006.7091427,2022-05-02
502,1651536000000,0.30830906625763266,2128972009.9264963,2022-05-03
503,1651622400000,0.3196241985495375,2216548399.961507,2022-05-04
504,1651708800000,0.33926072072410746,2388442568.139042,2022-05-05
505,1651795200000,0.3025142664136685,2072972290.8456674,2022-05-06
506,1651881600000,0.2966652903145538,2054025352.751641,2022-05-07
507,1651968000000,0.29332439299633123,2035466780.9840932,2022-05-08
508,1652054400000,0.2988108079925727,2078019144.375021,2022-05-09
509,1652140800000,0.24091392518513374,1685401694.8474817,2022-05-10
510,1652227200000,0.24622285055767454,1701517424.5379732,2022-05-11
511,1652313600000,0.15133645247718489,1068161360.9155415,2022-05-12
512,1652400000000,0.1345612654526498,941413272.2369835,2022-05-13
513,1652486400000,0.14872223076108743,1036592126.9925888,2022-05-14
514,1652572800000,0.19345907281058763,1306939265.4790332,2022-05-15
515,1652659200000,0.19940106538692695,1376104739.8166423,2022-05-16
516,1652745600000,0.17295412917765918,1191054877.0082824,2022-05-17
517,1652832000000,0.1801747098227898,1248725989.1293523,2022-05-18
518,1652918400000,0.15724901972221253,1092844773.3010652,2022-05-19
519,1653004800000,0.16180664006611248,1122544969.2411587,2022-05-20
520,1653091200000,0.15140743419552405,1047932427.105855,2022-05-21
521,1653177600000,0.158343613698434,1098764217.4170418,2022-05-22
522,1653264000000,0.16342894397569363,1131713321.6052198,2022-05-23
523,1653350400000,0.15459373977947008,1071650246.8353558,2022-05-24
524,1653436800000,0.15498256988224215,1071083289.649557,2022-05-25
525,1653523200000,0.15086841590942685,1045889558.3080542,2022-05-26
526,1653609600000,0.13917202971737144,963927160.538113,2022-05-27
527,1653696000000,0.13537607274080127,932513388.469152,2022-05-28
528,1653782400000,0.13779194420912497,959484765.3972691,2022-05-29
529,1653868800000,0.14233423083578936,986498173.9711626,2022-05-30
530,1653955200000,0.15679917388034406,1081055584.4137914,2022-05-31
531,1654041600000,0.1626049568430017,1131982397.4539816,2022-06-01
532,1654128000000,0.14796505852999559,1027030122.3035349,2022-06-02
533,1654214400000,0.15221188589486886,1055707673.6535107,2022-06-03
534,1654300800000,0.14826507070777387,1087558960.867069,2022-06-04
535,1654387200000,0.16539572074040482,1222093150.6192598,2022-06-05
536,1654473600000,0.15612345311847292,1161045797.045814,2022-06-06
537,1654560000000,0.15860449676303096,1178233355.1757495,2022-06-07
538,1654646400000,0.15544533646203776,1155299789.606778,2022-06-08
539,1654732800000,0.14850348874585403,1099186155.3045464,2022-06-09
540,1654819200000,0.14791225484253706,1091688688.9599965,2022-06-10
541,1654905600000,0.13733285271784312,1016300623.5420887,2022-06-11
542,1654992000000,0.12263997108292644,903576870.861231,2022-06-12
543,1655078400000,0.11224463114648615,840332627.226634,2022-06-13
544,1655164800000,0.105182846718786,774573046.8464466,2022-06-14
545,1655251200000,0.1056078288726981,780212343.8040997,2022-06-15
546,1655337600000,0.11163838698826505,827279959.8901405,2022-06-16
547,1655424000000,0.09739645802963415,719367626.4429016,2022-06-17
548,1655510400000,0.09892527881867139,734036312.4759153,2022-06-18
549,1655596800000,0.09938800905565687,731324095.9989125,2022-06-19
550,1655683200000,0.10298936309871741,760922974.8210098,2022-06-20
551,1655769600000,0.10449774017223035,774845345.5218635,2022-06-21
552,1655856000000,0.10940258001866864,810265068.3298905,2022-06-22
553,1655942400000,0.10471773247237608,778979306.9178653,2022-06-23
554,1656028800000,0.11177810634661267,826477095.0606085,2022-06-24
555,1656115200000,0.11682397485555916,869291138.3721093,2022-06-25
556,1656201600000,0.11623117244724543,859839833.169254,2022-06-26
557,1656288000000,0.10838869236836877,801013811.958528,2022-06-27
558,1656374400000,0.10843813656270639,801489139.3290341,2022-06-28
559,1656460800000,0.10000522619073135,735133806.314965,2022-06-29
560,1656547200000,0.09430402714152111,700376218.9396701,2022-06-30
561,1656633600000,0.0945048396011769,693508749.0652589,2022-07-01
562,1656720000000,0.0922679420196345,692141596.7636108,2022-07-02
563,1656806400000,0.09419648639080862,695965791.9327888,2022-07-03
564,1656892800000,0.09452272685263309,698974614.3907309,2022-07-04
565,1656979200000,0.09839432836799694,726472561.0508741,2022-07-05
566,1657065600000,0.09635001289218229,713146075.6030897,2022-07-06
567,1657152000000,0.09883156552950184,733497887.3742841,2022-07-07
568,1657238400000,0.10282950800781214,761093452.446825,2022-07-08
569,1657324800000,0.10097961251045086,747707010.1172924,2022-07-09
570,1657411200000,0.10604550623696903,789457688.185893,2022-07-10
571,1657497600000,0.10037127066930068,743774093.2418746,2022-07-11
572,1657584000000,0.09180497916616441,680080301.2334847,2022-07-12
573,1657670400000,0.08756865178156822,658454815.6706814,2022-07-13
574,1657756800000,0.09382414284178908,691833404.0505635,2022-07-14
575,1657843200000,0.09617440851798273,713315983.4281125,2022-07-15
576,1657929600000,0.09871021852637926,730826564.6321115,2022-07-16
577,1658016000000,0.1006564529446254,744373040.9819006,2022-07-17
578,1658102400000,0.09869206343958167,730915220.8280607,2022-07-18
579,1658188800000,0.11063388891818914,815782470.2523392,2022-07-19
580,1658275200000,0.11430194387557087,842525956.2609553,2022-07-20
581,1658361600000,0.10575414204464136,787817043.7865951,2022-07-21
582,1658448000000,0.10710027359438405,794087161.5093167,2022-07-22
583,1658534400000,0.10416805783877757,768911089.0871251,2022-07-23
584,1658620800000,0.10673202306461008,789319391.9232537,2022-07-24
585,1658707200000,0.10517467836666568,780392108.1445549,2022-07-25
586,1658793600000,0.09645286273884687,716217749.0994977,2022-07-26
587,1658880000000,0.0972652800603196,718703511.4485391,2022-07-27
588,1658966400000,0.11093742351196909,818229525.6357478,2022-07-28
589,1659052800000,0.11501079214296368,851142880.8999026,2022-07-29
590,1659139200000,0.12764230400405752,953446377.7827281,2022-07-30
591,1659225600000,0.1323408114642141,968845448.2115345,2022-07-31
592,1659312000000,0.12871150982998655,952488101.715826,2022-08-01
593,1659398400000,0.1243589659662011,914449250.7116144,2022-08-02
594,1659484800000,0.11778909224626831,878685731.7383431,2022-08-03
595,1659571200000,0.11828947571993241,874561991.7418346,2022-08-04
596,1659657600000,0.12062408754220133,890102410.2943535,2022-08-05
597,1659744000000,0.13067067936708635,960167606.767314,2022-08-06
598,1659830400000,0.12803776049460408,947161730.0633951,2022-08-07
599,1659916800000,0.1283881686409714,948581643.1580379,2022-08-08
600,1660003200000,0.14882471851262613,1101325755.1766326,2022-08-09
601,1660089600000,0.14044815825043805,1040927745.6438297,2022-08-10
602,1660176000000,0.14669134340796786,1079895211.7242196,2022-08-11
603,1660262400000,0.1421536236567589,1050305161.9525113,2022-08-12
604,1660348800000,0.14636363101620958,1083086987.248183,2022-08-13
605,1660435200000,0.14378546629703823,1061458935.0488491,2022-08-14
606,1660521600000,0.13953064024748113,1031613360.0943667,2022-08-15
607,1660608000000,0.1346154668824473,997131307.6987208,2022-08-16
608,1660694400000,0.13087340690438254,965574415.7352742,2022-08-17
609,1660780800000,0.12279131841906257,909431213.4548885,2022-08-18
610,1660867200000,0.11504473741350894,854964887.6131136,2022-08-19
611,1660953600000,0.10613069388808344,785451832.2738277,2022-08-20
612,1661040000000,0.10298408555805531,761663653.5898438,2022-08-21
613,1661126400000,0.10879230667010897,806797390.9260885,2022-08-22
614,1661212800000,0.11141269818885975,823193685.0200964,2022-08-23
615,1661299200000,0.11368476607179492,840013500.1304858,2022-08-24
616,1661385600000,0.1149529860512825,850149534.6368692,2022-08-25
617,1661472000000,0.1161853699724744,860698553.5814338,2022-08-26
618,1661558400000,0.10216974451154238,752465807.6523485,2022-08-27
619,1661644800000,0.10406819112546896,770364219.4750907,2022-08-28
620,1661731200000,0.09961035400934644,741504490.5739857,2022-08-29
621,1661817600000,0.10672994268324834,788296736.739829,2022-08-30
622,1661904000000,0.1029413918823928,766044759.1674434,2022-08-31
623,1661990400000,0.10263888901685471,758212122.338717,2022-09-01
624,1662076800000,0.10511205550786935,776121530.6746128,2022-09-02
625,1662163200000,0.10303925165243927,762791297.6500382,2022-09-03
626,1662249600000,0.10184464480096053,753453989.5163491,2022-09-04
627,1662336000000,0.10458264336697691,774663836.6110617,2022-09-05
628,1662422400000,0.10423517852807149,770717882.8532864,2022-09-06
629,1662508800000,0.09819826142239345,729905418.2478225,2022-09-07
630,1662595200000,0.1043558483221412,776345802.6378212,2022-09-08
631,1662681600000,0.10428940522844743,771518056.2338479,2022-09-09
632,1662768000000,0.11269215280584338,833545205.4367843,2022-09-10
633,1662854400000,0.11722243824171762,867375224.9467,2022-09-11
634,1662940800000,0.11657301892450411,862273482.4894197,2022-09-12
635,1663027200000,0.12813048849020858,948399728.8220998,2022-09-13
636,1663113600000,0.10860423098058572,804440969.7583516,2022-09-14
637,1663200000000,0.11332395003060194,835913464.7242242,2022-09-15
638,1663286400000,0.10859445941112629,804321695.9005094,2022-09-16
639,1663372800000,0.1057903988667149,780587856.9782683,2022-09-17
640,1663459200000,0.10924284969600759,808213868.7738851,2022-09-18
641,1663545600000,0.09999631085175126,740361466.2353811,2022-09-19
642,1663632000000,0.10174105380444334,753997777.0740826,2022-09-20
643,1663718400000,0.09687782246798546,717969798.5394717,2022-09-21
644,1663804800000,0.09387047307066025,692329253.4926536,2022-09-22
645,1663891200000,0.1005499058865638,744254378.0944021,2022-09-23
646,1663977600000,0.10315126432640796,765047516.2359104,2022-09-24
647,1664064000000,0.10084979649918924,747443423.6342871,2022-09-25
648,1664150400000,0.1015424139400246,750494343.0431031,2022-09-26
649,1664236800000,0.10243711314976899,757756990.1836706,2022-09-27
650,1664323200000,0.09972403096873257,740860384.2208331,2022-09-28
651,1664409600000,0.09916915593796287,733648918.090193,2022-09-29
652,1664496000000,0.09930395603542931,734311197.0432724,2022-09-30
653,1664582400000,0.0989905821134674,732815951.8248116,2022-10-01
654,1664668800000,0.09802722189514973,725603688.7483127,2022-10-02
655,1664755200000,0.0949736351687594,705959205.1861625,2022-10-03
656,1664841600000,0.09825851175500065,727675944.8532447,2022-10-04
657,1664928000000,0.10121020499370742,748964198.0807741,2022-10-05
658,1665014400000,0.10045855051954146,743121328.6938992,2022-10-06
659,1665100800000,0.09963529734393538,737122560.9865719,2022-10-07
660,1665187200000,0.09755092324675696,720933555.5098013,2022-10-08
661,1665273600000,0.09659491150117876,714825898.3155966,2022-10-09
662,1665360000000,0.09657995055002735,714069120.7577617,2022-10-10
663,1665446400000,0.09163597010696048,678523001.7501436,2022-10-11
664,1665532800000,0.08876144726800475,655093229.3358657,2022-10-12
665,1665619200000,0.0877470782039836,649706734.5609633,2022-10-13
666,1665705600000,0.08814165634280768,651860222.652274,2022-10-14
667,1665792000000,0.08565293272645705,634130351.5604528,2022-10-15
668,1665878400000,0.08498484314720282,629860744.7986645,2022-10-16
669,1665964800000,0.08624859967688303,637969031.968678,2022-10-17
670,1666051200000,0.08717669605102518,644919548.7762994,2022-10-18
671,1666137600000,0.08353647657651297,617677945.6764128,2022-10-19
672,1666224000000,0.07928915900740828,586104717.9225569,2022-10-20
673,1666310400000,0.07824572301905514,579118515.5425053,2022-10-21
674,1666396800000,0.07874639667954497,582868522.1368009,2022-10-22
675,1666483200000,0.07844228928421011,580105112.1020256,2022-10-23
676,1666569600000,0.08046614368171265,595084842.2257764,2022-10-24
677,1666656000000,0.0797311366068943,589702796.9405516,2022-10-25
678,1666742400000,0.08130550917080684,601668269.3427262,2022-10-26
679,1666828800000,0.08258523182775598,611718056.025315,2022-10-27
680,1666915200000,0.08045053779903757,596052100.6033833,2022-10-28
681,1667001600000,0.08244137418185472,608668915.4951326,2022-10-29
682,1667088000000,0.08409286541938749,621375435.5563713,2022-10-30
683,1667174400000,0.08363882170468906,616980369.828418,2022-10-31
684,1667260800000,0.08444494739263793,624921164.8249271,2022-11-01
685,1667347200000,0.08235781622844073,609700786.420647,2022-11-02
686,1667433600000,0.08142057447968185,601812538.6950345,2022-11-03
687,1667520000000,0.08683528168633238,641094482.8379532,2022-11-04
688,1667606400000,0.09484136146349292,701830997.471972,2022-11-05
689,1667692800000,0.09863014036019178,731517886.3344088,2022-11-06
690,1667779200000,0.09045724933028207,670560396.3041747,2022-11-07
691,1667865600000,0.09037245726791727,669118288.5785341,2022-11-08
692,1667952000000,0.07545408123570967,559565739.7038543,2022-11-09
693,1668038400000,0.05781824691969032,429124434.0754386,2022-11-10
694,1668124800000,0.06980181209843069,512978399.2442611,2022-11-11
695,1668211200000,0.0662865717405537,486260977.0350399,2022-11-12
696,1668297600000,0.06183127586338749,456333602.7011517,2022-11-13
697,1668384000000,0.062111387090762846,457608936.99941206,2022-11-14
698,1668470400000,0.06392883272375242,473369057.8558342,2022-11-15
699,1668556800000,0.06453112502958665,477149233.61008036,2022-11-16
700,1668643200000,0.06225824913371415,459906122.41942334,2022-11-17
701,1668729600000,0.06087695079306209,450534142.6341638,2022-11-18
702,1668816000000,0.06085549111153206,450086498.56455505,2022-11-19
703,1668902400000,0.06035725814234262,446505013.83141935,2022-11-20
