,Time,open,mktcap,Date
0,1563408000000,0.04915310984482093,0.0,2019-07-18
1,1563494400000,0.039245456956023,0.0,2019-07-19
2,1563580800000,0.03861181399245707,2788008.745165937,2019-07-20
3,1563667200000,0.03892218643021087,2843926.0050118854,2019-07-21
4,1563753600000,0.03383714257889969,2459211.537497218,2019-07-22
5,1563840000000,0.030596946765361472,2235626.015922774,2019-07-23
6,1563926400000,0.03008971773435711,2195492.1096256217,2019-07-24
7,1564012800000,0.029125118248092396,2128083.974247267,2019-07-25
8,1564099200000,0.028384332500093878,2073957.0084702377,2019-07-26
9,1564185600000,0.027349489412313282,1998344.1655554902,2019-07-27
10,1564272000000,0.027375320957373158,1997675.4627022638,2019-07-28
11,1564358400000,0.031138562274402107,2275200.216967216,2019-07-29
12,1564444800000,0.0403765740601271,2952453.4769604052,2019-07-30
13,1564531200000,0.0416972813377716,3045030.2611069423,2019-07-31
14,1564617600000,0.03912833061600064,2858096.3512569205,2019-08-01
15,1564704000000,0.039610861073234895,2911718.763982374,2019-08-02
16,1564790400000,0.04218629622311123,3178526.0932095884,2019-08-03
17,1564876800000,0.040566505439086124,2774614.1296215486,2019-08-04
18,1564963200000,0.041131392660636694,3005345.9977044244,2019-08-05
19,1565049600000,0.03572098228182836,2703477.677805,2019-08-06
20,1565136000000,0.03369178099917792,2461756.158291139,2019-08-07
21,1565222400000,0.03279213872006764,2386070.0686339987,2019-08-08
22,1565308800000,0.030667400249301455,2234055.2975914157,2019-08-09
23,1565395200000,0.03174822189547405,2319746.194713893,2019-08-10
24,1565481600000,0.030791592550776882,2251266.235968915,2019-08-11
25,1565568000000,0.029726833241472343,2144898.7855078047,2019-08-12
26,1565654400000,0.02919200426267569,2107720.179626248,2019-08-13
27,1565740800000,0.029484990312205677,2154378.7334958035,2019-08-14
28,1565827200000,0.0280105061131559,2046642.6492145262,2019-08-15
29,1565913600000,0.02681400588110912,1959218.0095165,2019-08-16
30,1566000000000,0.025519541903118458,1856530.163569529,2019-08-17
31,1566086400000,0.026287274876643466,1792867.117238113,2019-08-18
32,1566172800000,0.02419054133315485,1767529.4191406309,2019-08-19
33,1566259200000,0.022758741138738187,1662912.1255005687,2019-08-20
34,1566345600000,0.02236738298793624,1632665.0333789303,2019-08-21
35,1566432000000,0.022543272556129815,1647168.4902748927,2019-08-22
36,1566518400000,0.022559374493066338,1647562.2411069763,2019-08-23
37,1566604800000,0.023241816102129054,1698940.2617814257,2019-08-24
38,1566691200000,0.022026,1609372.95490089,2019-08-25
39,1566777600000,0.024341699281140595,1778574.0715244757,2019-08-26
40,1566864000000,0.023528161904519382,1719131.365098652,2019-08-27
41,1566950400000,0.023528640135960194,1719166.3080182478,2019-08-28
42,1567036800000,0.022937933192981458,1676005.1449245338,2019-08-29
43,1567123200000,0.022553800114024025,1647937.7069713466,2019-08-30
44,1567209600000,0.022795445753789195,1665594.0202968614,2019-08-31
45,1567296000000,0.022482671376282248,1642740.5460325535,2019-09-01
46,1567382400000,0.021373539580513082,1561699.6527459123,2019-09-02
47,1567468800000,0.02209288947051704,1614260.3654528633,2019-09-03
48,1567555200000,0.03321060593297851,2426598.1569239376,2019-09-04
49,1567641600000,0.02982948676929185,2179550.043815138,2019-09-05
50,1567728000000,0.03160257740472898,2309104.393913229,2019-09-06
51,1567814400000,0.032334094201624655,2362554.1055712528,2019-09-07
52,1567900800000,0.030712021046895435,2244034.144339436,2019-09-08
53,1567987200000,0.030078485143379612,2197743.5991166513,2019-09-09
54,1568073600000,0.0311348285090941,2274927.402070882,2019-09-10
55,1568160000000,0.03053582812363072,2231160.262311508,2019-09-11
56,1568246400000,0.029840081228557084,2180324.1487916773,2019-09-12
57,1568332800000,0.03311180937549996,2418880.134991239,2019-09-13
58,1568419200000,0.032942383980198414,2408305.570856462,2019-09-14
59,1568505600000,0.032664844718075826,2386336.0296526873,2019-09-15
60,1568592000000,0.028921253348683826,2113188.184927293,2019-09-16
61,1568678400000,0.027991705094895417,2045268.915885142,2019-09-17
62,1568764800000,0.02520917314380717,1841957.7532487563,2019-09-18
63,1568851200000,0.024976990703718484,1824992.8871958354,2019-09-19
64,1568937600000,0.025836408772889684,1887787.9565446628,2019-09-20
65,1569024000000,0.02758752133728846,2016599.2332013028,2019-09-21
66,1569110400000,0.026958413196370556,1970065.6644443206,2019-09-22
67,1569196800000,0.026961451620285886,1969991.4220719554,2019-09-23
68,1569283200000,0.024852213041238386,1814043.3672257501,2019-09-24
69,1569369600000,0.022758914979721788,1662924.8275335052,2019-09-25
70,1569456000000,0.022335076652796368,1631956.2476459083,2019-09-26
71,1569542400000,0.0227810579878875,1666049.1010846118,2019-09-27
72,1569628800000,0.023658501606170848,1728654.8914215306,2019-09-28
73,1569715200000,0.02307704936012,1686576.4608345462,2019-09-29
74,1569801600000,0.02351009716582044,1718895.6198989174,2019-09-30
75,1569888000000,0.022006998294243425,1628724.9800449563,2019-10-01
76,1569974400000,0.02583088021644271,1862660.1882230053,2019-10-02
77,1570060800000,0.02583088021644271,1862660.1882230053,2019-10-03
78,1570147200000,0.02441939977711242,1784251.4108870223,2019-10-04
79,1570233600000,0.02408752772420316,1755654.1507132282,2019-10-05
80,1570320000000,0.02396285512280798,1750037.3240155068,2019-10-06
81,1570406400000,0.023216888340870764,1696387.5507468989,2019-10-07
82,1570492800000,0.023855335047361304,1742438.1546757056,2019-10-08
83,1570579200000,0.02461141414809363,1798274.3968033574,2019-10-09
84,1570665600000,0.028128526676005274,2055266.0534627764,2019-10-10
85,1570752000000,0.0297759662601194,2175639.4626839897,2019-10-11
86,1570838400000,0.029029211633656918,2118792.162931546,2019-10-12
87,1570924800000,0.032124526503257464,2347241.6300435583,2019-10-13
88,1571011200000,0.03143650751922857,2296970.171523878,2019-10-14
89,1571097600000,0.03125374086907472,2281693.0102116843,2019-10-15
90,1571184000000,0.030311985250855752,2214804.7431254843,2019-10-16
91,1571270400000,0.02577437285095618,1883255.1800536013,2019-10-17
92,1571356800000,0.027512796803745392,2009451.4186817168,2019-10-18
93,1571443200000,0.027468075813209217,2007008.913872069,2019-10-19
94,1571529600000,0.028477273278752782,2080747.9090232688,2019-10-20
95,1571616000000,0.02885643955695141,2111892.490458349,2019-10-21
96,1571702400000,0.030380580946701416,2215521.129004957,2019-10-22
97,1571788800000,0.03164599484409037,2312276.7744035255,2019-10-23
98,1571875200000,0.029006266433479675,2119399.8329561288,2019-10-24
99,1571961600000,0.029027738078943842,2120968.7009079694,2019-10-25
100,1572048000000,0.030954761734010853,2261770.4694505604,2019-10-26
101,1572134400000,0.03405582654130958,2488355.8609089055,2019-10-27
102,1572220800000,0.03326017575048187,2430220.073008078,2019-10-28
103,1572307200000,0.03330988978255157,2446676.022427263,2019-10-29
104,1572393600000,0.03202065597457555,2339652.1258361703,2019-10-30
105,1572480000000,0.02977329459447453,2175444.252185788,2019-10-31
106,1572566400000,0.030662512606973547,2240416.7129288483,2019-11-01
107,1572652800000,0.02922813104057715,2115629.4729450755,2019-11-02
108,1572739200000,0.029045259097020243,2122248.908509644,2019-11-03
109,1572825600000,0.028673920235749925,2098225.700338422,2019-11-04
110,1572912000000,0.02758958510559163,2030017.555858897,2019-11-05
111,1572998400000,0.02762668514563332,2018598.016296396,2019-11-06
112,1573084800000,0.02742139345905788,2003597.9759694869,2019-11-07
113,1573171200000,0.034243968296185506,2479749.4729701537,2019-11-08
114,1573257600000,0.029641470128694093,2165812.238655356,2019-11-09
115,1573344000000,0.030683417042312488,2239729.755163312,2019-11-10
116,1573430400000,0.03155917157056178,2305932.8613792416,2019-11-11
117,1573516800000,0.035298906446299044,2568969.207826137,2019-11-12
118,1573603200000,0.03736302694198116,2728887.0992207103,2019-11-13
119,1573689600000,0.03686706490193899,2694611.790444594,2019-11-14
120,1573776000000,0.03490308706432925,2550262.615267529,2019-11-15
121,1573862400000,0.03788291920231405,2752242.2609114344,2019-11-16
122,1573948800000,0.03498339286268354,2555721.324745241,2019-11-17
123,1574035200000,0.03830393404131974,2798090.837366265,2019-11-18
124,1574121600000,0.04147967996035097,3033703.9309023973,2019-11-19
125,1574208000000,0.038590844507503094,2819715.8565859,2019-11-20
126,1574294400000,0.0374669997767766,2737599.933806499,2019-11-21
127,1574380800000,0.03350286817974181,2444940.4504334778,2019-11-22
128,1574467200000,0.03058476744183714,3667561.178424756,2019-11-23
129,1574553600000,0.028300572478287635,3407502.5576752336,2019-11-24
130,1574640000000,0.029956080049503977,3502786.8218121114,2019-11-25
131,1574726400000,0.02630463715565687,3151769.2384775286,2019-11-26
132,1574812800000,0.02435272254217435,2917988.358829288,2019-11-27
133,1574899200000,0.024491470184804676,2949669.2426593304,2019-11-28
134,1574985600000,0.025824623071189563,3099671.4603565168,2019-11-29
135,1575072000000,0.02984109889821533,3578384.4375719833,2019-11-30
136,1575158400000,0.029364365912911434,3521217.1763626207,2019-12-01
137,1575244800000,0.027888644410885483,3347274.1582596903,2019-12-02
138,1575331200000,0.030164092014005463,3621660.4002740146,2019-12-03
139,1575417600000,0.03542995837701832,4205510.189514595,2019-12-04
140,1575504000000,0.03707077112985252,4447474.054796469,2019-12-05
141,1575590400000,0.03961591501944652,4752027.7290404765,2019-12-06
142,1575676800000,0.03886398674509324,4657418.458683182,2019-12-07
143,1575763200000,0.03669558850949391,4415280.092804908,2019-12-08
144,1575849600000,0.035600698521913554,4222548.030958935,2019-12-09
145,1575936000000,0.03802026396563064,4557675.275617419,2019-12-10
146,1576022400000,0.0367996585741634,4415952.067049473,2019-12-11
147,1576108800000,0.034768762382292,4169283.398268979,2019-12-12
148,1576195200000,0.03945696482821699,4734351.049549733,2019-12-13
149,1576281600000,0.04987974169507705,5956190.242269237,2019-12-14
150,1576368000000,0.04525846439027587,5411955.429626297,2019-12-15
151,1576454400000,0.056586249292564984,6797742.725831274,2019-12-16
152,1576540800000,0.055557309137812746,6805488.303123512,2019-12-17
153,1576627200000,0.05169870505698911,6343333.814644189,2019-12-18
154,1576713600000,0.05921630028422559,7491194.3144774195,2019-12-19
155,1576800000000,0.05900198764301428,7478087.693238933,2019-12-20
156,1576886400000,0.05719880904656344,7266142.159794741,2019-12-21
157,1576972800000,0.051824914505851354,6567742.341780397,2019-12-22
158,1577059200000,0.05075461829936372,6426500.987341922,2019-12-23
159,1577145600000,0.047942679149316485,6204704.982999521,2019-12-24
160,1577232000000,0.049375842769940066,6396681.435686388,2019-12-25
161,1577318400000,0.04904887632594031,6349455.133888187,2019-12-26
162,1577404800000,0.04595917872591723,5956638.300735548,2019-12-27
163,1577491200000,0.04704435613978079,6093120.540659002,2019-12-28
164,1577577600000,0.04666854720484725,6044472.088015217,2019-12-29
165,1577664000000,0.047142994668292665,6105896.067703952,2019-12-30
166,1577750400000,0.04698364595437099,6090106.3708995,2019-12-31
167,1577836800000,0.04628451636733101,5996015.160730987,2020-01-01
168,1577923200000,0.04655056195972656,6029164.99512222,2020-01-02
169,1578009600000,0.04836554275402563,6267196.238321336,2020-01-03
170,1578096000000,0.0501130552053958,6550791.452913286,2020-01-04
171,1578182400000,0.05058352973183166,6559489.174375748,2020-01-05
172,1578268800000,0.05840261820082255,7562275.654611981,2020-01-06
173,1578355200000,0.05889544222251593,7597309.265272239,2020-01-07
174,1578441600000,0.05308442512681749,6903767.344034048,2020-01-08
175,1578528000000,0.05739194948472034,7478132.3157425765,2020-01-09
176,1578614400000,0.05196092171965562,6729907.377218562,2020-01-10
177,1578700800000,0.054379659273109254,6988817.117250438,2020-01-11
178,1578787200000,0.056091540244286565,7259126.053491607,2020-01-12
179,1578873600000,0.05713074447874815,7377351.712507721,2020-01-13
180,1578960000000,0.04987033622253341,6481996.967439902,2020-01-14
181,1579046400000,0.05100004056744028,6618865.033872552,2020-01-15
182,1579132800000,0.045957171225070884,6169927.394483158,2020-01-16
183,1579219200000,0.04429589343883955,6051681.705914638,2020-01-17
184,1579305600000,0.04176893440034674,5693892.535993426,2020-01-18
185,1579392000000,0.04209817372551886,5697003.514568537,2020-01-19
186,1579478400000,0.04342063282268296,5931858.739998368,2020-01-20
187,1579564800000,0.04029695823874598,5486601.958277777,2020-01-21
188,1579651200000,0.042792426054692266,5836049.737426947,2020-01-22
189,1579737600000,0.0432262431939992,5903599.362702713,2020-01-23
190,1579824000000,0.0506722144508972,6905133.329680382,2020-01-24
191,1579910400000,0.0389608540541238,5321430.209398226,2020-01-25
192,1579996800000,0.03966995231999614,5434768.847911714,2020-01-26
193,1580083200000,0.03972336097491022,5397975.841520083,2020-01-27
194,1580169600000,0.03770735052054642,8486413.806688648,2020-01-28
195,1580256000000,0.04431114114258853,10147607.956282001,2020-01-29
196,1580342400000,0.046945623804825455,10605491.747024082,2020-01-30
197,1580428800000,0.04735352504060338,10724514.973511167,2020-01-31
198,1580515200000,0.04736568803478293,10779847.534366312,2020-02-01
199,1580601600000,0.04860332590080843,11020336.177782059,2020-02-02
200,1580688000000,0.048252772541761184,10938545.699272608,2020-02-03
201,1580774400000,0.04714492385393972,10679937.523834791,2020-02-04
202,1580860800000,0.0471912065401617,10907731.648124536,2020-02-05
203,1580947200000,0.0509252690391282,11538023.436197741,2020-02-06
204,1581033600000,0.04914486880267864,11139107.4999626,2020-02-07
205,1581120000000,0.046414934430533676,10488042.505197134,2020-02-08
206,1581206400000,0.04610439998203969,10531935.584375473,2020-02-09
207,1581292800000,0.044518876481864304,10115760.617905544,2020-02-10
208,1581379200000,0.045782219186913164,10370801.651549447,2020-02-11
209,1581465600000,0.04316141490855127,9732219.875166709,2020-02-12
210,1581552000000,0.04415044606370031,10145690.27653356,2020-02-13
211,1581638400000,0.04473955939440392,10290239.578884695,2020-02-14
212,1581724800000,0.04693780954421045,10816534.14493475,2020-02-15
213,1581811200000,0.05028881301665366,11625464.965207135,2020-02-16
214,1581897600000,0.06011941130810286,13929638.36500239,2020-02-17
215,1581984000000,0.05983184017201392,13990602.304714225,2020-02-18
216,1582070400000,0.05226458006358175,12258938.984581145,2020-02-19
217,1582156800000,0.04734261155762361,11076360.863552606,2020-02-20
218,1582243200000,0.05244782866130638,12228256.854865938,2020-02-21
219,1582329600000,0.05307642372285766,12384182.49635409,2020-02-22
220,1582416000000,0.054212517390915115,12636734.726481102,2020-02-23
221,1582502400000,0.052734975412073934,12326032.477410289,2020-02-24
222,1582588800000,0.05183791921034503,12128959.878669597,2020-02-25
223,1582675200000,0.050098121320047276,11695131.620397087,2020-02-26
224,1582761600000,0.049915914043983135,11676311.375404147,2020-02-27
225,1582848000000,0.05101372967489819,11913063.452080756,2020-02-28
226,1582934400000,0.05095739469919194,11924772.303942975,2020-02-29
227,1583020800000,0.05095832862433132,11887819.816761976,2020-03-01
228,1583107200000,0.0569809052839085,13261837.204621444,2020-03-02
229,1583193600000,0.06309838003187349,14783069.141071552,2020-03-03
230,1583280000000,0.05623022342830105,13336464.284720546,2020-03-04
231,1583366400000,0.057607365743437514,13436752.680298602,2020-03-05
232,1583452800000,0.057225385516624865,13362875.232045848,2020-03-06
233,1583539200000,0.057902014909336406,13580912.52021782,2020-03-07
234,1583625600000,0.0559706662472694,13065537.941165585,2020-03-08
235,1583712000000,0.047623390670448885,11146566.562415043,2020-03-09
236,1583798400000,0.05557102661714156,12931203.198257856,2020-03-10
237,1583884800000,0.053675375231626465,12430218.518901102,2020-03-11
238,1583971200000,0.051026221546284084,11945749.063515916,2020-03-12
239,1584057600000,0.028610094870645694,6911395.015476719,2020-03-13
240,1584144000000,0.032195077180631346,7422950.049461283,2020-03-14
241,1584230400000,0.032494864403080276,7652682.476557788,2020-03-15
242,1584316800000,0.03375830583081095,8010557.455105649,2020-03-16
243,1584403200000,0.031895884726263875,7541965.303880848,2020-03-17
244,1584489600000,0.033510298282102814,8084523.652434969,2020-03-18
245,1584576000000,0.03185810365930512,7452406.823221045,2020-03-19
246,1584662400000,0.03288883728754317,7920671.926936233,2020-03-20
247,1584748800000,0.029488529372915632,7160039.403236864,2020-03-21
248,1584835200000,0.037874882829458244,9106180.610230764,2020-03-22
249,1584921600000,0.03156929464728488,7594332.113666321,2020-03-23
250,1585008000000,0.03495150500994542,8362152.431139312,2020-03-24
251,1585094400000,0.03497853638648705,8411231.909179842,2020-03-25
252,1585180800000,0.035254456626714774,8464905.590254555,2020-03-26
253,1585267200000,0.03571144200768962,8563234.325679317,2020-03-27
254,1585353600000,0.034947723863057306,8391646.378308827,2020-03-28
255,1585440000000,0.034882462115635705,8411418.910624534,2020-03-29
256,1585526400000,0.03264355543820263,7811655.6214690935,2020-03-30
257,1585612800000,0.03592084259518337,8642808.256577445,2020-03-31
258,1585699200000,0.036058038958835935,8660192.381107777,2020-04-01
259,1585785600000,0.03660430565350318,8903223.240130097,2020-04-02
260,1585872000000,0.03870130515786111,9253874.156834848,2020-04-03
261,1585958400000,0.03981941878696853,9590517.98479744,2020-04-04
262,1586044800000,0.04121246041567539,9871240.461886417,2020-04-05
263,1586131200000,0.04245040378132616,10195426.984079696,2020-04-06
264,1586217600000,0.045005888944290834,10805913.468118833,2020-04-07
265,1586304000000,0.04359580818793849,10470548.203327816,2020-04-08
266,1586390400000,0.04525638502156719,10941967.729173861,2020-04-09
267,1586476800000,0.04322107737369119,10387361.845343243,2020-04-10
268,1586563200000,0.039060270755251474,9496636.123214057,2020-04-11
269,1586649600000,0.03870116664128119,9432037.980962044,2020-04-12
270,1586736000000,0.038148160109714384,9393114.270132285,2020-04-13
271,1586822400000,0.03875761627581182,9788488.936669452,2020-04-14
272,1586908800000,0.04098298116007868,10357535.949111305,2020-04-15
273,1586995200000,0.04261319201682991,10745150.097963283,2020-04-16
274,1587081600000,0.0449095575065164,11274415.49862511,2020-04-17
275,1587168000000,0.04411346484520163,11363824.742919052,2020-04-18
276,1587254400000,0.04324703191016641,11031002.244671626,2020-04-19
277,1587340800000,0.04532545551620642,11558010.790593255,2020-04-20
278,1587427200000,0.04337233833705048,11237772.581426274,2020-04-21
279,1587513600000,0.042914809372260186,10931365.378738135,2020-04-22
280,1587600000000,0.04216902275539576,10751879.401577171,2020-04-23
281,1587686400000,0.04168119354863923,10613371.88602586,2020-04-24
282,1587772800000,0.04102861991632463,10526894.265439397,2020-04-25
283,1587859200000,0.04338624979079497,11118264.091993954,2020-04-26
284,1587945600000,0.04673927347145602,11685738.565695822,2020-04-27
285,1588032000000,0.04706964970546242,12040155.71759251,2020-04-28
286,1588118400000,0.04681332140130721,11990731.668005262,2020-04-29
287,1588204800000,0.04909161944606712,12536113.894450516,2020-04-30
288,1588291200000,0.04794483409248643,12386010.51114518,2020-05-01
289,1588377600000,0.04655155511357709,11962052.877239268,2020-05-02
290,1588464000000,0.047558892272699854,12160176.759839192,2020-05-03
291,1588550400000,0.04733550565858788,12127434.243110215,2020-05-04
292,1588636800000,0.04397560353395972,11269293.291145919,2020-05-05
293,1588723200000,0.046863856422380126,12001009.152088286,2020-05-06
294,1588809600000,0.04368978055951671,11284498.82945749,2020-05-07
295,1588896000000,0.04401952180126425,11335047.655383376,2020-05-08
296,1588982400000,0.04042784828576987,10242447.066473803,2020-05-09
297,1589068800000,0.0404744707878675,10370643.424163425,2020-05-10
298,1589155200000,0.04053271784345006,10378981.136209313,2020-05-11
299,1589241600000,0.038868741620042765,9962226.393861815,2020-05-12
300,1589328000000,0.040640404280036756,10440196.049654197,2020-05-13
301,1589414400000,0.038992205337800796,9980918.826261815,2020-05-14
302,1589500800000,0.0395542158212389,10172458.51675498,2020-05-15
303,1589587200000,0.040543916449567174,10401502.161348585,2020-05-16
304,1589673600000,0.03793363942982005,9726043.5047902,2020-05-17
305,1589760000000,0.039032634624439955,9976278.406334708,2020-05-18
306,1589846400000,0.0393044080693074,10112934.932271475,2020-05-19
307,1589932800000,0.040497962428514236,10369340.34048085,2020-05-20
308,1590019200000,0.039194080932441644,10034346.96793582,2020-05-21
309,1590105600000,0.03794453261296058,9695655.756431075,2020-05-22
310,1590192000000,0.03968328112076853,10191066.690019961,2020-05-23
311,1590278400000,0.03954375624852319,10145356.819258701,2020-05-24
312,1590364800000,0.039152049411039135,10096733.376875432,2020-05-25
313,1590451200000,0.041406280981049766,10795458.104015062,2020-05-26
314,1590537600000,0.04228019348420693,11383486.7695497,2020-05-27
315,1590624000000,0.044554271784906174,11988079.807067988,2020-05-28
316,1590710400000,0.046880398711959474,12672642.334961038,2020-05-29
317,1590796800000,0.04890965385464655,13072447.82577525,2020-05-30
318,1590883200000,0.04997832520586227,13467833.610178284,2020-05-31
319,1590969600000,0.04489583275819144,12121809.869617842,2020-06-01
320,1591056000000,0.046550121368425096,12604638.470326489,2020-06-02
321,1591142400000,0.04500608290616958,12067795.249687906,2020-06-03
322,1591228800000,0.044982883980043756,12130095.383740647,2020-06-04
323,1591315200000,0.044031710236994315,11758719.485393645,2020-06-05
324,1591401600000,0.04265069260066158,11539361.083645495,2020-06-06
325,1591488000000,0.04236648542305964,11416848.906554198,2020-06-07
326,1591574400000,0.042278649055788514,11390556.99212573,2020-06-08
327,1591660800000,0.04439774494707146,11967262.975725004,2020-06-09
328,1591747200000,0.0435044241554281,11732738.579143027,2020-06-10
329,1591833600000,0.042816015938951624,11534696.070247775,2020-06-11
330,1591920000000,0.04387589577764892,11782808.916097376,2020-06-12
331,1592006400000,0.04440273505368606,12184758.447285285,2020-06-13
332,1592092800000,0.04213778128295175,11742122.485010797,2020-06-14
333,1592179200000,0.04262751236892778,11673126.030790735,2020-06-15
334,1592265600000,0.04175526296585358,12355367.625188956,2020-06-16
335,1592352000000,0.04297409256237335,12636808.314398061,2020-06-17
336,1592438400000,0.04377733515593805,12848629.212945431,2020-06-18
337,1592524800000,0.04438337041404765,13039011.570556244,2020-06-19
338,1592611200000,0.044300655081521416,12990253.981908968,2020-06-20
339,1592697600000,0.04492060605127474,13187630.740787288,2020-06-21
340,1592784000000,0.04390292710756354,12879363.478130411,2020-06-22
341,1592870400000,0.04421536809937316,12870804.256977784,2020-06-23
342,1592956800000,0.043841635616628585,12860084.202859119,2020-06-24
343,1593043200000,0.042697110664681424,12474239.899270207,2020-06-25
344,1593129600000,0.04096824398291769,12057062.679598747,2020-06-26
345,1593216000000,0.04155601015356321,12217072.019181259,2020-06-27
346,1593302400000,0.04234156164697468,12441276.17057246,2020-06-28
347,1593388800000,0.041843925787357204,12260161.954300417,2020-06-29
348,1593475200000,0.04187279561002772,12287919.214976778,2020-06-30
349,1593561600000,0.04377261029151172,12672957.086428111,2020-07-01
350,1593648000000,0.044914985101785314,13266219.197066696,2020-07-02
351,1593734400000,0.04338340141617061,12763019.230811628,2020-07-03
352,1593820800000,0.04308133819531914,12653410.502523847,2020-07-04
353,1593907200000,0.04191826946201874,12328556.8908958,2020-07-05
354,1593993600000,0.04208115371059223,12384936.240248092,2020-07-06
355,1594080000000,0.04316316499595802,12711399.353409994,2020-07-07
356,1594166400000,0.0425508126983007,12514972.490198715,2020-07-08
357,1594252800000,0.04308831875372559,12725798.021929389,2020-07-09
358,1594339200000,0.04027926671081785,11829616.709090758,2020-07-10
359,1594425600000,0.04006233221453907,11656606.991654735,2020-07-11
360,1594512000000,0.03936257372071139,11583052.083703337,2020-07-12
361,1594598400000,0.03934805716131704,11571020.30988027,2020-07-13
362,1594684800000,0.03889118335393204,11436974.58002762,2020-07-14
363,1594771200000,0.04021004868268376,11826510.968459953,2020-07-15
364,1594857600000,0.040749245940526854,11985098.746713277,2020-07-16
365,1594944000000,0.038656763149972295,11371564.444534846,2020-07-17
366,1595030400000,0.03825747025798166,11251077.749706408,2020-07-18
367,1595116800000,0.039386850158614053,13286452.159786405,2020-07-19
368,1595203200000,0.03741179356863162,12603674.6638543,2020-07-20
369,1595289600000,0.04118235526057091,13842259.4230143,2020-07-21
370,1595376000000,0.04146384637570711,13969283.557090277,2020-07-22
371,1595462400000,0.04259702062248315,14345385.99559942,2020-07-23
372,1595548800000,0.03993448577249076,13421147.369983112,2020-07-24
373,1595635200000,0.03960968552406481,13430279.129487297,2020-07-25
374,1595721600000,0.04029460846567518,13624024.210794114,2020-07-26
375,1595808000000,0.04080770753446374,13814183.849726537,2020-07-27
376,1595894400000,0.046762215746836415,15861102.139980234,2020-07-28
377,1595980800000,0.04775907343973002,16187373.20783479,2020-07-29
378,1596067200000,0.048363186835155204,16352094.075181205,2020-07-30
379,1596153600000,0.053710372183917506,18185249.35517668,2020-07-31
380,1596240000000,0.06205768844879758,20980517.406868536,2020-08-01
381,1596326400000,0.05480138365217581,19254849.80856186,2020-08-02
382,1596412800000,0.051883410560338315,17577130.142532658,2020-08-03
383,1596499200000,0.05232497142058139,17686362.894358568,2020-08-04
384,1596585600000,0.054489094908251344,18444338.074810408,2020-08-05
385,1596672000000,0.052973673192751876,17907095.989197005,2020-08-06
386,1596758400000,0.06005991639422146,20309292.18858557,2020-08-07
387,1596844800000,0.06029326740818199,20412803.694549046,2020-08-08
388,1596931200000,0.06467822621383897,21859272.338374976,2020-08-09
389,1597017600000,0.07565156388071695,25578576.815637883,2020-08-10
390,1597104000000,0.09358009211480514,31636212.073510014,2020-08-11
391,1597190400000,0.08300759510674788,28104560.784009255,2020-08-12
392,1597276800000,0.08616945640639062,29203417.977987316,2020-08-13
393,1597363200000,0.09204828961373109,35045138.231612824,2020-08-14
394,1597449600000,0.09461291408781543,36105624.9664358,2020-08-15
395,1597536000000,0.0975032246324604,35981441.438154005,2020-08-16
396,1597622400000,0.10092351302562325,38182659.85016254,2020-08-17
397,1597708800000,0.11408751656956277,43571792.86296231,2020-08-18
398,1597795200000,0.11763084202967675,44901870.40778156,2020-08-19
399,1597881600000,0.10729225137809095,40780867.929654635,2020-08-20
400,1597968000000,0.12110711236158705,46337609.85824253,2020-08-21
401,1598054400000,0.11416951348922277,43510709.25199976,2020-08-22
402,1598140800000,0.12197971981506849,46541655.89008388,2020-08-23
403,1598227200000,0.11463824664216025,43809349.884678185,2020-08-24
404,1598313600000,0.12217919039142418,45652459.4580513,2020-08-25
405,1598400000000,0.10946620456845634,43065422.76160515,2020-08-26
406,1598486400000,0.11617904053186084,44333724.755634554,2020-08-27
407,1598572800000,0.14345091216974373,54354581.26874764,2020-08-28
408,1598659200000,0.14821135903998503,56629348.04962741,2020-08-29
409,1598745600000,0.15688759435477173,59755537.242228776,2020-08-30
410,1598832000000,0.19833230009151556,75662205.89209795,2020-08-31
411,1598918400000,0.21215799056137113,81046460.13318732,2020-09-01
412,1599004800000,0.20003962080208096,76683919.29080461,2020-09-02
413,1599091200000,0.17755693537888903,66822203.99180753,2020-09-03
414,1599177600000,0.16091233742042474,63379038.80247486,2020-09-04
415,1599264000000,0.1681978570912142,64380172.58538426,2020-09-05
416,1599350400000,0.1762279490444343,67023123.70510588,2020-09-06
417,1599436800000,0.17916833769245114,68198050.28884919,2020-09-07
418,1599523200000,0.17874319164793465,68087022.29906763,2020-09-08
419,1599609600000,0.15879290381084213,60572058.80224338,2020-09-09
420,1599696000000,0.16304569442629213,62019919.65768865,2020-09-10
421,1599782400000,0.18727792633433024,71464384.68795604,2020-09-11
422,1599868800000,0.2029712388663772,77658009.1920701,2020-09-12
423,1599955200000,0.2074328606515388,88116690.35996811,2020-09-13
424,1600041600000,0.19063084869348437,81245814.93827695,2020-09-14
425,1600128000000,0.17883747397313862,75740469.41842586,2020-09-15
426,1600214400000,0.16139785855336922,68472148.04595095,2020-09-16
427,1600300800000,0.1708267034135223,72548461.3907446,2020-09-17
428,1600387200000,0.1575174461079087,66777905.007994615,2020-09-18
429,1600473600000,0.16140037959837533,68623590.16814639,2020-09-19
430,1600560000000,0.15929943940042643,67555059.88554157,2020-09-20
431,1600646400000,0.15205695788383006,65118498.00559373,2020-09-21
432,1600732800000,0.14145506872762395,60164597.71303027,2020-09-22
433,1600819200000,0.15960330880837958,67822494.74042524,2020-09-23
434,1600905600000,0.13654785827868854,58564503.641004145,2020-09-24
435,1600992000000,0.15129612679757806,64649386.3288999,2020-09-25
436,1601078400000,0.15494925700997306,65431437.903395325,2020-09-26
437,1601164800000,0.15161231009820145,63632519.17357743,2020-09-27
438,1601251200000,0.14323321655778656,60792601.385391206,2020-09-28
439,1601337600000,0.14101313685644035,59576264.32435204,2020-09-29
440,1601424000000,0.13654515772030557,58039126.45723633,2020-09-30
441,1601510400000,0.13221408439394453,56209494.96687601,2020-10-01
442,1601596800000,0.10914757444935012,46244871.845399216,2020-10-02
443,1601683200000,0.11585899714200994,48802388.91944333,2020-10-03
444,1601769600000,0.11455677372768265,48449155.38840982,2020-10-04
445,1601856000000,0.11289484929096937,47945205.83153258,2020-10-05
446,1601942400000,0.11283555178445082,47810141.974332504,2020-10-06
447,1602028800000,0.10462319714850538,44413253.933598496,2020-10-07
448,1602115200000,0.09724083909418556,41246431.29904378,2020-10-08
449,1602201600000,0.10232548448254704,43336908.059051685,2020-10-09
450,1602288000000,0.11486442005274831,53626096.6953009,2020-10-10
451,1602374400000,0.11282144708439988,52667336.06696977,2020-10-11
452,1602460800000,0.12287615350326195,57310223.493804954,2020-10-12
453,1602547200000,0.11401684677276246,53366959.82012164,2020-10-13
454,1602633600000,0.10097057632628287,47128961.04368966,2020-10-14
455,1602720000000,0.09592933196910104,44799533.963049024,2020-10-15
456,1602806400000,0.09603540902287137,44854927.31353062,2020-10-16
457,1602892800000,0.09224063712237603,43123403.50396621,2020-10-17
458,1602979200000,0.0931319290740908,43529317.15826708,2020-10-18
459,1603065600000,0.0970794873995134,45507354.07612029,2020-10-19
460,1603152000000,0.10190346824556892,47578847.50916329,2020-10-20
461,1603238400000,0.09054651763331346,42284543.356159605,2020-10-21
462,1603324800000,0.09978559375691569,46033349.125185184,2020-10-22
463,1603411200000,0.0953036146045131,44539012.611081965,2020-10-23
464,1603497600000,0.09320963836395754,43513879.170950465,2020-10-24
465,1603584000000,0.09085874762685246,42461202.657656856,2020-10-25
466,1603670400000,0.08918713922431049,41658084.34974399,2020-10-26
467,1603756800000,0.0835871218311599,39096119.37897525,2020-10-27
468,1603843200000,0.08150235032820137,38127057.40268649,2020-10-28
469,1603929600000,0.0814709164962519,37965439.038542576,2020-10-29
470,1604016000000,0.08090088170574913,37820393.47146509,2020-10-30
471,1604102400000,0.08260953662047438,38538782.70831818,2020-10-31
472,1604188800000,0.08703076650667949,40682735.47347963,2020-11-01
473,1604275200000,0.09081071152067612,42379540.70300065,2020-11-02
474,1604361600000,0.08836308333420989,41234927.22908851,2020-11-03
475,1604448000000,0.0876942142506558,40792967.34716388,2020-11-04
476,1604534400000,0.08391058103106401,39158281.662503324,2020-11-05
477,1604620800000,0.0881653183010342,41196008.1992219,2020-11-06
478,1604707200000,0.09789167513218368,45747364.35880514,2020-11-07
479,1604793600000,0.0956077687454967,44735017.031206585,2020-11-08
480,1604880000000,0.0999990925204522,46723194.547334656,2020-11-09
481,1604966400000,0.09691747061159595,45327810.74947738,2020-11-10
482,1605052800000,0.09864258378380153,46043506.30983401,2020-11-11
483,1605139200000,0.10769912180311081,54871272.45475402,2020-11-12
484,1605225600000,0.10761589571535797,54913665.73733381,2020-11-13
485,1605312000000,0.11777973631624059,59884878.33023419,2020-11-14
486,1605398400000,0.12167226939408089,61081824.13808518,2020-11-15
487,1605484800000,0.130671119567279,66581370.86229756,2020-11-16
488,1605571200000,0.1454211019314918,73572926.52521296,2020-11-17
489,1605657600000,0.1506050800388953,76668964.38386412,2020-11-18
490,1605744000000,0.13757894213282648,70214625.38066097,2020-11-19
491,1605830400000,0.12161303201555368,61591452.13432581,2020-11-20
492,1605916800000,0.11242134190020826,57725876.49735541,2020-11-21
493,1606003200000,0.11980800306638016,61132738.99413814,2020-11-22
494,1606089600000,0.12916713331950086,65804489.06002171,2020-11-23
495,1606176000000,0.11238786412803731,57150448.73036668,2020-11-24
496,1606262400000,0.13208675729576785,67321473.97308812,2020-11-25
497,1606348800000,0.13590733837775718,69246845.64473438,2020-11-26
498,1606435200000,0.12403844028649498,62967240.09037543,2020-11-27
499,1606521600000,0.13253592405036585,67676401.46281403,2020-11-28
500,1606608000000,0.13309451770044683,67792565.00126415,2020-11-29
501,1606694400000,0.13026990867460164,66122758.11715835,2020-11-30
502,1606780800000,0.14923463079873484,74135716.6138341,2020-12-01
503,1606867200000,0.14971889298748764,76397093.21627773,2020-12-02
504,1606953600000,0.15777912459527563,80282773.5793333,2020-12-03
505,1607040000000,0.16411852420005274,83404707.408926,2020-12-04
506,1607126400000,0.15977911979629905,81808219.53735556,2020-12-05
507,1607212800000,0.1633812455849846,83280632.04224972,2020-12-06
508,1607299200000,0.16602129934014645,84526910.35043082,2020-12-07
509,1607385600000,0.178587501517364,90880748.97941491,2020-12-08
510,1607472000000,0.1726222388219971,95489734.50658877,2020-12-09
511,1607558400000,0.17738367642598468,98100735.90357883,2020-12-10
512,1607644800000,0.16261305456570857,89601640.93496858,2020-12-11
513,1607731200000,0.1408767746324702,77617525.29791784,2020-12-12
514,1607817600000,0.13464818637012896,74721618.35624222,2020-12-13
515,1607904000000,0.12929410545482908,71328444.12464993,2020-12-14
516,1607990400000,0.1270766810462779,70333762.68615942,2020-12-15
517,1608076800000,0.12562413813371187,69496723.41857557,2020-12-16
518,1608163200000,0.13175039314484455,72742785.43662302,2020-12-17
519,1608249600000,0.13145886967318166,72565201.8636146,2020-12-18
520,1608336000000,0.1316650072726882,72833038.97242974,2020-12-19
521,1608422400000,0.13131131338548105,72403269.34918866,2020-12-20
522,1608508800000,0.12425639452883444,68647647.54402398,2020-12-21
523,1608595200000,0.11290932188655492,62434238.1882,2020-12-22
524,1608681600000,0.11854989776292839,65476811.30232984,2020-12-23
525,1608768000000,0.11321837614680612,62700536.6667939,2020-12-24
526,1608854400000,0.11807887048275334,65206299.66806932,2020-12-25
527,1608940800000,0.11784944791182461,65046366.01381228,2020-12-26
528,1609027200000,0.13334303070299633,73676549.38238864,2020-12-27
529,1609113600000,0.13582245579588179,75255855.39703639,2020-12-28
530,1609200000000,0.1260029763307287,70276043.8279725,2020-12-29
531,1609286400000,0.12898792351449978,71023635.54016684,2020-12-30
532,1609372800000,0.12428269144478755,68673530.72219439,2020-12-31
533,1609459200000,0.12805827146465776,70626842.65586825,2021-01-01
534,1609545600000,0.12468696941630192,68111586.010086,2021-01-02
535,1609632000000,0.11431067511625473,63160628.16857077,2021-01-03
536,1609718400000,0.11292062399518099,62907597.70066685,2021-01-04
537,1609804800000,0.10913740752570313,60212862.09407818,2021-01-05
538,1609891200000,0.1183180455976875,65215714.78695268,2021-01-06
539,1609977600000,0.12052399463176047,66567649.981660336,2021-01-07
540,1610064000000,0.11913539665681679,65464658.34508086,2021-01-08
541,1610150400000,0.11600938199111654,63996065.15913546,2021-01-09
542,1610236800000,0.12533390954480983,69294012.79809473,2021-01-10
543,1610323200000,0.13530494947473728,72990359.93897279,2021-01-11
544,1610409600000,0.12514393123739578,69250598.27553228,2021-01-12
545,1610496000000,0.12462155085016524,68830806.69962612,2021-01-13
546,1610582400000,0.12567051465405277,69217638.21593359,2021-01-14
547,1610668800000,0.12999207695147605,71515868.99981342,2021-01-15
548,1610755200000,0.12984961264751893,71847446.34409174,2021-01-16
549,1610841600000,0.12725012562109664,70069777.00440696,2021-01-17
550,1610928000000,0.11855769930489289,65915751.65074375,2021-01-18
551,1611014400000,0.12700444031910652,69832864.61513123,2021-01-19
552,1611100800000,0.15394149585692307,84875497.26112323,2021-01-20
553,1611187200000,0.1577385154975243,86651618.90521021,2021-01-21
554,1611273600000,0.15370555022692908,85446955.5090377,2021-01-22
555,1611360000000,0.16092573128492096,89620243.58042467,2021-01-23
556,1611446400000,0.15547529726267717,85948232.26884605,2021-01-24
557,1611532800000,0.15089249655297837,83022933.7426896,2021-01-25
558,1611619200000,0.14374274069626702,80911849.94791646,2021-01-26
559,1611705600000,0.13957707215795584,76577151.64838423,2021-01-27
560,1611792000000,0.1400873345306597,77051564.33283053,2021-01-28
561,1611878400000,0.16488276221620773,92747296.66742311,2021-01-29
562,1611964800000,0.1555147874553583,85919545.88378304,2021-01-30
563,1612051200000,0.1475825633879544,80960666.9410269,2021-01-31
564,1612137600000,0.14281989135188006,78865037.24107008,2021-02-01
565,1612224000000,0.14595721648372068,79651363.87740189,2021-02-02
566,1612310400000,0.1460554826350014,80778392.58263402,2021-02-03
567,1612396800000,0.15016910593119115,82526975.11023079,2021-02-04
568,1612483200000,0.14322410269732042,79740386.37360474,2021-02-05
569,1612569600000,0.14821142854428537,81557076.72477257,2021-02-06
570,1612656000000,0.18923780991968625,103742556.76640537,2021-02-07
571,1612742400000,0.1882194235197921,102929647.78041601,2021-02-08
572,1612828800000,0.22360154479729794,126929898.08436355,2021-02-09
573,1612915200000,0.21585549590356043,119944236.00192602,2021-02-10
574,1613001600000,0.24594366897177522,136243782.88066337,2021-02-11
575,1613088000000,0.23517479068560113,129564877.47935243,2021-02-12
576,1613174400000,0.23209224537084525,130356212.92728001,2021-02-13
577,1613260800000,0.22433304902176313,123907333.45275976,2021-02-14
578,1613347200000,0.22750181654966767,125848282.2580994,2021-02-15
579,1613433600000,0.23618689672931234,130439741.14380328,2021-02-16
580,1613520000000,0.23145716415201548,128031612.29825619,2021-02-17
581,1613606400000,0.2635457127472399,145623776.5611686,2021-02-18
582,1613692800000,0.28806546285628387,160949849.99523526,2021-02-19
583,1613779200000,0.3067135842301621,169403325.99901408,2021-02-20
584,1613865600000,0.2797165457223435,156427828.4538431,2021-02-21
585,1613952000000,0.29962369338229144,163799877.0972886,2021-02-22
586,1614038400000,0.314640204101856,172572487.0668564,2021-02-23
587,1614124800000,0.23704419272409058,130923603.71410619,2021-02-24
588,1614211200000,0.2626761345753792,144573159.94659284,2021-02-25
589,1614297600000,0.2695901470372343,149813353.67329156,2021-02-26
590,1614384000000,0.24902923702213414,138018893.5891405,2021-02-27
591,1614470400000,0.25172178369839415,139095760.14007416,2021-02-28
592,1614556800000,0.24169923753602443,133282585.8818926,2021-03-01
593,1614643200000,0.2608387094340523,142704223.61819056,2021-03-02
594,1614729600000,0.2557870026275597,141322268.7339479,2021-03-03
595,1614816000000,0.2990141602957738,165481457.92921373,2021-03-04
596,1614902400000,0.3270894802800413,180114049.5343886,2021-03-05
597,1614988800000,0.31538813686802725,174035860.6283504,2021-03-06
598,1615075200000,0.32766678123870885,180976025.28953925,2021-03-07
599,1615161600000,0.38503953709607347,212704094.6223038,2021-03-08
600,1615248000000,0.4620112913760195,254195971.78867078,2021-03-09
601,1615334400000,0.49199025066124236,270574711.64161485,2021-03-10
602,1615420800000,0.4513967039039094,250040996.86495566,2021-03-11
603,1615507200000,0.5041931954035553,277330230.40695006,2021-03-12
604,1615593600000,0.6326246223587833,349396048.6791675,2021-03-13
605,1615680000000,0.6183620631762509,342185585.68653595,2021-03-14
606,1615766400000,0.6744457841749429,371795549.35556096,2021-03-15
607,1615852800000,0.7076031717075905,391159340.1120553,2021-03-16
608,1615939200000,0.6701911887577879,372052721.00168324,2021-03-17
609,1616025600000,0.6765418027807972,373593224.5103202,2021-03-18
610,1616112000000,0.6320775769440296,350876426.1441146,2021-03-19
611,1616198400000,0.5882759923048676,324932218.416581,2021-03-20
612,1616284800000,0.5514767170135313,307980348.61478645,2021-03-21
613,1616371200000,0.6234868745481644,344577732.72923917,2021-03-22
614,1616457600000,0.5940045476160556,330563665.8314504,2021-03-23
615,1616544000000,0.5653180843578158,310883349.2559464,2021-03-24
616,1616630400000,0.5711805204902227,316479718.20966333,2021-03-25
617,1616716800000,0.5794041354322875,320035745.879705,2021-03-26
618,1616803200000,0.6304527502516761,347869076.9728242,2021-03-27
619,1616889600000,0.6835373791378823,377864731.70582765,2021-03-28
620,1616976000000,0.7164027449523828,394907106.870659,2021-03-29
621,1617062400000,0.6812974135252486,379275227.069358,2021-03-30
622,1617148800000,0.630707600309602,348629606.3468346,2021-03-31
623,1617235200000,0.5981465606990769,332983184.78138524,2021-04-01
624,1617321600000,0.5916139374003567,326686072.9262502,2021-04-02
625,1617408000000,0.6292407889628309,347793232.10532737,2021-04-03
626,1617494400000,0.5854981571746724,324165143.29906464,2021-04-04
627,1617580800000,0.5840405786809537,320380719.7264123,2021-04-05
628,1617667200000,0.5538691213950259,306569455.1490066,2021-04-06
629,1617753600000,0.6046065454895673,333884076.01687825,2021-04-07
630,1617840000000,0.5016356299997846,277705781.7544539,2021-04-08
631,1617926400000,0.5542254364591422,305272725.5432816,2021-04-09
632,1618012800000,0.5708226639787611,314944960.54269654,2021-04-10
633,1618099200000,0.5827063126957449,322874919.97280425,2021-04-11
634,1618185600000,0.548105857690384,302884893.5849835,2021-04-12
635,1618272000000,0.5533437376669058,304631893.3851589,2021-04-13
636,1618358400000,0.5408437790532101,299268257.5479043,2021-04-14
637,1618444800000,0.5328224986411906,296559889.5428393,2021-04-15
638,1618531200000,0.5666878507469505,312904788.43769634,2021-04-16
639,1618617600000,0.5413835777051638,299771826.6262957,2021-04-17
640,1618704000000,0.5318852259633845,294880964.0113762,2021-04-18
641,1618790400000,0.5167711805432954,285421469.5017385,2021-04-19
642,1618876800000,0.4531486493521316,250204652.16133475,2021-04-20
643,1618963200000,0.5440906257931586,303155052.52416974,2021-04-21
644,1619049600000,0.5123510972229195,282777430.22537476,2021-04-22
645,1619136000000,0.4721336416931831,260536417.22141904,2021-04-23
646,1619222400000,0.4708206317625517,259560001.5082439,2021-04-24
647,1619308800000,0.41531142044090624,229379979.18974528,2021-04-25
648,1619395200000,0.4442091325067333,245419914.38837296,2021-04-26
649,1619481600000,0.4725107751148699,261188992.06287467,2021-04-27
650,1619568000000,0.49314206240594705,272448780.44853,2021-04-28
651,1619654400000,0.5329370813243266,290985059.8920944,2021-04-29
652,1619740800000,0.6012057402240133,331490608.9328103,2021-04-30
653,1619827200000,0.6300795130580034,348413794.57611936,2021-05-01
654,1619913600000,0.5957093650478162,329502023.88694847,2021-05-02
655,1620000000000,0.6468628136252151,356509695.3656266,2021-05-03
656,1620086400000,0.7105696619281373,393802264.9399188,2021-05-04
657,1620172800000,0.6362735315031574,353826113.81972396,2021-05-05
658,1620259200000,0.6309718419185512,349559502.42511344,2021-05-06
659,1620345600000,0.5837398461551544,322180091.25006473,2021-05-07
660,1620432000000,0.5695666996055545,315054649.99750656,2021-05-08
661,1620518400000,0.5590374851649412,309029960.28091145,2021-05-09
662,1620604800000,0.5392347831161006,297828205.1812208,2021-05-10
663,1620691200000,0.49744494017289526,273805531.2627472,2021-05-11
664,1620777600000,0.4973308858721091,274367302.5227984,2021-05-12
665,1620864000000,0.4649529045541383,264017668.82383904,2021-05-13
666,1620950400000,0.44058806607801876,242765324.52545798,2021-05-14
667,1621036800000,0.43702562441196696,242000141.91581097,2021-05-15
668,1621123200000,0.41728305796542103,231018339.16446972,2021-05-16
669,1621209600000,0.43219939841084076,238710808.61152393,2021-05-17
670,1621296000000,0.4050877451497306,224042424.4113398,2021-05-18
671,1621382400000,0.4199695535185143,230703576.6169277,2021-05-19
672,1621468800000,0.3507118255131169,193263921.10160157,2021-05-20
673,1621555200000,0.35918865403672545,201930475.93317378,2021-05-21
674,1621641600000,0.2820619187520646,156092820.63593307,2021-05-22
675,1621728000000,0.26498980425564006,146686921.20547295,2021-05-23
676,1621814400000,0.2191983752810316,120222502.32439175,2021-05-24
677,1621900800000,0.29359113751383775,160866493.72197777,2021-05-25
678,1621987200000,0.2782507708146853,153609339.37356147,2021-05-26
679,1622073600000,0.30310926662925797,166170213.84035507,2021-05-27
680,1622160000000,0.30200442394516,167060008.20361376,2021-05-28
681,1622246400000,0.2579297537292792,143569011.11980954,2021-05-29
682,1622332800000,0.25039037177811985,139101860.69363895,2021-05-30
683,1622419200000,0.2600421051055102,143674201.12993425,2021-05-31
684,1622505600000,0.2902726652711746,160137655.7910834,2021-06-01
685,1622592000000,0.285676801377358,157543533.28556472,2021-06-02
686,1622678400000,0.33035682737314404,182460936.61794093,2021-06-03
687,1622764800000,0.38784618325045733,215126799.64142087,2021-06-04
688,1622851200000,0.3877315473396631,214823241.75859094,2021-06-05
689,1622937600000,0.40621363277045885,222487734.0475254,2021-06-06
690,1623024000000,0.4061563919099508,224424127.49133104,2021-06-07
691,1623110400000,0.39107783863678325,218311719.237546,2021-06-08
692,1623196800000,0.3791340198327712,209962666.7102135,2021-06-09
693,1623283200000,0.3945399851022968,285435529.51142865,2021-06-10
694,1623369600000,0.3749542307557858,273307556.26258993,2021-06-11
695,1623456000000,0.3753975974218482,271238704.3562732,2021-06-12
696,1623542400000,0.3785710233537267,274162441.02955496,2021-06-13
697,1623628800000,0.3831480715637297,276064109.7741119,2021-06-14
698,1623715200000,0.40596518879202464,293863505.3496435,2021-06-15
699,1623801600000,0.48063205599020714,389400906.8858898,2021-06-16
700,1623888000000,0.4744004649366788,382394363.6762513,2021-06-17
701,1623974400000,0.4966338330896747,399879077.11573726,2021-06-18
702,1624060800000,0.4840909177717898,391835198.6065877,2021-06-19
703,1624147200000,0.5325866049757397,427579185.552187,2021-06-20
704,1624233600000,0.5070959299665179,410023394.19812405,2021-06-21
705,1624320000000,0.4072167306701565,331041269.2042096,2021-06-22
706,1624406400000,0.4147259130397396,335117916.932527,2021-06-23
707,1624492800000,0.4403158288376048,355811806.88932556,2021-06-24
708,1624579200000,0.4573500070859222,370448159.4797106,2021-06-25
709,1624665600000,0.48915001087705806,394588226.9053552,2021-06-26
710,1624752000000,0.4250876664125415,342541603.3391878,2021-06-27
711,1624838400000,0.46998251585263245,380416361.96312207,2021-06-28
712,1624924800000,0.5429400776607326,437857977.5026911,2021-06-29
713,1625011200000,0.424605246891711,344868600.3846269,2021-06-30
714,1625097600000,0.41845144650337307,338750546.0479169,2021-07-01
715,1625184000000,0.4205919148506344,339982025.42062175,2021-07-02
716,1625270400000,0.46259570426980706,373600483.72202957,2021-07-03
717,1625356800000,0.4856270787580763,399323084.52828115,2021-07-04
718,1625443200000,0.5091442285061499,411605379.13577884,2021-07-05
719,1625529600000,0.4666222283527007,377077889.47394896,2021-07-06
720,1625616000000,0.4766338183032281,385365301.2544511,2021-07-07
721,1625702400000,0.48262099645483614,390301997.28691024,2021-07-08
722,1625788800000,0.46252838536708263,374255965.3705306,2021-07-09
723,1625875200000,0.4720584863556239,382711209.6677405,2021-07-10
724,1625961600000,0.49678106638206126,401719880.1192133,2021-07-11
725,1626048000000,0.5007114582983127,404921167.11706793,2021-07-12
726,1626134400000,0.4885604904880975,395995395.5949871,2021-07-13
727,1626220800000,0.4875366092177356,395137695.49512166,2021-07-14
728,1626307200000,0.5229351408744813,420758810.7462717,2021-07-15
729,1626393600000,0.5046422548253845,409458352.8334202,2021-07-16
730,1626480000000,0.5077871104974021,409189441.14914745,2021-07-17
731,1626566400000,0.5028446248239946,406623603.3165387,2021-07-18
732,1626652800000,0.49951885211126795,402583170.2495954,2021-07-19
733,1626739200000,0.45480899476628517,367971852.7302974,2021-07-20
734,1626825600000,0.432462660284548,349699721.37273604,2021-07-21
735,1626912000000,0.4534410816630913,365605483.66045475,2021-07-22
736,1626998400000,0.476973955394812,388554717.4851174,2021-07-23
737,1627084800000,0.5006291347044735,404447080.20904493,2021-07-24
738,1627171200000,0.5040461641234522,407824674.07562965,2021-07-25
739,1627257600000,0.512931931257546,411185902.2030403,2021-07-26
740,1627344000000,0.5594442532103927,452734124.09685934,2021-07-27
741,1627430400000,0.5761497321055505,463884166.5463779,2021-07-28
742,1627516800000,0.5750713074007647,460463741.86949676,2021-07-29
743,1627603200000,0.6028747976536003,487497251.3599701,2021-07-30
744,1627689600000,0.5701881185582792,463531866.8652873,2021-07-31
745,1627776000000,0.5694444078945881,461644607.875563,2021-08-01
746,1627862400000,0.5655643645556037,457339779.452649,2021-08-02
747,1627948800000,0.5451924252890273,437167056.9285458,2021-08-03
748,1628035200000,0.5388607004234919,436031283.80189633,2021-08-04
749,1628121600000,0.5563051074861276,447115810.1673144,2021-08-05
750,1628208000000,0.5306134538193036,428050731.5476875,2021-08-06
751,1628294400000,0.5901326257970784,474787724.10032505,2021-08-07
752,1628380800000,0.5773403273036175,466088968.37873954,2021-08-08
753,1628467200000,0.5472208114158892,441743370.12881356,2021-08-09
754,1628553600000,0.5472297766952576,440846156.27288085,2021-08-10
755,1628640000000,0.5441352307922872,440496682.8131602,2021-08-11
756,1628726400000,0.6171156911200169,496557388.7235391,2021-08-12
757,1628812800000,0.6914544149236459,559466454.7838018,2021-08-13
758,1628899200000,0.8089111779361637,652805073.1114881,2021-08-14
759,1628985600000,0.7490851784058443,605797568.9477053,2021-08-15
760,1629072000000,0.7241880057947971,583574018.8841398,2021-08-16
761,1629158400000,0.7116829052046959,594107161.1632377,2021-08-17
762,1629244800000,0.6505407627234666,543002908.0516022,2021-08-18
763,1629331200000,0.6618504480030752,548570148.340033,2021-08-19
764,1629417600000,0.6760866189246815,557007022.9203331,2021-08-20
765,1629504000000,0.7877357427024901,652829105.8557199,2021-08-21
766,1629590400000,0.7498690620045344,622430976.6232189,2021-08-22
767,1629676800000,0.7086236946196007,584823272.955637,2021-08-23
768,1629763200000,0.712302008713261,590184469.4150553,2021-08-24
769,1629849600000,0.7809534990523613,643069805.0794529,2021-08-25
770,1629936000000,0.8079834087481573,669401436.1753986,2021-08-26
771,1630022400000,0.750632650784769,622352600.5720315,2021-08-27
772,1630108800000,0.8633067244903707,714677478.3151815,2021-08-28
773,1630195200000,0.8953574089273798,755364049.9376323,2021-08-29
774,1630281600000,0.8900239851152196,738732536.38573,2021-08-30
775,1630368000000,0.8824582658955087,732342648.8893168,2021-08-31
776,1630454400000,0.8931969696888312,740103946.1450559,2021-09-01
777,1630540800000,0.9415752000151969,780135002.0376023,2021-09-02
778,1630627200000,0.9953981002800006,816914141.6824125,2021-09-03
779,1630713600000,0.9432260314331211,778357161.7085315,2021-09-04
780,1630800000000,0.9388856658789755,782746559.4648168,2021-09-05
781,1630886400000,0.9633084474391942,800752134.4192256,2021-09-06
782,1630972800000,0.8993258816766498,745398980.1641536,2021-09-07
783,1631059200000,0.779091632069966,646587190.9393053,2021-09-08
784,1631145600000,0.809802126688176,672014039.2185336,2021-09-09
785,1631232000000,0.747688514846259,620002621.2030042,2021-09-10
786,1631318400000,0.7156842581819787,590914632.7356969,2021-09-11
787,1631404800000,0.7814732819576308,653884575.7735593,2021-09-12
788,1631491200000,0.7507186278722585,624028813.8458859,2021-09-13
789,1631577600000,0.7305603632960155,601289055.3935257,2021-09-14
790,1631664000000,0.8272323715370652,686411052.7262979,2021-09-15
791,1631750400000,0.849954028797634,706120459.3361727,2021-09-16
792,1631836800000,0.705127837294706,584675016.9582025,2021-09-17
793,1631923200000,0.7215524724695099,596319043.159848,2021-09-18
794,1632009600000,0.6863149518214363,569363538.9944774,2021-09-19
795,1632096000000,0.688533628576596,567656260.8154281,2021-09-20
796,1632182400000,0.5932584653748469,487548577.08370954,2021-09-21
797,1632268800000,0.5822470731999915,477631444.3577104,2021-09-22
798,1632355200000,0.659021149265386,549353584.9332985,2021-09-23
799,1632441600000,0.6359304144759351,527151041.04286957,2021-09-24
800,1632528000000,0.5928688643569517,490635113.2771479,2021-09-25
801,1632614400000,0.5743973986644464,476465679.7037729,2021-09-26
802,1632700800000,0.5740652637288122,476024388.76032156,2021-09-27
803,1632787200000,0.5676480352720459,469849647.0960849,2021-09-28
804,1632873600000,0.494186671750411,409898304.50489694,2021-09-29
805,1632960000000,0.5132468213198739,423083925.8965795,2021-09-30
806,1633046400000,0.5430000464610562,448588071.59731174,2021-10-01
807,1633132800000,0.6398856020378667,528295204.7051086,2021-10-02
808,1633219200000,0.63408276930023,527907671.9261823,2021-10-03
809,1633305600000,0.6351886274667448,526178915.6739772,2021-10-04
810,1633392000000,0.5604480196458417,149058925.53134263,2021-10-05
811,1633478400000,0.572809657517344,152318801.12925768,2021-10-06
812,1633564800000,0.6305780971124052,166767950.29123122,2021-10-07
813,1633651200000,0.6298830452722196,167807802.75473735,2021-10-08
814,1633737600000,0.5953313311776293,158437543.59774578,2021-10-09
815,1633824000000,0.6159489642165207,163733816.11433166,2021-10-10
816,1633910400000,0.5719098955218784,152146542.2029605,2021-10-11
817,1633996800000,0.5530351418385907,146816384.7866523,2021-10-12
818,1634083200000,0.5291521710574115,140678317.8979492,2021-10-13
819,1634169600000,0.5516084269691676,146655348.75372624,2021-10-14
820,1634256000000,0.529176308152376,140731372.16851696,2021-10-15
821,1634342400000,0.6440300784941715,171620601.87408295,2021-10-16
822,1634428800000,0.7129173230291371,191430703.59986424,2021-10-17
823,1634515200000,0.7431131998174079,196648035.16076484,2021-10-18
824,1634601600000,0.7014556258556871,187894683.62699544,2021-10-19
825,1634688000000,0.6937837271781836,184250357.92943087,2021-10-20
826,1634774400000,0.7292008873571434,194101569.9961308,2021-10-21
827,1634860800000,0.690285047613426,186563897.26393443,2021-10-22
828,1634947200000,0.7014560141547614,185798266.21862462,2021-10-23
829,1635033600000,0.6934619807708199,184462366.45141265,2021-10-24
830,1635120000000,0.665340881463491,175274741.14577362,2021-10-25
831,1635206400000,0.6669511754518547,177380169.3024641,2021-10-26
832,1635292800000,0.6497499464648034,173478050.03273267,2021-10-27
833,1635379200000,0.605707681483317,161098614.92895174,2021-10-28
834,1635465600000,0.6484530903225472,171962320.21906155,2021-10-29
835,1635552000000,0.6429126011548306,171557494.28945965,2021-10-30
836,1635638400000,0.733746016228833,194279504.3585472,2021-10-31
837,1635724800000,0.8036399315961616,213932296.65027246,2021-11-01
838,1635811200000,0.7549321977989158,200289041.877561,2021-11-02
839,1635897600000,0.9010925319798844,239678001.86614448,2021-11-03
840,1635984000000,1.0408433756774293,276992152.5833522,2021-11-04
841,1636070400000,1.1125093484238293,279010948.643293,2021-11-05
842,1636156800000,1.0638352945375813,282817008.9256095,2021-11-06
843,1636243200000,0.9671157807924861,256615167.55711886,2021-11-07
844,1636329600000,1.0758842244217506,285818262.5269909,2021-11-08
845,1636416000000,1.1658767674155814,308451929.0958582,2021-11-09
846,1636502400000,1.3106656661886964,358106557.09104806,2021-11-10
847,1636588800000,1.1918715158965418,323008365.1669547,2021-11-11
848,1636675200000,1.3376771826749723,361841478.7539981,2021-11-12
849,1636761600000,1.3195448959025735,352498206.7062771,2021-11-13
850,1636848000000,1.3707862684162828,367977037.72796905,2021-11-14
851,1636934400000,1.3191770192355463,351714418.1772978,2021-11-15
852,1637020800000,1.1997653857937025,320416468.2688743,2021-11-16
853,1637107200000,1.123326716814898,298417920.96653986,2021-11-17
854,1637193600000,1.3172748424090883,355090088.393191,2021-11-18
855,1637280000000,1.2458372205937602,331796403.0685646,2021-11-19
856,1637366400000,1.3797964190362104,366863142.82997304,2021-11-20
857,1637452800000,1.5067128411580635,402739333.77422845,2021-11-21
858,1637539200000,1.5142577243954531,403003077.47917265,2021-11-22
859,1637625600000,1.8183811184880798,488993297.4983422,2021-11-23
860,1637712000000,2.067343362484117,556697466.8055332,2021-11-24
861,1637798400000,2.3114199758551255,614925740.2792296,2021-11-25
862,1637884800000,2.1605543975095864,581174982.7934684,2021-11-26
863,1637971200000,2.1303396166350637,575192166.8089427,2021-11-27
864,1638057600000,2.3140297199001605,620427617.212645,2021-11-28
865,1638144000000,2.386959227939771,639032336.445432,2021-11-29
866,1638230400000,2.2628415631319627,607663391.3026062,2021-11-30
867,1638316800000,2.013606266422234,541502843.2856325,2021-12-01
868,1638403200000,1.9337678060292247,518076474.1473848,2021-12-02
869,1638489600000,1.7488484313365944,467536047.6859744,2021-12-03
870,1638576000000,1.5963303682902776,429597010.5563424,2021-12-04
871,1638662400000,1.5431888828245048,414742112.29668653,2021-12-05
872,1638748800000,1.6335697979511508,434581204.2150427,2021-12-06
873,1638835200000,1.5605226971036168,421212968.1984695,2021-12-07
874,1638921600000,1.6788389873618723,449959583.811088,2021-12-08
875,1639008000000,1.7201106256957055,463630779.1659825,2021-12-09
876,1639094400000,1.7171028738215757,465796254.20123124,2021-12-10
877,1639180800000,1.5371189841545327,415298287.4838785,2021-12-11
878,1639267200000,1.550661310569726,417504746.5839496,2021-12-12
879,1639353600000,1.5923892505581285,429156098.92748755,2021-12-13
880,1639440000000,1.3409924725354996,361252539.8824904,2021-12-14
881,1639526400000,1.3730827608901706,369615881.08155555,2021-12-15
882,1639612800000,1.4960844601069814,400701304.92293847,2021-12-16
883,1639699200000,1.4451564020120957,388479401.48515564,2021-12-17
884,1639785600000,1.4931822517465652,401351800.9877014,2021-12-18
885,1639872000000,1.5279947109086327,411446513.08859634,2021-12-19
886,1639958400000,1.4747148788986248,398730960.3257647,2021-12-20
887,1640044800000,1.3962895437582619,378076952.0667422,2021-12-21
888,1640131200000,1.5261640948815869,412366902.7162025,2021-12-22
889,1640217600000,1.6088641648694366,433826697.0880255,2021-12-23
890,1640304000000,1.694799226285259,455964711.4803757,2021-12-24
891,1640390400000,1.760022668497958,473833529.64980847,2021-12-25
892,1640476800000,1.7293836700073764,466051236.09725934,2021-12-26
893,1640563200000,1.6973079397848532,457326092.2808718,2021-12-27
894,1640649600000,1.7316083757955638,467280760.3296535,2021-12-28
895,1640736000000,1.6949389920660072,455703944.27571887,2021-12-29
896,1640822400000,1.5280676864356717,410864417.7223202,2021-12-30
897,1640908800000,1.4888058543910807,401085882.51582634,2021-12-31
898,1640995200000,1.5726569823699224,424966140.4371708,2022-01-01
899,1641081600000,1.5887803403658876,423935281.60944074,2022-01-02
900,1641168000000,1.5601897450865372,421610717.57784677,2022-01-03
901,1641254400000,1.5368464738470042,413172643.1656839,2022-01-04
902,1641340800000,1.4587430040759533,396226443.9135132,2022-01-05
903,1641427200000,1.3647723334733561,369043001.29050994,2022-01-06
904,1641513600000,1.4071544034178818,381925620.198998,2022-01-07
905,1641600000000,1.2687020690700053,344187023.2082432,2022-01-08
906,1641686400000,1.2021033255280187,325784884.1824395,2022-01-09
907,1641772800000,1.2466483765351672,335169398.4222472,2022-01-10
908,1641859200000,1.1390492396956176,309163528.2751418,2022-01-11
909,1641945600000,1.2346583326181018,332337343.9339784,2022-01-12
910,1642032000000,1.3584739609795373,368698498.5932277,2022-01-13
911,1642118400000,1.2998211022500685,352716237.2434967,2022-01-14
912,1642204800000,1.3042920996112262,352467910.3330813,2022-01-15
913,1642291200000,1.355093381242106,365241760.375737,2022-01-16
914,1642377600000,1.3148137482810025,355686467.8352324,2022-01-17
915,1642464000000,1.2336868549280335,335034881.889933,2022-01-18
916,1642550400000,1.2365096037541516,334754007.0277813,2022-01-19
917,1642636800000,1.177715198721767,318673816.3981355,2022-01-20
918,1642723200000,1.1499844189679447,311323579.21097195,2022-01-21
919,1642809600000,0.9182228286892976,250585438.7552778,2022-01-22
920,1642896000000,0.808860158638574,218360811.25196433,2022-01-23
921,1642982400000,0.9013333004865075,243546521.5447464,2022-01-24
922,1643068800000,0.8908210019877136,241569597.34719008,2022-01-25
923,1643155200000,1.0008498727236215,270202992.1658663,2022-01-26
924,1643241600000,1.028107736845127,277311250.7225458,2022-01-27
925,1643328000000,1.007907077264366,272464831.2487288,2022-01-28
926,1643414400000,1.046131786476192,282322789.9265876,2022-01-29
927,1643500800000,1.0524039272573138,283758619.76056415,2022-01-30
928,1643587200000,1.0791956702845003,292634802.39370376,2022-01-31
929,1643673600000,1.0873037631592233,293364192.5497846,2022-02-01
930,1643760000000,1.1495420851358626,310299329.60443026,2022-02-02
931,1643846400000,1.051025464451497,285485578.2866331,2022-02-03
932,1643932800000,1.082779577077052,292155077.725558,2022-02-04
933,1644019200000,1.1606295876120238,312806016.13203794,2022-02-05
934,1644105600000,1.1461744519836845,310492755.13923043,2022-02-06
935,1644192000000,1.1919239994871154,320701165.49435025,2022-02-07
936,1644278400000,1.3021815187291546,352074735.4432541,2022-02-08
937,1644364800000,1.272652540674134,343978142.74893665,2022-02-09
938,1644451200000,1.2932844051655241,350061673.38654554,2022-02-10
939,1644537600000,1.2152273290111357,328750542.4947023,2022-02-11
940,1644624000000,1.1013934229263456,297893415.90497714,2022-02-12
941,1644710400000,1.0418057322222403,281691233.79282755,2022-02-13
942,1644796800000,1.0127683415195134,273413388.7425539,2022-02-14
943,1644883200000,1.039011592922244,280608677.0594472,2022-02-15
944,1644969600000,1.3259714162315102,355317726.8412964,2022-02-16
945,1645056000000,1.4309854620935227,385317235.2541547,2022-02-17
946,1645142400000,1.2522040794184652,341932644.6922794,2022-02-18
947,1645228800000,1.1869955214148826,320247804.69023496,2022-02-19
948,1645315200000,1.1592533370380644,313502963.4695826,2022-02-20
949,1645401600000,1.1418398777698464,308938996.95626086,2022-02-21
950,1645488000000,1.1354043770276607,307275317.30570406,2022-02-22
951,1645574400000,1.253291138867799,338404576.82346606,2022-02-23
952,1645660800000,1.1972074644050015,322985141.0579338,2022-02-24
953,1645747200000,1.162132103679772,313586926.5562899,2022-02-25
954,1645833600000,1.2528205040226543,337900703.7714567,2022-02-26
955,1645920000000,1.2109301160673835,327763440.20710284,2022-02-27
956,1646006400000,1.1728276762400716,316684247.6201625,2022-02-28
957,1646092800000,1.324989758892836,356426809.03304064,2022-03-01
958,1646179200000,1.3614390380025831,366401719.7901659,2022-03-02
959,1646265600000,1.3862268793470287,375976503.0533768,2022-03-03
960,1646352000000,1.411023579017135,381681623.44803256,2022-03-04
961,1646438400000,1.2525106007216926,338202888.12741977,2022-03-05
962,1646524800000,1.286520094759402,346159388.6143938,2022-03-06
963,1646611200000,1.204982526024281,326609364.75285834,2022-03-07
964,1646697600000,1.1874921664752478,321515267.09459525,2022-03-08
965,1646784000000,1.1931406634483466,323000861.70936793,2022-03-09
966,1646870400000,1.2213558814705008,329833496.45579976,2022-03-10
967,1646956800000,1.1954329284475507,322520284.8359061,2022-03-11
968,1647043200000,1.1523524270362777,312087816.31269026,2022-03-12
969,1647129600000,1.1455417936883439,310183397.70070934,2022-03-13
970,1647216000000,1.1004274323046923,297650444.55978453,2022-03-14
971,1647302400000,1.1310596068679166,306198603.76852506,2022-03-15
972,1647388800000,1.1287680004347578,305040862.5124497,2022-03-16
973,1647475200000,1.173211314381606,316714144.53819853,2022-03-17
974,1647561600000,1.162924599959046,314424379.4418652,2022-03-18
975,1647648000000,1.1312251835638347,306365532.283118,2022-03-19
976,1647734400000,1.1575619778141162,312979269.02662885,2022-03-20
977,1647820800000,1.1174480456763949,302128383.11434424,2022-03-21
978,1647907200000,1.1624382320759454,313603733.1605462,2022-03-22
979,1647993600000,1.15484068143748,311344861.18905556,2022-03-23
980,1648080000000,1.1274229370449587,304530411.9976385,2022-03-24
981,1648166400000,1.1509294675471085,311823531.24264675,2022-03-25
982,1648252800000,1.1599149440834557,313582081.4378681,2022-03-26
983,1648339200000,1.1468826699739674,310408784.3792657,2022-03-27
984,1648425600000,1.2270160872409086,331461756.7304325,2022-03-28
985,1648512000000,1.2739687392574914,346633904.1468207,2022-03-29
986,1648598400000,1.266609021826799,342526098.98603696,2022-03-30
987,1648684800000,1.2991938605894047,351231682.69908696,2022-03-31
988,1648771200000,1.2628322163612749,342279570.0902687,2022-04-01
989,1648857600000,1.3066478420334693,353151809.17478675,2022-04-02
990,1648944000000,1.299186663510214,351676444.02761173,2022-04-03
991,1649030400000,1.3305294892315176,362218686.70363,2022-04-04
992,1649116800000,1.3080176019774037,353444861.8350745,2022-04-05
993,1649203200000,1.304646241181176,354260196.23487884,2022-04-06
994,1649289600000,1.1774823968075514,319520810.6161989,2022-04-07
995,1649376000000,1.1731146642513306,317200729.0720341,2022-04-08
996,1649462400000,1.1215327582708907,303284337.299381,2022-04-09
997,1649548800000,1.1331537697593215,306395625.9960056,2022-04-10
998,1649635200000,1.1231505921543317,303490191.2686369,2022-04-11
999,1649721600000,1.0178164041564661,275791765.5848728,2022-04-12
1000,1649808000000,1.0443029052103006,282898299.5922722,2022-04-13
1001,1649894400000,1.0884919975916696,294219950.13591295,2022-04-14
1002,1649980800000,1.0190097338006139,275677097.34110534,2022-04-15
1003,1650067200000,1.037785338849094,280597859.28580815,2022-04-16
1004,1650153600000,0.9694722043189755,262348974.77357483,2022-04-17
1005,1650240000000,0.9231604929802163,249970716.5157854,2022-04-18
1006,1650326400000,1.078587190583094,282393878.5079562,2022-04-19
1007,1650412800000,1.0566376790435603,287674250.15714324,2022-04-20
1008,1650499200000,1.04322839065491,282418674.10056525,2022-04-21
1009,1650585600000,0.9824208462679532,265492525.353385,2022-04-22
1010,1650672000000,0.9431491662112362,255339298.8088175,2022-04-23
1011,1650758400000,0.9218107381280274,248884202.781504,2022-04-24
1012,1650844800000,0.8870762338958015,240239555.42594317,2022-04-25
1013,1650931200000,0.9542456693188256,257800547.14980182,2022-04-26
1014,1651017600000,0.8650506419682503,234016461.2446967,2022-04-27
1015,1651104000000,0.8484537749673164,229489062.48108834,2022-04-28
1016,1651190400000,0.8353076092456071,225996806.79070923,2022-04-29
1017,1651276800000,0.778030570322194,210501808.65010792,2022-04-30
1018,1651363200000,0.7128882141901609,193493159.73650512,2022-05-01
1019,1651449600000,0.7073758183925576,190549837.2322347,2022-05-02
1020,1651536000000,0.7279922588938482,197037749.5796494,2022-05-03
1021,1651622400000,0.7116422751682508,192218487.87284777,2022-05-04
1022,1651708800000,0.8024577010197419,217755243.91994917,2022-05-05
1023,1651795200000,0.7063721772708511,191114159.70529205,2022-05-06
1024,1651881600000,0.6698778096711112,181415444.95759922,2022-05-07
1025,1651968000000,0.6299725426862991,170852129.88532883,2022-05-08
1026,1652054400000,0.5749717633245414,156026257.94088998,2022-05-09
1027,1652140800000,0.44839800119206613,125065382.4308437,2022-05-10
1028,1652227200000,0.4753040416689354,128492370.73248653,2022-05-11
1029,1652313600000,0.37582880844570726,103393485.04615669,2022-05-12
1030,1652400000000,0.33163534201930395,90054934.98920177,2022-05-13
1031,1652486400000,0.3501377371501377,94907849.2477588,2022-05-14
1032,1652572800000,0.3747232957568643,100230252.30326389,2022-05-15
1033,1652659200000,0.39550578440382783,105233603.98077542,2022-05-16
1034,1652745600000,0.3708784957344936,100583400.98524427,2022-05-17
1035,1652832000000,0.38300096016383894,103980628.9802245,2022-05-18
1036,1652918400000,0.3604837361418947,97656756.53407519,2022-05-19
1037,1653004800000,0.3727711596125713,100733766.24264577,2022-05-20
1038,1653091200000,0.3556111921512014,96155268.95737265,2022-05-21
1039,1653177600000,0.3687234188673743,99911923.7755334,2022-05-22
1040,1653264000000,0.38442717910170027,104154412.19829853,2022-05-23
1041,1653350400000,0.381503310064134,103191308.84492742,2022-05-24
1042,1653436800000,0.38388094512252385,103843892.76870184,2022-05-25
1043,1653523200000,0.3755839196822145,101535252.71586688,2022-05-26
1044,1653609600000,0.36705692544763663,100086506.2316819,2022-05-27
1045,1653696000000,0.3462304431056348,93493301.90939613,2022-05-28
1046,1653782400000,0.3476148682323562,94227257.1920751,2022-05-29
1047,1653868800000,0.36158874601392577,97852974.70946394,2022-05-30
1048,1653955200000,0.3841110987177192,103836749.4517309,2022-05-31
1049,1654041600000,0.39122338009664015,105702270.52074936,2022-06-01
1050,1654128000000,0.37293402776439943,100826502.1706402,2022-06-02
1051,1654214400000,0.374515702395827,101185407.57024713,2022-06-03
1052,1654300800000,0.3623491391879617,98023530.43884462,2022-06-04
1053,1654387200000,0.3585851062936375,96845537.65732343,2022-06-05
1054,1654473600000,0.3677998703428244,99637931.52919772,2022-06-06
1055,1654560000000,0.3694355493503876,100036364.37709591,2022-06-07
1056,1654646400000,0.3785162210275138,102007588.68000555,2022-06-08
1057,1654732800000,0.3707178626782859,100350264.78623241,2022-06-09
1058,1654819200000,0.37621300832942867,101495659.27545725,2022-06-10
1059,1654905600000,0.35378569212997246,95660793.35518302,2022-06-11
1060,1654992000000,0.3222211408835282,87185866.83373526,2022-06-12
1061,1655078400000,0.2876396414036366,78262737.51898637,2022-06-13
1062,1655164800000,0.2583955177529428,69403276.2245916,2022-06-14
1063,1655251200000,0.24636743836187555,66681518.206744455,2022-06-15
1064,1655337600000,0.25383619206072544,68652078.9624677,2022-06-16
1065,1655424000000,0.24522498771347057,66607128.96954524,2022-06-17
1066,1655510400000,0.26102111162006514,70886277.04037693,2022-06-18
1067,1655596800000,0.2355990526919845,64012960.68092841,2022-06-19
1068,1655683200000,0.254435595208122,68899286.65200652,2022-06-20
1069,1655769600000,0.26977391606238305,73287779.6908647,2022-06-21
1070,1655856000000,0.2845589606722328,76742954.64675166,2022-06-22
1071,1655942400000,0.2706001559269187,73225151.02800064,2022-06-23
1072,1656028800000,0.28185521898314675,76157514.28401014,2022-06-24
1073,1656115200000,0.29566301030297876,80383802.2959531,2022-06-25
1074,1656201600000,0.29369672093983656,79387387.80164684,2022-06-26
1075,1656288000000,0.279258785958358,75516070.19262302,2022-06-27
1076,1656374400000,0.2757412305894475,74600360.74899074,2022-06-28
1077,1656460800000,0.27006761894963477,72871271.46349317,2022-06-29
1078,1656547200000,0.26504508196715926,71771718.66215327,2022-06-30
1079,1656633600000,0.26407482705576396,70937482.3586514,2022-07-01
1080,1656720000000,0.2603386838537955,70357400.21842708,2022-07-02
1081,1656806400000,0.2545730853299206,68795675.30205207,2022-07-03
1082,1656892800000,0.2523528783631702,68176163.50125875,2022-07-04
1083,1656979200000,0.2596396285888473,69858104.49911907,2022-07-05
1084,1657065600000,0.25962484955532905,70186582.2119581,2022-07-06
1085,1657152000000,0.28111634869114455,75852101.44987512,2022-07-07
1086,1657238400000,0.29060814732857027,78588910.79056391,2022-07-08
1087,1657324800000,0.2947296856559872,79524244.79378277,2022-07-09
1088,1657411200000,0.29247372566393914,79201925.29688826,2022-07-10
1089,1657497600000,0.28375183981760826,76667450.42806664,2022-07-11
1090,1657584000000,0.2836089407781127,76749631.77964748,2022-07-12
1091,1657670400000,0.2703465552446164,72998931.11282803,2022-07-13
1092,1657756800000,0.29285372484149913,79198164.66194046,2022-07-14
1093,1657843200000,0.28968850129280405,78436463.53349547,2022-07-15
1094,1657929600000,0.3132621142154475,84611769.39988115,2022-07-16
1095,1658016000000,0.34528904290877266,93207299.98848352,2022-07-17
1096,1658102400000,0.3219076506352809,86823355.25367364,2022-07-18
1097,1658188800000,0.36160794207555386,97134018.1888648,2022-07-19
1098,1658275200000,0.3533816999762318,95594266.33255138,2022-07-20
1099,1658361600000,0.3504392096070674,94596150.46673268,2022-07-21
1100,1658448000000,0.3481316528475894,94300359.24208382,2022-07-22
1101,1658534400000,0.34043240714694323,92110940.21604063,2022-07-23
1102,1658620800000,0.3447352760899974,93319355.19009165,2022-07-24
1103,1658707200000,0.3540246120514942,96018752.06126294,2022-07-25
1104,1658793600000,0.3441792886029345,93375836.94676106,2022-07-26
1105,1658880000000,0.3161928471118036,85304703.15339665,2022-07-27
1106,1658966400000,0.33526967458559576,90481497.49031699,2022-07-28
1107,1659052800000,0.32517707343917895,88054454.47901735,2022-07-29
1108,1659139200000,0.32125916103488256,86769527.56670924,2022-07-30
1109,1659225600000,0.3231108604546646,87128816.68797179,2022-07-31
1110,1659312000000,0.31477207567948,85071430.14293787,2022-08-01
1111,1659398400000,0.31151356597854524,84106743.02713764,2022-08-02
1112,1659484800000,0.30315205511586746,81671351.61842437,2022-08-03
1113,1659571200000,0.3103903294071853,83802268.71259114,2022-08-04
1114,1659657600000,0.31568390492465764,85441342.08902888,2022-08-05
1115,1659744000000,0.32693139099909635,88117868.79469366,2022-08-06
1116,1659830400000,0.31939539575240855,86664974.48801416,2022-08-07
1117,1659916800000,0.3185872673515624,85597698.89621949,2022-08-08
1118,1660003200000,0.33377568184174844,90416494.07182403,2022-08-09
1119,1660089600000,0.3508542601342939,95250648.0020091,2022-08-10
1120,1660176000000,0.3788452254430502,102746060.58084168,2022-08-11
1121,1660262400000,0.3882063043636461,104088384.51943135,2022-08-12
1122,1660348800000,0.3944218564435415,106403310.31394057,2022-08-13
1123,1660435200000,0.3832051011487926,103388801.08084697,2022-08-14
1124,1660521600000,0.3762156601189692,101591835.09496136,2022-08-15
1125,1660608000000,0.35884448545779724,97480372.42273422,2022-08-16
1126,1660694400000,0.35288900485563096,95654917.18773456,2022-08-17
1127,1660780800000,0.32976668533658127,89148988.8840476,2022-08-18
1128,1660867200000,0.33491993266281544,90618657.210306,2022-08-19
1129,1660953600000,0.29720457889525626,80541153.32120577,2022-08-20
1130,1661040000000,0.30654609521572024,82918103.31820893,2022-08-21
1131,1661126400000,0.3228012537420207,87227700.31903449,2022-08-22
1132,1661212800000,0.3203257745947792,86598863.7728656,2022-08-23
1133,1661299200000,0.3311568955067248,89775154.56452972,2022-08-24
1134,1661385600000,0.34135866979529444,91919554.81022336,2022-08-25
1135,1661472000000,0.3805719419239213,102623053.69342646,2022-08-26
1136,1661558400000,0.34008408230512044,91622359.05869415,2022-08-27
1137,1661644800000,0.3408135478817753,92097565.48688883,2022-08-28
1138,1661731200000,0.3658858606757832,98469849.33243549,2022-08-29
1139,1661817600000,0.36419396574374663,98196293.27485935,2022-08-30
1140,1661904000000,0.3500214850832469,93557411.6917631,2022-08-31
1141,1661990400000,0.3507784278941362,95039598.1613312,2022-09-01
1142,1662076800000,0.3466494182507515,93603601.94650342,2022-09-02
1143,1662163200000,0.34282980415689307,92628731.76002704,2022-09-03
1144,1662249600000,0.35068932519549284,95139731.69141228,2022-09-04
1145,1662336000000,0.35732739409106234,96676370.67766455,2022-09-05
1146,1662422400000,0.35235603773437957,95274226.35502322,2022-09-06
1147,1662508800000,0.334977400364313,90600879.1826496,2022-09-07
1148,1662595200000,0.37099659145271935,100810251.1810175,2022-09-08
1149,1662681600000,0.3819357120957312,103348772.70667827,2022-09-09
1150,1662768000000,0.4169970799066412,112531222.28067333,2022-09-10
1151,1662854400000,0.46825955340495906,126078701.68598269,2022-09-11
1152,1662940800000,0.43469828709954633,123834916.06633377,2022-09-12
1153,1663027200000,0.44067406670856274,119383353.08062877,2022-09-13
1154,1663113600000,0.4079305525527227,110542032.44150923,2022-09-14
1155,1663200000000,0.4121048841216433,111466418.58116966,2022-09-15
1156,1663286400000,0.4070527415807884,109942759.68294108,2022-09-16
1157,1663372800000,0.3913503990938455,105623466.59701926,2022-09-17
1158,1663459200000,0.40218002391735236,108837176.62619819,2022-09-18
1159,1663545600000,0.3849346575946709,104153254.15299003,2022-09-19
1160,1663632000000,0.40789732000529205,110298670.5523572,2022-09-20
1161,1663718400000,0.39632840438171957,107516058.82854423,2022-09-21
1162,1663804800000,0.3969887747550345,107269396.70298484,2022-09-22
1163,1663891200000,0.403064535929847,108699134.58885916,2022-09-23
1164,1663977600000,0.3948784106575699,106599746.12436026,2022-09-24
1165,1664064000000,0.3819318157577569,103433505.73058434,2022-09-25
1166,1664150400000,0.38225683650067477,103502857.38912156,2022-09-26
1167,1664236800000,0.3656321154393515,98940005.89952219,2022-09-27
1168,1664323200000,0.3570394015953085,96102500.1820207,2022-09-28
1169,1664409600000,0.3552531029564681,96267805.90280625,2022-09-29
1170,1664496000000,0.3431247087034426,92500959.91086641,2022-09-30
1171,1664582400000,0.3302977415025676,89316859.18277839,2022-10-01
1172,1664668800000,0.3289176132784049,89159406.12590554,2022-10-02
1173,1664755200000,0.3271315375966808,88603339.46185727,2022-10-03
1174,1664841600000,0.33553030547188867,90724972.14490232,2022-10-04
1175,1664928000000,0.3421474527654499,92358650.77475679,2022-10-05
1176,1665014400000,0.3397909430931215,91865571.83615787,2022-10-06
1177,1665100800000,0.33593751200760597,90858528.99720566,2022-10-07
1178,1665187200000,0.3243052647968493,87727421.54590781,2022-10-08
1179,1665273600000,0.31902148730949975,86669391.3719931,2022-10-09
1180,1665360000000,0.3174828947975131,85595420.16123922,2022-10-10
1181,1665446400000,0.30718276762879443,83062676.86794992,2022-10-11
1182,1665532800000,0.30142689510423637,81442509.52495542,2022-10-12
1183,1665619200000,0.30203641448327506,81805453.77367458,2022-10-13
1184,1665705600000,0.3558049087174076,97138910.25929575,2022-10-14
1185,1665792000000,0.3088536296904369,83811899.36414559,2022-10-15
1186,1665878400000,0.3024180180350997,81681941.08803487,2022-10-16
1187,1665964800000,0.3018643489197219,81584212.35103285,2022-10-17
1188,1666051200000,0.3095570059310789,83790188.03500316,2022-10-18
1189,1666137600000,0.2991943868092442,81015869.50845428,2022-10-19
1190,1666224000000,0.29687978841701423,80449513.82714531,2022-10-20
1191,1666310400000,0.29166576851365655,78701755.34901407,2022-10-21
1192,1666396800000,0.2943511431652881,79609970.70956722,2022-10-22
1193,1666483200000,0.30075555511704416,81234632.49186647,2022-10-23
1194,1666569600000,0.30073593183495945,81188229.79349923,2022-10-24
1195,1666656000000,0.2926760106119366,79057392.38178766,2022-10-25
1196,1666742400000,0.30823625996200077,83537704.76567654,2022-10-26
1197,1666828800000,0.3092625514334473,83490468.12396419,2022-10-27
1198,1666915200000,0.30448146877638915,82533330.44649221,2022-10-28
1199,1667001600000,0.3048301238113406,82600772.98128848,2022-10-29
1200,1667088000000,0.3148126468720504,85226891.99311887,2022-10-30
1201,1667174400000,0.31163057568355107,83702084.64451064,2022-10-31
1202,1667260800000,0.3081515816928737,83296755.37380017,2022-11-01
1203,1667347200000,0.307821729571552,83334765.6699435,2022-11-02
1204,1667433600000,0.29694185819419144,80299696.72300534,2022-11-03
1205,1667520000000,0.3000363587756366,81055220.72977951,2022-11-04
1206,1667606400000,0.3102695649912338,83845552.11227347,2022-11-05
1207,1667692800000,0.31216819801095874,84495084.58937456,2022-11-06
1208,1667779200000,0.3042729086110632,82341801.86655982,2022-11-07
1209,1667865600000,0.2985470434278623,81257137.5406033,2022-11-08
1210,1667952000000,0.276111001004951,74432077.40028486,2022-11-09
1211,1668038400000,0.2140437241551803,57837572.80897749,2022-11-10
1212,1668124800000,0.23804767534495597,64497414.21183291,2022-11-11
1213,1668211200000,0.21758931431708195,58598179.01876904,2022-11-12
1214,1668297600000,0.21153066772030135,57638995.57814313,2022-11-13
1215,1668384000000,0.19099072318287078,51453131.19482297,2022-11-14
1216,1668470400000,0.19114692513366094,51768893.69768978,2022-11-15
1217,1668556800000,0.20648613910765784,55849642.60470695,2022-11-16
1218,1668643200000,0.21262337967659972,57174895.13712344,2022-11-17
1219,1668729600000,0.20187059854316666,54475841.66621648,2022-11-18
1220,1668816000000,0.22773951039514684,61619268.46625528,2022-11-19
1221,1668902400000,0.21807415506033032,58968865.698824175,2022-11-20
