,Time,open,mktcap,Date
0,1497744000000,79.98,157240360.08,2017-06-18
1,1497830400000,156.72,308157909.12,2017-06-19
2,1497916800000,124.92,245689657.92,2017-06-20
3,1498003200000,96.81,190403584.56,2017-06-21
4,1498089600000,96.12,189046509.12,2017-06-22
5,1498176000000,90.96,178943424.96,2017-06-23
6,1498262400000,84.61,166451222.36,2017-06-24
7,1498348800000,87.31,171762867.56,2017-06-25
8,1498435200000,73.6,144791513.6,2017-06-26
9,1498521600000,90.85,178727024.6,2017-06-27
10,1498608000000,103.64,203888484.64,2017-06-28
11,1498694400000,83.37,164011800.12,2017-06-29
12,1498780800000,78.58,154589019.56,2017-06-30
13,1498867200000,81.01,159370405.93,2017-07-01
14,1498953600000,89.91,176879493.45,2017-07-02
15,1499040000000,217.48,427847316.6,2017-07-03
16,1499126400000,187.62,369103887.9,2017-07-04
17,1499212800000,214.66,422353209.7,2017-07-05
18,1499299200000,210.63,414529318.35,2017-07-06
19,1499385600000,173.06,340590733.0,2017-07-07
20,1499472000000,180.16,354563888.0,2017-07-08
21,1499558400000,164.75,324236237.5,2017-07-09
22,1499644800000,126.82,249588101.0,2017-07-10
23,1499731200000,125.78,247541329.0,2017-07-11
24,1499817600000,153.61,302312160.5,2017-07-12
25,1499904000000,126.8,249548740.0,2017-07-13
26,1499990400000,115.52,227349136.0,2017-07-14
27,1500076800000,107.94,212431317.0,2017-07-15
28,1500163200000,135.08,265898226.0,2017-07-16
29,1500249600000,158.71,312412699.5,2017-07-17
30,1500336000000,227.79,448402337.1,2017-07-18
31,1500422400000,179.39,353306811.1,2017-07-19
32,1500508800000,208.17,409988733.3,2017-07-20
33,1500595200000,203.13,400062503.7,2017-07-21
34,1500681600000,233.72,460309202.8,2017-07-22
35,1500768000000,205.49,412270271.71,2017-07-23
36,1500854400000,198.78,398808139.62,2017-07-24
37,1500940800000,159.24,319479867.96,2017-07-25
38,1501027200000,145.63,292174410.77,2017-07-26
39,1501113600000,156.97,314925614.63,2017-07-27
40,1501200000000,148.37,297671615.23,2017-07-28
41,1501286400000,156.83,314644735.57,2017-07-29
42,1501372800000,139.26,279394413.54,2017-07-30
43,1501459200000,151.23,303409573.17,2017-07-31
44,1501545600000,189.96,381112758.84,2017-08-01
45,1501632000000,167.38,335810979.02,2017-08-02
46,1501718400000,159.05,319098674.95,2017-08-03
47,1501804800000,150.62,302185742.98,2017-08-04
48,1501891200000,150.32,301583859.28,2017-08-05
49,1501977600000,161.78,324616908.74,2017-08-06
50,1502064000000,158.05,317132540.65,2017-08-07
51,1502150400000,141.42,284329576.86,2017-08-08
52,1502236800000,132.26,265913094.58,2017-08-09
53,1502323200000,133.46,268325734.18,2017-08-10
54,1502409600000,132.38,266154358.54,2017-08-11
55,1502496000000,124.3,249909251.9,2017-08-12
56,1502582400000,125.48,252281680.84,2017-08-13
57,1502668800000,128.08,257509066.64,2017-08-14
58,1502755200000,121.41,244098811.53,2017-08-15
59,1502841600000,120.37,242007857.21,2017-08-16
60,1502928000000,120.48,242229015.84,2017-08-17
61,1503014400000,125.13,251653197.42,2017-08-18
62,1503100800000,126.15,253704554.1,2017-08-19
63,1503187200000,126.34,254086669.56,2017-08-20
64,1503273600000,121.43,244212001.62,2017-08-21
65,1503360000000,113.88,229027939.92,2017-08-22
66,1503446400000,108.92,219052715.28,2017-08-23
67,1503532800000,109.26,219736500.84,2017-08-24
68,1503619200000,114.03,229329610.02,2017-08-25
69,1503705600000,108.8,218811379.2,2017-08-26
70,1503792000000,99.76,200630727.84,2017-08-27
71,1503878400000,105.0,211169070.0,2017-08-28
72,1503964800000,104.42,210002612.28,2017-08-29
73,1504051200000,90.71,182429965.14,2017-08-30
74,1504137600000,93.63,188302476.42,2017-08-31
75,1504224000000,93.03,187095796.02,2017-09-01
76,1504310400000,95.97,193008529.98,2017-09-02
77,1504396800000,99.56,200228501.04,2017-09-03
78,1504483200000,99.51,200127944.34,2017-09-04
79,1504569600000,98.54,198177144.36,2017-09-05
80,1504656000000,109.14,219495164.76,2017-09-06
81,1504742400000,106.22,213622653.48,2017-09-07
82,1504828800000,102.94,207026133.96,2017-09-08
83,1504915200000,95.36,191781738.24,2017-09-09
84,1505001600000,87.63,176235672.42,2017-09-10
85,1505088000000,88.02,177020014.68,2017-09-11
86,1505174400000,94.39,189830938.26,2017-09-12
87,1505260800000,81.06,163022522.04,2017-09-13
88,1505347200000,70.45,141684390.3,2017-09-14
89,1505433600000,86.09,173138526.06,2017-09-15
90,1505520000000,85.7204,172395210.9336,2017-09-16
91,1505606400000,104.329,209819599.086,2017-09-17
92,1505692800000,99.4717,200050917.9078,2017-09-18
93,1505779200000,88.5634,178112864.8956,2017-09-19
94,1505865600000,90.9687,182950245.5058,2017-09-20
95,1505952000000,80.2336,161360520.9024,2017-09-21
96,1506038400000,79.8877,160664869.6518,2017-09-22
97,1506124800000,86.0492,173056471.7928,2017-09-23
98,1506211200000,78.794,158465292.396,2017-09-24
99,1506297600000,81.0602,163022924.2668,2017-09-25
100,1506384000000,77.6568,156178230.8112,2017-09-26
101,1506470400000,83.0962,167117593.0908,2017-09-27
102,1506556800000,75.1908,151218774.3672,2017-09-28
103,1506643200000,73.8574,148537128.2916,2017-09-29
104,1506729600000,63.9001,128511663.7134,2017-09-30
105,1506816000000,74.5559,149941905.3906,2017-10-01
106,1506902400000,69.7813,140339544.9942,2017-10-02
107,1506988800000,67.9013,136558613.0742,2017-10-03
108,1507075200000,66.9511,134647633.5474,2017-10-04
109,1507161600000,63.8572,128738286.3448,2017-10-05
110,1507248000000,68.7068,138515244.8312,2017-10-06
111,1507334400000,61.8677,124727386.7018,2017-10-07
112,1507420800000,56.555,114016802.87,2017-10-08
113,1507507200000,57.8093,116545514.3162,2017-10-09
114,1507593600000,62.7237,126453111.8058,2017-10-10
115,1507680000000,84.5296,170414547.6064,2017-10-11
116,1507766400000,80.4902,162270979.8668,2017-10-12
117,1507852800000,79.1172,159502965.1848,2017-10-13
118,1507939200000,84.1584,169666195.7856,2017-10-14
119,1508025600000,77.6104,156465205.1536,2017-10-15
120,1508112000000,79.0454,159358213.9436,2017-10-16
121,1508198400000,71.0134,143165428.8556,2017-10-17
122,1508284800000,71.1613,143463600.2842,2017-10-18
123,1508371200000,63.0167,127043809.7678,2017-10-19
124,1508457600000,61.8769,125365383.8605,2017-10-20
125,1508544000000,62.1723,125963877.5535,2017-10-21
126,1508630400000,66.317,134361226.265,2017-10-22
127,1508716800000,64.1306,129931481.477,2017-10-23
128,1508803200000,57.8653,117237701.7385,2017-10-24
129,1508889600000,55.1308,111697481.686,2017-10-25
130,1508976000000,54.4897,110398584.2365,2017-10-26
131,1509062400000,53.6363,108669557.4335,2017-10-27
132,1509148800000,50.9049,103135618.1205,2017-10-28
133,1509235200000,52.8634,107103627.253,2017-10-29
134,1509321600000,47.4942,96225386.439,2017-10-30
135,1509408000000,50.9057,103137238.9565,2017-10-31
136,1509494400000,48.1185,97490246.3325,2017-11-01
137,1509580800000,48.3753,98010534.6885,2017-11-02
138,1509667200000,54.8312,111090478.604,2017-11-03
139,1509753600000,54.687,110798322.915,2017-11-04
140,1509840000000,57.3173,116127429.0785,2017-11-05
141,1509926400000,54.0958,109600525.111,2017-11-06
142,1510012800000,57.4557,116407833.7065,2017-11-07
143,1510099200000,70.7462,143334984.779,2017-11-08
144,1510185600000,73.9938,149914768.521,2017-11-09
145,1510272000000,70.0445,141913309.0025,2017-11-10
146,1510358400000,73.373,148656999.785,2017-11-11
147,1510444800000,64.8461,131381116.6745,2017-11-12
148,1510531200000,71.9653,145804936.2385,2017-11-13
149,1510617600000,78.9003,159855558.3135,2017-11-14
150,1510704000000,83.2259,168619418.5655,2017-11-15
151,1510790400000,100.529,203676277.805,2017-11-16
152,1510876800000,104.666,212058025.97,2017-11-17
153,1510963200000,113.032,229007918.44,2017-11-18
154,1511049600000,110.904,224696494.68,2017-11-19
155,1511136000000,102.216,207094215.72,2017-11-20
156,1511222400000,89.9412,182224918.554,2017-11-21
157,1511308800000,94.63,191724638.35,2017-11-22
158,1511395200000,90.8032,183971369.344,2017-11-23
159,1511481600000,91.8451,186082305.6295,2017-11-24
160,1511568000000,90.19,182728998.55,2017-11-25
161,1511654400000,91.2778,184932930.301,2017-11-26
162,1511740800000,106.914,216612575.13,2017-11-27
163,1511827200000,102.319,207302898.355,2017-11-28
164,1511913600000,91.8519,186096082.7355,2017-11-29
165,1512000000000,92.0873,186573013.7285,2017-11-30
166,1512086400000,93.4512,189336336.504,2017-12-01
167,1512172800000,100.006,202616656.27,2017-12-02
168,1512259200000,101.082,204796680.69,2017-12-03
169,1512345600000,109.04,220919946.8,2017-12-04
170,1512432000000,157.438,318976472.71,2017-12-05
171,1512518400000,131.647,266722746.115,2017-12-06
172,1512604800000,157.049,318188341.205,2017-12-07
173,1512691200000,176.353,357299113.885,2017-12-08
174,1512777600000,151.212,306362316.54,2017-12-09
175,1512864000000,155.6,315252602.0,2017-12-10
176,1512950400000,176.557,357712427.065,2017-12-11
177,1513036800000,226.246,458384577.07,2017-12-12
178,1513123200000,216.581,438802852.145,2017-12-13
179,1513209600000,208.702,422839643.59,2017-12-14
180,1513296000000,227.893,461721473.185,2017-12-15
181,1513382400000,260.549,530645818.105,2017-12-16
182,1513468800000,275.336,560761687.72,2017-12-17
183,1513555200000,280.44,571156723.8,2017-12-18
184,1513641600000,251.405,512022736.225,2017-12-19
185,1513728000000,268.131,546087660.495,2017-12-20
186,1513814400000,370.732,755049474.14,2017-12-21
187,1513900800000,369.412,752361102.74,2017-12-22
188,1513987200000,342.785,698131356.325,2017-12-23
189,1514073600000,325.045,662001274.025,2017-12-24
190,1514160000000,362.591,738469147.195,2017-12-25
191,1514246400000,349.02,710829837.9,2017-12-26
192,1514332800000,325.755,663447291.975,2017-12-27
193,1514419200000,310.585,632551387.325,2017-12-28
194,1514505600000,353.273,719491689.085,2017-12-29
195,1514592000000,337.864,688109026.28,2017-12-30
196,1514678400000,335.923,684155898.335,2017-12-31
197,1514764800000,340.701,693886988.145,2018-01-01
198,1514851200000,379.386,772674599.97,2018-01-02
199,1514937600000,378.982,771851795.39,2018-01-03
200,1515024000000,365.439,744269512.155,2018-01-04
201,1515110400000,379.871,773662372.795,2018-01-05
202,1515196800000,374.299,762314186.855,2018-01-06
203,1515283200000,397.759,810093878.555,2018-01-07
204,1515369600000,430.346,876462029.17,2018-01-08
205,1515456000000,465.934,948942151.43,2018-01-09
206,1515542400000,454.586,925830303.97,2018-01-10
207,1515628800000,393.029,800460547.705,2018-01-11
208,1515715200000,426.304,868229910.08,2018-01-12
209,1515801600000,432.779,881417186.455,2018-01-13
210,1515888000000,412.072,839244378.44,2018-01-14
211,1515974400000,397.063,808676373.635,2018-01-15
212,1516060800000,330.117,672331137.465,2018-01-16
213,1516147200000,313.001,637471921.645,2018-01-17
214,1516233600000,347.488,707709697.76,2018-01-18
215,1516320000000,414.303,843788133.435,2018-01-19
216,1516406400000,428.792,873297082.84,2018-01-20
217,1516492800000,376.681,767165475.245,2018-01-21
218,1516579200000,352.176,717257489.52,2018-01-22
219,1516665600000,347.572,707880775.94,2018-01-23
220,1516752000000,366.567,746566847.715,2018-01-24
221,1516838400000,389.489,793250824.405,2018-01-25
222,1516924800000,367.183,747821421.035,2018-01-26
223,1517011200000,382.322,778654189.69,2018-01-27
224,1517097600000,400.501,815678359.145,2018-01-28
225,1517184000000,403.493,821772000.985,2018-01-29
226,1517270719426,402.858,820478731.41,2018-01-30
227,1517356800000,355.672,724377600.44,2018-01-31
228,1517443200000,398.898,812413617.21,2018-02-01
229,1517529600000,342.396,697339101.42,2018-02-02
230,1517616000000,339.228,690887010.06,2018-02-03
231,1517702400000,349.26,711318632.7,2018-02-04
232,1517788800000,311.073,633545270.085,2018-02-05
233,1517875200000,242.299,493477046.855,2018-02-06
234,1517961600000,265.238,540195646.51,2018-02-07
235,1518048317527,273.745,557521385.525,2018-02-08
236,1518134400000,274.877,559826867.665,2018-02-09
237,1518220800000,289.917,590458008.465,2018-02-10
238,1518307200000,278.574,567356344.23,2018-02-11
239,1518393600000,259.856,529234423.12,2018-02-12
240,1518480000000,273.963,557965374.135,2018-02-13
241,1518566400000,255.83,521034890.35,2018-02-14
242,1518652800000,308.211,627716392.095,2018-02-15
243,1518739200000,299.357,609683937.265,2018-02-16
244,1518825600000,289.336,589274717.72,2018-02-17
245,1518912000000,299.421,609814282.545,2018-02-18
246,1518998400000,271.056,552044847.12,2018-02-19
247,1519084800000,264.456,538602990.12,2018-02-20
248,1519171200000,282.188,574716779.26,2018-02-21
249,1519257600000,232.403,473322407.935,2018-02-22
250,1519344000000,233.696,475955789.92,2018-02-23
251,1519430400000,226.455,461208443.475,2018-02-24
252,1519516800000,228.646,465670732.67,2018-02-25
253,1519603200000,242.351,493582952.395,2018-02-26
254,1519689600000,232.834,474200201.93,2018-02-27
255,1519776000000,242.576,494041197.52,2018-02-28
256,1519862400000,217.337,442638314.365,2018-03-01
257,1519948800000,219.251,446536452.895,2018-03-02
258,1520035200000,212.553,432895004.685,2018-03-03
259,1520121600000,238.031,484784645.995,2018-03-04
260,1520208000000,215.333,438556877.785,2018-03-05
261,1520294400000,202.36,412135482.2,2018-03-06
262,1520380800000,194.21,395536825.45,2018-03-07
263,1520467200000,174.606,355610436.87,2018-03-08
264,1520553600000,170.253,346744921.185,2018-03-09
265,1520640000000,175.9,358245855.5,2018-03-10
266,1520726400000,158.366,322535322.07,2018-03-11
267,1520812800000,174.936,356282529.72,2018-03-12
268,1520899200000,159.457,324757301.765,2018-03-13
269,1520985600000,153.946,313533351.17,2018-03-14
270,1521072000000,132.796,270458309.42,2018-03-15
271,1521158400000,128.934,262592786.43,2018-03-16
272,1521244800000,119.896,244185588.92,2018-03-17
273,1521331200000,106.122,216132840.69,2018-03-18
274,1521417600000,103.802,211407824.29,2018-03-19
275,1521504000000,107.164,218255024.78,2018-03-20
276,1521590400000,108.99,221973938.55,2018-03-21
277,1521676800000,107.515,218969887.175,2018-03-22
278,1521763200000,121.919,248305721.755,2018-03-23
279,1521849600000,222.939,454047599.655,2018-03-24
280,1521936000000,211.597,430947972.065,2018-03-25
281,1522022400000,197.734,402713962.43,2018-03-26
282,1522108800000,174.734,355871127.43,2018-03-27
283,1522195200000,154.959,315596472.555,2018-03-28
284,1522281600000,143.12,291484632.4,2018-03-29
285,1522368000000,121.884,248234439.18,2018-03-30
286,1522454400000,123.513,251552133.885,2018-03-31
287,1522540800000,145.578,296490705.81,2018-04-01
288,1522627200000,128.606,261924766.87,2018-04-02
289,1522713600000,122.204,248886165.58,2018-04-03
290,1522800000000,124.72,254010364.4,2018-04-04
291,1522886400000,100.972,205644118.94,2018-04-05
292,1522972800000,94.5998,192666209.671,2018-04-06
293,1523059200000,89.8243,182940211.4735,2018-04-07
294,1523145600000,94.6072,192681280.844,2018-04-08
295,1523232000000,102.035,207809072.575,2018-04-09
296,1523318400000,95.17818510875169,193844174.81081358,2018-04-10
297,1523404800000,88.10087409781114,179430204.72693658,2018-04-11
298,1523491200000,98.28205900435093,200165664.06091627,2018-04-12
299,1523577600000,101.88146619860547,207496378.72605884,2018-04-13
300,1523664000000,102.28373830439801,208315664.1989607,2018-04-14
301,1523750400000,105.03395216281626,213916873.5026389,2018-04-15
302,1523836800000,112.17694935043157,228464623.0098097,2018-04-16
303,1523923200000,101.60627934539725,206935920.79740658,2018-04-17
304,1524009600000,102.01214987024508,207762534.97248527,2018-04-18
305,1524096000000,108.29734178230586,220563239.6542243,2018-04-19
306,1524182400000,113.26665005410435,230683956.49944136,2018-04-20
307,1524268800000,116.76243581759037,237803631.09571633,2018-04-21
308,1524355200000,118.85588916160417,242067252.38153532,2018-04-22
309,1524441600000,130.87383769512482,266543547.17258748,2018-04-23
310,1524528000000,122.31014602136202,249102347.34367687,2018-04-24
311,1524614400000,126.72074634257335,258085174.4348703,2018-04-25
312,1524700800000,110.20405551572577,224446538.64582533,2018-04-26
313,1524787200000,118.96653895914916,242292606.73845634,2018-04-27
314,1524873600000,100.76569132255152,205223941.40361795,2018-04-28
315,1524960000000,102.01971572408422,207777943.9308775,2018-04-29
316,1525046400000,106.01852344118949,215922095.67388135,2018-04-30
317,1525132800000,103.36509428591847,210518002.45194444,2018-05-01
318,1525219200000,102.80628606200347,209379908.47674906,2018-05-02
319,1525305600000,117.63975353541584,239590415.839137,2018-05-03
320,1525392000000,136.0540844306955,277093870.78535384,2018-05-04
321,1525478400000,124.23816135850882,253029030.1400002,2018-05-05
322,1525564800000,121.47836481321144,247408304.30500302,2018-05-06
323,1525651200000,113.81588136232033,231802545.69716287,2018-05-07
324,1525737600000,102.28746701953625,208323258.2680034,2018-05-08
325,1525824000000,100.98357652621793,205667696.21423912,2018-05-09
326,1525910400000,102.04175319959472,207822826.4451886,2018-05-10
327,1525996800000,97.3224144024315,198211208.6806401,2018-05-11
328,1526083200000,93.31504670359888,190049623.29365113,2018-05-12
329,1526169600000,87.89064411603927,179002040.8857108,2018-05-13
330,1526256000000,97.3394390170877,198245881.7769566,2018-05-14
331,1526342400000,91.18753905549246,185716645.47967345,2018-05-15
332,1526428800000,93.04958773011576,189508977.60260162,2018-05-16
333,1526515200000,108.68354025511364,221349788.84287593,2018-05-17
334,1526601600000,95.67990830287967,194866006.84551838,2018-05-18
335,1526688000000,91.95735271391916,187284482.61803988,2018-05-19
336,1526774400000,88.10451747863205,179437625.00026858,2018-05-20
337,1526860800000,89.47509457288045,182229003.98638412,2018-05-21
338,1526947200000,87.12206624512818,177436720.60780907,2018-05-22
339,1527033600000,78.99716956664771,160889190.41206524,2018-05-23
340,1527120000000,73.18722912403948,149056404.25932938,2018-05-24
341,1527206400000,79.62290301737795,162163587.3158277,2018-05-25
342,1527292800000,84.17659976420947,171437851.0267784,2018-05-26
343,1527379200000,95.6342371918826,194772991.00566176,2018-05-27
344,1527465600000,92.8459362274519,189094211.78795877,2018-05-28
345,1527552000000,81.29661079942045,165572335.90158564,2018-05-29
346,1527638400000,81.83125602653665,166661218.43016574,2018-05-30
347,1527724800000,81.8688957948111,166737877.27602306,2018-05-31
348,1527811200000,87.8698672390325,178959725.76303935,2018-06-01
349,1527897600000,89.51046146109809,182301033.78243813,2018-06-02
350,1527984000000,100.91437971109889,205526766.866711,2018-06-03
351,1528070400000,92.64362200970807,188682169.5479619,2018-06-04
352,1528156800000,81.74791259830066,166491477.45376605,2018-06-05
353,1528243200000,88.82563654415895,180906288.5394786,2018-06-06
354,1528329600000,88.22368252898083,179680321.90423617,2018-06-07
355,1528416000000,79.0964022494897,161091292.15941197,2018-06-08
356,1528502400000,74.72348864742905,152185219.53634316,2018-06-09
357,1528588800000,83.36814066625558,169791306.8472261,2018-06-10
358,1528675200000,81.69697741350429,166387740.56432644,2018-06-11
359,1528761600000,75.61635267946674,154003666.60287252,2018-06-12
360,1528848000000,83.07491135867681,169194102.84409234,2018-06-13
361,1528934400000,67.14174884021506,136743907.0666798,2018-06-14
362,1529020800000,71.74883191118447,146126899.7677543,2018-06-15
363,1529107200000,66.37419651843837,135180675.4682949,2018-06-16
364,1529193600000,66.37870374498902,135189855.08871317,2018-06-17
365,1529280000000,64.20850006397016,130769920.6127845,2018-06-18
366,1529366400000,63.49022111540914,129307041.38359244,2018-06-19
367,1529452800000,63.50377136980298,129334638.4414524,2018-06-20
368,1529539200000,65.25581982429891,132902939.16605927,2018-06-21
369,1529625600000,61.67134336805655,125602633.11383551,2018-06-22
370,1529712000000,56.93491752449453,115956215.10167415,2018-06-23
371,1529798400000,53.697528761526364,109362803.46451887,2018-06-24
372,1529884800000,51.81940409820333,105537730.2595853,2018-06-25
373,1529971200000,50.822994919015265,103508398.48683785,2018-06-26
374,1530057600000,45.02187539593922,91693577.41576263,2018-06-27
375,1530144000000,46.26339108650298,94222104.13937084,2018-06-28
376,1530230400000,45.829200898299675,93337812.86351755,2018-06-29
377,1530316800000,44.698092130388055,91034145.84689417,2018-06-30
378,1530403200000,47.800502468302696,97352654.34955634,2018-07-01
379,1530489600000,50.69170735040601,103241012.31666765,2018-07-02
380,1530576000000,52.93786025259366,107815628.39414361,2018-07-03
381,1530662400000,55.891194528890544,113830521.88129228,2018-07-04
382,1530748800000,58.386359355352006,118912286.8492809,2018-07-05
383,1530835200000,60.0687797299514,122338779.89310688,2018-07-06
384,1530921600000,62.02541337083571,126323748.0146457,2018-07-07
385,1531008000000,64.16275010285686,130676744.18323292,2018-07-08
386,1531094400000,66.77401847487712,135994970.85676613,2018-07-09
387,1531180800000,59.860961067952495,121915527.05424012,2018-07-10
388,1531267200000,53.5190958191579,108999398.90460883,2018-07-11
389,1531353600000,51.50693016454924,104901331.78497839,2018-07-12
390,1531440000000,49.157315385304024,100116000.59290251,2018-07-13
391,1531526400000,45.678156929154,93030189.91897686,2018-07-14
392,1531612800000,50.22129737476855,102282954.19183548,2018-07-15
393,1531699200000,47.308952209842396,96351540.97341447,2018-07-16
394,1531785600000,50.875514103724164,103615361.4217793,2018-07-17
395,1531872000000,52.638139254883775,107205203.12276277,2018-07-18
396,1531958400000,49.53934654420659,100894062.44252563,2018-07-19
397,1532044800000,47.553790490336446,96850189.63319127,2018-07-20
398,1532131200000,47.005166889620476,95732838.11991109,2018-07-21
399,1532217600000,43.62259638099745,88843742.80637655,2018-07-22
400,1532304000000,46.13945458791463,93969689.48920338,2018-07-23
401,1532390400000,46.48972177826688,94683059.41109835,2018-07-24
402,1532476800000,47.89309864770787,97541239.895361,2018-07-25
403,1532563200000,45.21198111628542,92080755.28057712,2018-07-26
404,1532649600000,38.893175238900035,79211590.88442956,2018-07-27
405,1532736000000,40.80674600346462,83108855.2142262,2018-07-28
406,1532822400000,41.92964992197244,85395811.86533557,2018-07-29
407,1532908800000,42.29819672260791,86146410.86411579,2018-07-30
408,1532995200000,42.080511477457364,85703063.29800615,2018-07-31
409,1533081600000,39.26285383569279,79964494.95019454,2018-08-01
410,1533168000000,36.43430155133014,74203738.08300877,2018-08-02
411,1533254400000,38.060284031626374,77515287.17159168,2018-08-03
412,1533340800000,34.751853746042315,70777189.17260835,2018-08-04
413,1533427200000,32.63041983601334,66456581.40691739,2018-08-05
414,1533513600000,29.8283555802759,60749771.25079101,2018-08-06
415,1533600000000,30.526196192920334,62171024.84533023,2018-08-07
416,1533686400000,28.13287871888282,57296686.77841911,2018-08-08
417,1533772800000,26.591924353043204,54158309.77400368,2018-08-09
418,1533859200000,26.505579051528517,53982455.047400296,2018-08-10
419,1533945600000,25.23264595349018,51389942.217946015,2018-08-11
420,1534032000000,24.811271751369347,50531752.55606762,2018-08-12
421,1534118400000,23.97315583964107,48824807.97502579,2018-08-13
422,1534204800000,20.65707263421677,42071123.69511442,2018-08-14
423,1534291200000,17.374926374403284,35386556.925796576,2018-08-15
424,1534377600000,19.057731821673862,38836481.07010741,2018-08-16
425,1534464000000,22.241306396555263,45095567.37616069,2018-08-17
426,1534550400000,25.772791150410256,52490026.2325273,2018-08-18
427,1534636800000,27.00188281954213,55629050.67636055,2018-08-19
428,1534723200000,33.06224755698457,67333069.68209922,2018-08-20
429,1534809600000,31.42662804663489,64004884.87803871,2018-08-21
430,1534896000000,30.061042451794574,61226406.80123133,2018-08-22
431,1534982400000,26.317302811455125,53594140.295381345,2018-08-23
432,1535068800000,26.284860816122634,53693416.13629946,2018-08-24
433,1535155200000,27.71802167386013,56458464.705249965,2018-08-25
434,1535241600000,29.208575245542356,59489491.39038113,2018-08-26
435,1535328000000,27.51116193236577,56030482.498654336,2018-08-27
436,1535414400000,29.175501647619583,59406764.8183061,2018-08-28
437,1535500800000,28.485888789518807,58022422.30847531,2018-08-29
438,1535587200000,26.82919374971674,54640957.548366375,2018-08-30
439,1535673600000,26.028780687538354,53011397.49603505,2018-08-31
440,1535760000000,25.8988008491785,53817221.39831258,2018-09-01
441,1535846400000,27.503960555336402,56015815.846965745,2018-09-02
442,1535932800000,28.188227546939018,57409425.09515574,2018-09-03
443,1536019200000,25.43105882274559,51788693.39250251,2018-09-04
444,1536105600000,23.61276405162944,48090828.23154702,2018-09-05
445,1536192000000,20.079444449083137,40894708.97495849,2018-09-06
446,1536278400000,19.847843320278525,39333825.38170046,2018-09-07
447,1536364800000,19.602584070219937,39923513.45883008,2018-09-08
448,1536451200000,17.50557437637966,35652648.22823448,2018-09-09
449,1536537600000,18.639134131932796,37962041.27117794,2018-09-10
450,1536624000000,18.88997568641813,38453339.84802291,2018-09-11
451,1536710400000,18.302180484661456,37275052.42614275,2018-09-12
452,1536796800000,17.573252055146234,35549553.09924129,2018-09-13
453,1536883200000,19.726388373818693,40364240.39799184,2018-09-14
454,1536969600000,19.278863150456687,39276518.328402646,2018-09-15
455,1537056000000,20.071177989863877,40879064.19589907,2018-09-16
456,1537142400000,20.507561714733498,41764756.17191368,2018-09-17
457,1537228800000,18.257655520559464,37184955.27341964,2018-09-18
458,1537315200000,17.338276872811296,35311957.73791361,2018-09-19
459,1537401600000,17.37660895057183,35389991.3818453,2018-09-20
460,1537488000000,17.515544682137495,35672954.20599159,2018-09-21
461,1537574400000,20.193156780726174,41126300.676671036,2018-09-22
462,1537660800000,18.442611040576722,37561059.67748423,2018-09-23
463,1537747200000,18.596801464897673,38479164.617147334,2018-09-24
464,1537833600000,17.787566674699722,36202555.82157697,2018-09-25
465,1537920000000,15.761342101405978,32100265.519108508,2018-09-26
466,1538006400000,16.247490855094917,33094154.976600554,2018-09-27
467,1538092800000,16.521457362412754,33645927.06629284,2018-09-28
468,1538179200000,16.06915315210506,32737374.612912085,2018-09-29
469,1538265600000,17.585157066632355,35814729.95144057,2018-09-30
470,1538352000000,17.046344515246005,34717359.8256448,2018-10-01
471,1538438400000,16.39339850287732,33204804.59786354,2018-10-02
472,1538524800000,16.97837901387443,34573530.30945424,2018-10-03
473,1538611200000,16.939901048717285,34134049.49253883,2018-10-04
474,1538697600000,17.962329478071545,36574603.65904982,2018-10-05
475,1538784000000,18.13349372931647,36924316.85544873,2018-10-06
476,1538870400000,18.25108597771995,37166651.3615806,2018-10-07
477,1538956800000,18.073138271605277,36808574.64735437,2018-10-08
478,1539043200000,20.256512275838315,41249606.28642184,2018-10-09
479,1539129600000,18.672580909475407,38027241.60344097,2018-10-10
480,1539216000000,18.115826691434947,36896367.00119535,2018-10-11
481,1539302400000,16.119172901014018,32829039.985421777,2018-10-12
482,1539388800000,17.17626693457608,34981965.72852715,2018-10-13
483,1539475200000,20.051638459276383,40838078.032613866,2018-10-14
484,1539561600000,19.436017812224822,39584277.04902646,2018-10-15
485,1539648000000,21.48640281303332,43760189.50104338,2018-10-16
486,1539734400000,21.936679355567872,44673967.1059039,2018-10-17
487,1539820800000,21.619963118652095,43554170.221834555,2018-10-18
488,1539907200000,21.686702212956,44168123.170654744,2018-10-19
489,1539993600000,24.509169945887926,49813699.630179696,2018-10-20
490,1540080000000,29.890499315389587,60877477.1728122,2018-10-21
491,1540166400000,35.212202025092914,71721718.07841279,2018-10-22
492,1540252800000,38.65252501457872,78721088.63208172,2018-10-23
493,1540339200000,34.5581749522659,70385273.97425948,2018-10-24
494,1540425600000,36.825265214451,75000008.47580226,2018-10-25
495,1540512000000,44.92730315641539,91510813.80221377,2018-10-26
496,1540598400000,46.518615779032416,94741453.29018855,2018-10-27
497,1540684800000,43.63599879264781,88871007.41635601,2018-10-28
498,1540771200000,45.02613292404923,91108018.14037462,2018-10-29
499,1540857600000,39.5438407713067,80538049.9584179,2018-10-30
500,1540944000000,41.42694384832734,84336862.07197194,2018-10-31
501,1541030400000,38.90592515557093,78893524.23642507,2018-11-01
502,1541116800000,38.99151295714485,79411887.06286998,2018-11-02
503,1541203200000,39.440623627221335,80326566.26113658,2018-11-03
504,1541289600000,37.66854069331072,76717461.63448572,2018-11-04
505,1541376000000,37.94108675229066,75666102.2092613,2018-11-05
506,1541462400000,37.82419938515311,77034483.19942288,2018-11-06
507,1541548800000,39.09413008849052,80648942.95234983,2018-11-07
508,1541635200000,38.07242449451094,79120057.81167579,2018-11-08
509,1541721600000,36.72813404604127,75103979.18985021,2018-11-09
510,1541808000000,34.65156350315764,68990066.15038587,2018-11-10
511,1541894400000,36.23732703270162,73604338.20004037,2018-11-11
512,1541980800000,35.054213570531516,71818889.05776218,2018-11-12
513,1542067200000,30.08042698222699,61244887.90132761,2018-11-13
514,1542153600000,28.81290853406444,58819760.27882773,2018-11-14
515,1542240000000,23.96301344298083,48739622.281086035,2018-11-15
516,1542326400000,24.31214050631707,49515210.098829955,2018-11-16
517,1542412800000,23.54509431904522,46107240.48108928,2018-11-17
518,1542499200000,22.738032409925232,46346134.2486196,2018-11-18
519,1542585600000,23.506479907357303,47900452.866616435,2018-11-19
520,1542672000000,19.195339096844524,39294089.388231285,2018-11-20
521,1542758400000,16.5095683819858,33625937.3659728,2018-11-21
522,1542844800000,17.869167446460636,36431741.83172224,2018-11-22
523,1542931200000,17.645280415970298,34288313.64493193,2018-11-23
524,1543017600000,16.243982443102038,32915063.847606268,2018-11-24
525,1543104000000,15.436944046822154,31439581.700495478,2018-11-25
526,1543190400000,18.28170271271879,37229369.11889671,2018-11-26
527,1543276800000,16.175286346220002,33019951.098781873,2018-11-27
528,1543363200000,18.62980937294822,37912109.38969653,2018-11-28
529,1543449600000,20.486493289393398,41723723.13943367,2018-11-29
530,1543536000000,17.974553820872156,36600638.382069014,2018-11-30
531,1543622400000,16.840645348494274,34288779.73597526,2018-12-01
532,1543708800000,17.71712958319797,36273464.477806486,2018-12-02
533,1543795200000,17.28666284530843,35204670.97535705,2018-12-03
534,1543881600000,15.868805881619455,32270603.465655986,2018-12-04
535,1543968000000,15.389364989203871,31318262.374156248,2018-12-05
536,1544054400000,14.862454707832855,30272238.450224463,2018-12-06
537,1544140800000,12.374337608624502,25297673.496880863,2018-12-07
538,1544227200000,11.589912502540693,23604542.448298484,2018-12-08
539,1544313600000,13.059736989014082,26632409.295797218,2018-12-09
540,1544400000000,13.411266508708616,27313994.779586133,2018-12-10
541,1544486400000,12.147837149737317,24740837.13687511,2018-12-11
542,1544572800000,12.122560708322963,24645956.65881092,2018-12-12
543,1544659200000,11.750565925341002,23919617.407992408,2018-12-13
544,1544745600000,10.745472075847658,21199019.593135647,2018-12-14
545,1544832000000,9.90930499574368,20125202.517440382,2018-12-15
546,1544918400000,11.305879052692495,23025893.965978988,2018-12-16
547,1545004800000,10.214090868243396,20816738.688977513,2018-12-17
548,1545091200000,13.331071856205954,27383657.86196796,2018-12-18
549,1545177600000,12.413991599973814,25282899.384284966,2018-12-19
550,1545264000000,13.514741166278661,27544850.26610818,2018-12-20
551,1545350400000,15.538425865747316,31499996.860919036,2018-12-21
552,1545436800000,14.108780831066305,28853366.143401638,2018-12-22
553,1545523200000,15.567178141750272,31730918.720896654,2018-12-23
554,1545609600000,17.01366175839133,34657180.20598116,2018-12-24
555,1545696000000,18.723304165587937,38187337.92218948,2018-12-25
556,1545782400000,16.730974045269523,33417969.649999842,2018-12-26
557,1545868800000,16.41409778389548,35176889.4170733,2018-12-27
558,1545955200000,14.535545500205144,31246283.637973998,2018-12-28
559,1546041600000,15.849765479210909,33275490.432354383,2018-12-29
560,1546128000000,18.91685003096177,40876215.958113655,2018-12-30
561,1546214400000,16.293285061704733,35002374.849741824,2018-12-31
562,1546300800000,16.671313734252056,35837430.21895805,2019-01-01
563,1546387200000,17.723003995824822,38953651.03367517,2019-01-02
564,1546473600000,16.565218970793378,35609363.98838645,2019-01-03
565,1546560000000,16.20444277775256,34825898.00732007,2019-01-04
566,1546646400000,15.832210567001527,34158054.562807254,2019-01-05
567,1546732800000,14.237149962646011,30656591.268671393,2019-01-06
568,1546819200000,15.597019531389256,33535573.97487352,2019-01-07
569,1546905600000,14.36230172547064,30574305.47688117,2019-01-08
570,1546992000000,16.11004003036483,34630890.19953125,2019-01-09
571,1547078400000,15.226010737187362,32349063.01082995,2019-01-10
572,1547164800000,13.400997076185082,28807405.657271665,2019-01-11
573,1547251200000,13.52270052960866,29069025.05265937,2019-01-12
574,1547337600000,14.037252050732162,30175128.898239087,2019-01-13
575,1547424000000,13.294053903344805,28577515.646493275,2019-01-14
576,1547510400000,13.659939442292902,29327997.67536383,2019-01-15
577,1547596800000,12.871321625652438,27664778.835212804,2019-01-16
578,1547683200000,12.686908089132627,28012806.27086649,2019-01-17
579,1547769600000,12.66436879870216,27215424.34676833,2019-01-18
580,1547856000000,11.841197101214156,25653580.477569755,2019-01-19
581,1547942400000,12.63127805615491,27152781.906063523,2019-01-20
582,1548028800000,11.688033941478153,25136328.834772766,2019-01-21
583,1548115200000,11.218985563846653,24120507.052959934,2019-01-22
584,1548201600000,13.651847956173775,29346646.35841022,2019-01-23
585,1548288000000,13.126479081264554,28217289.02677481,2019-01-24
586,1548374400000,12.350924974825537,26730335.04862667,2019-01-25
587,1548460800000,12.56815310923248,27017085.588636532,2019-01-26
588,1548547200000,13.35039718229632,28699756.355324432,2019-01-27
589,1548633600000,13.344848547658207,28973939.392277725,2019-01-28
590,1548720000000,11.537970478359883,24802557.163631413,2019-01-29
591,1548806400000,12.884299875283075,27596198.125558734,2019-01-30
592,1548892800000,12.97255236291124,27886401.004645735,2019-01-31
593,1548979200000,13.559900200469624,29148991.192694806,2019-02-01
594,1549065600000,13.409767230512383,28826258.388299596,2019-02-02
595,1549152000000,12.790424806543786,27494891.151474547,2019-02-03
596,1549238400000,13.285518699932155,28424125.12774994,2019-02-04
597,1549324800000,12.333673503005137,26513037.33785733,2019-02-05
598,1549411200000,13.466478705807097,29113704.32368979,2019-02-06
599,1549497600000,14.253362025104897,30639688.93529794,2019-02-07
600,1549584000000,14.39161770049817,30936889.75571688,2019-02-08
601,1549670400000,18.138570576764003,38991513.66702948,2019-02-09
602,1549756800000,17.774276272127903,38258656.86983122,2019-02-10
603,1549843200000,17.808949970410996,38227410.50839936,2019-02-11
604,1549929600000,19.428309093265167,41763995.4775571,2019-02-12
605,1550016000000,17.618579849673285,37363233.91729188,2019-02-13
606,1550102400000,17.058612080141824,36669984.72941786,2019-02-14
607,1550188800000,16.398426172144358,35528232.75542072,2019-02-15
608,1550275200000,16.59328578602702,35617733.55400507,2019-02-16
609,1550361600000,16.632754059936662,35754540.552338384,2019-02-17
610,1550448000000,19.600767043816226,41217601.48394399,2019-02-18
611,1550534400000,21.983841647990925,47257486.93612742,2019-02-19
612,1550620800000,21.382046727039118,45666207.127659954,2019-02-20
613,1550707200000,22.01605485318463,47326733.937993065,2019-02-21
614,1550793600000,20.416183451873632,43887576.07570706,2019-02-22
615,1550880000000,18.67377824757265,40142020.931243986,2019-02-23
616,1550966400000,19.77525038351155,41966756.81192914,2019-02-24
617,1551052800000,15.640405396697059,33471786.22097152,2019-02-25
618,1551139200000,15.40529487861862,33115937.292972747,2019-02-26
619,1551225600000,16.773005406572825,36045277.41267102,2019-02-27
620,1551312000000,16.624415570902762,35922190.35489424,2019-02-28
621,1551398400000,16.37808339821924,35207088.67100509,2019-03-01
622,1551484800000,16.91924121659515,36435506.333540685,2019-03-02
623,1551571200000,17.03490955596693,35092218.603699766,2019-03-03
624,1551657600000,17.001909382343463,36548093.97695722,2019-03-04
625,1551744000000,16.163600587006513,34746026.459440455,2019-03-05
626,1551830400000,17.34135407726668,35983790.95683574,2019-03-06
627,1551916800000,16.938402527905865,36595947.850394666,2019-03-07
628,1552003200000,15.860519010524932,33927892.164271064,2019-03-08
629,1552089600000,16.012934385055445,34940151.13468398,2019-03-09
630,1552176000000,16.699385698304905,35892871.20126665,2019-03-10
631,1552262400000,16.966351641900243,36729450.03777193,2019-03-11
632,1552348800000,16.288865728004215,35004167.522261225,2019-03-12
633,1552435200000,16.350782565733354,36475390.647127405,2019-03-13
634,1552521600000,17.005199981167326,36620614.335642636,2019-03-14
635,1552608000000,16.5625654744453,35553174.66255176,2019-03-15
636,1552694400000,14.4032324760297,30961857.41658963,2019-03-16
637,1552780800000,14.755386375025177,31999360.8746945,2019-03-17
638,1552867200000,14.44588803547635,31130268.768615637,2019-03-18
639,1552953600000,15.017540268938372,32282401.97668001,2019-03-19
640,1553040000000,14.94567656549001,32127920.42239703,2019-03-20
641,1553126400000,15.171119053398627,32612542.063954536,2019-03-21
642,1553212800000,12.996927961529934,27937289.600381233,2019-03-22
643,1553299200000,14.653107263148577,31498999.863165487,2019-03-23
644,1553385600000,14.624134279547627,31436718.19211153,2019-03-24
645,1553472000000,14.717267223483391,31636921.093489755,2019-03-25
646,1553558400000,13.18031060890349,29793023.850621466,2019-03-26
647,1553644800000,13.620887744326698,29280092.849231523,2019-03-27
648,1553731200000,13.959951022730632,30043411.257307783,2019-03-28
649,1553817600000,13.256163503222236,28492623.85191586,2019-03-29
650,1553904000000,14.051872481929616,29991753.9333282,2019-03-30
651,1553990400000,13.122140801341263,28172116.728136595,2019-03-31
652,1554076800000,12.734516366272617,27434748.938129872,2019-04-01
653,1554163200000,12.799824573345443,27525860.558868337,2019-04-02
654,1554249600000,15.007659341579082,31861429.28916531,2019-04-03
655,1554336000000,15.199007188217314,32705869.958045237,2019-04-04
656,1554422400000,14.498148328739573,31144748.01989973,2019-04-05
657,1554508800000,15.139751522207346,32578717.882523756,2019-04-06
658,1554595200000,15.889248691022253,34248411.17254482,2019-04-07
659,1554681600000,16.11801447537749,34697977.32432934,2019-04-08
660,1554768000000,16.814373398320942,36144957.91653131,2019-04-09
661,1554854400000,16.27352308007903,35174029.66733338,2019-04-10
662,1554940800000,14.761438014340277,31849583.808018547,2019-04-11
663,1555027200000,13.61532197632828,29278750.536847785,2019-04-12
664,1555113600000,14.903528643133507,32213934.34980397,2019-04-13
665,1555200000000,15.465997979612691,33260916.035976697,2019-04-14
666,1555286400000,15.023210553659666,32388857.470215145,2019-04-15
667,1555372800000,14.099166050218523,30184379.906325772,2019-04-16
668,1555459200000,15.188052244817314,33859707.02005972,2019-04-17
669,1555545600000,16.01131605238085,32816869.79238395,2019-04-18
670,1555632000000,16.14989382062691,34706878.33476801,2019-04-19
671,1555718400000,17.96357205680529,38627525.50785722,2019-04-20
672,1555804800000,15.983540430974307,34360205.95790051,2019-04-21
673,1555891200000,15.065158300738462,32079587.342526715,2019-04-22
674,1555977600000,15.427845784165939,33179810.924860083,2019-04-23
675,1556064000000,15.410085872641625,33126236.236218374,2019-04-24
676,1556150400000,14.697093663579263,31589177.060264755,2019-04-25
677,1556236800000,13.726757929530434,29442620.35678596,2019-04-26
678,1556323200000,13.770294690760291,29573506.454515647,2019-04-27
679,1556409600000,13.89657778989664,29872728.97423438,2019-04-28
680,1556496000000,13.898169402092824,29876150.377725758,2019-04-29
681,1556582400000,13.76973366256967,29624465.933244478,2019-04-30
682,1556668800000,14.019493433571888,31272165.293178998,2019-05-01
683,1556755200000,13.95552956242787,29864149.482012786,2019-05-02
684,1556841600000,13.411828774678284,28916164.308120284,2019-05-03
685,1556928000000,13.509707444452376,28965683.14263646,2019-05-04
686,1557014400000,12.928753470041206,27728122.821635053,2019-05-05
687,1557100800000,12.859037031985629,27683097.06080588,2019-05-06
688,1557187200000,14.172458703984718,30465775.399067767,2019-05-07
689,1557273600000,13.618954901505758,29293926.26004981,2019-05-08
690,1557360000000,13.268228600001274,28522000.375098914,2019-05-09
691,1557446400000,12.555937374316512,26647692.554856222,2019-05-10
692,1557532800000,12.394530427649244,26643858.209267866,2019-05-11
693,1557619200000,13.885002058317559,30006652.68942946,2019-05-12
694,1557705600000,13.50592632638565,29032966.44641719,2019-05-13
695,1557792000000,13.964557824086215,30018862.012721088,2019-05-14
696,1557878400000,15.323629431669866,32940385.45566836,2019-05-15
697,1557964800000,17.80294376324675,38411360.57158798,2019-05-16
698,1558051200000,20.15385027846835,43323652.503402494,2019-05-17
699,1558137600000,18.066200393037636,38594252.50674693,2019-05-18
700,1558224000000,19.346345414225304,41587802.54669974,2019-05-19
701,1558310400000,21.498073811459353,46907053.90558236,2019-05-20
702,1558396800000,20.308178652810437,43655403.943897955,2019-05-21
703,1558483200000,21.841950772393865,47354837.52557785,2019-05-22
704,1558569600000,19.787265702943202,42711899.493274875,2019-05-23
705,1558656000000,19.755521403845126,41824738.23288038,2019-05-24
706,1558742400000,19.49658280503091,41379000.93083202,2019-05-25
707,1558828800000,18.950873486504868,40737677.725155585,2019-05-26
708,1558915200000,20.086837953588997,43506593.5712343,2019-05-27
709,1559001600000,17.755009257580706,38419657.099671215,2019-05-28
710,1559088000000,17.644940031160807,37466083.99964993,2019-05-29
711,1559174400000,17.558158158278683,37743832.177900724,2019-05-30
712,1559260800000,13.88193708916948,29859196.961389944,2019-05-31
713,1559347200000,14.502581104045786,31344576.628626447,2019-06-01
714,1559433600000,14.883784837233831,31994875.089085683,2019-06-02
715,1559520000000,16.71683035411944,34546846.221839525,2019-06-03
716,1559606400000,14.308798745646552,31095726.747439153,2019-06-04
717,1559692800000,13.514681485353663,29051786.942724407,2019-06-05
718,1559779200000,13.431639604956885,28873276.260158584,2019-06-06
719,1559865600000,14.453769821464368,30858470.39892661,2019-06-07
720,1559952000000,14.239743542861913,30610414.01342609,2019-06-08
721,1560038400000,14.491091063878594,31150722.317182425,2019-06-09
722,1560124800000,14.778292069684557,31604124.34423951,2019-06-10
723,1560211200000,16.966915294209745,36472869.05997952,2019-06-11
724,1560297600000,16.666840399680584,36843828.696149826,2019-06-12
725,1560384000000,16.38072101119635,35212758.606351435,2019-06-13
726,1560470400000,15.902888230128609,34185587.06961387,2019-06-14
727,1560556800000,15.584353765846595,33500850.59245274,2019-06-15
728,1560643200000,15.450407936377797,33582591.71624323,2019-06-16
729,1560729600000,14.00927230313868,30147472.629945595,2019-06-17
730,1560816000000,14.488285781697545,31258341.198209196,2019-06-18
731,1560902400000,13.505502006380306,29070091.31516911,2019-06-19
732,1560988800000,13.245946461989508,28596531.210556816,2019-06-20
733,1561075200000,12.90049771473428,27802054.823186785,2019-06-21
734,1561161600000,14.70634491816149,31613441.99873794,2019-06-22
735,1561248000000,15.039868599031578,32330399.991976023,2019-06-23
736,1561334400000,15.47922913598607,32939299.783115,2019-06-24
737,1561420800000,14.510301722375287,31903277.427590676,2019-06-25
738,1561507200000,14.875968553913,31058215.02522472,2019-06-26
739,1561593600000,16.25056325159948,34922336.19192544,2019-06-27
740,1561680000000,13.864053907412718,29458330.219692957,2019-06-28
741,1561766400000,14.302775833927871,31832273.475087956,2019-06-29
742,1561852800000,15.021670841721004,33836605.412180394,2019-06-30
743,1561939200000,14.141335147316624,31513147.173811182,2019-07-01
744,1562025600000,13.95961929098359,30317340.841532666,2019-07-02
745,1562112000000,13.894986893074059,29851183.274183434,2019-07-03
746,1562198400000,13.11248530365199,29049196.532207813,2019-07-04
747,1562284800000,12.513757671146875,26883995.998955235,2019-07-05
748,1562371200000,12.945342571489594,27951302.91000362,2019-07-06
749,1562457600000,13.525801995754113,28870703.102939855,2019-07-07
750,1562544000000,15.641139376432141,33592951.801005125,2019-07-08
751,1562630400000,15.558882960574753,34025896.726660095,2019-07-09
752,1562716800000,15.44876752674067,32937199.410582967,2019-07-10
753,1562803200000,14.502540554048222,31175334.672965385,2019-07-11
754,1562889600000,13.242963946598152,28467690.302853063,2019-07-12
755,1562976000000,13.579343586945464,29190787.59921414,2019-07-13
756,1563062400000,12.129447137488164,26509327.182217386,2019-07-14
757,1563148800000,11.35034753564335,24362162.320784923,2019-07-15
758,1563235200000,11.72997631733546,24880617.678934194,2019-07-16
759,1563321600000,10.249344017760219,22241986.070388533,2019-07-17
760,1563408000000,12.924886100112975,28077355.765852757,2019-07-18
761,1563494400000,14.094127970219382,30544237.058347207,2019-07-19
762,1563580800000,15.683869057385522,34415020.672906265,2019-07-20
763,1563667200000,16.881048662619772,36305036.76864452,2019-07-21
764,1563753600000,16.62766452638701,35792377.352293886,2019-07-22
765,1563840000000,15.976664124865932,34690934.39389516,2019-07-23
766,1563926400000,16.462862869032083,35993371.99577715,2019-07-24
767,1564012800000,16.806136917300375,35570175.83627508,2019-07-25
768,1564099200000,16.035313546735445,34471034.28587171,2019-07-26
769,1564185600000,16.296333640265075,35081336.392348066,2019-07-27
770,1564272000000,15.929499348181974,34242791.56480169,2019-07-28
771,1564358400000,15.73560741353545,33825992.457744084,2019-07-29
772,1564444800000,16.098419037709352,35694114.6204643,2019-07-30
773,1564531200000,16.745244417284372,35996355.04854522,2019-07-31
774,1564617600000,17.04677813563445,36329999.015890755,2019-08-01
775,1564704000000,16.85451355988441,35502264.65803023,2019-08-02
776,1564790400000,17.092608952938285,36743065.9859959,2019-08-03
777,1564876800000,17.745057684784943,38145600.07969259,2019-08-04
778,1564963200000,17.120922678506897,36803421.69365752,2019-08-05
779,1565049600000,17.58783597354709,37807628.98783944,2019-08-06
780,1565136000000,17.815151002933842,38296275.93151916,2019-08-07
781,1565222400000,18.926804813483123,40685938.58787885,2019-08-08
782,1565308800000,17.89846809366458,38475378.218999654,2019-08-09
783,1565395200000,17.31507691449387,37217679.449710086,2019-08-10
784,1565481600000,16.631447553231688,35751732.02485121,2019-08-11
785,1565568000000,17.201403913779277,36976936.6862577,2019-08-12
786,1565654400000,15.928133498942982,34295945.435492024,2019-08-13
787,1565740800000,7.387330423041336,15967467.680087404,2019-08-14
788,1565827200000,5.541987828256545,11913314.405535012,2019-08-15
789,1565913600000,5.7348826333691685,12512922.807492912,2019-08-16
790,1566000000000,6.415964935153133,13792056.182016764,2019-08-17
791,1566086400000,8.189070408090405,17603606.049660888,2019-08-18
792,1566172800000,8.233132365084343,17811374.221518334,2019-08-19
793,1566259200000,8.869800470240941,19066935.004363764,2019-08-20
794,1566345600000,8.427638646146605,18133937.479647856,2019-08-21
795,1566432000000,8.024281093309202,17249367.285791434,2019-08-22
796,1566518400000,7.4197759317106335,16061065.378212994,2019-08-23
797,1566604800000,7.345096962385849,15789361.536647554,2019-08-24
798,1566691200000,7.440549233024901,15994550.170416709,2019-08-25
799,1566777600000,7.162627307924018,15397116.29352565,2019-08-26
800,1566864000000,12.04364135865384,25889570.77126699,2019-08-27
801,1566950400000,12.107196401362854,26026191.642570462,2019-08-28
802,1567036800000,10.349404159587236,22249876.686680835,2019-08-29
803,1567123200000,9.786479212794518,21187664.7560628,2019-08-30
804,1567209600000,8.82275590851711,18965805.82973277,2019-08-31
805,1567296000000,12.59501295850624,27074824.768006805,2019-09-01
806,1567382400000,15.24055142452608,32761797.113369416,2019-09-02
807,1567468800000,14.402417811515882,31011869.702089887,2019-09-03
808,1567555200000,13.74694811883004,29550647.772447005,2019-09-04
809,1567641600000,12.0969407023219,26004145.51563737,2019-09-05
810,1567728000000,13.56979682277433,29170265.43160015,2019-09-06
811,1567814400000,13.144876590992274,28256837.16806587,2019-09-07
812,1567900800000,13.077462530876158,28111920.77373133,2019-09-08
813,1567987200000,13.410506257692145,28842023.060833707,2019-09-09
814,1568073600000,12.270965446108756,26394072.078771334,2019-09-10
815,1568160000000,13.32285104554225,28639419.320700176,2019-09-11
816,1568246400000,11.228121301759641,24136490.984215777,2019-09-12
817,1568332800000,11.81644348313756,25405813.612002637,2019-09-13
818,1568419200000,12.328825490421446,26502615.824865725,2019-09-14
819,1568505600000,14.055203128779162,30213717.369256984,2019-09-15
820,1568592000000,14.117001579416806,30346562.188667722,2019-09-16
821,1568678400000,14.225485796711563,30579764.90017157,2019-09-17
822,1568764800000,15.80610173339333,34021288.196723156,2019-09-18
823,1568851200000,16.236045137203206,34730336.6297952,2019-09-19
824,1568937600000,17.036998739104778,36623523.68780108,2019-09-20
825,1569024000000,16.58859104659571,35705946.19186502,2019-09-21
826,1569110400000,16.51208819365165,35495151.6024493,2019-09-22
827,1569196800000,15.116572657399667,32563793.113553528,2019-09-23
828,1569283200000,1.2020847396932477,2587348.654958613,2019-09-24
829,1611619200000,13.48419515767649,2584057.181259917,2021-01-26
830,1611705600000,13.48419515767649,2584057.181259917,2021-01-27
831,1611792000000,10.926898227705562,21366327.159055136,2021-01-28
832,1611878400000,11.541992416421136,25062087.35660866,2021-01-29
833,1611964800000,16.65676320035627,34890410.65109779,2021-01-30
834,1612051200000,21.480259615636136,46174963.613028,2021-01-31
835,1612137600000,21.36909704614761,45031485.81616735,2021-02-01
836,1612224000000,23.368718110597946,50061660.861668505,2021-02-02
837,1612310400000,25.82909065557076,56625258.92889449,2021-02-03
838,1612396800000,31.489018319042277,67690256.12862402,2021-02-04
839,1612483200000,22.523269178856008,48722138.82675561,2021-02-05
840,1612569600000,23.896384982845195,54546381.46164011,2021-02-06
841,1612656000000,21.43479837541909,46492140.04557177,2021-02-07
842,1612742400000,19.52490417724684,42015161.85795227,2021-02-08
843,1612828800000,24.442288369089617,52542278.17806691,2021-02-09
844,1612915200000,19.329376099009867,39796137.62402179,2021-02-10
845,1613001600000,18.1050688551679,38919496.81046655,2021-02-11
846,1613088000000,17.599018623513274,37687225.59005053,2021-02-12
847,1613174400000,18.048218539526058,37811441.71994949,2021-02-13
848,1613260800000,19.015852539325518,43111004.75765373,2021-02-14
849,1613347200000,17.5771468963271,38522105.50367937,2021-02-15
850,1613433600000,17.887363045674775,38586308.896646485,2021-02-16
851,1613520000000,17.712865865713667,40100409.90145072,2021-02-17
852,1613606400000,19.756229659942868,42468908.7563186,2021-02-18
853,1613692800000,23.137525556868855,48480158.38160848,2021-02-19
854,1613779200000,21.558796925153416,48249635.86769147,2021-02-20
855,1613865600000,19.277474332199024,41138021.314158484,2021-02-21
856,1613952000000,19.995687259879258,42970111.71850645,2021-02-22
857,1614038400000,17.954094303148867,39810522.29825245,2021-02-23
858,1614124800000,15.25021628304375,32524244.74402348,2021-02-24
859,1614211200000,27.438680696209307,49890443.82357155,2021-02-25
860,1614297600000,18.298681277624457,39734194.94774826,2021-02-26
861,1614384000000,17.247233022345043,36851165.60678194,2021-02-27
862,1614470400000,17.567099800156793,37622107.84095759,2021-02-28
863,1614556800000,17.713556734371995,37841815.90624864,2021-03-01
864,1614643200000,16.43595586374583,37406374.03057861,2021-03-02
865,1614729600000,20.251253709323322,43745088.31510943,2021-03-03
866,1614816000000,19.355887357467928,41576656.930521116,2021-03-04
867,1614902400000,18.578917410628193,39938103.67081091,2021-03-05
868,1614988800000,17.703414469935677,37933527.14189385,2021-03-06
869,1615075200000,17.028628709669512,36563496.66590463,2021-03-07
870,1615161600000,18.718298049454628,40237722.76486909,2021-03-08
871,1615248000000,18.707143624541178,40246644.85796617,2021-03-09
872,1615334400000,22.015733632714287,46655262.946290396,2021-03-10
873,1615420800000,19.226860844169753,41330952.966044895,2021-03-11
874,1615507200000,18.7030069391084,40358318.280626245,2021-03-12
875,1615593600000,19.642790432510917,42179759.80736675,2021-03-13
876,1615680000000,21.849367216670647,46094217.99531368,2021-03-14
877,1615766400000,21.97984309866839,47162188.945892714,2021-03-15
878,1615852800000,17.25670975160767,37019038.68805551,2021-03-16
879,1615939200000,17.7911320210511,38292592.33578924,2021-03-17
880,1616025600000,18.50470972043136,43711457.77222255,2021-03-18
881,1616112000000,18.70416402448423,42373736.05457114,2021-03-19
882,1616198400000,19.17754274567461,41224936.49118725,2021-03-20
883,1616284800000,17.367994019837976,36765915.759367175,2021-03-21
884,1616371200000,18.233448136652875,39195466.87588047,2021-03-22
885,1616457600000,16.894266785837523,36316700.45258587,2021-03-23
886,1616544000000,15.511589460912562,35261492.369905554,2021-03-24
887,1616630400000,15.426574933739657,29932598.882189073,2021-03-25
888,1616716800000,18.356781643157067,39465576.49911821,2021-03-26
889,1616803200000,14.690232559393122,31444626.93017281,2021-03-27
890,1616889600000,16.908721670540594,36427710.98240968,2021-03-28
891,1616976000000,16.962420162673034,38813654.1907137,2021-03-29
892,1617062400000,16.43836201531959,35044776.116446555,2021-03-30
893,1617148800000,16.598575780430163,35636841.95077721,2021-03-31
894,1617235200000,18.749783263753603,39719030.293356754,2021-04-01
895,1617321600000,17.877306009463748,38504332.59100855,2021-04-02
896,1617408000000,20.172503207249367,43242887.48888135,2021-04-03
897,1617494400000,19.672159443391834,39432616.50168769,2021-04-04
898,1617580800000,18.61455519424325,39977691.571539596,2021-04-05
899,1617667200000,18.87467533551627,39166802.51814371,2021-04-06
900,1617753600000,20.83567925513405,47057306.79565955,2021-04-07
901,1617840000000,17.2890418453486,37256859.787478104,2021-04-08
902,1617926400000,19.081854521912863,41019240.64162788,2021-04-09
903,1618012800000,19.557609192462248,42039480.45902811,2021-04-10
904,1618099200000,17.836073735900015,37494723.63029394,2021-04-11
905,1618185600000,18.38205294479492,39443607.388694264,2021-04-12
906,1618272000000,18.874943660279566,40285890.787059434,2021-04-13
907,1618358400000,19.24491805753872,41198142.67774888,2021-04-14
908,1618444800000,20.309384799265974,43400567.794698074,2021-04-15
909,1618531200000,23.493886055658727,46468660.24770298,2021-04-16
910,1618617600000,21.43321080173668,46073825.2977228,2021-04-17
911,1618704000000,21.866149892911935,47004491.27380451,2021-04-18
912,1618790400000,18.997879440895705,40519297.83339581,2021-04-19
913,1618876800000,20.732988784513733,44894120.993541785,2021-04-20
914,1618963200000,20.937605464385353,44130083.563093096,2021-04-21
915,1619049600000,19.761317842807635,42382179.76571458,2021-04-22
916,1619136000000,21.394698258153642,46089765.214916535,2021-04-23
917,1619222400000,19.99115572572461,42311667.19443862,2021-04-24
918,1619308800000,18.90451181636484,40733695.62848361,2021-04-25
919,1619395200000,19.271305779322535,41426493.86267212,2021-04-26
920,1619481600000,20.139832213918453,43277457.91107609,2021-04-27
921,1619568000000,21.08469240308132,45324633.96277881,2021-04-28
922,1619654400000,20.802232704621414,45143045.032896854,2021-04-29
923,1619740800000,20.668501382349906,44690311.34498514,2021-04-30
924,1619827200000,20.21060915782328,43144322.2012736,2021-05-01
925,1619913600000,18.89731723345332,40797718.44634906,2021-05-02
926,1620000000000,17.784856210392192,38231152.838581465,2021-05-03
927,1620086400000,20.09015088642302,41683252.58644795,2021-05-04
928,1620172800000,20.628961964655343,42826278.39801999,2021-05-05
929,1620259200000,24.74822524830145,53199934.30132933,2021-05-06
930,1620345600000,20.122296069389257,43023933.31018783,2021-05-07
931,1620432000000,24.09733601707305,52069708.27682431,2021-05-08
932,1620518400000,24.6617473159151,52940448.55003099,2021-05-09
933,1620604800000,25.157156442528247,54078991.787203915,2021-05-10
934,1620691200000,21.40951183349741,45957130.48688708,2021-05-11
935,1620777600000,21.009641567067696,44844500.57722416,2021-05-12
936,1620864000000,21.94035237113847,47343519.51128798,2021-05-13
937,1620950400000,24.088623129672015,51693836.44932095,2021-05-14
938,1621036800000,25.982884128410944,56030108.12144302,2021-05-15
939,1621123200000,25.800918338219404,48091691.50239792,2021-05-16
940,1621209600000,26.83402509890359,57683666.52472875,2021-05-17
941,1621296000000,19.262526888513676,42065055.61826673,2021-05-18
942,1621382400000,21.188265744402777,46491242.475259036,2021-05-19
943,1621468800000,21.113525953840444,45761198.980848804,2021-05-20
944,1621555200000,15.606808654264096,33549120.663400013,2021-05-21
945,1621641600000,17.362000387839327,37224331.59969932,2021-05-22
946,1621728000000,18.181507756127722,39561684.31397838,2021-05-23
947,1621814400000,14.546513940052932,32726749.334370486,2021-05-24
948,1621900800000,17.522522944523054,39423330.527254894,2021-05-25
949,1621987200000,15.309840075449102,32956156.870646562,2021-05-26
950,1622073600000,17.137841252655868,41699201.5059202,2021-05-27
951,1622160000000,18.241905399675208,39427928.85954485,2021-05-28
952,1622246400000,15.891070981598611,34160184.16338076,2021-05-29
953,1622332800000,15.519192603389579,34352842.1664329,2021-05-30
954,1622419200000,18.22852832525676,38644995.93993639,2021-05-31
955,1622505600000,18.72150365135745,40815602.23175728,2021-06-01
956,1622592000000,18.22934800442519,39186653.04123371,2021-06-02
957,1622678400000,19.95078048020586,42568999.83414809,2021-06-03
958,1622764800000,19.516615042126574,42530148.3440036,2021-06-04
959,1622851200000,16.741335741249173,35986042.90390576,2021-06-05
960,1622937600000,25.974129066636973,55696110.80796553,2021-06-06
961,1623024000000,19.826342068846415,42648379.11423327,2021-06-07
962,1623110400000,19.434299281495893,41776872.2643622,2021-06-08
963,1623196800000,19.57526285094513,42305760.48406052,2021-06-09
964,1623283200000,26.38359861406986,56452595.92933718,2021-06-10
965,1623369600000,26.75234846990148,57496583.59305188,2021-06-11
966,1623456000000,16.975745186444527,36523391.28331254,2021-06-12
967,1623542400000,24.27903726339174,52255070.864927545,2021-06-13
968,1623628800000,27.14965825652444,58362166.21835437,2021-06-14
969,1623715200000,25.893894613502642,55662718.373651125,2021-06-15
970,1623801600000,29.444590302857936,63295458.721797094,2021-06-16
971,1623888000000,27.469558610149143,59166562.965071544,2021-06-17
972,1623974400000,24.742795063689115,53177589.98093471,2021-06-18
973,1624060800000,23.685628717469204,50850754.378588215,2021-06-19
974,1624147200000,21.657726409014458,46580009.25570567,2021-06-20
975,1624233600000,23.041493032680606,49519818.89548288,2021-06-21
976,1624320000000,18.19379417325345,38932249.73375492,2021-06-22
977,1624406400000,19.155582422247846,41117572.55222806,2021-06-23
978,1624492800000,19.788621265220225,42471757.41249667,2021-06-24
979,1624579200000,17.675523534090456,38044712.01695546,2021-06-25
980,1624665600000,19.961275687200327,42553055.97185758,2021-06-26
981,1624752000000,20.029800389796396,42539472.63120431,2021-06-27
982,1624838400000,19.73354329698046,43768391.539132595,2021-06-28
983,1624924800000,19.579675136454288,44898553.93984085,2021-06-29
984,1625011200000,20.872684601049112,45584073.784294195,2021-06-30
985,1625097600000,21.508606959083885,46235900.37895389,2021-07-01
986,1625184000000,18.32759002835513,39946250.37824087,2021-07-02
987,1625270400000,18.991368516603316,38659422.388099715,2021-07-03
988,1625356800000,23.50424775421809,50440938.483513474,2021-07-04
989,1625443200000,23.272275434936933,55964178.121177115,2021-07-05
990,1625529600000,23.392453568754544,50285504.53693849,2021-07-06
991,1625616000000,21.9536835274351,47192657.63963751,2021-07-07
992,1625702400000,18.608636766500798,40160900.15280122,2021-07-08
993,1625788800000,20.57430740248636,44044166.029851414,2021-07-09
994,1625875200000,16.310264265949925,35061301.51475848,2021-07-10
995,1625961600000,16.12222283634745,33202802.546576332,2021-07-11
996,1626048000000,17.840652570269683,38525788.85718999,2021-07-12
997,1626134400000,17.840652570269683,38525788.85718999,2021-07-13
998,1626220800000,14.391417216427667,31149527.94281279,2021-07-14
999,1626307200000,14.022982780872772,30072661.43416241,2021-07-15
1000,1626393600000,11.807819306996205,25382636.73744765,2021-07-16
1001,1626480000000,13.340564498755304,28699053.306372546,2021-07-17
1002,1626566400000,13.575773320426274,29183112.78850131,2021-07-18
1003,1626652800000,12.261458300050384,26357800.183911752,2021-07-19
1004,1626739200000,13.35505998019588,28090520.94493426,2021-07-20
1005,1626825600000,13.819709996546852,29481239.71686922,2021-07-21
1006,1626912000000,13.411267688272487,28877690.26744334,2021-07-22
1007,1626998400000,13.087552162062991,28133609.91349301,2021-07-23
1008,1627084800000,14.276156876900295,30987245.651849207,2021-07-24
1009,1627171200000,14.410005086401886,31775742.353293348,2021-07-25
1010,1627257600000,15.494540542719019,33244744.833179172,2021-07-26
1011,1627344000000,16.464139620492478,37423296.11999873,2021-07-27
1012,1627430400000,17.22284601813567,37023029.62955352,2021-07-28
1013,1627516800000,17.196618715178708,37105088.45567084,2021-07-29
1014,1627603200000,16.43534003844639,35330170.20383575,2021-07-30
1015,1627689600000,16.858130176048547,36239019.517999336,2021-07-31
1016,1627776000000,17.544186324088596,37650857.39447952,2021-08-01
1017,1627862400000,17.711639877562828,38416148.1631302,2021-08-02
1018,1627948800000,16.739088695960863,35875206.345679455,2021-08-03
1019,1628035200000,20.074682561259667,35887277.88384318,2021-08-04
1020,1628121600000,18.5171935119773,39805419.1118131,2021-08-05
1021,1628208000000,18.12218099872231,41406417.58761443,2021-08-06
1022,1628294400000,19.27620226022787,41640213.48934249,2021-08-07
1023,1628380800000,17.33616045931772,37196330.54036786,2021-08-08
1024,1628467200000,16.814172460437728,35655726.52195042,2021-08-09
1025,1628553600000,17.64542931333655,39424368.24321014,2021-08-10
1026,1628640000000,18.460871425480796,37598631.946222395,2021-08-11
1027,1628726400000,16.800625118147078,36258222.22822998,2021-08-12
1028,1628812800000,13.90353463933506,29421977.85540636,2021-08-13
1029,1628899200000,22.00145172278136,44760514.45167329,2021-08-14
1030,1628985600000,19.180700292812745,42432060.2364681,2021-08-15
1031,1629072000000,20.12559654274265,42051255.70428808,2021-08-16
1032,1629158400000,18.528740855745724,38165406.39846878,2021-08-17
1033,1629244800000,18.374888833456087,36308815.96912256,2021-08-18
1034,1629331200000,16.09913520735839,39006993.88152096,2021-08-19
1035,1629417600000,19.373329544377732,41205000.30924171,2021-08-20
1036,1629504000000,20.598686067472475,40487831.822099924,2021-08-21
1037,1629590400000,19.06138378242338,40282668.44763119,2021-08-22
1038,1629676800000,18.84751366386174,40515490.650371745,2021-08-23
1039,1629763200000,20.637707401812,44363774.246066816,2021-08-24
1040,1629849600000,19.671459353191597,42152236.54906755,2021-08-25
1041,1629936000000,20.99260214788446,45241313.23229917,2021-08-26
1042,1630022400000,20.529674369113888,44131541.42192492,2021-08-27
1043,1630108800000,21.693072646408,45096639.66389984,2021-08-28
1044,1630195200000,17.211022078289076,40973909.252158195,2021-08-29
1045,1630281600000,16.82779539652611,36310395.26343525,2021-08-30
1046,1630368000000,17.554343263258296,38123642.730518304,2021-08-31
1047,1630454400000,17.646470632220336,37933672.773117006,2021-09-01
1048,1630540800000,1.0239229664654485e-35,37933672.773117006,2021-09-02
1049,1630627200000,1.0239229664654485e-35,37933672.773117006,2021-09-03
1050,1630713600000,1.0239229664654485e-35,37933672.773117006,2021-09-04
1051,1630800000000,15.165342874107147,40476526.01831179,2021-09-05
1052,1630886400000,21.32580473926309,43830918.551279776,2021-09-06
1053,1630972800000,24.47377756195697,51359816.74913171,2021-09-07
1054,1631059200000,15.225850539887574,32520409.974909548,2021-09-08
1055,1631145600000,23.22935739968654,49932572.17181217,2021-09-09
1056,1631232000000,16.607133111705316,35615962.3281172,2021-09-10
1057,1631318400000,19.72682767416582,42405704.88226403,2021-09-11
1058,1631404800000,15.71045712028379,42405704.88226403,2021-09-12
1059,1631491200000,21.924935430219957,41003622.35675463,2021-09-13
1060,1631577600000,19.150100345293755,40241017.20213958,2021-09-14
1061,1631664000000,15.612937241864548,33286885.2244266,2021-09-15
1062,1631750400000,17.86760833314143,38310253.64802721,2021-09-16
1063,1631836800000,19.397040834601743,81852638.15990321,2021-09-17
1064,1631923200000,22.68955232214734,48774515.374497764,2021-09-18
1065,1632009600000,23.755544743424107,47724809.71982301,2021-09-19
1066,1632096000000,24.16754224125463,51951671.14246263,2021-09-20
1067,1632182400000,23.384711761244887,51301711.22705066,2021-09-21
1068,1632268800000,23.597148101158986,43685840.90038679,2021-09-22
1069,1632355200000,24.819871970379857,51828306.78379612,2021-09-23
1070,1632441600000,22.30846968735252,47987304.76149259,2021-09-24
1071,1632528000000,22.444552609507546,47086120.16435893,2021-09-25
1072,1632614400000,19.738937771281297,46602590.492386885,2021-09-26
1073,1632700800000,32.57530647479374,53185395.117652014,2021-09-27
1074,1632787200000,22.733472470094352,48388181.06585455,2021-09-28
1075,1632873600000,18.466530256221144,39644089.10822851,2021-09-29
1076,1632960000000,17.914677382320985,38682970.666471474,2021-09-30
1077,1633046400000,21.974630499159538,40082834.157103546,2021-10-01
1078,1633132800000,24.527382258424158,46691265.68472474,2021-10-02
1079,1633219200000,21.31298501757728,45815382.36880834,2021-10-03
1080,1633305600000,20.140694549061976,45050038.61876312,2021-10-04
1081,1633392000000,22.854652170856497,49129421.676519945,2021-10-05
1082,1633478400000,25.25047618081731,54279596.23039873,2021-10-06
1083,1633564800000,25.660035676072983,56051649.358071044,2021-10-07
1084,1633651200000,26.917279505114813,55668835.155776896,2021-10-08
1085,1633737600000,24.733455210313412,52296543.412122004,2021-10-09
1086,1633824000000,19.864241030808667,42539441.22424797,2021-10-10
1087,1633910400000,20.94667306364272,41340959.03051825,2021-10-11
1088,1633996800000,22.441826693187995,47424525.183897056,2021-10-12
1089,1634083200000,14.021054138320517,30349473.878927127,2021-10-13
1090,1634169600000,21.52672421391182,46270687.80811915,2021-10-14
1091,1634256000000,22.4122632962723,47775592.77087886,2021-10-15
1092,1634342400000,22.18720261072357,47809837.21890794,2021-10-16
1093,1634428800000,24.196798021018015,52142731.26018404,2021-10-17
1094,1634515200000,19.693973721356855,42229386.71432271,2021-10-18
1095,1634601600000,23.405589681378824,50091137.36278995,2021-10-19
1096,1634688000000,19.213672359241542,41302602.38636998,2021-10-20
1097,1634774400000,24.920466187812387,52264423.94067853,2021-10-21
1098,1634860800000,24.545984105889147,52362144.08643722,2021-10-22
1099,1634947200000,24.27456743896633,52048684.42763432,2021-10-23
1100,1635033600000,25.21080454068026,53060095.55116316,2021-10-24
1101,1635120000000,26.525318856150214,57020057.248988174,2021-10-25
1102,1635206400000,30.9461384690964,65720212.22293876,2021-10-26
1103,1635292800000,25.450307225503195,56534122.69486576,2021-10-27
1104,1635379200000,28.73817498725193,62158394.893033646,2021-10-28
1105,1635465600000,32.38400253334491,69614155.75875586,2021-10-29
1106,1635552000000,28.809241823625687,61929684.12525607,2021-10-30
1107,1635638400000,27.658853249028063,59456755.4212556,2021-10-31
1108,1635724800000,32.67852055248585,70346606.25019978,2021-11-01
1109,1635811200000,34.16307328112357,77803235.47282301,2021-11-02
1110,1635897600000,32.11981986367824,68608033.12768812,2021-11-03
1111,1635984000000,33.26124057747971,71397158.46628653,2021-11-04
1112,1636070400000,33.190040244082375,71131586.01532643,2021-11-05
1113,1636156800000,31.32999155327426,66986139.56844011,2021-11-06
1114,1636243200000,27.963716068120213,61778251.022117905,2021-11-07
1115,1636329600000,26.254147020784618,56405196.043147504,2021-11-08
1116,1636416000000,29.13553901650792,62645628.55086069,2021-11-09
1117,1636502400000,29.556448499315778,63634174.801111855,2021-11-10
1118,1636588800000,28.396474092137314,61225265.85297669,2021-11-11
1119,1636675200000,28.608632653956093,61557927.45109692,2021-11-12
1120,1636761600000,27.85289813307547,59760313.664154924,2021-11-13
1121,1636848000000,29.90909228509523,64229431.41576162,2021-11-14
1122,1636934400000,31.861812529608205,68001691.40318967,2021-11-15
1123,1637020800000,29.47941660046101,63390066.75234726,2021-11-16
1124,1637107200000,25.668085290337824,55005449.54209508,2021-11-17
1125,1637193600000,28.255952787756787,60739499.12404529,2021-11-18
1126,1637280000000,25.839484303999818,55545755.44552909,2021-11-19
1127,1637366400000,29.707265223830877,63652103.76870488,2021-11-20
1128,1637452800000,25.084284309929075,53917039.11103044,2021-11-21
1129,1637539200000,30.880672144932408,66505056.26227298,2021-11-22
1130,1637625600000,14.310069515067509,30750289.18125323,2021-11-23
1131,1637712000000,26.267160320174398,56443281.36391063,2021-11-24
1132,1637798400000,20.750482268992354,44568925.595240146,2021-11-25
1133,1637884800000,27.113415899911367,58317498.19606921,2021-11-26
1134,1637971200000,23.362178816388642,50220424.52329326,2021-11-27
1135,1638057600000,19.30378553386185,41496313.851389624,2021-11-28
1136,1638144000000,21.80225991556557,46890488.02223297,2021-11-29
1137,1638230400000,18.402736011625016,39821481.69039891,2021-11-30
1138,1638316800000,18.363530373855937,39390523.19252431,2021-12-01
1139,1638403200000,24.54819332113446,52779685.1717526,2021-12-02
1140,1638489600000,26.182094062476928,56304510.93372593,2021-12-03
1141,1638576000000,26.14297335278944,56198149.59883869,2021-12-04
1142,1638662400000,22.018398598536688,47227290.03962371,2021-12-05
1143,1638748800000,20.18950323699742,43397926.5151649,2021-12-06
1144,1638835200000,21.76016658337551,46781578.67741245,2021-12-07
1145,1638921600000,31.913121399204034,68601927.80508676,2021-12-08
1146,1639008000000,42.29104401395565,90721128.91501905,2021-12-09
1147,1639094400000,107.89651993793525,228518659.87645626,2021-12-10
1148,1639180800000,83.4473603707531,180068532.56940696,2021-12-11
1149,1639267200000,91.17065492169053,196367587.27308518,2021-12-12
1150,1639353600000,112.88628864567595,220362164.39048138,2021-12-13
1151,1639440000000,98.29281233293516,211294794.10908216,2021-12-14
1152,1639526400000,115.83234014243493,213179071.7371334,2021-12-15
1153,1639612800000,119.25969286691718,256366174.20686194,2021-12-16
1154,1639699200000,110.96946493172052,238503781.093166,2021-12-17
1155,1639785600000,103.60423332463576,223029134.87312824,2021-12-18
1156,1639872000000,93.7108013690595,224357391.44404426,2021-12-19
1157,1639958400000,87.52181622277816,188140960.66562933,2021-12-20
1158,1640044800000,90.07572222279714,193729028.330417,2021-12-21
1159,1640131200000,83.91894644534156,180615294.37512186,2021-12-22
1160,1640217600000,98.78801551441971,212230180.53555575,2021-12-23
1161,1640304000000,118.19674584247694,253425081.57565132,2021-12-24
1162,1640390400000,119.68025294720198,257653437.34139743,2021-12-25
1163,1640476800000,124.87212947760499,266242792.05100286,2021-12-26
1164,1640563200000,182.2770696953404,391750259.38069665,2021-12-27
1165,1640649600000,188.86610835472845,406329624.8850553,2021-12-28
1166,1640736000000,174.13594849100397,375398020.4354632,2021-12-29
1167,1640822400000,165.96724988680458,356227969.86521983,2021-12-30
1168,1640908800000,169.42272393301943,364198955.35771793,2021-12-31
1169,1640995200000,164.76288380531716,354593090.4126172,2022-01-01
1170,1641081600000,158.08025526557162,339816657.96592724,2022-01-02
1171,1641168000000,170.53797579992641,367439440.606288,2022-01-03
1172,1641254400000,169.77506226847558,364956358.2062069,2022-01-04
1173,1641340800000,157.45052545343952,361248660.2107573,2022-01-05
1174,1641427200000,117.7629165020038,306954760.8040501,2022-01-06
1175,1641513600000,143.8914384400885,305215131.9861655,2022-01-07
1176,1641600000000,137.4548449821826,295647502.87528735,2022-01-08
1177,1641686400000,140.38266187565063,302402082.3774641,2022-01-09
1178,1641772800000,154.74969204879832,331000823.64155203,2022-01-10
1179,1641859200000,147.75261335057405,317615879.2897581,2022-01-11
1180,1641945600000,143.87082606600356,309271409.0726438,2022-01-12
1181,1642032000000,142.2737586690548,305838278.8283528,2022-01-13
1182,1642118400000,126.41296428056842,271743178.635571,2022-01-14
1183,1642204800000,120.1323842203248,258403357.13583088,2022-01-15
1184,1642291200000,131.1687068817958,282107320.7440245,2022-01-16
1185,1642377600000,117.78603290643652,253250109.1691444,2022-01-17
1186,1642464000000,116.95997128350959,251422585.89209864,2022-01-18
1187,1642550400000,107.71807196230232,231375860.80986392,2022-01-19
1188,1642636800000,92.86861710361407,199601691.44657472,2022-01-20
1189,1642723200000,95.61385752746635,206138742.44617352,2022-01-21
1190,1642809600000,75.59884755151207,162561586.4486089,2022-01-22
1191,1642896000000,74.78815330658925,160527069.31443113,2022-01-23
1192,1642982400000,101.87258214944657,218990033.55116543,2022-01-24
1193,1643068800000,89.35053593543346,191516851.30835515,2022-01-25
1194,1643155200000,91.8128744812046,197171053.82651663,2022-01-26
1195,1643241600000,83.44310863361805,179373181.4167903,2022-01-27
1196,1643328000000,76.16805046501203,163677928.9215044,2022-01-28
1197,1643414400000,88.2460846538687,189333487.09440586,2022-01-29
1198,1643500800000,90.64862972534313,194427576.48625433,2022-01-30
1199,1643587200000,93.4534019011477,201109658.5699897,2022-01-31
1200,1643673600000,99.34537503691023,213365892.56626254,2022-02-01
1201,1643760000000,96.18506245030035,206835204.62052122,2022-02-02
1202,1643846400000,86.88844205201569,186958999.81741086,2022-02-03
1203,1643932800000,82.88907587921175,178288628.5048829,2022-02-04
1204,1644019200000,93.04580752008785,197070319.6085086,2022-02-05
1205,1644105600000,76.65177097467141,164994918.6029823,2022-02-06
1206,1644192000000,77.45523996656586,166648673.5957993,2022-02-07
1207,1644278400000,79.95715036676505,172019150.8839159,2022-02-08
1208,1644364800000,74.0542912229706,159332129.46791974,2022-02-09
1209,1644451200000,84.23797532314694,181145351.09194684,2022-02-10
1210,1644537600000,91.61693003399591,197199415.9839065,2022-02-11
1211,1644624000000,85.6176231288964,183932772.0951615,2022-02-12
1212,1644710400000,81.35784534332606,174629305.9832083,2022-02-13
1213,1644796800000,76.04927919485827,163565071.2959811,2022-02-14
1214,1644883200000,73.7940176329426,158723588.1109642,2022-02-15
1215,1644969600000,78.63952234400487,169318218.15900037,2022-02-16
1216,1645056000000,67.12197984665569,144652333.00145411,2022-02-17
1217,1645142400000,63.97573599474988,138252109.82061583,2022-02-18
1218,1645228800000,65.35396187775311,140587541.43814456,2022-02-19
1219,1645315200000,64.74704491179878,139017310.18245766,2022-02-20
1220,1645401600000,65.22656675078818,140261291.107432,2022-02-21
1221,1645488000000,58.36746254571835,125484645.75715177,2022-02-22
1222,1645574400000,58.49917445741702,125445166.26588732,2022-02-23
1223,1645660800000,58.86787335319811,126545114.38407318,2022-02-24
1224,1645747200000,51.92888025251653,111678176.52430396,2022-02-25
1225,1645833600000,48.034085268480574,103302861.13363174,2022-02-26
1226,1645920000000,51.13589336782906,109792498.88841623,2022-02-27
1227,1646006400000,49.80969994297178,107110831.80593011,2022-02-28
1228,1646092800000,52.287297449948326,112360119.5605879,2022-03-01
1229,1646179200000,55.42374323276032,118828904.35065155,2022-03-02
1230,1646265600000,56.64708482428497,121771694.65810333,2022-03-03
1231,1646352000000,55.712889388871346,119853334.07380423,2022-03-04
1232,1646438400000,54.46975097238667,117090706.26547754,2022-03-05
1233,1646524800000,56.52163295114168,121411137.69865452,2022-03-06
1234,1646611200000,62.46940461258437,134326941.87162003,2022-03-07
1235,1646697600000,53.303770190042016,114576777.912158,2022-03-08
1236,1646784000000,53.77109567996355,115605442.45904869,2022-03-09
1237,1646870400000,58.47320897493272,125696725.50834017,2022-03-10
1238,1646956800000,51.665223416239016,111024051.04021798,2022-03-11
1239,1647043200000,49.071892486882376,105747393.29585233,2022-03-12
1240,1647129600000,47.21772221144109,101583715.79032955,2022-03-13
1241,1647216000000,46.05099156755482,98976812.16130716,2022-03-14
1242,1647302400000,49.054358998091026,105410263.09670843,2022-03-15
1243,1647388800000,51.01799949611683,106564806.47940491,2022-03-16
1244,1647475200000,77.80506534318852,161292251.1563921,2022-03-17
1245,1647561600000,89.8021337822553,193004973.4485146,2022-03-18
1246,1647648000000,62.89537604373417,135202821.20487446,2022-03-19
1247,1647734400000,83.1572769227601,178777393.42736733,2022-03-20
1248,1647820800000,77.75500019065831,167145558.29954833,2022-03-21
1249,1647907200000,79.4416215293794,170605043.82648352,2022-03-22
1250,1647993600000,74.44077106676073,159919684.7904443,2022-03-23
1251,1648080000000,65.54769755122965,140879020.788409,2022-03-24
1252,1648166400000,63.23944955836073,136011344.1326892,2022-03-25
1253,1648252800000,54.25076374512135,116576085.50923572,2022-03-26
1254,1648339200000,62.73043994985727,134848266.91784444,2022-03-27
1255,1648425600000,66.09484833199804,141928933.72414872,2022-03-28
1256,1648512000000,66.76750560312777,143854199.9866854,2022-03-29
1257,1648598400000,65.53955817208553,140886877.90379655,2022-03-30
1258,1648684800000,61.315159367961215,131860994.45992102,2022-03-31
1259,1648771200000,66.69318130971627,134247089.4493538,2022-04-01
1260,1648857600000,71.73673952313727,154208626.73311934,2022-04-02
1261,1648944000000,70.90711140222051,152602614.435142,2022-04-03
1262,1649030400000,69.83005635466199,150123859.23135018,2022-04-04
1263,1649116800000,69.73748540567286,149928288.3627469,2022-04-05
1264,1649203200000,59.31195851293276,127880561.26540424,2022-04-06
1265,1649289600000,52.10830892657446,112088410.54922304,2022-04-07
1266,1649376000000,51.57564899268806,110975719.55207185,2022-04-08
1267,1649462400000,50.9894333960074,109425447.94325694,2022-04-09
1268,1649548800000,54.486181606740026,117183221.1028361,2022-04-10
1269,1649635200000,52.523965861028664,112907956.2278418,2022-04-11
1270,1649721600000,42.10685843639877,90609315.53422211,2022-04-12
1271,1649808000000,46.36563098910737,99566682.20983544,2022-04-13
1272,1649894400000,43.75040274521073,94043806.97621898,2022-04-14
1273,1649980800000,44.520036663614654,95702338.32260871,2022-04-15
1274,1650067200000,38.85415692049719,83433161.25415674,2022-04-16
1275,1650153600000,43.85068794602468,94369766.22187862,2022-04-17
1276,1650240000000,43.14063019961839,92668205.19761589,2022-04-18
1277,1650326400000,50.54535027132869,108599104.51930508,2022-04-19
1278,1650412800000,46.64233447839895,100264528.26477955,2022-04-20
1279,1650499200000,42.75044025595127,91889013.61397465,2022-04-21
1280,1650585600000,52.365001972769726,112490186.91865236,2022-04-22
1281,1650672000000,46.04500995480336,98980491.7291076,2022-04-23
1282,1650758400000,48.26906767528984,103783424.74810813,2022-04-24
1283,1650844800000,48.63939965891172,104733314.29692934,2022-04-25
1284,1650931200000,49.93750946556815,107351266.13768333,2022-04-26
1285,1651017600000,45.64699942689622,98111040.5066214,2022-04-27
1286,1651104000000,44.042266068451234,94675300.46357898,2022-04-28
1287,1651190400000,44.558258353576505,95749328.25457451,2022-04-29
1288,1651276800000,36.66218948674102,78810745.11277826,2022-04-30
1289,1651363200000,38.41126971166926,82534355.90860836,2022-05-01
1290,1651449600000,42.43028472118173,91077317.03864843,2022-05-02
1291,1651536000000,39.50258750644832,84965174.98143035,2022-05-03
1292,1651622400000,35.13336554986392,75541062.77904625,2022-05-04
1293,1651708800000,37.80730808998422,81173172.9068246,2022-05-05
1294,1651795200000,34.77863223382268,74761762.96950617,2022-05-06
1295,1651881600000,35.305089284566726,75955236.19246487,2022-05-07
1296,1651968000000,36.702241604195116,78887452.8492037,2022-05-08
1297,1652054400000,42.35049965548142,91123095.23891374,2022-05-09
1298,1652140800000,35.86515735716177,77097407.8328626,2022-05-10
1299,1652227200000,30.358868953159877,65286614.4415532,2022-05-11
1300,1652313600000,27.121807348830398,58041049.18258944,2022-05-12
1301,1652400000000,27.882004231852566,59952120.87386486,2022-05-13
1302,1652486400000,30.53646631388048,65728544.93389949,2022-05-14
1303,1652572800000,35.8552604651147,77076133.01410656,2022-05-15
1304,1652659200000,32.632900507877366,70149198.40363277,2022-05-16
1305,1652745600000,30.136776771619672,64755744.02087303,2022-05-17
1306,1652832000000,30.80909896932644,66255273.32804167,2022-05-18
1307,1652918400000,33.66943762291629,72377386.72290407,2022-05-19
1308,1653004800000,37.35198614226767,80303614.32755668,2022-05-20
1309,1653091200000,34.701087700533925,74624886.76845272,2022-05-21
1310,1653177600000,31.899433910367087,68667954.5937112,2022-05-22
1311,1653264000000,35.43427089483152,76237560.2149887,2022-05-23
1312,1653350400000,35.462525619004765,76264662.0071499,2022-05-24
1313,1653436800000,31.138170703214815,66898874.87745837,2022-05-25
1314,1653523200000,30.354409402317494,65286869.91150767,2022-05-26
1315,1653609600000,29.080443976247704,62578549.05912819,2022-05-27
1316,1653696000000,27.699332784753523,59388604.897819765,2022-05-28
1317,1653782400000,28.28108137459073,60838802.64039147,2022-05-29
1318,1653868800000,24.139681400170886,51892742.37987122,2022-05-30
1319,1653955200000,32.25702362504981,69353529.1153187,2022-05-31
1320,1654041600000,26.909225539994036,57874835.91203062,2022-06-01
1321,1654128000000,30.167326332356563,65131088.558557935,2022-06-02
1322,1654214400000,31.758596354463805,68444598.40782094,2022-06-03
1323,1654300800000,28.029510754405816,60213521.211611405,2022-06-04
1324,1654387200000,31.462984670771185,67549597.38442191,2022-06-05
1325,1654473600000,27.385005655704745,59078188.96551422,2022-06-06
1326,1654560000000,30.355954315665244,65319592.56493879,2022-06-07
1327,1654646400000,30.87445077344138,66518678.50455276,2022-06-08
1328,1654732800000,32.17813370375593,69152818.88125235,2022-06-09
1329,1654819200000,32.078420712423316,68957302.41302843,2022-06-10
1330,1654905600000,30.66046762031508,65937767.66049954,2022-06-11
1331,1654992000000,24.919020491789578,53521674.05626771,2022-06-12
1332,1655078400000,26.26597558568406,54405586.218911014,2022-06-13
1333,1655164800000,19.988947301700517,42923498.593180716,2022-06-14
1334,1655251200000,21.228399566636295,45562078.17741062,2022-06-15
1335,1655337600000,22.45649223186316,48199239.73384083,2022-06-16
1336,1655424000000,21.66156421040083,46555919.9025911,2022-06-17
1337,1655510400000,20.633836600717032,44427788.57115735,2022-06-18
1338,1655596800000,18.979375524423194,40750406.61328894,2022-06-19
1339,1655683200000,19.972568542536898,42840732.44078276,2022-06-20
1340,1655769600000,19.92292054127616,42675041.532773376,2022-06-21
1341,1655856000000,21.081452380095524,45310930.21767901,2022-06-22
1342,1655942400000,20.91432195128608,44968550.60196361,2022-06-23
1343,1656028800000,23.03779167158405,49572396.1942351,2022-06-24
1344,1656115200000,25.962627215226497,55894777.92031084,2022-06-25
1345,1656201600000,26.864391874159697,57690101.759529494,2022-06-26
1346,1656288000000,23.70445537799078,50969837.94145392,2022-06-27
1347,1656374400000,26.29844161895099,56547667.07208013,2022-06-28
1348,1656460800000,28.505045143764267,61222357.622106306,2022-06-29
1349,1656547200000,27.662949607527572,59488458.73176093,2022-06-30
1350,1656633600000,26.457125100840763,55797349.84935967,2022-07-01
1351,1656720000000,25.665242581904202,55388536.81728946,2022-07-02
1352,1656806400000,25.391662809755008,54610622.47857437,2022-07-03
1353,1656892800000,26.140314868461513,56182669.874069765,2022-07-04
1354,1656979200000,25.968117865537366,55812717.98861694,2022-07-05
1355,1657065600000,26.16499534152741,56212303.17530912,2022-07-06
1356,1657152000000,26.850565300125787,57837099.11249738,2022-07-07
1357,1657238400000,26.48143078589521,56981049.73881541,2022-07-08
1358,1657324800000,25.847170402515513,55748897.45118117,2022-07-09
1359,1657411200000,25.10749672744069,54405458.691440694,2022-07-10
1360,1657497600000,25.351426949061636,54508811.73890004,2022-07-11
1361,1657584000000,20.305543158814082,43697645.72747324,2022-07-12
1362,1657670400000,17.55115158567988,37795752.173860125,2022-07-13
1363,1657756800000,19.119720756895184,41063466.314938284,2022-07-14
1364,1657843200000,18.917585308841886,40672004.884737305,2022-07-15
1365,1657929600000,19.428230699431158,41749939.53324864,2022-07-16
1366,1658016000000,19.26978263751691,41297293.98199671,2022-07-17
1367,1658102400000,18.415686146629714,39639150.30038802,2022-07-18
1368,1658188800000,29.042276632984112,62219474.51115216,2022-07-19
1369,1658275200000,26.966055686268295,58248897.2981755,2022-07-20
1370,1658361600000,29.537558016010664,63891978.27349351,2022-07-21
1371,1658448000000,27.199676087881073,58502717.484249756,2022-07-22
1372,1658534400000,29.175558119640254,62712087.191595726,2022-07-23
1373,1658620800000,34.674302063469064,74537489.99022092,2022-07-24
1374,1658707200000,28.68305096979218,61975592.35130397,2022-07-25
1375,1658793600000,24.524087128476854,53720720.13112111,2022-07-26
1376,1658880000000,27.83980368259976,59176686.99051329,2022-07-27
1377,1658966400000,28.64761280677487,61597575.65042392,2022-07-28
1378,1659052800000,28.391702982769637,60871846.71807526,2022-07-29
1379,1659139200000,29.000552581397624,63160520.47027227,2022-07-30
1380,1659225600000,37.23492323102685,80335870.03315258,2022-07-31
1381,1659312000000,31.7762680608186,68428282.18874831,2022-08-01
1382,1659398400000,30.50087539862475,65522125.2331914,2022-08-02
1383,1659484800000,29.846958735530542,64309956.820294574,2022-08-03
1384,1659571200000,28.622494302427356,61496432.6982125,2022-08-04
1385,1659657600000,33.802831438832065,72504612.74508695,2022-08-05
1386,1659744000000,35.26021981490438,75781690.84879258,2022-08-06
1387,1659830400000,36.006614886302415,77435271.85415716,2022-08-07
1388,1659916800000,37.92054781707026,81488285.32721505,2022-08-08
1389,1660003200000,39.759762166440254,84437336.27495678,2022-08-09
1390,1660089600000,40.847156661990525,87124702.02271041,2022-08-10
1391,1660176000000,40.18617899432014,86453376.35678291,2022-08-11
1392,1660262400000,38.475583119871,82703892.0257289,2022-08-12
1393,1660348800000,35.75635861602474,76841988.98625295,2022-08-13
1394,1660435200000,36.053976739543565,77552615.27604361,2022-08-14
1395,1660521600000,35.54553785578127,76410338.90956543,2022-08-15
1396,1660608000000,37.190897133245635,79938900.8770164,2022-08-16
1397,1660694400000,33.28624944699984,71647113.10759184,2022-08-17
1398,1660780800000,31.52734637253624,67814612.91500689,2022-08-18
1399,1660867200000,31.134056094844304,66978527.004644334,2022-08-19
1400,1660953600000,30.435116627650537,65495234.815490745,2022-08-20
1401,1661040000000,29.78775379554863,64024192.55528435,2022-08-21
1402,1661126400000,28.805366512850437,64237960.21125114,2022-08-22
1403,1661212800000,33.08945645097929,71058543.4171684,2022-08-23
1404,1661299200000,30.692675559203074,65961802.40230328,2022-08-24
1405,1661385600000,33.55443982999885,72038046.06938374,2022-08-25
1406,1661472000000,31.749631318185397,68268709.35598558,2022-08-26
1407,1661558400000,26.12591373267414,56115826.08935069,2022-08-27
1408,1661644800000,33.769411889561695,72592084.69471496,2022-08-28
1409,1661731200000,29.77701006512427,64109082.17259267,2022-08-29
1410,1661817600000,28.300210226796377,60772750.524821565,2022-08-30
1411,1661904000000,34.449356177208756,74236810.20052993,2022-08-31
1412,1661990400000,29.063444673036614,62472399.01364467,2022-09-01
1413,1662076800000,31.902315587467264,68522763.6876719,2022-09-02
1414,1662163200000,33.20524738871998,71369109.57428719,2022-09-03
1415,1662249600000,31.135393780916957,60788852.98307123,2022-09-04
1416,1662336000000,30.986213018569796,67072884.79051476,2022-09-05
1417,1662422400000,25.78859143217841,55546481.85420031,2022-09-06
1418,1662508800000,28.145146099264082,60414370.86172944,2022-09-07
1419,1662595200000,24.611964568781342,53033287.2996444,2022-09-08
1420,1662681600000,26.288996365774913,56504652.52240806,2022-09-09
1421,1662768000000,30.04768395344894,64636902.013967924,2022-09-10
1422,1662854400000,29.630258376955076,63718219.90934721,2022-09-11
1423,1662940800000,31.928435784073017,67475936.1645908,2022-09-12
1424,1663027200000,32.02153456201512,68723930.05162504,2022-09-13
1425,1663113600000,26.92479261364661,57962488.27968527,2022-09-14
1426,1663200000000,29.564973985182817,63369934.2539702,2022-09-15
1427,1663286400000,31.24105324411163,67298238.56819464,2022-09-16
1428,1663372800000,38.9482893186019,83700502.1734083,2022-09-17
1429,1663459200000,31.628916914277486,69246151.27466631,2022-09-18
1430,1663545600000,32.797846881106786,70485950.2571542,2022-09-19
1431,1663632000000,33.294801857576964,71553875.92316738,2022-09-20
1432,1663718400000,31.34591692444379,67461972.92825957,2022-09-21
1433,1663804800000,29.70486353718852,63877020.36342539,2022-09-22
1434,1663891200000,33.29017594537825,71562108.20795599,2022-09-23
1435,1663977600000,32.305592458157086,69414088.92412817,2022-09-24
1436,1664064000000,35.4617879843407,76138807.64237563,2022-09-25
1437,1664150400000,35.01797389577308,75255095.83391914,2022-09-26
1438,1664236800000,37.45120191272187,80406096.73026608,2022-09-27
1439,1664323200000,43.46939505088535,93485722.44037457,2022-09-28
1440,1664409600000,43.94708656154076,94476156.69064085,2022-09-29
1441,1664496000000,34.43087246234604,73994397.60653602,2022-09-30
1442,1664582400000,40.682225436567286,87423043.4650451,2022-10-01
1443,1664668800000,41.81219293249513,89727708.51722072,2022-10-02
1444,1664755200000,41.414517681259056,89104767.48241143,2022-10-03
1445,1664841600000,44.335892428223886,95040021.33520187,2022-10-04
1446,1664928000000,45.207572617701565,97215247.1338954,2022-10-05
1447,1665014400000,47.349405747096405,101815771.52522005,2022-10-06
1448,1665100800000,48.21137092140712,103625739.21895704,2022-10-07
1449,1665187200000,46.41687132930091,99609197.3320483,2022-10-08
1450,1665273600000,45.938602237733356,98775036.52986264,2022-10-09
1451,1665360000000,51.25878876437731,108960266.49046877,2022-10-10
1452,1665446400000,46.337248937259496,100005354.58365603,2022-10-11
1453,1665532800000,44.48841905673711,95551161.60431628,2022-10-12
1454,1665619200000,40.73975136322569,87575340.99883498,2022-10-13
1455,1665705600000,46.129027559150806,99156491.51150069,2022-10-14
1456,1665792000000,41.377156066816724,88780953.64609686,2022-10-15
1457,1665878400000,47.62508686152266,102405206.38708378,2022-10-16
1458,1665964800000,43.91478495968886,94374167.19761662,2022-10-17
1459,1666051200000,37.73830737988811,81078834.22362593,2022-10-18
1460,1666137600000,38.49882035190044,82823408.0890948,2022-10-19
1461,1666224000000,37.32116329134127,80226332.6275588,2022-10-20
1462,1666310400000,44.05095791417418,94212210.01929025,2022-10-21
1463,1666396800000,43.05374341603371,92515311.0240291,2022-10-22
1464,1666483200000,40.246655678436646,86536959.98801503,2022-10-23
1465,1666569600000,47.83093595726625,102784220.70968191,2022-10-24
1466,1666656000000,46.13057573368001,99195875.57540868,2022-10-25
1467,1666742400000,50.69833809554922,108941011.94263302,2022-10-26
1468,1666828800000,50.19149521250518,107913923.99275003,2022-10-27
1469,1666915200000,48.81354282136633,104988242.1641987,2022-10-28
1470,1667001600000,48.330251034159964,103880328.83369565,2022-10-29
1471,1667088000000,47.895648942196104,102932867.60145363,2022-10-30
1472,1667174400000,47.357362357487744,101691762.50733022,2022-10-31
1473,1667260800000,50.60622591281798,108764100.65482344,2022-11-01
1474,1667347200000,49.209871312770844,105779003.30071598,2022-11-02
1475,1667433600000,51.738657523669055,111324721.22433925,2022-11-03
1476,1667520000000,59.35597429676776,127526139.36931774,2022-11-04
1477,1667606400000,68.37745052020847,146980930.0019719,2022-11-05
1478,1667692800000,73.71427823293072,158536802.26428333,2022-11-06
1479,1667779200000,69.3180692244635,134278885.7672957,2022-11-07
1480,1667865600000,57.25145458413827,123689763.38835596,2022-11-08
1481,1667952000000,56.40372629656563,121489103.6437539,2022-11-09
1482,1668038400000,47.900458266741275,102761086.20121768,2022-11-10
1483,1668124800000,60.25126222738731,129235143.27845794,2022-11-11
1484,1668211200000,57.03631063670803,122351597.57561429,2022-11-12
1485,1668297600000,57.92567505780546,124285544.10587958,2022-11-13
1486,1668384000000,62.72819911012385,134655901.72794682,2022-11-14
1487,1668470400000,58.61321661057267,126377020.69915353,2022-11-15
1488,1668556800000,62.167042810951614,133764617.10224432,2022-11-16
1489,1668643200000,58.233413788940425,131674510.27890661,2022-11-17
1490,1668729600000,62.55801767605202,134529214.09964398,2022-11-18
1491,1668816000000,74.37980060613206,160015663.61352134,2022-11-19
1492,1668902400000,65.71455130206422,141259343.52731377,2022-11-20
