,Time,open,mktcap,Date
0,1564704000000,0.00045973103383522337,22968597.140858848,2019-08-02
1,1564790400000,0.00037946833102028377,18954443.134463176,2019-08-03
2,1564876800000,0.0003632785598497783,18137563.77728976,2019-08-04
3,1564963200000,0.0003720261442431723,18582705.904946458,2019-08-05
4,1565049600000,0.0003656289437582779,62094763.518468335,2019-08-06
5,1565136000000,0.000367269348469609,62387261.390155844,2019-08-07
6,1565222400000,0.0003607794149375886,61271190.894289285,2019-08-08
7,1565308800000,0.000361860552902722,61446516.823284686,2019-08-09
8,1565395200000,0.0003102342411756539,52686685.71470992,2019-08-10
9,1565481600000,0.0003194210746824835,54252616.69930207,2019-08-11
10,1565568000000,0.0003056422294505273,51949501.60784647,2019-08-12
11,1565654400000,0.0003764861339346953,63950720.374322176,2019-08-13
12,1565740800000,0.00035483750774808765,59801840.85097659,2019-08-14
13,1565827200000,0.00031403222557288156,53261589.28293314,2019-08-15
14,1565913600000,0.00032444021035007775,55020863.19006727,2019-08-16
15,1566000000000,0.00033847473837628233,57444642.46639387,2019-08-17
16,1566086400000,0.00033452092074522745,56779375.94696261,2019-08-18
17,1566172800000,0.000344598547018062,58523171.240077466,2019-08-19
18,1566259200000,0.0003424600797645929,58291127.70879697,2019-08-20
19,1566345600000,0.0003217233278328859,54652101.019510195,2019-08-21
20,1566432000000,0.00031680499756655303,53777869.2813945,2019-08-22
21,1566518400000,0.000319270480959158,54221705.7812938,2019-08-23
22,1566604800000,0.0003235776477480435,54980044.80272215,2019-08-24
23,1566691200000,0.0003207043782140931,54490338.21666722,2019-08-25
24,1566777600000,0.0003129089662290675,53141968.03819603,2019-08-26
25,1566864000000,0.00031615421736285804,53692470.24282205,2019-08-27
26,1566950400000,0.00034923061517669774,73235140.9294256,2019-08-28
27,1567036800000,0.0003174716924461623,66561806.65447684,2019-08-29
28,1567123200000,0.00031593259882956444,65291775.8026533,2019-08-30
29,1567209600000,0.00032297756318127945,67690210.43802781,2019-08-31
30,1567296000000,0.0003111148511879654,65264138.773361914,2019-09-01
31,1567382400000,0.0003051069195137107,64070277.96938136,2019-09-02
32,1567468800000,0.0003104882754792574,65120103.213504314,2019-09-03
33,1567555200000,0.0003026209187176253,63586185.982847966,2019-09-04
34,1567641600000,0.0002936703288043722,61592799.5766206,2019-09-05
35,1567728000000,0.00028544557331498316,59881726.18894371,2019-09-06
36,1567814400000,0.00025728896941887373,53962373.35658277,2019-09-07
37,1567900800000,0.0002612255065340931,54793111.51050413,2019-09-08
38,1567987200000,0.00024976209063216746,52372265.1067379,2019-09-09
39,1568073600000,0.00024801804550979864,52082538.089255646,2019-09-10
40,1568160000000,0.00024134172619637583,50594250.221629135,2019-09-11
41,1568246400000,0.00022741279411005457,47696289.031593695,2019-09-12
42,1568332800000,0.00022283880559345978,46736985.4717415,2019-09-13
43,1568419200000,0.00022582560257190798,47363419.84261784,2019-09-14
44,1568505600000,0.00023000621137353732,48240237.73932316,2019-09-15
45,1568592000000,0.00022520475502932355,47234683.87012675,2019-09-16
46,1568678400000,0.00022130008062782244,46414261.76043602,2019-09-17
47,1568764800000,0.0002328000767191544,48865215.89113373,2019-09-18
48,1568851200000,0.0002419203959491418,50736684.09108201,2019-09-19
49,1568937600000,0.00024133685481111635,50574577.53105596,2019-09-20
50,1569024000000,0.00023774599308480724,49876801.999058165,2019-09-21
51,1569110400000,0.0002455751765347778,51518962.97978403,2019-09-22
52,1569196800000,0.00023479839544731043,49245324.06994392,2019-09-23
53,1569283200000,0.00021501745269403592,45098082.830112465,2019-09-24
54,1569369600000,0.00017626465228780564,36859239.920905694,2019-09-25
55,1569456000000,0.00017427979719308596,36552486.1243933,2019-09-26
56,1569542400000,0.0001671343486223534,35014255.8522905,2019-09-27
57,1569628800000,0.00016850912633982308,35342177.358319625,2019-09-28
58,1569715200000,0.0001726456158380544,36209741.914986424,2019-09-29
59,1569801600000,0.0001661409245444888,34897026.27550768,2019-09-30
60,1569888000000,0.00014775688211587286,30970586.0777714,2019-10-01
61,1569974400000,0.0001367300881602707,28686368.51736722,2019-10-02
62,1570060800000,0.0001367300881602707,28686368.51736722,2019-10-03
63,1570147200000,0.00014819353313372797,31081296.575035874,2019-10-04
64,1570233600000,0.0001480966325246698,31060973.174245358,2019-10-05
65,1570320000000,0.00014374539952776092,30130728.786991633,2019-10-06
66,1570406400000,0.00013666819967988726,28664036.52576132,2019-10-07
67,1570492800000,0.00014143781732275777,29668668.860049907,2019-10-08
68,1570579200000,0.0001472114074237731,30813502.377338164,2019-10-09
69,1570665600000,0.0001516050295686497,31796528.767662454,2019-10-10
70,1570752000000,0.00014662198859843536,30751689.467698548,2019-10-11
71,1570838400000,0.00015231870459045553,31918105.07052795,2019-10-12
72,1570924800000,0.00015119915862746804,31751010.867377352,2019-10-13
73,1571011200000,0.0001506041918670698,31572072.867288195,2019-10-14
74,1571097600000,0.0001626463313629711,34190757.817190506,2019-10-15
75,1571184000000,0.00015272865109221324,32012253.933213823,2019-10-16
76,1571270400000,0.00013909236249932456,29144156.845168397,2019-10-17
77,1571356800000,0.00015451693924814808,32469781.67903375,2019-10-18
78,1571443200000,0.00014871870456244245,31188994.23834748,2019-10-19
79,1571529600000,0.0001438463732232188,30258010.854704674,2019-10-20
80,1571616000000,0.0001427560927636782,29892047.272299383,2019-10-21
81,1571702400000,0.00014392531434658898,30191464.58642444,2019-10-22
82,1571788800000,0.00013793588247885066,28925134.74371186,2019-10-23
83,1571875200000,0.0001273749795521944,26714927.648889717,2019-10-24
84,1571961600000,0.00013277320540530118,28087438.219163336,2019-10-25
85,1572048000000,0.00014110485756925624,29710301.909860164,2019-10-26
86,1572134400000,0.00013839972069675972,29045982.458631437,2019-10-27
87,1572220800000,0.00015267410663601683,32021027.418251667,2019-10-28
88,1572307200000,0.00014977361469207482,31264075.63803324,2019-10-29
89,1572393600000,0.000160767463870409,33719964.08077707,2019-10-30
90,1572480000000,0.00016422725406036451,34444121.01672352,2019-10-31
91,1572566400000,0.00019702353483893822,41338832.656061135,2019-11-01
92,1572652800000,0.00019255452741215364,40400696.14091578,2019-11-02
93,1572739200000,0.00018841281632912048,39553120.69013395,2019-11-03
94,1572825600000,0.0001810379322817197,37989048.57257317,2019-11-04
95,1572912000000,0.00017964255730549555,37675170.0864774,2019-11-05
96,1572998400000,0.00017898863192741273,37607518.741671994,2019-11-06
97,1573084800000,0.00017645183808685493,36968303.00592517,2019-11-07
98,1573171200000,0.00017329790991013987,36350025.966138124,2019-11-08
99,1573257600000,0.0001699951310841001,35622084.71664093,2019-11-09
100,1573344000000,0.00017918588790752677,37575623.04092907,2019-11-10
101,1573430400000,0.00018774262668000267,39376105.93541703,2019-11-11
102,1573516800000,0.00017994439827289442,37707074.245557085,2019-11-12
103,1573603200000,0.00018127768116430568,38012987.62645277,2019-11-13
104,1573689600000,0.0001818125085507205,38127844.98607428,2019-11-14
105,1573776000000,0.00017699062542318484,37174419.59259295,2019-11-15
106,1573862400000,0.00017472192111064942,36617920.3916008,2019-11-16
107,1573948800000,0.00017532187336092054,36786283.91206744,2019-11-17
108,1574035200000,0.00017155287927118313,35843744.577500775,2019-11-18
109,1574121600000,0.00015858042345681225,33301183.138391737,2019-11-19
110,1574208000000,0.0001552924337878762,32523780.679413147,2019-11-20
111,1574294400000,0.00015051073213560628,31589651.850569073,2019-11-21
112,1574380800000,0.0001350992731147839,28306446.57349101,2019-11-22
113,1574467200000,0.00012695033312063462,26703474.99998855,2019-11-23
114,1574553600000,0.00012677625374464684,26650160.847268563,2019-11-24
115,1574640000000,0.00011328385724559656,23947451.090200976,2019-11-25
116,1574726400000,0.00010803955570468327,22672960.201397274,2019-11-26
117,1574812800000,0.0001089759583909316,22863379.5696489,2019-11-27
118,1574899200000,0.0001060599671077829,22271226.798507623,2019-11-28
119,1574985600000,0.00011233708611350614,23523896.398655225,2019-11-29
120,1575072000000,0.00011202972945547292,23436943.798447434,2019-11-30
121,1575158400000,0.00010660037202785582,22335227.265213586,2019-12-01
122,1575244800000,0.00010296968525783738,21602575.215198506,2019-12-02
123,1575331200000,0.00010121332306673512,21244132.380058955,2019-12-03
124,1575417600000,0.00010183497266171724,21367582.76693854,2019-12-04
125,1575504000000,0.00010112817575815023,21204014.74494112,2019-12-05
126,1575590400000,0.00010249096616496996,21542837.374609258,2019-12-06
127,1575676800000,0.00010391878195839146,21771666.044736084,2019-12-07
128,1575763200000,0.00010286905843344785,21575190.53600998,2019-12-08
129,1575849600000,0.00010757005307917664,22585927.53989594,2019-12-09
130,1575936000000,0.00010041728083967713,21060968.188269258,2019-12-10
131,1576022400000,9.524534249024228e-05,19980052.636700068,2019-12-11
132,1576108800000,9.501463532030252e-05,19935564.26729958,2019-12-12
133,1576195200000,9.334590070307443e-05,19600067.636873003,2019-12-13
134,1576281600000,9.660824412074839e-05,20223167.429945733,2019-12-14
135,1576368000000,9.42469618457796e-05,19781547.63649041,2019-12-15
136,1576454400000,9.603171263046624e-05,20167983.731107235,2019-12-16
137,1576540800000,9.232859415164432e-05,19388194.59113358,2019-12-17
138,1576627200000,9.853636166462306e-05,20702799.209121138,2019-12-18
139,1576713600000,0.00010439642447755656,21799423.28779161,2019-12-19
140,1576800000000,9.729602072454243e-05,20403872.93357979,2019-12-20
141,1576886400000,9.587508616379549e-05,20119509.939562388,2019-12-21
142,1576972800000,9.439628769058434e-05,19790425.326132435,2019-12-22
143,1577059200000,9.749815791725297e-05,20347016.455087014,2019-12-23
144,1577145600000,9.566111814503555e-05,20045836.899794564,2019-12-24
145,1577232000000,9.459636712022521e-05,19777399.35524434,2019-12-25
146,1577318400000,9.392416421542085e-05,19689719.315056883,2019-12-26
147,1577404800000,9.320894966046761e-05,19576300.05852017,2019-12-27
148,1577491200000,9.353519690010247e-05,19612640.09030143,2019-12-28
149,1577577600000,9.176808068387865e-05,19253704.333311133,2019-12-29
150,1577664000000,9.300188845816764e-05,19515269.456546362,2019-12-30
151,1577750400000,9.297202965092977e-05,19459272.25261424,2019-12-31
152,1577836800000,9.207287932727008e-05,19301173.166060988,2020-01-01
153,1577923200000,9.308959950057774e-05,19469839.26871718,2020-01-02
154,1578009600000,8.834703451520958e-05,18453066.43574213,2020-01-03
155,1578096000000,9.103738201742222e-05,19110294.370899778,2020-01-04
156,1578182400000,9.120927457946702e-05,19149713.063518006,2020-01-05
157,1578268800000,9.210410377613818e-05,19317172.65933699,2020-01-06
158,1578355200000,9.445415135781535e-05,19812947.180018168,2020-01-07
159,1578441600000,9.305419185368622e-05,19523768.868949514,2020-01-08
160,1578528000000,8.819350316577567e-05,18488898.663041357,2020-01-09
161,1578614400000,9.0505400823256e-05,18971241.34405947,2020-01-10
162,1578700800000,9.181727853236664e-05,19086650.484487128,2020-01-11
163,1578787200000,9.142332570238754e-05,19171050.75240517,2020-01-12
164,1578873600000,9.264598488112752e-05,19407448.469303045,2020-01-13
165,1578960000000,9.076124045166144e-05,19045576.407936722,2020-01-14
166,1579046400000,9.582853187516134e-05,20092620.12568784,2020-01-15
167,1579132800000,0.0001000656876362117,20949334.045148198,2020-01-16
168,1579219200000,9.568259638311953e-05,20058487.199399576,2020-01-17
169,1579305600000,0.0001006439149514418,21224331.49245516,2020-01-18
170,1579392000000,0.00010832275691985231,22689288.647533275,2020-01-19
171,1579478400000,9.576181726219765e-05,20097214.54133139,2020-01-20
172,1579564800000,9.726447883264618e-05,20417216.09725076,2020-01-21
173,1579651200000,9.777529995948868e-05,20509562.456238,2020-01-22
174,1579737600000,0.00010257000312275867,21512468.319950234,2020-01-23
175,1579824000000,0.0001014054528119188,21270369.0964038,2020-01-24
176,1579910400000,0.00010209715223633428,21407119.388819277,2020-01-25
177,1579996800000,0.0001039501855522209,21802228.15076458,2020-01-26
178,1580083200000,0.00010337783627605911,21664609.35688381,2020-01-27
179,1580169600000,0.0001034966512357284,21708066.60080769,2020-01-28
180,1580256000000,0.00010219149225395157,21459633.435064603,2020-01-29
181,1580342400000,0.00010725569394011621,22578957.755946573,2020-01-30
182,1580428800000,0.00011089036599433006,23260825.704011597,2020-01-31
183,1580515200000,0.00010870408040486039,22777691.67944407,2020-02-01
184,1580601600000,0.00011143241854589002,23314582.416689515,2020-02-02
185,1580688000000,0.00011312407554011822,23726021.42136892,2020-02-03
186,1580774400000,0.00011285977697766036,23684176.22817888,2020-02-04
187,1580860800000,0.00010861679654016505,22734819.58779411,2020-02-05
188,1580947200000,0.00011367784707791321,23846411.88198917,2020-02-06
189,1581033600000,0.00012252747756273102,25689800.776058298,2020-02-07
190,1581120000000,0.00012514356510844542,26223727.308371674,2020-02-08
191,1581206400000,0.00011869227761740707,24889189.86955272,2020-02-09
192,1581292800000,0.0001234745002383886,25828368.928769115,2020-02-10
193,1581379200000,0.00012100206402179121,25361546.01984116,2020-02-11
194,1581465600000,0.00012829745739322478,26930540.409799226,2020-02-12
195,1581552000000,0.00013537741630495088,28393314.720010724,2020-02-13
196,1581638400000,0.00013262968156022153,27758452.60862952,2020-02-14
197,1581724800000,0.0001405497387889543,29210152.241795752,2020-02-15
198,1581811200000,0.000124890958468503,26215289.105605207,2020-02-16
199,1581897600000,0.00011736987612067036,24677912.20327092,2020-02-17
200,1581984000000,0.00011486750351151987,24080927.197278786,2020-02-18
201,1582070400000,0.00011899813131126262,24958013.571502008,2020-02-19
202,1582156800000,0.00011009303818363783,23090308.31692618,2020-02-20
203,1582243200000,0.00010370341823728555,21726504.387933232,2020-02-21
204,1582329600000,0.00010399451760662535,21781813.276782893,2020-02-22
205,1582416000000,0.00010513748376241521,22053610.33668117,2020-02-23
206,1582502400000,0.00011112299324280763,23230200.951898836,2020-02-24
207,1582588800000,0.00010669152434835217,22376893.513439473,2020-02-25
208,1582675200000,0.00010030287983006237,21036974.349718224,2020-02-26
209,1582761600000,9.013488116602804e-05,18906762.486121513,2020-02-27
210,1582848000000,9.540506428559514e-05,20011091.297601484,2020-02-28
211,1582934400000,9.581618935003967e-05,20226641.568881832,2020-02-29
212,1583020800000,9.441514339957699e-05,19919948.374592908,2020-03-01
213,1583107200000,9.361377375532324e-05,19567658.524085306,2020-03-02
214,1583193600000,9.595404144892929e-05,20051795.568172295,2020-03-03
215,1583280000000,9.611981290839883e-05,20243116.788054712,2020-03-04
216,1583366400000,0.00010200893603865879,21384612.9707961,2020-03-05
217,1583452800000,0.00010187893277516066,21361260.42319844,2020-03-06
218,1583539200000,0.00010089684838664363,21133841.96341772,2020-03-07
219,1583625600000,9.659037607404996e-05,20212086.034886546,2020-03-08
220,1583712000000,8.571096385500089e-05,18013974.611381397,2020-03-09
221,1583798400000,8.692063084792079e-05,18230255.050573245,2020-03-10
222,1583884800000,8.928647238082888e-05,18733335.784086835,2020-03-11
223,1583971200000,8.784352252228795e-05,18431372.216730546,2020-03-12
224,1584057600000,5.1796199126424744e-05,10628077.128248025,2020-03-13
225,1584144000000,6.742807298461892e-05,14137349.048956895,2020-03-14
226,1584230400000,6.648009268236254e-05,13850197.415330088,2020-03-15
227,1584316800000,7.63437139321887e-05,16121251.403704584,2020-03-16
228,1584403200000,6.383163123952747e-05,13352487.589822832,2020-03-17
229,1584489600000,7.040163086467791e-05,14881808.519749684,2020-03-18
230,1584576000000,7.005728785277036e-05,14673942.692752108,2020-03-19
231,1584662400000,7.689816975785442e-05,16167317.208186164,2020-03-20
232,1584748800000,7.33372799182162e-05,15367950.155353434,2020-03-21
233,1584835200000,7.020902934232403e-05,14715698.890359351,2020-03-22
234,1584921600000,6.729996315337863e-05,14096782.752390852,2020-03-23
235,1585008000000,7.07892587619814e-05,14765522.823876975,2020-03-24
236,1585094400000,6.972433070516143e-05,14611512.214137321,2020-03-25
237,1585180800000,6.887489139964731e-05,14414060.53626355,2020-03-26
238,1585267200000,8.626261599478191e-05,18087287.64340534,2020-03-27
239,1585353600000,8.366044605291275e-05,17454567.929528497,2020-03-28
240,1585440000000,7.787512953579563e-05,16322847.12164872,2020-03-29
241,1585526400000,7.397622276784932e-05,15512316.898499439,2020-03-30
242,1585612800000,7.745166887974313e-05,16251624.94843531,2020-03-31
243,1585699200000,8.536565671833762e-05,17956802.56048315,2020-04-01
244,1585785600000,8.210966143132508e-05,17221228.78546825,2020-04-02
245,1585872000000,8.338913157772751e-05,17446754.567103337,2020-04-03
246,1585958400000,8.20540772773998e-05,17193912.00698511,2020-04-04
247,1586044800000,8.228956634748441e-05,17244978.61956303,2020-04-05
248,1586131200000,8.276244208777372e-05,17321306.20138975,2020-04-06
249,1586217600000,8.609866901752729e-05,18025858.051082782,2020-04-07
250,1586304000000,8.514439926269566e-05,17859822.6901849,2020-04-08
251,1586390400000,8.689489424479192e-05,18221138.091147855,2020-04-09
252,1586476800000,8.734761559335811e-05,18293010.784389682,2020-04-10
253,1586563200000,8.169199729687949e-05,17103388.829182714,2020-04-11
254,1586649600000,8.360584825434865e-05,17531396.840122513,2020-04-12
255,1586736000000,8.341753922531856e-05,17698514.76099043,2020-04-13
256,1586822400000,8.212083373552188e-05,17273437.233483292,2020-04-14
257,1586908800000,8.552585504205644e-05,17957246.255393025,2020-04-15
258,1586995200000,8.26940037699337e-05,17380790.135346465,2020-04-16
259,1587081600000,8.509889673557844e-05,17835668.84871131,2020-04-17
260,1587168000000,8.55632070063237e-05,17967718.500154514,2020-04-18
261,1587254400000,8.661285740645567e-05,18138124.235374022,2020-04-19
262,1587340800000,8.677487560685902e-05,18241183.284758452,2020-04-20
263,1587427200000,8.400185702451883e-05,17591968.489118014,2020-04-21
264,1587513600000,8.428111689863788e-05,17668404.412163697,2020-04-22
265,1587600000000,8.495168734936576e-05,17746321.445100006,2020-04-23
266,1587686400000,8.56278775562988e-05,17987632.418552652,2020-04-24
267,1587772800000,8.748531926592615e-05,18362119.641007647,2020-04-25
268,1587859200000,8.81733405184202e-05,18518769.691647485,2020-04-26
269,1587945600000,8.855595595329029e-05,18580297.296835616,2020-04-27
270,1588032000000,8.506549196091765e-05,17816507.788271174,2020-04-28
271,1588118400000,8.53807549502449e-05,17900277.102792263,2020-04-29
272,1588204800000,8.897045419031456e-05,18668857.18247942,2020-04-30
273,1588291200000,8.612397999798997e-05,18095694.439270426,2020-05-01
274,1588377600000,8.703752580257257e-05,18281052.97857293,2020-05-02
275,1588464000000,8.796791035569731e-05,18458748.543159783,2020-05-03
276,1588550400000,8.711830294714429e-05,18274480.150863394,2020-05-04
277,1588636800000,8.672846071863142e-05,18186280.374524236,2020-05-05
278,1588723200000,8.529068977600266e-05,17874558.874303173,2020-05-06
279,1588809600000,8.320053566817813e-05,17525459.211201414,2020-05-07
280,1588896000000,8.307480973597442e-05,17508489.667908557,2020-05-08
281,1588982400000,8.322876320806012e-05,17455943.037060887,2020-05-09
282,1589068800000,7.312707584610795e-05,16846968.313905634,2020-05-10
283,1589155200000,7.486345309732202e-05,15659715.134713534,2020-05-11
284,1589241600000,7.198614011404859e-05,15060505.380322175,2020-05-12
285,1589328000000,7.244006519657113e-05,15161067.650016865,2020-05-13
286,1589414400000,7.348046712404975e-05,15433740.11988074,2020-05-14
287,1589500800000,7.390404862345932e-05,15551488.219252532,2020-05-15
288,1589587200000,7.204508095228592e-05,15091293.296348263,2020-05-16
289,1589673600000,7.241362956225709e-05,15188294.819036037,2020-05-17
290,1589760000000,7.297265420707869e-05,15277714.692325262,2020-05-18
291,1589846400000,7.375916482690123e-05,15403297.925939338,2020-05-19
292,1589932800000,7.477147162982017e-05,15682051.455048949,2020-05-20
293,1590019200000,7.308600906514243e-05,15340668.449764496,2020-05-21
294,1590105600000,7.211423856189689e-05,15040074.292174133,2020-05-22
295,1590192000000,7.356532364001902e-05,15425719.379475148,2020-05-23
296,1590278400000,7.48839951998492e-05,15705757.291242773,2020-05-24
297,1590364800000,7.902937681914043e-05,16850488.25632237,2020-05-25
298,1590451200000,8.191566449274122e-05,17166143.77681927,2020-05-26
299,1590537600000,7.941135321106404e-05,24862415.157926716,2020-05-27
300,1590624000000,7.900718884313775e-05,24755046.802219704,2020-05-28
301,1590710400000,8.119778096343856e-05,25413672.802697044,2020-05-29
302,1590796800000,8.09341049605028e-05,25429999.1565673,2020-05-30
303,1590883200000,8.507640509083477e-05,26644584.84861559,2020-05-31
304,1590969600000,8.536799949036243e-05,26657888.76294413,2020-06-01
305,1591056000000,8.72332582458772e-05,27342189.498747896,2020-06-02
306,1591142400000,8.585757945230309e-05,26921167.80636988,2020-06-03
307,1591228800000,8.6164164008808e-05,27055925.34661462,2020-06-04
308,1591315200000,8.886311615228068e-05,27852759.39633328,2020-06-05
309,1591401600000,8.810388444903816e-05,27692341.86556373,2020-06-06
310,1591488000000,8.740256228766265e-05,27513026.309399053,2020-06-07
311,1591574400000,8.909087568932273e-05,27988369.184641246,2020-06-08
312,1591660800000,8.954283662587133e-05,28123677.261961855,2020-06-09
313,1591747200000,8.703576058490369e-05,27292020.914103296,2020-06-10
314,1591833600000,8.459839328055086e-05,26467175.32407382,2020-06-11
315,1591920000000,7.934302036352436e-05,24886867.12366437,2020-06-12
316,1592006400000,8.096740401217295e-05,25410875.902358383,2020-06-13
317,1592092800000,8.097860050732754e-05,25363038.94787897,2020-06-14
318,1592179200000,7.830545292393032e-05,24640559.066117886,2020-06-15
319,1592265600000,7.819737039832792e-05,24532265.033940695,2020-06-16
320,1592352000000,7.675790137884674e-05,24109737.059014942,2020-06-17
321,1592438400000,7.713802601336248e-05,24200032.243125938,2020-06-18
322,1592524800000,7.607520447143636e-05,23860117.162172344,2020-06-19
323,1592611200000,7.416212117919739e-05,23227429.044852007,2020-06-20
324,1592697600000,7.466214767949594e-05,23405231.524763964,2020-06-21
325,1592784000000,7.430480794881645e-05,23293174.32519093,2020-06-22
326,1592870400000,7.575702863287087e-05,23758408.393666644,2020-06-23
327,1592956800000,7.715082037220969e-05,24215371.67284873,2020-06-24
328,1593043200000,7.332378511645496e-05,23038618.019872434,2020-06-25
329,1593129600000,7.276598702770639e-05,22837509.58239498,2020-06-26
330,1593216000000,7.090141012912507e-05,22227676.24467096,2020-06-27
331,1593302400000,7.214766700838524e-05,22645792.76723643,2020-06-28
332,1593388800000,7.199802306977311e-05,22573871.80635975,2020-06-29
333,1593475200000,7.155676847422714e-05,22436818.253498215,2020-06-30
334,1593561600000,7.10823983086636e-05,22289372.05729135,2020-07-01
335,1593648000000,7.134245070424971e-05,22360090.095036775,2020-07-02
336,1593734400000,7.238581027058917e-05,22663135.354742233,2020-07-03
337,1593820800000,7.199404105141224e-05,22596054.52374726,2020-07-04
338,1593907200000,7.285372372514806e-05,22852873.03520473,2020-07-05
339,1593993600000,7.28229703260481e-05,22819157.348308302,2020-07-06
340,1594080000000,7.404222369685589e-05,23220437.24588553,2020-07-07
341,1594166400000,7.366419744765342e-05,23097086.899832685,2020-07-08
342,1594252800000,7.533186211520888e-05,23638550.888259586,2020-07-09
343,1594339200000,7.503805294454932e-05,23548879.756388787,2020-07-10
344,1594425600000,7.581583253152502e-05,23781129.838614736,2020-07-11
345,1594512000000,7.802890618151708e-05,24479412.54181714,2020-07-12
346,1594598400000,7.546937773717104e-05,23694742.377390433,2020-07-13
347,1594684800000,7.404659886393059e-05,23184474.708098304,2020-07-14
348,1594771200000,7.430064131435006e-05,23302873.83948071,2020-07-15
349,1594857600000,7.358503077505901e-05,23076562.59603989,2020-07-16
350,1594944000000,7.181829426583483e-05,22549650.61590744,2020-07-17
351,1595030400000,7.193949423575497e-05,22600478.11452088,2020-07-18
352,1595116800000,7.333669951794679e-05,23047869.895427283,2020-07-19
353,1595203200000,7.313188191203764e-05,22939488.927465282,2020-07-20
354,1595289600000,7.738989991749389e-05,24281858.54477079,2020-07-21
355,1595376000000,7.717803847196307e-05,24178112.4904804,2020-07-22
356,1595462400000,7.863755889812487e-05,24670732.52885707,2020-07-23
357,1595548800000,7.954408714872543e-05,24917512.785224587,2020-07-24
358,1595635200000,8.352124814588146e-05,26185312.9206899,2020-07-25
359,1595721600000,8.010847669145852e-05,25176445.8589495,2020-07-26
360,1595808000000,7.940181447413232e-05,24908072.622746393,2020-07-27
361,1595894400000,7.489517418867413e-05,23458538.550035663,2020-07-28
362,1595980800000,7.936200039580836e-05,24928412.447561078,2020-07-29
363,1596067200000,7.74666814018998e-05,24345585.840575248,2020-07-30
364,1596153600000,7.927905945424437e-05,24927127.37107381,2020-07-31
365,1596240000000,7.951851197945322e-05,24948835.873054873,2020-08-01
366,1596326400000,8.358325860395073e-05,26160153.967762925,2020-08-02
367,1596412800000,7.81275108610656e-05,24428026.99400389,2020-08-03
368,1596499200000,7.804641057764762e-05,24558228.624952067,2020-08-04
369,1596585600000,7.863718239288617e-05,24638181.350488033,2020-08-05
370,1596672000000,7.781913322878415e-05,24382926.619386125,2020-08-06
371,1596758400000,8.1859756945215e-05,25682140.802868236,2020-08-07
372,1596844800000,9.877280921694705e-05,30964512.16856519,2020-08-08
373,1596931200000,0.00012830467514685976,40190067.57612619,2020-08-09
374,1597017600000,0.00011950136801867701,37536309.09745553,2020-08-10
375,1597104000000,0.00011163238153442667,34997879.164661475,2020-08-11
376,1597190400000,0.00011654317797078782,36446285.148298085,2020-08-12
377,1597276800000,0.00012105469009822867,38122753.436958164,2020-08-13
378,1597363200000,0.00011763409697948757,36915876.02842455,2020-08-14
379,1597449600000,0.0001132462812359623,35593341.95159875,2020-08-15
380,1597536000000,0.00011883431328792527,37234985.25716944,2020-08-16
381,1597622400000,0.00011759746358239818,36931389.302203976,2020-08-17
382,1597708800000,0.00013713501500484714,43083326.878759675,2020-08-18
383,1597795200000,0.00011924912988262836,37687463.92277176,2020-08-19
384,1597881600000,0.00010840266615323572,33720106.39038682,2020-08-20
385,1597968000000,0.00011035200494967705,34680732.96698007,2020-08-21
386,1598054400000,0.0001033710623972563,32477840.327051282,2020-08-22
387,1598140800000,0.00010544429635113867,33045948.903591353,2020-08-23
388,1598227200000,0.00010845391360458483,34034974.86956467,2020-08-24
389,1598313600000,0.00010981563127099707,34381464.58031731,2020-08-25
390,1598400000000,0.00010136851719794057,31923170.841391552,2020-08-26
391,1598486400000,0.00010667250776082659,33499726.46540914,2020-08-27
392,1598572800000,0.00010238237947289271,32139458.041736964,2020-08-28
393,1598659200000,0.00011348843370363344,35573674.01007058,2020-08-29
394,1598745600000,0.00011154281124185407,35195764.59478267,2020-08-30
395,1598832000000,0.00011917008148196462,37413564.71353734,2020-08-31
396,1598918400000,0.00013070934731298543,41294977.33580206,2020-09-01
397,1599004800000,0.0001222887031327331,38497649.6210239,2020-09-02
398,1599091200000,0.000130283636520691,40780681.66342052,2020-09-03
399,1599177600000,0.0001244497098779667,39484946.88862367,2020-09-04
400,1599264000000,0.0001077613481811261,33745754.01265948,2020-09-05
401,1599350400000,0.00010739003386545802,33623966.26068515,2020-09-06
402,1599436800000,0.0001125345881904175,35309998.09588389,2020-09-07
403,1599523200000,0.00010951411332931122,34330722.15617932,2020-09-08
404,1599609600000,0.00011660329272360386,36585600.51006445,2020-09-09
405,1599696000000,0.0001127438167743535,35345400.625844404,2020-09-10
406,1599782400000,0.00012214511055618326,38163227.012230374,2020-09-11
407,1599868800000,0.0001174757435756279,36944423.972128816,2020-09-12
408,1599955200000,0.00011881311198267917,37197037.73693176,2020-09-13
409,1600041600000,0.00010507216613363986,32918630.176806834,2020-09-14
410,1600128000000,0.0001057672617579433,33214382.31634714,2020-09-15
411,1600214400000,0.00010689311769881664,33517364.052517775,2020-09-16
412,1600300800000,9.8057771932872e-05,30807101.726805493,2020-09-17
413,1600387200000,9.797688390547881e-05,30669654.067909468,2020-09-18
414,1600473600000,9.192089089288696e-05,28767660.294646323,2020-09-19
415,1600560000000,9.151333948832703e-05,28790895.434127215,2020-09-20
416,1600646400000,8.653357929170826e-05,27023948.554456517,2020-09-21
417,1600732800000,8.371453718329061e-05,26344832.11541606,2020-09-22
418,1600819200000,8.187369275982694e-05,25657427.66127449,2020-09-23
419,1600905600000,7.889459415221553e-05,24802723.133941226,2020-09-24
420,1600992000000,8.227468064099119e-05,25798875.449543986,2020-09-25
421,1601078400000,8.237494901028e-05,25883700.71577198,2020-09-26
422,1601164800000,8.87451239045102e-05,27845015.697600268,2020-09-27
423,1601251200000,8.503646190013694e-05,26559100.582998723,2020-09-28
424,1601337600000,8.055960341783729e-05,25311899.073626507,2020-09-29
425,1601424000000,8.106729259434119e-05,25427394.746348828,2020-09-30
426,1601510400000,8.795908906459377e-05,27607210.172778998,2020-10-01
427,1601596800000,8.333538953241065e-05,26046236.12496849,2020-10-02
428,1601683200000,8.005640308263003e-05,25126243.123790056,2020-10-03
429,1601769600000,8.253433838111048e-05,26037320.306348123,2020-10-04
430,1601856000000,8.304482176225319e-05,25994288.396804392,2020-10-05
431,1601942400000,8.262344180171496e-05,25895281.620226074,2020-10-06
432,1602028800000,7.994041322450409e-05,25008281.671806384,2020-10-07
433,1602115200000,7.938511714442461e-05,24865215.75145596,2020-10-08
434,1602201600000,8.011808539450609e-05,25058986.28986343,2020-10-09
435,1602288000000,8.14957683507521e-05,25566795.61501645,2020-10-10
436,1602374400000,8.085334027542967e-05,25276945.929566555,2020-10-11
437,1602460800000,8.108534983110676e-05,25430136.908248138,2020-10-12
438,1602547200000,8.11558365205719e-05,25489281.101000078,2020-10-13
439,1602633600000,8.030059909023045e-05,25199516.983246148,2020-10-14
440,1602720000000,7.630225560623479e-05,23930169.785716392,2020-10-15
441,1602806400000,7.847551779438666e-05,24600242.37820196,2020-10-16
442,1602892800000,7.826359169863997e-05,24596139.418715045,2020-10-17
443,1602979200000,7.610967771878799e-05,23866143.568925247,2020-10-18
444,1603065600000,7.662177817635289e-05,24013412.014450025,2020-10-19
445,1603152000000,7.80556679481579e-05,24438598.420501918,2020-10-20
446,1603238400000,7.94913304167578e-05,24966506.157706436,2020-10-21
447,1603324800000,8.162480475135203e-05,25555670.20106647,2020-10-22
448,1603411200000,8.271131901784704e-05,25925379.11962346,2020-10-23
449,1603497600000,8.177974531140342e-05,25679980.626469813,2020-10-24
450,1603584000000,8.25204183936932e-05,25871001.535043597,2020-10-25
451,1603670400000,8.239272947451514e-05,25836252.52015642,2020-10-26
452,1603756800000,8.042603492079906e-05,25174638.50542717,2020-10-27
453,1603843200000,8.176220353549456e-05,25619620.13516759,2020-10-28
454,1603929600000,8.128901368787664e-05,25463503.511204608,2020-10-29
455,1604016000000,8.158934568029757e-05,25681122.49118948,2020-10-30
456,1604102400000,7.985397428560427e-05,25100722.94253719,2020-10-31
457,1604188800000,8.278315031100772e-05,25968274.70629483,2020-11-01
458,1604275200000,9.562328133214012e-05,30095092.774585396,2020-11-02
459,1604361600000,8.978562234109373e-05,28134252.796477288,2020-11-03
460,1604448000000,9.242469821622172e-05,28972075.79997346,2020-11-04
461,1604534400000,8.737444229521421e-05,27413298.426339127,2020-11-05
462,1604620800000,8.950349613031705e-05,28019868.708951265,2020-11-06
463,1604707200000,9.671573719987253e-05,30270975.8081081,2020-11-07
464,1604793600000,8.796062342177197e-05,27608967.09328713,2020-11-08
465,1604880000000,9.201835220122208e-05,28866301.185896274,2020-11-09
466,1604966400000,8.901999995146719e-05,27896516.220255636,2020-11-10
467,1605052800000,8.985083318123728e-05,28191289.96989656,2020-11-11
468,1605139200000,8.845068840055554e-05,27724419.936268926,2020-11-12
469,1605225600000,8.57553660752378e-05,26925279.48926032,2020-11-13
470,1605312000000,8.696936103145979e-05,27254892.101113886,2020-11-14
471,1605398400000,8.796142313414405e-05,27603112.92613603,2020-11-15
472,1605484800000,8.923269778791122e-05,27997153.891222864,2020-11-16
473,1605571200000,9.296120283278627e-05,29265418.130071815,2020-11-17
474,1605657600000,9.488033682562895e-05,29745837.113060933,2020-11-18
475,1605744000000,9.835546158185218e-05,30941668.717564117,2020-11-19
476,1605830400000,9.568449116419928e-05,30060587.944529064,2020-11-20
477,1605916800000,9.577792443543817e-05,30044063.308825318,2020-11-21
478,1606003200000,9.88336511842239e-05,31051414.959783573,2020-11-22
479,1606089600000,9.198750778242575e-05,29023305.797268864,2020-11-23
480,1606176000000,9.33000568833126e-05,29147134.77291364,2020-11-24
481,1606262400000,9.36164079670292e-05,29353474.994749207,2020-11-25
482,1606348800000,8.899716220154014e-05,27890357.23771527,2020-11-26
483,1606435200000,7.962597652728258e-05,24859365.35913303,2020-11-27
484,1606521600000,7.982770066252508e-05,24999815.07900218,2020-11-28
485,1606608000000,8.18919330706085e-05,25688163.886578623,2020-11-29
486,1606694400000,7.800355139467878e-05,24512923.030328173,2020-11-30
487,1606780800000,7.962431756593025e-05,25001022.331753597,2020-12-01
488,1606867200000,7.793228866628132e-05,24456568.295844886,2020-12-02
489,1606953600000,7.851109465017872e-05,24592098.734749332,2020-12-03
490,1607040000000,7.591906650727925e-05,23809026.04148116,2020-12-04
491,1607126400000,7.317310745690488e-05,22984222.062013816,2020-12-05
492,1607212800000,7.470067422928189e-05,23364710.867419954,2020-12-06
493,1607299200000,7.595561891099294e-05,23813819.981174406,2020-12-07
494,1607385600000,8.997074830557471e-05,28217319.140707232,2020-12-08
495,1607472000000,8.201025104477085e-05,25767760.039615713,2020-12-09
496,1607558400000,7.892302168085355e-05,24743009.112762872,2020-12-10
497,1607644800000,7.798456301737803e-05,24472849.267497573,2020-12-11
498,1607731200000,7.745170734184036e-05,24318405.57012616,2020-12-12
499,1607817600000,8.029348936655254e-05,25169781.276509758,2020-12-13
500,1607904000000,7.992366847964528e-05,25109610.06669532,2020-12-14
501,1607990400000,7.767285291389211e-05,24347573.762032226,2020-12-15
502,1608076800000,7.697120543605016e-05,24208683.7172025,2020-12-16
503,1608163200000,8.061739558392012e-05,25301780.855351686,2020-12-17
504,1608249600000,7.74126542925768e-05,24354179.44215978,2020-12-18
505,1608336000000,7.847130618080802e-05,24587543.58802474,2020-12-19
506,1608422400000,7.942130387837992e-05,24876381.140420567,2020-12-20
507,1608508800000,7.922271061143671e-05,24969257.802861042,2020-12-21
508,1608595200000,7.67576829685831e-05,24106541.443516918,2020-12-22
509,1608681600000,7.556531011745545e-05,23656923.961549804,2020-12-23
510,1608768000000,6.888637292225314e-05,21642645.024175353,2020-12-24
511,1608854400000,7.247138898142468e-05,22753456.256230928,2020-12-25
512,1608940800000,7.411484269442711e-05,23166679.867766127,2020-12-26
513,1609027200000,6.774996601326243e-05,21222026.475785643,2020-12-27
514,1609113600000,6.386850965212697e-05,20032178.41590732,2020-12-28
515,1609200000000,6.104173503500957e-05,19153779.32210163,2020-12-29
516,1609286400000,5.8751442079331374e-05,18419302.937471837,2020-12-30
517,1609372800000,6.0872274626405475e-05,19129695.30126331,2020-12-31
518,1609459200000,5.854578840530061e-05,18313118.292278297,2021-01-01
519,1609545600000,5.907327790616053e-05,18508614.39071197,2021-01-02
520,1609632000000,6.026720821998162e-05,18920050.224677008,2021-01-03
521,1609718400000,6.637042312270749e-05,21122131.75565667,2021-01-04
522,1609804800000,6.888805733019061e-05,21634686.67775014,2021-01-05
523,1609891200000,6.719605895702462e-05,21101060.00501065,2021-01-06
524,1609977600000,7.301603148758732e-05,22841432.55063953,2021-01-07
525,1610064000000,7.503036139367619e-05,23525097.880991172,2021-01-08
526,1610150400000,7.499570457184872e-05,23485040.12762069,2021-01-09
527,1610236800000,8.712217908680482e-05,27479413.714599382,2021-01-10
528,1610323200000,8.067404920065244e-05,25353116.175039936,2021-01-11
529,1610409600000,7.204027073556809e-05,22642696.464834996,2021-01-12
530,1610496000000,7.269457149554817e-05,55845424.95635832,2021-01-13
531,1610582400000,8.266594635917272e-05,63003537.12915876,2021-01-14
532,1610668800000,8.66613830370419e-05,66462585.8070634,2021-01-15
533,1610755200000,8.772930065183324e-05,67127208.44250786,2021-01-16
534,1610841600000,9.204914264951248e-05,70639237.86675724,2021-01-17
535,1610928000000,8.878176156008704e-05,68667357.09279536,2021-01-18
536,1611014400000,9.125490772739667e-05,69745159.56165458,2021-01-19
537,1611100800000,8.958152480035025e-05,68909370.8091881,2021-01-20
538,1611187200000,8.749064380403063e-05,66889347.98483127,2021-01-21
539,1611273600000,8.0104495444087e-05,61254371.0136253,2021-01-22
540,1611360000000,8.341079632943402e-05,63656387.95767569,2021-01-23
541,1611446400000,9.141800416240604e-05,70053110.04496227,2021-01-24
542,1611532800000,9.685811057782733e-05,73852101.29903631,2021-01-25
543,1611619200000,9.379282356333324e-05,72561296.24981414,2021-01-26
544,1611705600000,9.42896009068272e-05,72413414.8976052,2021-01-27
545,1611792000000,8.902618488751822e-05,68254418.80764192,2021-01-28
546,1611878400000,9.786692204316108e-05,75265460.63281034,2021-01-29
547,1611964800000,0.00010240302517050238,78433697.07938674,2021-01-30
548,1612051200000,0.00011127592307400957,84647612.23793219,2021-01-31
549,1612137600000,0.00010528265552666596,80686590.08545853,2021-02-01
550,1612224000000,0.00010928156503102558,83565552.14234348,2021-02-02
551,1612310400000,0.00011222859812303573,86076800.28213732,2021-02-03
552,1612396800000,0.0001371699127015541,104884419.63191517,2021-02-04
553,1612483200000,0.00012656031482803518,97932899.18894307,2021-02-05
554,1612569600000,0.0001322606047045447,100951669.21612851,2021-02-06
555,1612656000000,0.00012481790218404104,95440004.83335842,2021-02-07
556,1612742400000,0.00012794993982817644,98260841.68361224,2021-02-08
557,1612828800000,0.00014057907795143312,106707639.53817907,2021-02-09
558,1612915200000,0.0001898211229742467,144569267.4337772,2021-02-10
559,1613001600000,0.00019327805077643835,148455444.89118186,2021-02-11
560,1613088000000,0.00023647442226429682,176675793.9924008,2021-02-12
561,1613174400000,0.00024147268456729248,185763556.2325346,2021-02-13
562,1613260800000,0.0002823733670153057,218147529.24333316,2021-02-14
563,1613347200000,0.0002494249406488742,190774201.303334,2021-02-15
564,1613433600000,0.0002216123382405128,169772547.1154459,2021-02-16
565,1613520000000,0.00021848043293894935,167359079.8533839,2021-02-17
566,1613606400000,0.00023309541669959665,179114298.08331266,2021-02-18
567,1613692800000,0.00023984937471782652,183874370.17625508,2021-02-19
568,1613779200000,0.0002537539274085045,192985866.77045807,2021-02-20
569,1613865600000,0.00024335527600885106,186483148.00533924,2021-02-21
570,1613952000000,0.0002568777331452253,196650014.52572215,2021-02-22
571,1614038400000,0.000235111875060651,179376370.6459177,2021-02-23
572,1614124800000,0.00019599399689174018,150356942.28674296,2021-02-24
573,1614211200000,0.00020772450067745892,157912824.53881308,2021-02-25
574,1614297600000,0.00019880195638238905,152839253.42464182,2021-02-26
575,1614384000000,0.0001980723794131597,153191688.61284336,2021-02-27
576,1614470400000,0.0002068906848179489,157971642.96869516,2021-02-28
577,1614556800000,0.00019897625851480433,153378278.51789263,2021-03-01
578,1614643200000,0.0002083251423127747,159484033.37414208,2021-03-02
579,1614729600000,0.00020273008832016613,155946442.2409681,2021-03-03
580,1614816000000,0.00020753991595362048,159236547.1123549,2021-03-04
581,1614902400000,0.00021551996253153403,165286089.77016142,2021-03-05
582,1614988800000,0.0002129791562281556,162666314.65527657,2021-03-06
583,1615075200000,0.000208550407645311,160210902.92598778,2021-03-07
584,1615161600000,0.0002146329614804112,164397020.06496474,2021-03-08
585,1615248000000,0.00021820795338741935,167533334.97787252,2021-03-09
586,1615334400000,0.00023686002125081093,180687229.77416265,2021-03-10
587,1615420800000,0.000233517629856805,179145068.05306485,2021-03-11
588,1615507200000,0.00023053741337833837,176512016.0367007,2021-03-12
589,1615593600000,0.0002184847565719998,167629451.40879637,2021-03-13
590,1615680000000,0.00026902315437800345,206184468.20458984,2021-03-14
591,1615766400000,0.00028458931410125826,219517692.44647503,2021-03-15
592,1615852800000,0.0002662694769267154,205002356.76440024,2021-03-16
593,1615939200000,0.0002609819156563977,199589693.96072212,2021-03-17
594,1616025600000,0.0002713529232004993,207857803.43232894,2021-03-18
595,1616112000000,0.00025753985685632774,197980135.2846035,2021-03-19
596,1616198400000,0.00034518727744363686,263774304.50132832,2021-03-20
597,1616284800000,0.00035220449657424196,272629016.39562696,2021-03-21
598,1616371200000,0.0004113657227110835,315944429.2148542,2021-03-22
599,1616457600000,0.00038090419079290204,293113214.64999187,2021-03-23
600,1616544000000,0.0003553766713493385,271652291.9436855,2021-03-24
601,1616630400000,0.0003289166994206332,253926159.10539067,2021-03-25
602,1616716800000,0.0003234322301574045,247878920.56145003,2021-03-26
603,1616803200000,0.00038857652519027903,297875920.32753134,2021-03-27
604,1616889600000,0.0003747292774628679,289077679.34699553,2021-03-28
605,1616976000000,0.0003670641672143834,280612936.25512546,2021-03-29
606,1617062400000,0.00037383851117324884,286606320.35627073,2021-03-30
607,1617148800000,0.0003943472182013384,302645176.3433285,2021-03-31
608,1617235200000,0.0006542751761708759,503552644.7918693,2021-04-01
609,1617321600000,0.0005615441246614789,428928006.70017517,2021-04-02
610,1617408000000,0.0006275793147649927,473019861.9901664,2021-04-03
611,1617494400000,0.0011425360554443164,879269628.5570873,2021-04-04
612,1617580800000,0.002155543890592279,1647087563.3178155,2021-04-05
613,1617667200000,0.002681117061830357,2054419343.9102955,2021-04-06
614,1617753600000,0.0019951343883802307,1550733717.2529705,2021-04-07
615,1617840000000,0.0016668303342255472,1281438609.7681823,2021-04-08
616,1617926400000,0.0018916550290479781,1431165903.9770637,2021-04-09
617,1618012800000,0.0016563043331976736,1267974832.0353606,2021-04-10
618,1618099200000,0.0014765606307370592,1130824014.4881067,2021-04-11
619,1618185600000,0.0017212560497425085,1315162123.955491,2021-04-12
620,1618272000000,0.001502317570473755,1150218053.0137942,2021-04-13
621,1618358400000,0.0015289830660820444,1169944279.553739,2021-04-14
622,1618444800000,0.0014624364337158988,1121752956.9774241,2021-04-15
623,1618531200000,0.0016745648041667708,1282503535.9853086,2021-04-16
624,1618617600000,0.0015140365662853397,1160680432.1387362,2021-04-17
625,1618704000000,0.0015824314835776216,1215627535.383829,2021-04-18
626,1618790400000,0.001419475070081974,1087038197.5905786,2021-04-19
627,1618876800000,0.0013355241927773705,1023777121.1285805,2021-04-20
628,1618963200000,0.0013039582654963233,996071482.578415,2021-04-21
629,1619049600000,0.0011820314990528401,907936226.4843434,2021-04-22
630,1619136000000,0.000977318760254543,765038364.0509583,2021-04-23
631,1619222400000,0.0011260107488352835,879899370.3361372,2021-04-24
632,1619308800000,0.0011012069007059757,848368801.2040423,2021-04-25
633,1619395200000,0.0010621160014649387,814181237.2166809,2021-04-26
634,1619481600000,0.001246571852536591,953950248.7650262,2021-04-27
635,1619568000000,0.0014191740759431622,1088157584.6762023,2021-04-28
636,1619654400000,0.0013305656395952426,1019025217.1739508,2021-04-29
637,1619740800000,0.0013255584574938164,1015824459.9621606,2021-04-30
638,1619827200000,0.0013765901174621759,1053610982.5327253,2021-05-01
639,1619913600000,0.0013373969807866715,1025829216.6235926,2021-05-02
640,1620000000000,0.0013216482237018137,1012324001.756951,2021-05-03
641,1620086400000,0.0013019745657021605,998949698.7726524,2021-05-04
642,1620172800000,0.0011557613066435631,895831755.603199,2021-05-05
643,1620259200000,0.0012482651554502463,946769501.4142462,2021-05-06
644,1620345600000,0.0013410452437114643,1031355397.0950315,2021-05-07
645,1620432000000,0.0013152527354407697,1005740423.8209383,2021-05-08
646,1620518400000,0.0012802055389165637,979632990.6397128,2021-05-09
647,1620604800000,0.0012440448879383473,953242384.5762291,2021-05-10
648,1620691200000,0.0010743092515884942,813474927.5457718,2021-05-11
649,1620777600000,0.001115246759145133,850634949.8723637,2021-05-12
650,1620864000000,0.0008999530601812196,714881892.7876306,2021-05-13
651,1620950400000,0.0008860901094666352,677601199.6283522,2021-05-14
652,1621036800000,0.0009289068838411091,712193226.4918816,2021-05-15
653,1621123200000,0.0008405917515698047,644922266.3986949,2021-05-16
654,1621209600000,0.0009294028988765476,703955079.7416369,2021-05-17
655,1621296000000,0.0008642572826340273,662557719.3818015,2021-05-18
656,1621382400000,0.0008404047505819437,644066700.0854782,2021-05-19
657,1621468800000,0.0005582125562837735,435080142.34200704,2021-05-20
658,1621555200000,0.0006297867593576483,483669488.92858386,2021-05-21
659,1621641600000,0.0005205876477237767,397993183.0487053,2021-05-22
660,1621728000000,0.000518132235530594,398389345.72828305,2021-05-23
661,1621814400000,0.00042715651161938454,325945493.0916015,2021-05-24
662,1621900800000,0.0005281016460500325,399062904.2028276,2021-05-25
663,1621987200000,0.0005325689553016872,407701872.79207027,2021-05-26
664,1622073600000,0.0006390649426281972,479786436.8695557,2021-05-27
665,1622160000000,0.0005640597262727876,431250879.1921453,2021-05-28
666,1622246400000,0.0005000977821697187,383484585.52844435,2021-05-29
667,1622332800000,0.0004820585080211835,371025369.81936747,2021-05-30
668,1622419200000,0.0004971413123739119,379008150.52130854,2021-05-31
669,1622505600000,0.0005334715737063382,409046372.2099157,2021-06-01
670,1622592000000,0.0005150515146734966,394237673.5739045,2021-06-02
671,1622678400000,0.0005267319025066009,403776455.318543,2021-06-03
672,1622764800000,0.0005799417697162555,444096321.6755076,2021-06-04
673,1622851200000,0.0005159981609267774,395259088.87532115,2021-06-05
674,1622937600000,0.0004988658167284136,381345242.230788,2021-06-06
675,1623024000000,0.0005117149435686887,391048856.2052838,2021-06-07
676,1623110400000,0.0004586293963534085,355039428.7912923,2021-06-08
677,1623196800000,0.0004569879270874166,350110876.0635343,2021-06-09
678,1623283200000,0.00048398600484412304,371318871.92603886,2021-06-10
679,1623369600000,0.00044892640052516077,345400322.2420891,2021-06-11
680,1623456000000,0.00044101411997185416,338664322.82380927,2021-06-12
681,1623542400000,0.0004279221106578131,329676927.9986239,2021-06-13
682,1623628800000,0.00045385015692938886,347610658.53279054,2021-06-14
683,1623715200000,0.00046508226459382603,353657752.73752147,2021-06-15
684,1623801600000,0.00047514326887508103,364286977.3331767,2021-06-16
685,1623888000000,0.00045270709212893935,346835748.9955825,2021-06-17
686,1623974400000,0.0005169008303399134,394340093.73179096,2021-06-18
687,1624060800000,0.00047220413674035807,361974247.8245236,2021-06-19
688,1624147200000,0.0004584228383603774,352046973.0581353,2021-06-20
689,1624233600000,0.00046063469530220516,352713467.2933818,2021-06-21
690,1624320000000,0.0003616625964131426,279596293.2384182,2021-06-22
691,1624406400000,0.0003338652791881763,255364661.10301816,2021-06-23
692,1624492800000,0.00038470831306503423,293260479.2544978,2021-06-24
693,1624579200000,0.00041812330936513687,320733259.7696617,2021-06-25
694,1624665600000,0.00037342322829715343,286151862.18234164,2021-06-26
695,1624752000000,0.0003776383329151965,289097760.1510115,2021-06-27
696,1624838400000,0.000390749395632991,299929159.0345367,2021-06-28
697,1624924800000,0.00039660665773197867,303888869.8450653,2021-06-29
698,1625011200000,0.00042942912797821006,329325102.2226528,2021-06-30
699,1625097600000,0.00041833759629195404,320683098.2285188,2021-07-01
700,1625184000000,0.000388996157587642,297756504.4281402,2021-07-02
701,1625270400000,0.0003962426871501634,302959072.47639835,2021-07-03
702,1625356800000,0.0003960723568848017,303693300.3551647,2021-07-04
703,1625443200000,0.0003993822063756233,307298154.40018386,2021-07-05
704,1625529600000,0.00038537334519970503,295591864.61006033,2021-07-06
705,1625616000000,0.0003912301582455926,300242740.60480267,2021-07-07
706,1625702400000,0.0003925489508392101,300973530.8672252,2021-07-08
707,1625788800000,0.00036397012873106506,278916094.01062983,2021-07-09
708,1625875200000,0.0003692268254845746,283176073.2078393,2021-07-10
709,1625961600000,0.0003638108269985531,278882118.37016577,2021-07-11
710,1626048000000,0.0003706848825785428,284385110.10658914,2021-07-12
711,1626134400000,0.00035478626425816293,271753288.9620726,2021-07-13
712,1626220800000,0.00034313953126504325,262796153.12286687,2021-07-14
713,1626307200000,0.0003469401092901319,265198180.90387577,2021-07-15
714,1626393600000,0.0003311781468341656,254888311.1432235,2021-07-16
715,1626480000000,0.00031309386897552426,239924761.3997724,2021-07-17
716,1626566400000,0.0003136334168798744,240631877.92639762,2021-07-18
717,1626652800000,0.00031491327363915913,241141098.02287856,2021-07-19
718,1626739200000,0.00030140246486313506,231409082.9239237,2021-07-20
719,1626825600000,0.0002766427636859952,211737668.10852298,2021-07-21
720,1626912000000,0.00029613060161290486,226126697.75162643,2021-07-22
721,1626998400000,0.00029594221267516176,226760259.1596123,2021-07-23
722,1627084800000,0.0003239765224405665,248874068.1931698,2021-07-24
723,1627171200000,0.0003177113351177567,243342513.66675872,2021-07-25
724,1627257600000,0.00035373375443009165,270924106.6958233,2021-07-26
725,1627344000000,0.00035740814801425334,274202649.3850645,2021-07-27
726,1627430400000,0.0003601321409286292,276470810.1440175,2021-07-28
727,1627516800000,0.00035707582361783067,273627275.309743,2021-07-29
728,1627603200000,0.0003579943360086037,276061990.41484046,2021-07-30
729,1627689600000,0.0003583307329860352,274456896.246717,2021-07-31
730,1627776000000,0.0003600124878091618,276114073.91267,2021-08-01
731,1627862400000,0.0003571782905037273,273619558.4493618,2021-08-02
732,1627948800000,0.00035913300873724284,275595230.2635166,2021-08-03
733,1628035200000,0.0003445242749678589,264075609.6172616,2021-08-04
734,1628121600000,0.0003819943498401256,292909272.62942296,2021-08-05
735,1628208000000,0.0003959388738689081,303741156.19075847,2021-08-06
736,1628294400000,0.00042331578392596365,323005828.17794675,2021-08-07
737,1628380800000,0.00042695594514806785,326452444.27730286,2021-08-08
738,1628467200000,0.0004473720476736884,344686812.35948443,2021-08-09
739,1628553600000,0.00047274295759062453,358593390.29509884,2021-08-10
740,1628640000000,0.0005064987744943162,387070179.78188944,2021-08-11
741,1628726400000,0.0007149345760721008,539255334.3980408,2021-08-12
742,1628812800000,0.0007127843727221453,545977107.5986229,2021-08-13
743,1628899200000,0.0007722743592428132,589798780.3786007,2021-08-14
744,1628985600000,0.0007571749777628435,580915403.0685164,2021-08-15
745,1629072000000,0.000727348903978009,556948749.8985348,2021-08-16
746,1629158400000,0.0007025549928320429,544382223.4975747,2021-08-17
747,1629244800000,0.0006305364378085038,484320012.8786379,2021-08-18
748,1629331200000,0.0006472067499214153,497614826.4897812,2021-08-19
749,1629417600000,0.0006722067298030204,495282639.5546081,2021-08-20
750,1629504000000,0.0006940337391745423,532965389.04583985,2021-08-21
751,1629590400000,0.0006582609509418607,504736938.2715206,2021-08-22
752,1629676800000,0.0006619010310422806,510734956.77872926,2021-08-23
753,1629763200000,0.0006785683645379201,520195045.5183697,2021-08-24
754,1629849600000,0.0006220101196813645,477681974.1238664,2021-08-25
755,1629936000000,0.0006371343304413533,488247436.50660187,2021-08-26
756,1630022400000,0.0005980721257527282,458673944.60868466,2021-08-27
757,1630108800000,0.0006232653654795208,477626723.80356413,2021-08-28
758,1630195200000,0.0007205126929123405,543735834.7106528,2021-08-29
759,1630281600000,0.0006820384064840979,523059006.1305222,2021-08-30
760,1630368000000,0.0006313411331032836,484560428.1005186,2021-08-31
761,1630454400000,0.0006257618032321621,479587174.8006295,2021-09-01
762,1630540800000,0.0006515470600640799,498952748.7936065,2021-09-02
763,1630627200000,0.0006693756945188414,512762043.6560548,2021-09-03
764,1630713600000,0.0006773804854684316,518024134.05087453,2021-09-04
765,1630800000000,0.0006688620498822951,512892450.57253796,2021-09-05
766,1630886400000,0.0007065273531544412,541517412.9364088,2021-09-06
767,1630972800000,0.0006906506329021895,529353970.52779484,2021-09-07
768,1631059200000,0.0005342328584610002,411786474.2031664,2021-09-08
769,1631145600000,0.0005403462129958426,414735037.1690898,2021-09-09
770,1631232000000,0.0005356995147000043,410940260.4228895,2021-09-10
771,1631318400000,0.0004978527375979058,380903421.91657925,2021-09-11
772,1631404800000,0.0005125302266930553,393242701.68937236,2021-09-12
773,1631491200000,0.0005466889417866687,419995635.43163323,2021-09-13
774,1631577600000,0.0005122569179311848,392414110.9723453,2021-09-14
775,1631664000000,0.0005242091568251251,401760878.0594373,2021-09-15
776,1631750400000,0.000539646194531923,413500911.7708252,2021-09-16
777,1631836800000,0.0005249449274628867,401829244.36110294,2021-09-17
778,1631923200000,0.0005076097451435893,388724810.06789774,2021-09-18
779,1632009600000,0.0005110018361390474,391829712.99222857,2021-09-19
780,1632096000000,0.0004941757840710668,379751925.3095895,2021-09-20
781,1632182400000,0.00042598156632607124,324987767.17828476,2021-09-21
782,1632268800000,0.00040175859776155927,304545351.7319503,2021-09-22
783,1632355200000,0.00044412576947118444,339859000.13160807,2021-09-23
784,1632441600000,0.00045362038954424437,347502098.1597947,2021-09-24
785,1632528000000,0.00041619617385866485,320544648.9580355,2021-09-25
786,1632614400000,0.000411755655878045,315257191.22704095,2021-09-26
787,1632700800000,0.0003991063368019916,305987449.1911764,2021-09-27
788,1632787200000,0.00039171840370762873,300558678.9785795,2021-09-28
789,1632873600000,0.0003885270541866953,298194645.70746493,2021-09-29
790,1632960000000,0.00039712565652561406,304055061.11619943,2021-09-30
791,1633046400000,0.0004084411610916156,312862361.2506857,2021-10-01
792,1633132800000,0.0004461269181647368,341556556.81092614,2021-10-02
793,1633219200000,0.00045415501654291936,348447298.6972137,2021-10-03
794,1633305600000,0.00047346434661245,362963260.5846192,2021-10-04
795,1633392000000,0.0004669640687077192,358631417.6993802,2021-10-05
796,1633478400000,0.0006063115617581326,470434745.93938065,2021-10-06
797,1633564800000,0.0005928232640570007,454312522.1655311,2021-10-07
798,1633651200000,0.0005587103091697884,427640924.8836707,2021-10-08
799,1633737600000,0.0005473890861303291,419874058.7063296,2021-10-09
800,1633824000000,0.0005635533721281431,430744382.2048562,2021-10-10
801,1633910400000,0.0005318787986329813,407746901.3274488,2021-10-11
802,1633996800000,0.000547030391608635,416025902.3606408,2021-10-12
803,1634083200000,0.0005223496371306798,400325168.07900864,2021-10-13
804,1634169600000,0.0005380958411247142,412388549.5973225,2021-10-14
805,1634256000000,0.0005723980174835231,437366312.1635825,2021-10-15
806,1634342400000,0.0005688552341304193,435762261.90451217,2021-10-16
807,1634428800000,0.0005878640816032764,451075056.32350075,2021-10-17
808,1634515200000,0.0006342843521475151,486515513.48795766,2021-10-18
809,1634601600000,0.0006437074647776234,491793699.02053314,2021-10-19
810,1634688000000,0.0006371640590819503,488831737.2224917,2021-10-20
811,1634774400000,0.000647990296330921,497961413.05818325,2021-10-21
812,1634860800000,0.0006217069182433486,476462917.59166145,2021-10-22
813,1634947200000,0.0006120944892100377,468981545.48755795,2021-10-23
814,1635033600000,0.0006212373662211921,476643966.04643774,2021-10-24
815,1635120000000,0.000603774578248131,462368499.78470266,2021-10-25
816,1635206400000,0.0006381897930368346,488301834.04993683,2021-10-26
817,1635292800000,0.0006325117321139563,484474100.56682134,2021-10-27
818,1635379200000,0.0005638216909696906,431713993.88367903,2021-10-28
819,1635465600000,0.0005877195772358894,449116390.40873003,2021-10-29
820,1635552000000,0.0006335317307496795,481862080.99556357,2021-10-30
821,1635638400000,0.0007807887127820451,600273494.5250367,2021-10-31
822,1635724800000,0.0008023004773808837,609505596.5159885,2021-11-01
823,1635811200000,0.0008017380099792438,614697580.7797778,2021-11-02
824,1635897600000,0.0008007622308737421,613195627.6212902,2021-11-03
825,1635984000000,0.0007479593655475869,570280109.4384744,2021-11-04
826,1636070400000,0.0007148365471182765,538969798.0738456,2021-11-05
827,1636156800000,0.0007341556648659745,561307347.7862737,2021-11-06
828,1636243200000,0.0007415168252497714,568870605.16141,2021-11-07
829,1636329600000,0.0007407718316124568,567422956.1620569,2021-11-08
830,1636416000000,0.0007738701030855513,595269796.5139983,2021-11-09
831,1636502400000,0.0007570706753117176,581451360.6615593,2021-11-10
832,1636588800000,0.000706546477690368,540069599.5863782,2021-11-11
833,1636675200000,0.0007301486810331468,559908770.9961654,2021-11-12
834,1636761600000,0.0006991959713278658,534989237.0650266,2021-11-13
835,1636848000000,0.0007127195589705277,545740500.2767671,2021-11-14
836,1636934400000,0.000830274085999764,632321912.1118382,2021-11-15
837,1637020800000,0.0009652313427636087,740181317.4587538,2021-11-16
838,1637107200000,0.0008731006925189123,670251909.5434346,2021-11-17
839,1637193600000,0.0008451751303136319,643009320.3252195,2021-11-18
840,1637280000000,0.0007731583633140962,590404232.1461773,2021-11-19
841,1637366400000,0.0008347635044193345,802188146.1510621,2021-11-20
842,1637452800000,0.0008231756739349212,789838638.6179569,2021-11-21
843,1637539200000,0.0008733048989167478,843023833.085615,2021-11-22
844,1637625600000,0.0008181066780084333,786874640.788839,2021-11-23
845,1637712000000,0.0008113708413845054,783889001.7385126,2021-11-24
846,1637798400000,0.0007665939993836593,736953256.9968826,2021-11-25
847,1637884800000,0.0007800216492568052,749374208.4690886,2021-11-26
848,1637971200000,0.0006888812494155249,661259620.8028265,2021-11-27
849,1638057600000,0.0006882876746266798,661940749.2818067,2021-11-28
850,1638144000000,0.0006937977791327071,667680060.8371834,2021-11-29
851,1638230400000,0.0006908301951630081,665314037.4979297,2021-11-30
852,1638316800000,0.0006845676034204378,659272854.6937423,2021-12-01
853,1638403200000,0.0006885864401304124,662042879.192853,2021-12-02
854,1638489600000,0.000716415055982253,689128725.0021185,2021-12-03
855,1638576000000,0.0006649885760112758,640974638.8245753,2021-12-04
856,1638662400000,0.0005754149286404368,553734507.7141955,2021-12-05
857,1638748800000,0.0005444600587515418,520203979.04864025,2021-12-06
858,1638835200000,0.0005693348028797517,546864306.8399026,2021-12-07
859,1638921600000,0.0005679624387571069,546450969.5347302,2021-12-08
860,1639008000000,0.000576524624071381,554693272.2300408,2021-12-09
861,1639094400000,0.0005238545414597606,505443681.18361944,2021-12-10
862,1639180800000,0.000504172219574471,487431007.30648327,2021-12-11
863,1639267200000,0.0005192007477532192,498950143.1758134,2021-12-12
864,1639353600000,0.0005214084411794597,500983104.78514546,2021-12-13
865,1639440000000,0.0004675131353769952,450332833.6754737,2021-12-14
866,1639526400000,0.00046957957825941087,450562068.5418875,2021-12-15
867,1639612800000,0.00047827984327131304,458811898.9771233,2021-12-16
868,1639699200000,0.0004963240303949166,473286178.9612684,2021-12-17
869,1639785600000,0.00045843022450851775,441533234.54210615,2021-12-18
870,1639872000000,0.00046317872171980384,445435797.27215743,2021-12-19
871,1639958400000,0.00045614174225994613,438688527.61837643,2021-12-20
872,1640044800000,0.0004463775898138916,429790887.7585366,2021-12-21
873,1640131200000,0.00046555013040492494,449469821.28537875,2021-12-22
874,1640217600000,0.00047396379701043014,456999067.10089695,2021-12-23
875,1640304000000,0.0004971638709405369,478043651.23700315,2021-12-24
876,1640390400000,0.0005065914421725996,486484447.82732683,2021-12-25
877,1640476800000,0.0005266652654367637,507634583.2075631,2021-12-26
878,1640563200000,0.0005115581819199575,490689855.05045915,2021-12-27
879,1640649600000,0.0005120397875372089,494291969.0977285,2021-12-28
880,1640736000000,0.0004708248359289893,453572650.22350514,2021-12-29
881,1640822400000,0.00046310515853428553,444721103.6255361,2021-12-30
882,1640908800000,0.0004730226206664254,454909212.411934,2021-12-31
883,1640995200000,0.00045586061069902845,439144617.144448,2022-01-01
884,1641081600000,0.0004654258034018665,447317392.12037927,2022-01-02
885,1641168000000,0.0004606117141378239,444907218.6186768,2022-01-03
886,1641254400000,0.0004521390646512191,435393370.89096224,2022-01-04
887,1641340800000,0.00044309214450207737,429536698.123628,2022-01-05
888,1641427200000,0.0004173774875171849,401987865.94029784,2022-01-06
889,1641513600000,0.0004164531913390598,402411094.53131926,2022-01-07
890,1641600000000,0.0003929855748395771,378087243.4830754,2022-01-08
891,1641686400000,0.00037783231947982604,364508823.9036901,2022-01-09
892,1641772800000,0.0003787269183565973,364245371.32350856,2022-01-10
893,1641859200000,0.00036191272381477557,348321870.338746,2022-01-11
894,1641945600000,0.00037871081873899396,364874320.25405,2022-01-12
895,1642032000000,0.00040760969412204263,392573112.900185,2022-01-13
896,1642118400000,0.00038865671157448204,374531814.46892446,2022-01-14
897,1642204800000,0.0003883079322944208,373303672.8765119,2022-01-15
898,1642291200000,0.00042101607636658674,402335520.6076564,2022-01-16
899,1642377600000,0.0004163361945001586,400537987.0654586,2022-01-17
900,1642464000000,0.00040796149269304205,392514787.3773043,2022-01-18
901,1642550400000,0.0004059156033195075,390630228.7925891,2022-01-19
902,1642636800000,0.00039615156416022794,382438972.116263,2022-01-20
903,1642723200000,0.0003824124593451034,369069773.86439854,2022-01-21
904,1642809600000,0.00032961981816076745,317153270.2449563,2022-01-22
905,1642896000000,0.00030291594166240355,291002845.1384187,2022-01-23
906,1642982400000,0.000304012728009074,292244638.07115716,2022-01-24
907,1643068800000,0.0002915273774138718,280491389.42332834,2022-01-25
908,1643155200000,0.00029129824483471587,280348151.79118526,2022-01-26
909,1643241600000,0.0003099037977579936,300221529.0591652,2022-01-27
910,1643328000000,0.0002984783651579405,286334339.0576817,2022-01-28
911,1643414400000,0.00030084652609365205,288842650.2391134,2022-01-29
912,1643500800000,0.00030825402197676513,296209714.54602194,2022-01-30
913,1643587200000,0.0003005888874530272,288982721.013021,2022-01-31
914,1643673600000,0.0003056563529818126,293611452.4717864,2022-02-01
915,1643760000000,0.00030751188864837033,295923165.4227311,2022-02-02
916,1643846400000,0.000296286553573456,285010710.52995545,2022-02-03
917,1643932800000,0.00030128979232875566,290249134.4215931,2022-02-04
918,1644019200000,0.000319600431206166,307233376.4565326,2022-02-05
919,1644105600000,0.000324714821757568,313046299.471603,2022-02-06
920,1644192000000,0.0003420468312633399,328935448.4823968,2022-02-07
921,1644278400000,0.00036772122782452747,353558451.74429363,2022-02-08
922,1644364800000,0.00035633863148517106,342890614.04513246,2022-02-09
923,1644451200000,0.0003643085648462415,350515928.03240126,2022-02-10
924,1644537600000,0.0003461636992509725,332735137.8639481,2022-02-11
925,1644624000000,0.0003257984047416654,313231058.12473524,2022-02-12
926,1644710400000,0.00032281653723641906,310313336.000621,2022-02-13
927,1644796800000,0.0003197115636966537,306971710.5452131,2022-02-14
928,1644883200000,0.0003169667525980697,304719818.55528194,2022-02-15
929,1644969600000,0.00033368988068828713,321419219.235445,2022-02-16
930,1645056000000,0.0003298596011968811,318729001.20608044,2022-02-17
931,1645142400000,0.0003061643340388978,294034215.84392446,2022-02-18
932,1645228800000,0.00030111850178134826,290451812.8934235,2022-02-19
933,1645315200000,0.00029841556165809103,286372156.79517615,2022-02-20
934,1645401600000,0.0002862578155978814,275953417.706113,2022-02-21
935,1645488000000,0.00027712705026469557,266775917.79613858,2022-02-22
936,1645574400000,0.00027745208370808763,267270348.58151254,2022-02-23
937,1645660800000,0.00027644543101045037,266029503.87381485,2022-02-24
938,1645747200000,0.00026119187808776713,251380123.7501718,2022-02-25
939,1645833600000,0.0002733761498556011,263058098.13010362,2022-02-26
940,1645920000000,0.0002716148016772866,260937693.1820542,2022-02-27
941,1646006400000,0.00025794704217287155,247982044.6343058,2022-02-28
942,1646092800000,0.000279269504979356,267903003.0231853,2022-03-01
943,1646179200000,0.00028496477286303444,274020804.4961254,2022-03-02
944,1646265600000,0.000279152562837363,268323974.16016784,2022-03-03
945,1646352000000,0.0002740174186259135,263866902.28765577,2022-03-04
946,1646438400000,0.00030512479981248793,293788411.2956523,2022-03-05
947,1646524800000,0.0002862327159305047,275116113.02894557,2022-03-06
948,1646611200000,0.0002739652202416646,263543437.4931346,2022-03-07
949,1646697600000,0.0002688845970357963,257819056.69027182,2022-03-08
950,1646784000000,0.00026880636010965744,258637126.24526823,2022-03-09
951,1646870400000,0.0002778037138668551,267196302.57951835,2022-03-10
952,1646956800000,0.00026551526604036386,255418353.39396048,2022-03-11
953,1647043200000,0.0002607088916874605,251411063.60368156,2022-03-12
954,1647129600000,0.00026666074474366604,256601095.9332756,2022-03-13
955,1647216000000,0.0002594244148226209,249676117.185063,2022-03-14
956,1647302400000,0.0002612438939923591,251245628.84673762,2022-03-15
957,1647388800000,0.00026244276040541446,252488928.89439857,2022-03-16
958,1647475200000,0.000267448394656651,257620503.49290386,2022-03-17
959,1647561600000,0.000267641925419099,257266967.18588686,2022-03-18
960,1647648000000,0.0002710170114548009,260479073.79919502,2022-03-19
961,1647734400000,0.00028545619432417715,273866786.7716709,2022-03-20
962,1647820800000,0.0002718947909606122,261622310.1385837,2022-03-21
963,1647907200000,0.00027977648337298094,269229053.3616579,2022-03-22
964,1647993600000,0.00029754287986274227,286028803.32502586,2022-03-23
965,1648080000000,0.0003005088656357082,289212729.59415036,2022-03-24
966,1648166400000,0.00030663145630547455,294870161.3177607,2022-03-25
967,1648252800000,0.0002976150147603475,286091581.3010769,2022-03-26
968,1648339200000,0.00031315777987919383,301231025.99225163,2022-03-27
969,1648425600000,0.0003499562443943634,336411709.75081825,2022-03-28
970,1648512000000,0.0003293261247985125,319826333.4627226,2022-03-29
971,1648598400000,0.0003321276385507084,319193306.98288995,2022-03-30
972,1648684800000,0.0003417994635879303,329320404.4573568,2022-03-31
973,1648771200000,0.0003741954940193402,359886812.57200086,2022-04-01
974,1648857600000,0.00037032828868029344,356101971.2108113,2022-04-02
975,1648944000000,0.00036639634682184463,353675539.8362969,2022-04-03
976,1649030400000,0.00036813543219639056,351977425.9521051,2022-04-04
977,1649116800000,0.0003579452904136024,344421617.3006217,2022-04-05
978,1649203200000,0.00035192012293581667,337659679.5417967,2022-04-06
979,1649289600000,0.000318105070284639,306152185.63751656,2022-04-07
980,1649376000000,0.00032401161171443147,311877260.9878583,2022-04-08
981,1649462400000,0.00031168046788880794,299202041.58067375,2022-04-09
982,1649548800000,0.00031615019945551104,304108653.6885008,2022-04-10
983,1649635200000,0.00031117346012308214,299375977.0057452,2022-04-11
984,1649721600000,0.0002795763951348037,269390815.5020261,2022-04-12
985,1649808000000,0.0002948811481236351,283161065.69617355,2022-04-13
986,1649894400000,0.000302835709049191,291396105.03197587,2022-04-14
987,1649980800000,0.00029379097519168895,282289043.9460102,2022-04-15
988,1650067200000,0.0002969285435893059,285615847.0177114,2022-04-16
989,1650153600000,0.00029328200554365816,282216303.142767,2022-04-17
990,1650240000000,0.0002851445800639132,273982331.8425733,2022-04-18
991,1650326400000,0.0002872725749091842,275878207.9445629,2022-04-19
992,1650412800000,0.00029545517805377606,284128702.16111684,2022-04-20
993,1650499200000,0.00029155744319745515,280440100.3191469,2022-04-21
994,1650585600000,0.0002995545816352863,287952526.69497734,2022-04-22
995,1650672000000,0.0002984274784147397,287446439.4141188,2022-04-23
996,1650758400000,0.0003021203365067438,290560396.7070872,2022-04-24
997,1650844800000,0.00029011685263588576,279513285.2864395,2022-04-25
998,1650931200000,0.0002851928712106895,274257911.6506948,2022-04-26
999,1651017600000,0.0002648062498427682,254843420.06334966,2022-04-27
1000,1651104000000,0.0002671600507814828,257058777.98175812,2022-04-28
1001,1651190400000,0.00026900858890757624,258683546.21911222,2022-04-29
1002,1651276800000,0.0002538733640067416,244358094.13646403,2022-04-30
1003,1651363200000,0.0002441763457996886,234249787.02802357,2022-05-01
1004,1651449600000,0.0002589501178845229,249045609.07540545,2022-05-02
1005,1651536000000,0.00024933933815738654,239666841.3944481,2022-05-03
1006,1651622400000,0.0002462812987763706,236667494.22845784,2022-05-04
1007,1651708800000,0.0002628922600575417,252833292.378638,2022-05-05
1008,1651795200000,0.00024146491297850306,232311823.23480785,2022-05-06
1009,1651881600000,0.0002507081279053246,242056035.900806,2022-05-07
1010,1651968000000,0.00024052901499258564,231682037.89942014,2022-05-08
1011,1652054400000,0.00023351756262309745,224528961.48573413,2022-05-09
1012,1652140800000,0.000201069323510005,193925007.38772702,2022-05-10
1013,1652227200000,0.00020356046269049923,195533169.12655336,2022-05-11
1014,1652313600000,0.0001547706044526298,142041115.4689162,2022-05-12
1015,1652400000000,0.00013448265197875365,129563453.13328251,2022-05-13
1016,1652486400000,0.00014874983937895506,143359523.2459986,2022-05-14
1017,1652572800000,0.00014534212255467823,139682128.4029847,2022-05-15
1018,1652659200000,0.0001487990637742411,142725773.89049858,2022-05-16
1019,1652745600000,0.00013792782141319683,132572279.69186072,2022-05-17
1020,1652832000000,0.00014747404403596187,141780590.6424697,2022-05-18
1021,1652918400000,0.0001392634585868295,134187578.08416928,2022-05-19
1022,1653004800000,0.00014439568632173506,138970051.17718446,2022-05-20
1023,1653091200000,0.00014092295776338518,135811971.6422397,2022-05-21
1024,1653177600000,0.0001492593725295306,143801493.83936423,2022-05-22
1025,1653264000000,0.00014592249876191075,140279628.2405218,2022-05-23
1026,1653350400000,0.00014719729312696,141298482.78871045,2022-05-24
1027,1653436800000,0.0001712321753971396,165465256.8839763,2022-05-25
1028,1653523200000,0.0001643652880025428,158418600.37042162,2022-05-26
1029,1653609600000,0.0001492137959250368,143963984.89443532,2022-05-27
1030,1653696000000,0.00014503852015185388,139041316.71244138,2022-05-28
1031,1653782400000,0.00014769672848634295,142350498.64603767,2022-05-29
1032,1653868800000,0.0001483869148726434,142753734.88608015,2022-05-30
1033,1653955200000,0.00015863084468185969,152859815.8398934,2022-05-31
1034,1654041600000,0.00016107982126192365,154891689.07108095,2022-06-01
1035,1654128000000,0.00015304094731951118,147440704.66867447,2022-06-02
1036,1654214400000,0.00015544411011385244,149618950.80309698,2022-06-03
1037,1654300800000,0.00014964229300442786,143766030.4620827,2022-06-04
1038,1654387200000,0.00015087379673072267,144992480.25909492,2022-06-05
1039,1654473600000,0.00015084348965037914,145251967.53493786,2022-06-06
1040,1654560000000,0.00015328431539914414,147777254.86586374,2022-06-07
1041,1654646400000,0.00015325071784064428,147818133.06764653,2022-06-08
1042,1654732800000,0.00015485685952600813,149088263.80691975,2022-06-09
1043,1654819200000,0.00015083455375152898,144964647.40085796,2022-06-10
1044,1654905600000,0.00014703271648141924,140598486.95979974,2022-06-11
1045,1654992000000,0.0001409820795863474,135586223.7432221,2022-06-12
1046,1655078400000,0.00014000350710895144,135324996.3678848,2022-06-13
1047,1655164800000,0.00011991853699706189,115109020.72134791,2022-06-14
1048,1655251200000,0.00011497337517657996,110671382.79859002,2022-06-15
1049,1655337600000,0.00011477905395203603,110556680.34637846,2022-06-16
1050,1655424000000,0.00010734459748129081,103367091.80182481,2022-06-17
1051,1655510400000,0.00011256457348733836,108501180.27182981,2022-06-18
1052,1655596800000,0.00010618711546064178,102049012.95431454,2022-06-19
1053,1655683200000,0.00011025263379857508,106028446.12560041,2022-06-20
1054,1655769600000,0.00011120983190405547,106950786.08715281,2022-06-21
1055,1655856000000,0.00011338026963224687,109376179.06883915,2022-06-22
1056,1655942400000,0.00010901042562019729,105035184.58943345,2022-06-23
1057,1656028800000,0.00011448329627245285,110097864.92614342,2022-06-24
1058,1656115200000,0.00011841764132233735,114413389.30248933,2022-06-25
1059,1656201600000,0.00011919324212857021,114302796.14840792,2022-06-26
1060,1656288000000,0.00011831164466235496,114048392.52068022,2022-06-27
1061,1656374400000,0.000120129514722098,115574262.1232149,2022-06-28
1062,1656460800000,0.00011362414761431555,109218675.41843358,2022-06-29
1063,1656547200000,0.00011167378189353558,107311768.63664356,2022-06-30
1064,1656633600000,0.00011107659319748215,106707909.27865146,2022-07-01
1065,1656720000000,0.00010985295057026682,106340088.49731028,2022-07-02
1066,1656806400000,0.00010949787976683168,105284264.1230338,2022-07-03
1067,1656892800000,0.00011379868059415591,109682107.6160378,2022-07-04
1068,1656979200000,0.00011602354203097688,111377492.50806151,2022-07-05
1069,1657065600000,0.00011388389310238696,109433907.51123203,2022-07-06
1070,1657152000000,0.00011422943859923172,109988481.88739246,2022-07-07
1071,1657238400000,0.0001173656935429834,112960460.87816209,2022-07-08
1072,1657324800000,0.00011796711695388854,113641684.62662376,2022-07-09
1073,1657411200000,0.00012074844444375826,116281247.52621028,2022-07-10
1074,1657497600000,0.00011714316114996249,112640631.55252711,2022-07-11
1075,1657584000000,0.00011009477454876084,105928283.87887162,2022-07-12
1076,1657670400000,0.00013186905485604856,127707394.00245723,2022-07-13
1077,1657756800000,0.00011593957393855136,111358314.23706518,2022-07-14
1078,1657843200000,0.00011626027743284394,111890129.91229826,2022-07-15
1079,1657929600000,0.00011489470869023561,110446140.77048469,2022-07-16
1080,1658016000000,0.00011617172422555882,111802521.31415561,2022-07-17
1081,1658102400000,0.00012106739061268528,116441178.09280442,2022-07-18
1082,1658188800000,0.00012384350720231685,118502689.23759298,2022-07-19
1083,1658275200000,0.00012864768220798614,123773383.14084521,2022-07-20
1084,1658361600000,0.00012109218350268132,116603494.0688067,2022-07-21
1085,1658448000000,0.0001228488714692311,118229247.99022023,2022-07-22
1086,1658534400000,0.00012194577325900729,117263395.76625924,2022-07-23
1087,1658620800000,0.0001239441477053056,119094885.62902428,2022-07-24
1088,1658707200000,0.00012219252487173163,117861508.05880421,2022-07-25
1089,1658793600000,0.0001172562216763998,112802295.59500772,2022-07-26
1090,1658880000000,0.00011979785425282178,115070162.1306938,2022-07-27
1091,1658966400000,0.00012527959850218496,120344452.91208151,2022-07-28
1092,1659052800000,0.00012790822316202584,122845894.1147629,2022-07-29
1093,1659139200000,0.0001289777528125091,124959753.66222222,2022-07-30
1094,1659225600000,0.0001312102238048088,125996439.63120984,2022-07-31
1095,1659312000000,0.0001301420838303631,125358193.84847412,2022-08-01
1096,1659398400000,0.00013876251700362701,133408302.62493236,2022-08-02
1097,1659484800000,0.00014576061653448337,140386787.58009222,2022-08-03
1098,1659571200000,0.00014281574426516067,137398054.74447176,2022-08-04
1099,1659657600000,0.00014640058089000616,140574037.22589645,2022-08-05
1100,1659744000000,0.00014736326646879524,141645731.86098698,2022-08-06
1101,1659830400000,0.00014497149967408404,139393301.97016704,2022-08-07
1102,1659916800000,0.00014289080956269337,137327277.23651084,2022-08-08
1103,1660003200000,0.00014345813449059868,138102924.29902062,2022-08-09
1104,1660089600000,0.0001361676894957598,131211365.67773609,2022-08-10
1105,1660176000000,0.00014293253870192415,137381222.98319155,2022-08-11
1106,1660262400000,0.00014162210587814031,135913385.49053222,2022-08-12
1107,1660348800000,0.00014476536307585214,139259289.5646897,2022-08-13
1108,1660435200000,0.00014307810770383672,137668484.48512268,2022-08-14
1109,1660521600000,0.0001458794630727796,140498665.88266048,2022-08-15
1110,1660608000000,0.0001477781440659811,141943679.19771773,2022-08-16
1111,1660694400000,0.00014739091953159286,141833252.6819382,2022-08-17
1112,1660780800000,0.00014504402466722718,139676508.01780152,2022-08-18
1113,1660867200000,0.00014032242636490344,135204530.50229055,2022-08-19
1114,1660953600000,0.00012852693868569833,123745241.5841717,2022-08-20
1115,1661040000000,0.00012734407518782436,122385916.42213479,2022-08-21
1116,1661126400000,0.00013173997169487075,127496249.90388551,2022-08-22
1117,1661212800000,0.0001292744879864287,124168750.83216724,2022-08-23
1118,1661299200000,0.00012935275455656236,124456503.78115852,2022-08-24
1119,1661385600000,0.00012701799456156382,122108825.09606814,2022-08-25
1120,1661472000000,0.00012935917921300756,124454391.65999319,2022-08-26
1121,1661558400000,0.00011971453659439687,115133486.43864469,2022-08-27
1122,1661644800000,0.00012320984002189438,118378716.83707064,2022-08-28
1123,1661731200000,0.00011918451151376791,114839247.44149853,2022-08-29
1124,1661817600000,0.00012082757861571232,116057665.07218796,2022-08-30
1125,1661904000000,0.00011999495463159685,115521759.71156906,2022-08-31
1126,1661990400000,0.0001137064740577824,109797946.600128,2022-09-01
1127,1662076800000,0.00010938173187026178,105127585.04545517,2022-09-02
1128,1662163200000,0.00010577486130583788,101789788.52358705,2022-09-03
1129,1662249600000,0.00010646988158110494,102608329.24750215,2022-09-04
1130,1662336000000,0.00011045326452103274,106124966.13495706,2022-09-05
1131,1662422400000,0.00010804167573506802,103949393.345009,2022-09-06
1132,1662508800000,0.00010201722387578138,98186982.48954654,2022-09-07
1133,1662595200000,0.00010503264180585417,101319523.38111529,2022-09-08
1134,1662681600000,0.00010557638895846002,101555816.92758313,2022-09-09
1135,1662768000000,0.0001104239922643523,106067792.64862572,2022-09-10
1136,1662854400000,0.0001105197393506331,106147048.59030151,2022-09-11
1137,1662940800000,0.00010950087428951194,105417052.41379607,2022-09-12
1138,1663027200000,0.00010888046044033301,104521759.9671037,2022-09-13
1139,1663113600000,0.00010372359777052566,99954049.75321087,2022-09-14
1140,1663200000000,0.00010425631922654414,100121958.48218454,2022-09-15
1141,1663286400000,0.00010077022672315808,96789364.93727452,2022-09-16
1142,1663372800000,0.00010052642684979446,96928725.51750574,2022-09-17
1143,1663459200000,0.000104993947224746,100973079.19912018,2022-09-18
1144,1663545600000,9.844527210484977e-05,94926374.84385249,2022-09-19
1145,1663632000000,9.919865251376014e-05,95544146.68699081,2022-09-20
1146,1663718400000,9.869648957936165e-05,94971960.97033918,2022-09-21
1147,1663804800000,9.925580882315048e-05,95424568.74966203,2022-09-22
1148,1663891200000,0.00010001138615559433,96204099.76583686,2022-09-23
1149,1663977600000,9.983575095190835e-05,96002830.16893683,2022-09-24
1150,1664064000000,9.864607011873423e-05,94843302.66215187,2022-09-25
1151,1664150400000,9.732337785513182e-05,93589218.6177864,2022-09-26
1152,1664236800000,9.800245464221901e-05,94079488.70923142,2022-09-27
1153,1664323200000,9.870037217022381e-05,94833195.2886216,2022-09-28
1154,1664409600000,9.809345437601706e-05,94211454.44286971,2022-09-29
1155,1664496000000,9.835831152109898e-05,94593874.90501633,2022-09-30
1156,1664582400000,9.918091081066504e-05,95285894.73809445,2022-10-01
1157,1664668800000,0.00010015046225444872,96267836.86739579,2022-10-02
1158,1664755200000,0.0001000111023201002,96441223.18804616,2022-10-03
1159,1664841600000,0.00010198478718892222,98017149.90108281,2022-10-04
1160,1664928000000,0.00010270892855012025,98703466.49109438,2022-10-05
1161,1665014400000,0.00010787787049708308,103750171.90161435,2022-10-06
1162,1665100800000,0.00011004404304713341,105826927.52239761,2022-10-07
1163,1665187200000,0.00010712660896581577,102953648.18791999,2022-10-08
1164,1665273600000,0.00010973006108368811,105396616.14319031,2022-10-09
1165,1665360000000,0.00011194755145371566,107430072.72462781,2022-10-10
1166,1665446400000,0.00011127254381555108,106906813.97299886,2022-10-11
1167,1665532800000,0.00010719619866384412,102985559.36676215,2022-10-12
1168,1665619200000,0.00010522285505369408,101192138.88987067,2022-10-13
1169,1665705600000,0.00010209850435013136,98140556.93883076,2022-10-14
1170,1665792000000,0.00010826964241736527,104046280.26031952,2022-10-15
1171,1665878400000,0.00010358229151053594,99568967.08765574,2022-10-16
1172,1665964800000,0.0001043958785285004,100545811.20474522,2022-10-17
1173,1666051200000,0.00010489138117321515,100989479.69105019,2022-10-18
1174,1666137600000,0.0001036616187934141,99699637.82045783,2022-10-19
1175,1666224000000,0.00010100420041944411,97173747.27664265,2022-10-20
1176,1666310400000,0.00010268245401851399,98552324.92030331,2022-10-21
1177,1666396800000,0.00010203041099383422,98164685.99403502,2022-10-22
1178,1666483200000,0.00010234411169298092,98379981.30185093,2022-10-23
1179,1666569600000,0.00010267074552589309,98680190.41895278,2022-10-24
1180,1666656000000,0.0001007938783670466,96878913.82386352,2022-10-25
1181,1666742400000,0.00010300579560791635,98988976.56117146,2022-10-26
1182,1666828800000,0.0001035602313877773,99583658.60679181,2022-10-27
1183,1666915200000,0.00010259706765925204,98737321.29245451,2022-10-28
1184,1667001600000,0.00010467227176051698,100598931.85469347,2022-10-29
1185,1667088000000,0.00010849056860763237,103808479.48805052,2022-10-30
1186,1667174400000,0.00010476504874713247,100679862.49842419,2022-10-31
1187,1667260800000,0.00010584608702177378,101871894.91913529,2022-11-01
1188,1667347200000,0.000105320319537303,101244393.61836493,2022-11-02
1189,1667433600000,0.00010297251522679355,99030526.41953959,2022-11-03
1190,1667520000000,0.00010504514167757582,100916034.62242591,2022-11-04
1191,1667606400000,0.00010957098731407431,105306653.09069532,2022-11-05
1192,1667692800000,0.00010817628121906639,104179706.5295717,2022-11-06
1193,1667779200000,0.00010785177749473181,103726791.49541406,2022-11-07
1194,1667865600000,0.00010617036374407985,101873231.92661972,2022-11-08
1195,1667952000000,9.535704976711006e-05,91649423.20002916,2022-11-09
1196,1668038400000,9.04561167883937e-05,87911302.72228475,2022-11-10
1197,1668124800000,9.773741455759431e-05,93997706.29292856,2022-11-11
1198,1668211200000,9.542655971531516e-05,91664111.8410899,2022-11-12
1199,1668297600000,9.50109075556808e-05,91305628.26315367,2022-11-13
1200,1668384000000,9.372357247451942e-05,90043138.81415267,2022-11-14
1201,1668470400000,9.233991730073109e-05,88747643.66345885,2022-11-15
1202,1668556800000,9.36187829542503e-05,90036088.55993478,2022-11-16
1203,1668643200000,9.19203561327496e-05,88288456.20793839,2022-11-17
1204,1668729600000,9.149877429746124e-05,87936621.33510467,2022-11-18
1205,1668816000000,9.132708079192804e-05,87854332.98583627,2022-11-19
1206,1668902400000,9.137970142579326e-05,87848894.28969894,2022-11-20
